cloneId	readCount	readFraction	uniqueMoleculeCount	uniqueMoleculeFraction	targetSequences	targetQualities	allVHitsWithScore	allDHitsWithScore	allJHitsWithScore	allCHitsWithScore	allVAlignments	allDAlignments	allJAlignments	allCAlignments	nSeqCDR3	minQualCDR3	aaSeqCDR3	refPoints
4	34260.0	0.013469194230813082	134	0.015475228086384109	TCTAGATAGCAACTATCAGTTAATCTGG	[[[[[[[[[[[[[[[[[[[[[[[[[[[[	TRAV12-1*00(708)		TRAJ33*00(526.5)		539|540|572|0|1||10.0		22|46|77|4|28||240.0		TCTAGATAGCAACTATCAGTTAATCTGG	58	SR*QL_QLIW	:::::::::0:-12:1:::::4:-2:28:::
9	29727.0	0.011687061789240527	102	0.011779651229934173	TGTGCCGTAATGGGGGAAATGAGAAATTAACCTTT	[[[[[[[[[[[[[[[[[[[[[[[[[[[[[[[[[[[	TRAV25*00(505.6)		TRAJ48*00(516.9)		620|625|649|0|5||50.0		31|52|83|14|35||210.0		TGTGCCGTAATGGGGGAAATGAGAAATTAACCTTT	58	CAVMGE_EKLTF	:::::::::0:-4:5:::::14:-11:35:::
10	22104.0	0.008690107100930891	90	0.010393809908765447	TGTGCTCATGACATGCGCTTT	[[[[[[[[[[[[[[[[[[[[[	TRAV24*00(684.2)		TRAJ43*00(437.5)		515|520|545|0|5||50.0		29|43|74|7|21||140.0		TGTGCTCATGACATGCGCTTT	58	CAHDMRF	:::::::::0:-5:5:::::7:-9:21:::
18	21034.0	0.008269440497691839	70	0.008084074373484237	TGTGCCGTGAACGTGTACACCGACAAGCTCATCTTT	[[[[[[[[[[[[[[[[[[[[[[[[[[[[[[[[[[[[	TRAV12-2*00(752.1)		TRAJ34*00(487.3)		551|569|584|0|18|SA563GST567A|142.0		29|47|78|18|36||200.0		TGTGCCGTGAACGTGTACACCGACAAGCTCATCTTT	58	CAVNVYTDKLIF	:::::::::0:5:18:::::18:-9:36:::
19	20232.0	0.007954137118441632	70	0.008084074373484237	TGTGCAGGGCTTACCTCAGGAACCTACAAATACATCTTT	[[[[[[[[[[[[[[[[[[[[[[[[[[[[[[[[[[[[[[[	TRAV29/DV5*00(497.3)		TRAJ40*00(568.9)		529|536|562|0|7||70.0		22|50|81|11|39||280.0		TGTGCAGGGCTTACCTCAGGAACCTACAAATACATCTTT	58	CAGLTSGTYKYIF	:::::::::0:-6:7:::::11:-2:39:::
38	19614.0	0.007711172669094215	49	0.005658852061438965	TGTGCGCACTTCTCGAATAATAATGCAGGCAACATGCTCACCTTT	[[[[[[[[[[[[[[[[[[[[[[[[[[[[[[[[[[[[[[[[[[[[[	TRAV36/DV7*00(569.7)		TRAJ39*00(619.1)		500|505|533|0|5||50.0		21|52|83|14|45||310.0		TGTGCGCACTTCTCGAATAATAATGCAGGCAACATGCTCACCTTT	58	CAHFSNNNAGNMLTF	:::::::::0:-8:5:::::14:-1:45:::
31	18340.0	0.007210304208789022	56	0.0064672594987873885	TGTGCTGGGCCTACTGATAACTATGGTCAGAATTTTGTCTTT	[[[[[[[[[[[[[[[[[[[[[[[[[[[[[[[[[[[[[[[[[[	TRAV35*00(764.3)		TRAJ26*00(545.6)		588|598|620|0|10||100.0		22|49|80|15|42||270.0		TGTGCTGGGCCTACTGATAACTATGGTCAGAATTTTGTCTTT	58	CAGPTDNYGQNFVF	:::::::::0:-2:10:::::15:-2:42:::
30	16524.0	0.0064963504223571325	56	0.0064672594987873885	TGTGCTGGGTGCCTACCTCAGGAACCTACAAATACATCTTT	[[[[[[[[[[[[[[[[[[[[[[[[[[[[[[[[[[[[[[[[[	TRAV35*00(730.2)		TRAJ40*00(573.8)		588|597|620|0|9||90.0		21|50|81|12|41||290.0		TGTGCTGGGTGCCTACCTCAGGAACCTACAAATACATCTTT	58	CAGCLPQ_TYKYIF	:::::::::0:-3:9:::::12:-1:41:::
34	15862.0	0.006236087533250353	53	0.006120799168495207	TGCATCCGGAATTCCGGGTATGCACTCAACTTC	[[[[[[[[[[[[[[[[[[[[[[[[[[[[[[[[[	TRAV26-2*00(730)		TRAJ41*00(499.6)		791|801|826|0|10|ST798G|71.0		28|51|82|10|33||240.0		TGCATCCGGAATTCCGGGTATGCACTCAACTTC	58	CIRNSGYALNF	:::::::::0:-5:10:::::10:-8:33:::
33	14697.0	0.005778072025985402	54	0.006236285945259268	TGTGCAGCAAGTATGTCCTGGGTGGAAATGCAGGCAACATGCTCACCTTT	[[[[[[[[[[[[[[[[[[[[[[[[[[[[[[[[[[[[[[[[[[[[[[[[[[	TRAV13-1*00(796.7)		TRAJ39*00(529.8)		511|525|544|0|14||140.0		28|52|83|26|50||240.0		TGTGCAGCAAGTATGTCCTGGGTGGAAATGCAGGCAACATGCTCACCTTT	58	CAASMSWV_NAGNMLTF	:::::::::0:1:14:::::26:-8:50:::
40	14694.0	0.0057768925869109	45	0.0051969049543827235	TGTGCTGTCTCCCGAACCGGTAACCAGTTCTATTTT	[[[[[[[[[[[[[[[[[[[[[[[[[[[[[[[[[[[[	TRAV41*00(694.8)		TRAJ49*00(509.4)		512|521|544|0|9||90.0		24|45|76|15|36||210.0		TGTGCTGTCTCCCGAACCGGTAACCAGTTCTATTTT	58	CAVSRTGNQFYF	:::::::::0:-3:9:::::15:-4:36:::
28	14646.0	0.005758021561718867	59	0.006813719829079571	TGTGCCGTAAGGGGAAGAATGCAGGCAACATGCTCACCTTT	[[[[[[[[[[[[[[[[[[[[[[[[[[[[[[[[[[[[[[[[[	TRAV12-2*00(634.1)		TRAJ39*00(532.3)		551|559|584|0|8||80.0		25|52|83|14|41|ST27G|241.0		TGTGCCGTAAGGGGAAGAATGCAGGCAACATGCTCACCTTT	58	CAVRGRM_GNMLTF	:::::::::0:-5:8:::::14:-5:41:::
39	14044.0	0.0055213474541021285	49	0.005658852061438965	TGTGCAGGAGCTAGCGGAGGCTCAACCCTGGGGAGGCTATACTTT	[[[[[[[[[[[[[[[[[[[[[[[[[[[[[[[[[[[[[[[[[[[[[	TRAV27*00(665.8)		TRAJ18*00(599.2)		552|564|582|0|12||120.0		26|55|86|16|45||290.0		TGTGCAGGAGCTAGCGGAGGCTCAACCCTGGGGAGGCTATACTTT	58	CAGASGGSTLGRLYF	:::::::::0:2:12:::::16:-6:45:::
42	13548.0	0.005326346860451128	45	0.0051969049543827235	TGTGCCGTGAACGTCGCCATATAATATGGAAACAAGCTGGTCTTT	[[[[[[[[[[[[[[[[[[[[[[[[[[[[[[[[[[[[[[[[[[[[[	TRAV12-2*00(744.1)		TRAJ47*00(491.4)		551|563|584|0|12||120.0		17|46|77|16|45|SG21ASG22TSA36G|203.0		TGTGCCGTGAACGTCGCCATATAATATGGAAACAAGCTGGTCTTT	58	CAVNVAI*YGNKLVF	:::::::::0:-1:12:::::16:3:45:::
56	11511.0	0.004525507728864255	34	0.003926550409978058	TGTGCTACGGACGAGGGGAGCAACTATCAGTTAATCTGG	[[[[[[[[[[[[[[[[[[[[[[[[[[[[[[[[[[[[[[[	TRAV17*00(929.3)		TRAJ33*00(497.4)		490|503|523|0|13||130.0		25|46|77|18|39||210.0		TGTGCTACGGACGAGGGGAGCAACTATCAGTTAATCTGG	58	CATDEGSNYQLIW	:::::::::0:0:13:::::18:-5:39:::
55	11449.0	0.00450113265465788	34	0.003926550409978058	TGTGCTGTGAGAGATCGGGTGGTGCTACAAACAAGCTCATCTTT	[[[[[[[[[[[[[[[[[[[[[[[[[[[[[[[[[[[[[[[[[[[[	TRAV1-2*00(719.5)		TRAJ32*00(568.5)		620|636|654|0|16||160.0		28|55|86|17|44||270.0		TGTGCTGTGAGAGATCGGGTGGTGCTACAAACAAGCTCATCTTT	58	CAVRDRV_ATNKLIF	:::::::::0:2:16:::::17:-8:44:::
53	11444.0	0.004499166922867044	36	0.004157523963506178	TTCGATAACCAGGGAGGAAAGCTTATCTTC	[[[[[[[[[[[[[[[[[[[[[[[[[[[[[[	TRAV12-1*00(749.4)		TRAJ23*00(553.3)		539|540|572|0|1||10.0		26|52|83|4|30||260.0		TTCGATAACCAGGGAGGAAAGCTTATCTTC	58	FDNQGGKLIF	:::::::::0:-12:1:::::4:-6:30:::
75	9264.0	0.0036421078620622414	26	0.0030026561958655736	TGTGCAGGAGTCGGAGAAGCACACACCGGTAACCAGTTCTATTTT	[[[[[[[[[[[[[[[[[[[[[[[[[[[[[[[[[[[[[[[[[[[[[	TRAV27*00(632.6)		TRAJ49*00(529)		552|562|582|0|10||100.0		22|45|76|22|45||230.0		TGTGCAGGAGTCGGAGAAGCACACACCGGTAACCAGTTCTATTTT	58	CAGVGEAHTGNQFYF	:::::::::0:0:10:::::22:-2:45:::
71	8927.0	0.0035096175393598476	26	0.0030026561958655736	TGTGCTGTGAGCTAATTTGCACCGGTAACCAGTTCTATTTT	[[[[[[[[[[[[[[[[[[[[[[[[[[[[[[[[[[[[[[[[[	TRAV8-4*00(646.6)		TRAJ49*00(519.6)		476|487|510|0|11||110.0		23|45|76|19|41||220.0		TGTGCTGTGAGCTAATTTGCACCGGTAACCAGTTCTATTTT	58	CAVS*FA_GNQFYF	:::::::::0:-3:11:::::19:-3:41:::
54	8799.0	0.003459294805514428	36	0.004157523963506178	TGTGCTCTCTGGGGCGGCACTGCCAGTAAACTCACCTTT	[[[[[[[[[[[[[[[[[[[[[[[[[[[[[[[[[[[[[[[	TRAV16*00(761.7)		TRAJ44*00(536)		449|457|483|0|8||80.0		27|52|83|14|39||250.0		TGTGCTCTCTGGGGCGGCACTGCCAGTAAACTCACCTTT	58	CALWGGTASKLTF	:::::::::0:-6:8:::::14:-7:39:::
76	8125.0	0.0031943141601096406	24	0.0027716826423374525	TGTGCAGCGCTCAATTCAGGAGGAGGTGCTGACGGACTCACCTTT	[[[[[[[[[[[[[[[[[[[[[[[[[[[[[[[[[[[[[[[[[[[[[	TRAV13-2*00(519.8)		TRAJ45*00(629.6)		506|513|539|0|7||70.0		23|55|86|13|45||320.0		TGTGCAGCGCTCAATTCAGGAGGAGGTGCTGACGGACTCACCTTT	58	CAALNSGGGADGLTF	:::::::::0:-6:7:::::13:-3:45:::
58	7875.0	0.0030960275705678056	32	0.0036955768564499365	TGTGCAGAGAAATGGAAGCAATGCTTCCAAGATAATCTTT	[[[[[[[[[[[[[[[[[[[[[[[[[[[[[[[[[[[[[[[[	TRAV5*00(458.8)		TRAJ3*00(510.5)		523|533|556|0|10||100.0		27|51|82|16|40|SG31A|211.0		TGTGCAGAGAAATGGAAGCAATGCTTCCAAGATAATCTTT	58	CAEKWKQ_ASKIIF	:::::::::0:-3:10:::::16:-7:40:::
64	7626.0	0.002998134127384138	27	0.003118142972629634	TGTGCTGTGAGAGATAGGGATAACCAGGGAGGAAAGCTTATCTTC	[[[[[[[[[[[[[[[[[[[[[[[[[[[[[[[[[[[[[[[[[[[[[	TRAV1-2*00(709.7)		TRAJ23*00(549.2)		620|635|654|0|15||150.0		26|52|83|19|45||260.0		TGTGCTGTGAGAGATAGGGATAACCAGGGAGGAAAGCTTATCTTC	58	CAVRDRDNQGGKLIF	:::::::::0:1:15:::::19:-6:45:::
79	6738.0	0.0026490201613315395	23	0.0026561958655733917	TGTGCTTGGGAGGAACCTACAAATACATCTTT	[[[[[[[[[[[[[[[[[[[[[[[[[[[[[[[[	TRAV1-2*00(619.7)		TRAJ40*00(509.7)		620|626|654|0|6||60.0		28|50|81|10|32||220.0		TGTGCTTGGGAGGAACCTACAAATACATCTTT	58	CAWEE_YKYIF	:::::::::0:-8:6:::::10:-8:32:::
78	6196.0	0.002435934835204841	23	0.0026561958655733917	TGTGTGGTGACACAAACTGGGGCAAACAACCTCTTCTTT	[[[[[[[[[[[[[[[[[[[[[[[[[[[[[[[[[[[[[[[	TRAV12-1*00(751.6)		TRAJ36*00(557.9)		539|549|572|0|10||100.0		21|48|79|12|39||270.0		TGTGTGGTGACACAAACTGGGGCAAACAACCTCTTCTTT	58	CVVTQTGANNLFF	:::::::::0:-3:10:::::12:-1:39:::
80	6110.0	0.00240212424840245	23	0.0026561958655733917	TGTGCTGTCGATTTCTAATAACACCAATGCAGGCAAATCAACCTTT	[[[[[[[[[[[[[[[[[[[[[[[[[[[[[[[[[[[[[[[[[[[[[[	TRAV8-6*00(649.6)		TRAJ27*00(576)		448|456|482|0|8||80.0		19|48|79|17|46||290.0		TGTGCTGTCGATTTCTAATAACACCAATGCAGGCAAATCAACCTTT	58	CAVDF**H_NAGKSTF	:::::::::0:-6:8:::::17:1:46:::
100	6062.0	0.0023832532232104173	16	0.0018477884282249682	TGTGCTACCCACCTTTTCAGATGGCCAGAAGCTGCTCTTT	[[[[[[[[[[[[[[[[[[[[[[[[[[[[[[[[[[[[[[[[	TRAV17*00(879.6)		TRAJ16*00(540.7)		490|498|523|0|8||80.0		22|49|80|13|40||270.0		TGTGCTACCCACCTTTTCAGATGGCCAGAAGCTGCTCTTT	58	CATHLFR_GQKLLF	:::::::::0:-5:8:::::13:-2:40:::
66	6021.0	0.0023671342225255565	27	0.003118142972629634	TGTGCCGTCTCGAACAGAGATGACAAGATCATCTTT	[[[[[[[[[[[[[[[[[[[[[[[[[[[[[[[[[[[[	TRAV12-2*00(593.7)		TRAJ30*00(558.4)		551|559|584|0|8||80.0		21|46|77|11|36||250.0		TGTGCCGTCTCGAACAGAGATGACAAGATCATCTTT	58	CAVSNRDDKIIF	:::::::::0:-5:8:::::11:-1:36:::
99	5729.0	0.002252335485940693	18	0.002078761981753089	TGTGCAGAGAATATAATAGGGCGGATCTGAAAAGCTGGTCTTT	[[[[[[[[[[[[[[[[[[[[[[[[[[[[[[[[[[[[[[[[[[[	TRAV13-2*00(599.6)		TRAJ57*00(563.5)		506|521|539|0|15||150.0		26|52|83|17|43||260.0		TGTGCAGAGAATATAATAGGGCGGATCTGAAAAGCTGGTCTTT	58	CAENIIG_GSEKLVF	:::::::::0:2:15:::::17:-6:43:::
74	5648.0	0.0022204906309291387	26	0.0030026561958655736	TGTGCGAACATACTCTGGGGCTGGGAGTTACCAACTCACTTTC	[[[[[[[[[[[[[[[[[[[[[[[[[[[[[[[[[[[[[[[[[[[	TRAV12-3*00(524.7)		TRAJ28*00(623.7)		562|567|595|0|5||50.0		20|55|86|8|43||350.0		TGTGCGAACATACTCTGGGGCTGGGAGTTACCAACTCACTTTC	58	CANILWG_GSYQLTF	:::::::::0:-8:5:::::8:0:43:::
90	5611.0	0.002205944215676947	20	0.0023097355352812102	TGTGCTCTTCGTGAAGTGGAGGTAGCAACTATAAACTGACATTT	[[[[[[[[[[[[[[[[[[[[[[[[[[[[[[[[[[[[[[[[[[[[	TRAV9-2*00(692.2)		TRAJ53*00(609.5)		480|494|514|0|14|SG488TSA489C|82.0		25|55|86|14|44||300.0		TGTGCTCTTCGTGAAGTGGAGGTAGCAACTATAAACTGACATTT	58	CALREVE_SNYKLTF	:::::::::0:0:14:::::14:-5:44:::
108	4748.0	0.001866658908578532	15	0.0017323016514609077	TGTGCAATGAGCGAGGGTACAGCAGTGCTTCCAAGATAATCTTT	[[[[[[[[[[[[[[[[[[[[[[[[[[[[[[[[[[[[[[[[[[[[	TRAV12-3*00(824.2)		TRAJ3*00(569)		562|575|595|0|13||130.0		21|51|82|14|44||300.0		TGTGCAATGAGCGAGGGTACAGCAGTGCTTCCAAGATAATCTTT	58	CAMSEGT_SASKIIF	:::::::::0:0:13:::::14:-1:44:::
116	4691.0	0.0018442495661629937	14	0.0016168148746968471	TGCGCTGTGAGAGACTCCGGAATGAACAGAGATGACAAGATCATCTTT	[[[[[[[[[[[[[[[[[[[[[[[[[[[[[[[[[[[[[[[[[[[[[[[[	TRAV1-1*00(708)		TRAJ30*00(579.5)		670|684|704|0|14||140.0		19|46|77|21|48||270.0		TGCGCTGTGAGAGACTCCGGAATGAACAGAGATGACAAGATCATCTTT	58	CAVRDSGMNRDDKIIF	:::::::::0:0:14:::::21:1:48:::
132	4484.0	0.0017628682700223542	12	0.0013858413211687262	TGTGCCGTGACCTATTCTGGGGCTGGGAGTTACCAACTCACTTTC	[[[[[[[[[[[[[[[[[[[[[[[[[[[[[[[[[[[[[[[[[[[[[	TRAV8-1*00(569.7)		TRAJ28*00(590.6)		474|484|508|0|10||100.0		22|55|86|12|45|SC24T|301.0		TGTGCCGTGACCTATTCTGGGGCTGGGAGTTACCAACTCACTTTC	58	CAVTYSGAGSYQLTF	:::::::::0:-4:10:::::12:-2:45:::
131	4249.0	0.0016704788758530294	12	0.0013858413211687262	TGTGCTACGGACGAATGGACCGACAAGCTCATCTTT	[[[[[[[[[[[[[[[[[[[[[[[[[[[[[[[[[[[[	TRAV17*00(929.3)		TRAJ34*00(473.7)		490|503|523|0|13||130.0		29|47|78|18|36||180.0		TGTGCTACGGACGAATGGACCGACAAGCTCATCTTT	58	CATDEWTDKLIF	:::::::::0:0:13:::::18:-9:36:::
127	4243.0	0.0016681199977040253	13	0.0015013280979327868	TGCATCGTCAGAGCGACTAATGCAGGCAACATGCTCACCTTT	[[[[[[[[[[[[[[[[[[[[[[[[[[[[[[[[[[[[[[[[[[	TRAV26-1*00(619.6)		TRAJ39*00(559.7)		763|776|799|0|13||130.0		27|52|83|17|42||250.0		TGCATCGTCAGAGCGACTAATGCAGGCAACATGCTCACCTTT	58	CIVRATNAGNMLTF	:::::::::0:-3:13:::::17:-7:42:::
128	4095.0	0.0016099343366952588	12	0.0013858413211687262	TGTGCTTTCATGAAGCATGAGGGAGGGACAGGCAACATGCTCACCTTT	[[[[[[[[[[[[[[[[[[[[[[[[[[[[[[[[[[[[[[[[[[[[[[[[	TRAV38-1*00(649.5)		TRAJ39*00(509.7)		596|615|633|0|19||190.0		32|52|83|28|48||200.0		TGTGCTTTCATGAAGCATGAGGGAGGGACAGGCAACATGCTCACCTTT	58	CAFMKHEGGTGNMLTF	:::::::::0:2:19:::::28:-12:48:::
110	4049.0	0.0015918496042195613	14	0.0016168148746968471	TGTGCTGTGAGGCTCCACCGGCACTGCCAGTAAACTCACCTTT	[[[[[[[[[[[[[[[[[[[[[[[[[[[[[[[[[[[[[[[[[[[	TRAV21*00(776.5)		TRAJ44*00(533.9)		544|557|576|0|13||130.0		25|52|83|16|43||270.0		TGTGCTGTGAGGCTCCACCGGCACTGCCAGTAAACTCACCTTT	58	CAVRLHR_TASKLTF	:::::::::0:1:13:::::16:-5:43:::
137	3963.0	0.00155803901741717	12	0.0013858413211687262	TGTGGAGCAGACGCTGGAGGAGGTGCTGACGGACTCACCTTT	[[[[[[[[[[[[[[[[[[[[[[[[[[[[[[[[[[[[[[[[[[	TRAV34*00(509.7)		TRAJ45*00(579.5)		603|615|636|0|12||120.0		28|55|86|15|42||270.0		TGTGGAGCAGACGCTGGAGGAGGTGCTGACGGACTCACCTTT	58	CGADAGGGADGLTF	:::::::::0:-1:12:::::15:-8:42:::
167	3690.0	0.001450710061637486	10	0.0011548677676406051	TGTGGAGCAGACATTGGGGGAGGTGCTGACGGACTCACCTTT	[[[[[[[[[[[[[[[[[[[[[[[[[[[[[[[[[[[[[[[[[[	TRAV34*00(525.6)		TRAJ45*00(550.6)		603|617|636|0|14||140.0		28|55|86|15|42|SA30G|241.0		TGTGGAGCAGACATTGGGGGAGGTGCTGACGGACTCACCTTT	58	CGADIGGGADGLTF	:::::::::0:1:14:::::15:-8:42:::
120	3672.0	0.001443633427190474	13	0.0015013280979327868	TGTGCTGTCGACATATACAACTTCAACAAATTTTACTTT	[[[[[[[[[[[[[[[[[[[[[[[[[[[[[[[[[[[[[[[	TRAV22*00(508.2)		TRAJ21*00(569)		526|537|559|0|11|SG534C|81.0		18|44|75|13|39||260.0		TGTGCTGTCGACATATACAACTTCAACAAATTTTACTTT	58	CAVDIYNFNKFYF	:::::::::0:-2:11:::::13:2:39:::
118	3667.0	0.0014416676953996372	13	0.0015013280979327868	TGTGTGGTGAACGAAAGGAGCAACACAGGCAAACTAATCTTT	[[[[[[[[[[[[[[[[[[[[[[[[[[[[[[[[[[[[[[[[[[	TRAV12-1*00(815.4)		TRAJ37*00(509.3)		539|551|572|0|12||120.0		28|51|82|19|42||230.0		TGTGTGGTGAACGAAAGGAGCAACACAGGCAAACTAATCTTT	58	CVVNERSNTGKLIF	:::::::::0:-1:12:::::19:-8:42:::
105	3601.0	0.0014157200357605927	15	0.0017323016514609077	TGTGCTGTGAGAGAACCCCCGATAGCAACTATCAGTTAATCTGG	[[[[[[[[[[[[[[[[[[[[[[[[[[[[[[[[[[[[[[[[[[[[	TRAV3*00(613)		TRAJ33*00(520)		437|451|473|0|14||140.0		22|46|77|20|44||240.0		TGTGCTGTGAGAGAACCCCCGATAGCAACTATCAGTTAATCTGG	58	CAVREPP_SNYQLIW	:::::::::0:-2:14:::::20:-2:44:::
150	3573.0	0.0014047119377319072	11	0.0012703545444046657	TGTGCAGGCTGCTGGTGGTACTAGCTATGGAAAGCTGACATTT	[[[[[[[[[[[[[[[[[[[[[[[[[[[[[[[[[[[[[[[[[[[	TRAV27*00(614.4)		TRAJ52*00(636.8)		552|560|582|0|8||80.0		24|58|89|9|43||340.0		TGTGCAGGCTGCTGGTGGTACTAGCTATGGAAAGCTGACATTT	58	CAGCWWY_SYGKLTF	:::::::::0:-2:8:::::9:-4:43:::
130	3463.0	0.0013614658383334997	12	0.0013858413211687262	TGTGCTGTGAGAGAGCCCTATAGAAACAAACTGGTCTTT	[[[[[[[[[[[[[[[[[[[[[[[[[[[[[[[[[[[[[[[	TRAV1-2*00(699.7)		TRAJ47*00(490.7)		620|634|654|0|14||140.0		25|46|77|18|39|SG28A|181.0		TGTGCTGTGAGAGAGCCCTATAGAAACAAACTGGTCTTT	58	CAVREPYRNKLVF	:::::::::0:0:14:::::18:-5:39:::
152	3361.0	0.001321364909800431	11	0.0012703545444046657	TGCGCTGTGAGAGATCGGAGAGTCTGGGGGTTACCAGAAAGTTACCTTT	[[[[[[[[[[[[[[[[[[[[[[[[[[[[[[[[[[[[[[[[[[[[[[[[[	TRAV1-1*00(730.2)		TRAJ13*00(553.6)		670|686|704|0|16||160.0		25|52|83|22|49||270.0		TGCGCTGTGAGAGATCGGAGAGTCTGGGGGTTACCAGAAAGTTACCTTT	58	CAVRDRRV_GGYQKVTF	:::::::::0:2:16:::::22:-5:49:::
170	3319.0	0.0013048527627574028	9	0.0010393809908765446	TGTGTTGTGAGTGATTCGTGGAACAATGACATGCGCTTT	[[[[[[[[[[[[[[[[[[[[[[[[[[[[[[[[[[[[[[[	TRAV8-2*00(685.8)		TRAJ43*00(479.7)		466|481|500|0|15||150.0		25|43|74|21|39||180.0		TGTGTTGTGAGTGATTCGTGGAACAATGACATGCGCTTT	58	CVVSDSWNNDMRF	:::::::::0:1:15:::::21:-5:39:::
138	3229.0	0.001269469590522342	11	0.0012703545444046657	TGTGCTGTGGAGGATCGAGGGAGAGATGACAAGATCATCTTT	[[[[[[[[[[[[[[[[[[[[[[[[[[[[[[[[[[[[[[[[[[	TRAV2*00(896)		TRAJ30*00(493.6)		519|535|553|0|16||160.0		25|46|77|21|42||210.0		TGTGCTGTGGAGGATCGAGGGAGAGATGACAAGATCATCTTT	58	CAVEDRGRDDKIIF	:::::::::0:2:16:::::21:-5:42:::
149	3121.0	0.0012270097838402694	11	0.0012703545444046657	TGTGCAGCTCGGGGTACAGCAGTGCTTCCAAGATAATCTTT	[[[[[[[[[[[[[[[[[[[[[[[[[[[[[[[[[[[[[[[[[	TRAV23/DV6*00(402.3)		TRAJ3*00(619.5)		517|525|550|0|8||80.0		19|51|82|9|41||320.0		TGTGCAGCTCGGGGTACAGCAGTGCTTCCAAGATAATCTTT	58	CAARGTA_ASKIIF	:::::::::0:-5:8:::::9:1:41:::
154	2952.0	0.0011605680493099889	11	0.0012703545444046657	TGCATCCCACTAGCAGGAAGCCAAGGAAATCTCATCTTT	[[[[[[[[[[[[[[[[[[[[[[[[[[[[[[[[[[[[[[[	TRAV26-1*00(549.4)		TRAJ42*00(549.5)		763|769|799|0|6||60.0		30|55|86|14|39||250.0		TGCATCCCACTAGCAGGAAGCCAAGGAAATCTCATCTTT	58	CIPLAGSQGNLIF	:::::::::0:-10:6:::::14:-10:39:::
188	2722.0	0.0010701443869315006	8	9.238942141124841E-4	TGTGCTACGGACGCAGAGGCCTCAGGAACCTACAAATACATCTTT	[[[[[[[[[[[[[[[[[[[[[[[[[[[[[[[[[[[[[[[[[[[[[	TRAV17*00(939)		TRAJ40*00(539.4)		490|504|523|0|14||140.0		24|50|81|19|45||260.0		TGTGCTACGGACGCAGAGGCCTCAGGAACCTACAAATACATCTTT	58	CATDAEASGTYKYIF	:::::::::0:1:14:::::19:-4:45:::
129	2684.0	0.0010552048253211416	12	0.0013858413211687262	TGTGCTGTCAACTATTACACCGACAAGCTCATCTTT	[[[[[[[[[[[[[[[[[[[[[[[[[[[[[[[[[[[[	TRAV41*00(642.4)		TRAJ34*00(510.7)		512|522|544|0|10||100.0		23|47|78|12|36|SA26T|211.0		TGTGCTGTCAACTATTACACCGACAAGCTCATCTTT	58	CAVNYYTDKLIF	:::::::::0:-2:10:::::12:-3:36:::
216	2609.0	0.001025718848458591	7	8.084074373484236E-4	TGTGCTCTGAGTTACCTCGGTTCAGGAACCTACAAATACATCTTT	[[[[[[[[[[[[[[[[[[[[[[[[[[[[[[[[[[[[[[[[[[[[[	TRAV19*00(729.4)		TRAJ40*00(529.2)		556|568|593|0|12||120.0		26|50|81|21|45||240.0		TGTGCTCTGAGTTACCTCGGTTCAGGAACCTACAAATACATCTTT	58	CALSYLGSGTYKYIF	:::::::::0:-5:12:::::21:-6:45:::
210	2556.0	0.001004882091475722	8	9.238942141124841E-4	TGTGCAGCAAGCGTTGATTGGAGGGACCTCAGGAACCTACAAATACATCTTT	[[[[[[[[[[[[[[[[[[[[[[[[[[[[[[[[[[[[[[[[[[[[[[[[[[[[	TRAV29/DV5*00(559.8)		TRAJ40*00(552.4)		529|542|562|0|13||130.0		23|50|81|25|52||270.0		TGTGCAGCAAGCGTTGATTGGAGGGACCTCAGGAACCTACAAATACATCTTT	58	CAASVDWRD_SGTYKYIF	:::::::::0:0:13:::::25:-3:52:::
151	2551.0	0.0010029163596848854	11	0.0012703545444046657	TGCCTCGTAGAGAGGCTTTGGGAATGTGCTGCATTGC	[[[[[[[[[[[[[[[[[[[[[[[[[[[[[[[[[[[[[	TRAV4*00(761.7)		TRAJ35*00(546.3)		768|776|804|0|8||80.0		20|48|79|9|37|ST22G|251.0		TGCCTCGTAGAGAGGCTTTGGGAATGTGCTGCATTGC	58	CLVERL_GNVLHC	:::::::::0:-8:8:::::9:0:37:::
212	2534.0	9.962328715960405E-4	8	9.238942141124841E-4	TGCATCCTGCGCTAATAATGCAGGCAACATGCTCACCTTT	[[[[[[[[[[[[[[[[[[[[[[[[[[[[[[[[[[[[[[[[	TRAV26-2*00(750.9)		TRAJ39*00(589.6)		791|800|826|0|9||90.0		24|52|83|12|40||280.0		TGCATCCTGCGCTAATAATGCAGGCAACATGCTCACCTTT	58	CILR**C_GNMLTF	:::::::::0:-6:9:::::12:-4:40:::
182	2510.0	9.867973590000243E-4	9	0.0010393809908765446	TGTGCAGGACCCCGAACGGAACCTACAAATACATCTTT	[[[[[[[[[[[[[[[[[[[[[[[[[[[[[[[[[[[[[[	TRAV27*00(625)		TRAJ40*00(499.7)		552|561|582|0|9||90.0		29|50|81|17|38||210.0		TGTGCAGGACCCCGAACGGAACCTACAAATACATCTTT	58	CAGPRT_TYKYIF	:::::::::0:-1:9:::::17:-9:38:::
235	2489.0	9.785412854785103E-4	6	6.929206605843631E-4	TGTGCTCTGGGGTGAGGGAGGAGGAAACAAACTCACCTTT	[[[[[[[[[[[[[[[[[[[[[[[[[[[[[[[[[[[[[[[[	TRAV6*00(449.6)		TRAJ10*00(549.6)		535|543|568|0|8||80.0		28|53|84|15|40||250.0		TGTGCTCTGGGGTGAGGGAGGAGGAAACAAACTCACCTTT	58	CALG*GR_GNKLTF	:::::::::0:-5:8:::::15:-8:40:::
275	2468.0	9.702852119569961E-4	6	6.929206605843631E-4	CCTAAGGGGAGGAGGAAACAAACTCACCTTT	[[[[[[[[[[[[[[[[[[[[[[[[[[[[[[[	TRAV17*00(799.4)		TRAJ10*00(549.6)		490|490|523|0|0||0.0		28|53|84|6|31||250.0		CCTAAGGGGAGGAGGAAACAAACTCACCTTT	58	PKGRR_NKLTF	:::::::::0:-13:0:::::6:-8:31:::
215	2454.0	9.647811629426534E-4	7	8.084074373484236E-4	TGTGCTCTTGGGGAAAGTATAGCCCCGGCACTGCCAGTAAACTCACCTTT	[[[[[[[[[[[[[[[[[[[[[[[[[[[[[[[[[[[[[[[[[[[[[[[[[[	TRDV1*00(888)		TRAJ44*00(545)		573|588|610|0|15||150.0		26|52|83|24|50||260.0		TGTGCTCTTGGGGAAAGTATAGCCCCGGCACTGCCAGTAAACTCACCTTT	58	CALGESIA_GTASKLTF	:::::::::0:-2:15:::::24:-6:50:::
168	2449.0	9.628154311518166E-4	10	0.0011548677676406051	TGCCTCGTGGGTGACAAGACAGGAGGAAGCTACATACCTACATTT	[[[[[[[[[[[[[[[[[[[[[[[[[[[[[[[[[[[[[[[[[[[[[	TRAV4*00(849.2)		TRAJ6*00(545.7)		768|784|804|0|16||160.0		25|51|82|19|45||260.0		TGCCTCGTGGGTGACAAGACAGGAGGAAGCTACATACCTACATTT	58	CLVGDKTGGSYIPTF	:::::::::0:0:16:::::19:-5:45:::
187	2379.0	9.352951860801028E-4	8	9.238942141124841E-4	TGTGCTACGGACGCGTACAGTGCCAGACTCATGTTT	[[[[[[[[[[[[[[[[[[[[[[[[[[[[[[[[[[[[	TRAV17*00(959.1)		TRAJ31*00(470.5)		490|506|523|0|16||160.0		26|46|77|16|36|SA29G|171.0		TGTGCTACGGACGCGTACAGTGCCAGACTCATGTTT	58	CATDAYSARLMF	:::::::::0:3:16:::::16:-6:36:::
157	2359.0	9.274322589167559E-4	10	0.0011548677676406051	TGTGTGGTGACTGACGACAAGCTCATCTTT	[[[[[[[[[[[[[[[[[[[[[[[[[[[[[[	TRAV12-1*00(881.8)		TRAJ34*00(459.7)		539|549|572|0|10||100.0		31|47|78|14|30||160.0		TGTGTGGTGACTGACGACAAGCTCATCTTT	58	CVVTDDKLIF	:::::::::0:-3:10:::::14:-11:30:::
272	2359.0	9.274322589167559E-4	6	6.929206605843631E-4	TGTGCAATGAGTCACGGTAATGCAGGCAACATGCTCACCTTT	[[[[[[[[[[[[[[[[[[[[[[[[[[[[[[[[[[[[[[[[[[	TRAV12-3*00(746.3)		TRAJ39*00(538.2)		562|573|595|0|11||110.0		27|52|83|17|42||250.0		TGTGCAATGAGTCACGGTAATGCAGGCAACATGCTCACCTTT	58	CAMSHGNAGNMLTF	:::::::::0:-2:11:::::17:-7:42:::
232	2324.0	9.13672136380899E-4	7	8.084074373484236E-4	TGTGCAGGATCCCCTTCGAACACCGGTAACCAGTTCTATTTT	[[[[[[[[[[[[[[[[[[[[[[[[[[[[[[[[[[[[[[[[[[	TRAV27*00(627)		TRAJ49*00(579.6)		552|567|582|0|15|SG561TST563C|92.0		18|45|76|15|42||280.0		TGTGCAGGATCCCCTTCGAACACCGGTAACCAGTTCTATTTT	58	CAGSPSNTGNQFYF	:::::::::0:5:15:::::15:2:42:::
171	2226.0	8.751437932804997E-4	9	0.0010393809908765446	TGTGTGGTGAATGAGATGTGGGACTTCAACAAATTTTACTTT	[[[[[[[[[[[[[[[[[[[[[[[[[[[[[[[[[[[[[[[[[[	TRAV12-1*00(810.4)		TRAJ21*00(465.9)		539|550|572|0|11||110.0		24|44|75|22|42||200.0		TGTGTGGTGAATGAGATGTGGGACTTCAACAAATTTTACTTT	58	CVVNEMWDFNKFYF	:::::::::0:-2:11:::::22:-4:42:::
186	2218.0	8.71998622415161E-4	8	9.238942141124841E-4	TGTGCTGGTTGAACAGAGATGACAAGATCATCTTT	[[[[[[[[[[[[[[[[[[[[[[[[[[[[[[[[[[[	TRAV20*00(479.6)		TRAJ30*00(568.3)		498|505|531|0|7||70.0		20|46|77|9|35||260.0		TGTGCTGGTTGAACAGAGATGACAAGATCATCTTT	58	CAG*TE_DKIIF	:::::::::0:-6:7:::::9:0:35:::
239	2157.0	8.480166945669533E-4	6	6.929206605843631E-4	TGTGCTGGGCAGCTGGGTAATGCAGGCAACATGCTCACCTTT	[[[[[[[[[[[[[[[[[[[[[[[[[[[[[[[[[[[[[[[[[[	TRAV35*00(867.7)		TRAJ39*00(529)		588|603|620|0|15||150.0		27|52|83|17|42||250.0		TGTGCTGGGCAGCTGGGTAATGCAGGCAACATGCTCACCTTT	58	CAGQLGNAGNMLTF	:::::::::0:3:15:::::17:-7:42:::
183	2071.0	8.14206107764562E-4	8	9.238942141124841E-4	TGTGCTGTGGAGCCCTTTTATAACCAGGGAGGAAAGCTTATCTTC	[[[[[[[[[[[[[[[[[[[[[[[[[[[[[[[[[[[[[[[[[[[[[	TRAV22*00(559.5)		TRAJ23*00(570.6)		526|542|559|0|16|SG539C|131.0		23|52|83|16|45||290.0		TGTGCTGTGGAGCCCTTTTATAACCAGGGAGGAAAGCTTATCTTC	58	CAVEPFYNQGGKLIF	:::::::::0:3:16:::::16:-3:45:::
213	2069.0	8.134198150482273E-4	7	8.084074373484236E-4	TGTGTGGTGAGCCCCCCTGTGGGAGGAAGCTACATACCTACATTT	[[[[[[[[[[[[[[[[[[[[[[[[[[[[[[[[[[[[[[[[[[[[[	TRAV10*00(851.5)		TRAJ6*00(529.4)		575|587|608|0|12||120.0		27|51|82|21|45||240.0		TGTGTGGTGAGCCCCCCTGTGGGAGGAAGCTACATACCTACATTT	58	CVVSPPVGGSYIPTF	:::::::::0:-1:12:::::21:-7:45:::
136	2022.0	7.949419362143623E-4	12	0.0013858413211687262	TGTGCAATGAGAGAACAGGTACAGCAGTGCTTCCAAGATAATCTTT	[[[[[[[[[[[[[[[[[[[[[[[[[[[[[[[[[[[[[[[[[[[[[[	TRAV14/DV4*00(531.9)		TRAJ3*00(583.7)		517|531|554|0|14||140.0		22|51|82|17|46||290.0		TGTGCAATGAGAGAACAGGTACAGCAGTGCTTCCAAGATAATCTTT	58	CAMREQVQ_SASKIIF	:::::::::0:-3:14:::::17:-2:46:::
185	2002.0	7.870790090510155E-4	8	9.238942141124841E-4	TGTGCTGCAGGGGCATGAACACAGGCTTTCAGAAACTTGTATTT	[[[[[[[[[[[[[[[[[[[[[[[[[[[[[[[[[[[[[[[[[[[[	TRAV8-5*00(426.3)		TRAJ8*00(599.7)		1528|1542|1562|0|14|ST1539G|111.0		19|49|80|14|44||310.0		TGTGCTGCAGGGGCATGAACACAGGCTTTCAGAAACTTGTATTT	58	CAAGA*T_GFQKLVF	:::::::::0:0:14:::::14:1:44:::
269	1915.0	7.528752758904568E-4	6	6.929206605843631E-4	TGTGCAGGAGATATGGATTCAGGAGGAGGTGCTGACGGACTCACCTTT	[[[[[[[[[[[[[[[[[[[[[[[[[[[[[[[[[[[[[[[[[[[[[[[[	TRAV27*00(647.3)		TRAJ45*00(640.6)		552|562|582|0|10||100.0		19|55|86|12|48|ST22G|331.0		TGTGCAGGAGATATGGATTCAGGAGGAGGTGCTGACGGACTCACCTTT	58	CAGDMDSGGGADGLTF	:::::::::0:0:10:::::12:1:48:::
282	1906.0	7.493369586669508E-4	5	5.774338838203026E-4	TGTGCTGTGAGTGAAAAAGGGGTACAGCAGTGCTTCCAAGATAATCTTT	[[[[[[[[[[[[[[[[[[[[[[[[[[[[[[[[[[[[[[[[[[[[[[[[[	TRAV8-6*00(709.1)		TRAJ3*00(609.6)		448|462|482|0|14||140.0		20|51|82|18|49||310.0		TGTGCTGTGAGTGAAAAAGGGGTACAGCAGTGCTTCCAAGATAATCTTT	58	CAVSEKGV_SSASKIIF	:::::::::0:0:14:::::18:0:49:::
267	1889.0	7.42653470578106E-4	6	6.929206605843631E-4	TGTGCAGGGCTGGCTCAGATGGCCAGAAGCTGCTCTTT	[[[[[[[[[[[[[[[[[[[[[[[[[[[[[[[[[[[[[[	TRAV25*00(551.6)		TRAJ16*00(510.7)		620|630|649|0|10||100.0		25|49|80|14|38||240.0		TGTGCAGGGCTGGCTCAGATGGCCAGAAGCTGCTCTTT	58	CAGLAQ_GQKLLF	:::::::::0:1:10:::::14:-5:38:::
240	1888.0	7.422603242199387E-4	6	6.929206605843631E-4	TGTGCTACGGACGCGTTAGCCTACAGCAGTGCTTCCAAGATAATCTTT	[[[[[[[[[[[[[[[[[[[[[[[[[[[[[[[[[[[[[[[[[[[[[[[[	TRAV17*00(959.2)		TRAJ3*00(524.9)		490|506|523|0|16||160.0		24|51|82|21|48||270.0		TGTGCTACGGACGCGTTAGCCTACAGCAGTGCTTCCAAGATAATCTTT	58	CATDALAYSSASKIIF	:::::::::0:3:16:::::21:-4:48:::
324	1882.0	7.399014460709346E-4	5	5.774338838203026E-4	TGTGCAGCAAGCGACTATGCTGGCAACAACCGTAAGCTGATTTGG	[[[[[[[[[[[[[[[[[[[[[[[[[[[[[[[[[[[[[[[[[[[[[	TRAV29/DV5*00(563.6)		TRAJ38*00(589.7)		529|542|562|0|13||130.0		22|51|82|16|45||290.0		TGTGCAGCAAGCGACTATGCTGGCAACAACCGTAAGCTGATTTGG	58	CAASDYAGNNRKLIW	:::::::::0:0:13:::::16:-2:45:::
266	1866.0	7.336111043402571E-4	6	6.929206605843631E-4	TGTGCAGCAAAATGGGGGAGGTAGCAACTATAAACTGACATTT	[[[[[[[[[[[[[[[[[[[[[[[[[[[[[[[[[[[[[[[[[[[	TRAV13-1*00(832.8)		TRAJ53*00(555)		511|521|544|0|10||100.0		22|55|86|10|43|SA25GST27G|272.0		TGTGCAGCAAAATGGGGGAGGTAGCAACTATAAACTGACATTT	58	CAAKWGR_SNYKLTF	:::::::::0:-3:10:::::10:-2:43:::
326	1838.0	7.226030063115716E-4	5	5.774338838203026E-4	TGTGCAGAGAATTCCGCATCAGGAGGAAGCTACATACCTACATTT	[[[[[[[[[[[[[[[[[[[[[[[[[[[[[[[[[[[[[[[[[[[[[	TRAV13-2*00(568.6)		TRAJ6*00(609.6)		506|518|539|0|12||120.0		21|51|82|15|45||300.0		TGTGCAGAGAATTCCGCATCAGGAGGAAGCTACATACCTACATTT	58	CAENSASGGSYIPTF	:::::::::0:-1:12:::::15:-1:45:::
294	1802.0	7.084497374175474E-4	5	5.774338838203026E-4	TGTGCCGTCCCTAATTTCAGGAGGAGGTGCTGACGGACTCACCTTT	[[[[[[[[[[[[[[[[[[[[[[[[[[[[[[[[[[[[[[[[[[[[[[	TRAV12-2*00(926.9)		TRAJ45*00(579.5)		551|559|584|0|8||80.0		24|55|86|15|46||310.0		TGTGCCGTCCCTAATTTCAGGAGGAGGTGCTGACGGACTCACCTTT	58	CAVPNFRR_GADGLTF	:::::::::0:-5:8:::::15:-4:46:::
265	1780.0	6.998005175378658E-4	6	6.929206605843631E-4	TGTGCGCCCAGGGTAAGTACCCAGAAGCTGGTATTT	[[[[[[[[[[[[[[[[[[[[[[[[[[[[[[[[[[[[	TRAV27*00(575.1)		TRAJ54*00(459.6)		552|557|582|0|5||50.0		32|49|80|19|36||170.0		TGTGCGCCCAGGGTAAGTACCCAGAAGCTGGTATTT	58	CAPRVSTQKLVF	:::::::::0:-5:5:::::19:-12:36:::
242	1772.0	6.966553466725272E-4	6	6.929206605843631E-4	TGTGCCGCCGAAAATGCCAGACTCATGTTT	[[[[[[[[[[[[[[[[[[[[[[[[[[[[[[	TRAV12-2*00(741.8)		TRAJ31*00(479.6)		551|558|584|0|7||70.0		28|46|77|12|30||180.0		TGTGCCGCCGAAAATGCCAGACTCATGTTT	58	CAAENARLMF	:::::::::0:-6:7:::::12:-8:30:::
231	1757.0	6.907581513000171E-4	7	8.084074373484236E-4	TGTGCAGGGGATTGGGTCAGACTCATGTTT	[[[[[[[[[[[[[[[[[[[[[[[[[[[[[[	TRAV27*00(629)		TRAJ31*00(429.8)		552|560|582|0|8||80.0		33|46|77|17|30||130.0		TGTGCAGGGGATTGGGTCAGACTCATGTTT	58	CAGDWVRLMF	:::::::::0:-2:8:::::17:-13:30:::
281	1709.0	6.718871261079848E-4	5	5.774338838203026E-4	TGTGCTGTGACCCTATAACAATGACATGCGCTTT	[[[[[[[[[[[[[[[[[[[[[[[[[[[[[[[[[[	TRAV22*00(519.7)		TRAJ43*00(499.3)		526|535|559|0|9||90.0		23|43|74|14|34||200.0		TGTGCTGTGACCCTATAACAATGACATGCGCTTT	58	CAVTL*_NDMRF	:::::::::0:-4:9:::::14:-3:34:::
238	1660.0	6.526229545577851E-4	6	6.929206605843631E-4	TGTGCTGTGGATCGATACAACTTCAACAAATTTTACTTT	[[[[[[[[[[[[[[[[[[[[[[[[[[[[[[[[[[[[[[[	TRAV22*00(540.7)		TRAJ21*00(558.8)		526|540|559|0|14|SG537T|111.0		19|44|75|14|39||250.0		TGTGCTGTGGATCGATACAACTTCAACAAATTTTACTTT	58	CAVDRYNFNKFYF	:::::::::0:1:14:::::14:1:39:::
243	1632.0	6.416148565290995E-4	6	6.929206605843631E-4	TGTGCCGCCAAGGTGGCAACAACCGTAAGCTGATTTGG	[[[[[[[[[[[[[[[[[[[[[[[[[[[[[[[[[[[[[[	TRAV12-2*00(617.6)		TRAJ38*00(544.7)		551|558|584|0|7||70.0		26|51|82|13|38||250.0		TGTGCCGCCAAGGTGGCAACAACCGTAAGCTGATTTGG	58	CAAKVA_NRKLIW	:::::::::0:-6:7:::::13:-6:38:::
273	1632.0	6.416148565290995E-4	6	6.929206605843631E-4	TGCCTCGTGGGCCCCGGTACTGCGGGAGGAGGTGCTGACGGACTCACCTTT	[[[[[[[[[[[[[[[[[[[[[[[[[[[[[[[[[[[[[[[[[[[[[[[[[[[	TRAV4*00(857.5)		TRAJ45*00(550.2)		768|779|804|0|11||110.0		28|55|86|24|51||270.0		TGCCTCGTGGGCCCCGGTACTGCGGGAGGAGGTGCTGACGGACTCACCTTT	58	CLVGPGTAGGGADGLTF	:::::::::0:-5:11:::::24:-8:51:::
237	1606.0	6.313930512167487E-4	6	6.929206605843631E-4	TGTGCTGTGGGAGAATAGTGGAGGTAGCAACTATAAACTGACATTT	[[[[[[[[[[[[[[[[[[[[[[[[[[[[[[[[[[[[[[[[[[[[[[	TRAV8-3*00(589.8)		TRAJ53*00(659.7)		455|466|489|0|11||110.0		20|55|86|11|46||350.0		TGTGCTGTGGGAGAATAGTGGAGGTAGCAACTATAAACTGACATTT	58	CAVGE*WR_SNYKLTF	:::::::::0:-3:11:::::11:0:46:::
336	1603.0	6.302136121422466E-4	4	4.6194710705624206E-4	TGTGCTCTGAGTCCTAGGGCTGGGAGTTACCAACTCACTTTC	[[[[[[[[[[[[[[[[[[[[[[[[[[[[[[[[[[[[[[[[[[	TRAV9-2*00(729.6)		TRAJ28*00(549.7)		480|492|514|0|12||120.0		26|55|86|13|42|SG28A|261.0		TGTGCTCTGAGTCCTAGGGCTGGGAGTTACCAACTCACTTTC	58	CALSPRAGSYQLTF	:::::::::0:-2:12:::::13:-6:42:::
270	1572.0	6.180260750390591E-4	6	6.929206605843631E-4	TGTGCAGAGAGTAGGTCCGGGTATGCACTCAACTTC	[[[[[[[[[[[[[[[[[[[[[[[[[[[[[[[[[[[[	TRAV5*00(486.5)		TRAJ41*00(469.1)		523|536|556|0|13||130.0		30|51|82|15|36||210.0		TGTGCAGAGAGTAGGTCCGGGTATGCACTCAACTTC	58	CAESRSGYALNF	:::::::::0:0:13:::::15:-10:36:::
184	1568.0	6.164534896063897E-4	8	9.238942141124841E-4	TGTGCTGTGAGGCCAAACACCGGTAACCAGTTCTATTTT	[[[[[[[[[[[[[[[[[[[[[[[[[[[[[[[[[[[[[[[	TRAV21*00(856.3)		TRAJ49*00(518.6)		544|558|576|0|14||140.0		21|45|76|15|39||240.0		TGTGCTGTGAGGCCAAACACCGGTAACCAGTTCTATTTT	58	CAVRPNTGNQFYF	:::::::::0:2:14:::::15:-1:39:::
236	1544.0	6.070179770103736E-4	6	6.929206605843631E-4	TGTGCTGTCAGCCTACAGAGTGACAAGATCATCTTT	[[[[[[[[[[[[[[[[[[[[[[[[[[[[[[[[[[[[	TRAV41*00(646.7)		TRAJ30*00(469.7)		512|523|544|0|11||110.0		30|46|77|20|36||160.0		TGTGCTGTCAGCCTACAGAGTGACAAGATCATCTTT	58	CAVSLQSDKIIF	:::::::::0:-1:11:::::20:-10:36:::
325	1533.0	6.026933670705328E-4	5	5.774338838203026E-4	TGTGCAGCAAGCGAGATTAATGACATGCGCTTT	[[[[[[[[[[[[[[[[[[[[[[[[[[[[[[[[[	TRAV29/DV5*00(555.3)		TRAJ43*00(449.9)		529|542|562|0|13||130.0		28|43|74|18|33||150.0		TGTGCAGCAAGCGAGATTAATGACATGCGCTTT	58	CAASEINDMRF	:::::::::0:0:13:::::18:-8:33:::
279	1512.0	5.944372935490187E-4	5	5.774338838203026E-4	TGTGCTCTGAGTGATCAACAGCAGTGCTTCCAAGATAATCTTT	[[[[[[[[[[[[[[[[[[[[[[[[[[[[[[[[[[[[[[[[[[[	TRAV9-2*00(780.8)		TRAJ3*00(559.7)		480|497|514|0|17||170.0		25|51|82|17|43||260.0		TGTGCTCTGAGTGATCAACAGCAGTGCTTCCAAGATAATCTTT	58	CALSDQQ_SASKIIF	:::::::::0:3:17:::::17:-5:43:::
405	1510.0	5.93651000832684E-4	4	4.6194710705624206E-4	TGTGGAGCTGATGCTGGTGGTACTAGCTATGGAAAGCTGACATTT	[[[[[[[[[[[[[[[[[[[[[[[[[[[[[[[[[[[[[[[[[[[[[	TRAV34*00(501.1)		TRAJ52*00(649.3)		603|611|636|0|8||81.0		21|58|89|8|45|SA22G|371.0		TGTGGAGCTGATGCTGGTGGTACTAGCTATGGAAAGCTGACATTT	58	CGADAGGTSYGKLTF	:::::::::0:-5:8:::::8:-1:45:::
268	1488.0	5.850017809530025E-4	6	6.929206605843631E-4	TGTGCAGGAGCAGACCGGGCAGGAACTGCTCTGATCTTT	[[[[[[[[[[[[[[[[[[[[[[[[[[[[[[[[[[[[[[[	TRAV27*00(639.1)		TRAJ15*00(518.8)		552|563|582|0|11||110.0		23|49|80|13|39|SA26G|231.0		TGTGCAGGAGCAGACCGGGCAGGAACTGCTCTGATCTTT	58	CAGADRAGTALIF	:::::::::0:1:11:::::13:-3:39:::
339	1461.0	5.743868292824843E-4	4	4.6194710705624206E-4	TGTGCTGTGGGTGCGCTGACAAAATTCCGGGTATGCACTCAACTTC	[[[[[[[[[[[[[[[[[[[[[[[[[[[[[[[[[[[[[[[[[[[[[[	TRAV8-3*00(646.9)		TRAJ41*00(509.6)		455|471|489|0|16||160.0		26|51|82|21|46||250.0		TGTGCTGTGGGTGCGCTGACAAAATTCCGGGTATGCACTCAACTTC	58	CAVGALTK_SGYALNF	:::::::::0:2:16:::::21:-6:46:::
230	1449.0	5.696690729844762E-4	7	8.084074373484236E-4	TGTGCAGCAATGGTGGGCCAGTTCTATTTT	[[[[[[[[[[[[[[[[[[[[[[[[[[[[[[	TRAV13-1*00(688.1)		TRAJ49*00(429.6)		511|521|544|0|10||100.0		32|45|76|17|30||130.0		TGTGCAGCAATGGTGGGCCAGTTCTATTTT	58	CAAMVGQFYF	:::::::::0:-3:10:::::17:-12:30:::
347	1439.0	5.657376094028028E-4	4	4.6194710705624206E-4	TGTGCCGTGAGAGGAACCTACAAATACATCTTT	[[[[[[[[[[[[[[[[[[[[[[[[[[[[[[[[[	TRAV12-2*00(715)		TRAJ40*00(509.7)		551|561|584|0|10||100.0		28|50|81|11|33||220.0		TGTGCCGTGAGAGGAACCTACAAATACATCTTT	58	CAVRGTYKYIF	:::::::::0:-3:10:::::11:-8:33:::
406	1425.0	5.602335603884601E-4	4	4.6194710705624206E-4	TGTGGAGCAGACGGGGGAGGAGGTGCTGACGGACTCACCTTT	[[[[[[[[[[[[[[[[[[[[[[[[[[[[[[[[[[[[[[[[[[	TRAV34*00(509.7)		TRAJ45*00(579.7)		603|615|636|0|12||120.0		28|55|86|15|42||270.0		TGTGGAGCAGACGGGGGAGGAGGTGCTGACGGACTCACCTTT	58	CGADGGGGADGLTF	:::::::::0:-1:12:::::15:-8:42:::
429	1417.0	5.570883895231213E-4	3	3.4646033029218156E-4	TGTGCTCTGAGTGCTGGTGGTACTAGCTATGGAAAGCTGACATTT	[[[[[[[[[[[[[[[[[[[[[[[[[[[[[[[[[[[[[[[[[[[[[	TRAV9-2*00(493.1)		TRAJ52*00(639.6)		480|492|514|0|12||130.0		25|58|89|12|45||340.0		TGTGCTCTGAGTGCTGGTGGTACTAGCTATGGAAAGCTGACATTT	58	CALSAGGTSYGKLTF	:::::::::0:-2:12:::::12:-5:45:::
286	1394.0	5.480460232852725E-4	5	5.774338838203026E-4	TGTGCTGTGAGAGGCTTTGGGAATGTGCTGCATTGC	[[[[[[[[[[[[[[[[[[[[[[[[[[[[[[[[[[[[	TRAV21*00(527)		TRAJ35*00(535.9)		544|554|576|0|10||110.0		22|48|79|10|36|ST22G|251.0		TGTGCTGTGAGAGGCTTTGGGAATGTGCTGCATTGC	58	CAVRGFGNVLHC	:::::::::0:-2:10:::::10:-2:36:::
327	1391.0	5.468665842107705E-4	5	5.774338838203026E-4	TGTGGAGCAGACGGAGGAGGAGGTGCTGACGGACTCACCTTT	[[[[[[[[[[[[[[[[[[[[[[[[[[[[[[[[[[[[[[[[[[	TRAV34*00(503.8)		TRAJ45*00(589.7)		603|615|636|0|12||120.0		27|55|86|14|42||280.0		TGTGGAGCAGACGGAGGAGGAGGTGCTGACGGACTCACCTTT	58	CGADGGGGADGLTF	:::::::::0:-1:12:::::14:-7:42:::
438	1370.0	5.386105106892563E-4	3	3.4646033029218156E-4	TGTGCTGTGAGTGATAAGCTAGGTGGTGGTACTAGCTATGGAAAGCTGACATTT	[[[[[[[[[[[[[[[[[[[[[[[[[[[[[[[[[[[[[[[[[[[[[[[[[[[[[[	TRAV8-4*00(695)		TRAJ52*00(609.5)		476|491|510|0|15||150.0		27|58|89|23|54||310.0		TGTGCTGTGAGTGATAAGCTAGGTGGTGGTACTAGCTATGGAAAGCTGACATTT	58	CAVSDKLGGGTSYGKLTF	:::::::::0:1:15:::::23:-7:54:::
341	1304.0	5.126628510502118E-4	4	4.6194710705624206E-4	TGTGCTGTGACCCCCTACCTCAGGAACCTACAAATACATCTTT	[[[[[[[[[[[[[[[[[[[[[[[[[[[[[[[[[[[[[[[[[[[	TRAV8-6*00(669.7)		TRAJ40*00(579.3)		448|458|482|0|10||100.0		21|50|81|14|43||290.0		TGTGCTGTGACCCCCTACCTCAGGAACCTACAAATACATCTTT	58	CAVTPYL_GTYKYIF	:::::::::0:-4:10:::::14:-1:43:::
463	1253.0	4.926123867836775E-4	3	3.4646033029218156E-4	TGTGCCGTGAAGGAGAACCAGGGAGGAAAGCTTATCTTC	[[[[[[[[[[[[[[[[[[[[[[[[[[[[[[[[[[[[[[[	TRAV8-1*00(579.5)		TRAJ23*00(523.6)		474|485|508|0|11||110.0		28|52|83|15|39||240.0		TGTGCCGTGAAGGAGAACCAGGGAGGAAAGCTTATCTTC	58	CAVKENQGGKLIF	:::::::::0:-3:11:::::15:-8:39:::
412	1247.0	4.902535086346735E-4	4	4.6194710705624206E-4	TGCATCCTGGGCAAGAACACCGGTAACCAGTTCTATTTT	[[[[[[[[[[[[[[[[[[[[[[[[[[[[[[[[[[[[[[[	TRAV26-2*00(715.3)		TRAJ49*00(549.7)		791|800|826|0|9||90.0		20|45|76|14|39||250.0		TGCATCCTGGGCAAGAACACCGGTAACCAGTTCTATTTT	58	CILGKNTGNQFYF	:::::::::0:-6:9:::::14:0:39:::
293	1231.0	4.83963166903996E-4	5	5.774338838203026E-4	TGTGCCCTAGGGGGGCTTTCAGGAGGAGGTGCTGACGGACTCACCTTT	[[[[[[[[[[[[[[[[[[[[[[[[[[[[[[[[[[[[[[[[[[[[[[[[	TRAV12-2*00(729.9)		TRAJ45*00(585.7)		551|557|584|0|6||60.0		24|55|86|17|48||310.0		TGTGCCCTAGGGGGGCTTTCAGGAGGAGGTGCTGACGGACTCACCTTT	58	CALGGLSGGGADGLTF	:::::::::0:-7:6:::::17:-4:48:::
628	1225.0	4.81604288754992E-4	2	2.3097355352812103E-4	TGTGCTCTGAGTGGCGGAGCTGGCAACAACCGTAAGCTGATTTGG	[[[[[[[[[[[[[[[[[[[[[[[[[[[[[[[[[[[[[[[[[[[[[	TRAV9-2*00(746.1)		TRAJ38*00(569.6)		480|493|514|0|13||130.0		24|51|82|18|45||270.0		TGTGCTCTGAGTGGCGGAGCTGGCAACAACCGTAAGCTGATTTGG	58	CALSGGAGNNRKLIW	:::::::::0:-1:13:::::18:-4:45:::
284	1224.0	4.8121114239682464E-4	5	5.774338838203026E-4	TGTGCTGTGAGAGTCCAATACTCTGGGGCTGGGAGTTACCAACTCACTTTC	[[[[[[[[[[[[[[[[[[[[[[[[[[[[[[[[[[[[[[[[[[[[[[[[[[[	TRAV3*00(609.6)		TRAJ28*00(629.7)		437|450|473|0|13||130.0		21|55|86|17|51||340.0		TGTGCTGTGAGAGTCCAATACTCTGGGGCTGGGAGTTACCAACTCACTTTC	58	CAVRVQYSGAGSYQLTF	:::::::::0:-3:13:::::17:-1:51:::
278	1217.0	4.7845911788965326E-4	5	5.774338838203026E-4	TGTGCTCTGAGTGATCTGCCCATGAACAGAGATGACAAGATCATCTTT	[[[[[[[[[[[[[[[[[[[[[[[[[[[[[[[[[[[[[[[[[[[[[[[[	TRAV9-1*00(782)		TRAJ30*00(591.1)		482|497|516|0|15||160.0		13|46|77|15|48|ST16CST17C|282.0		TGTGCTCTGAGTGATCTGCCCATGAACAGAGATGACAAGATCATCTTT	58	CALSDLPMNRDDKIIF	:::::::::0:1:15:::::15:7:48:::
271	1215.0	4.7767282517331857E-4	6	6.929206605843631E-4	TGTGCAATGGTAACTCAGGGAGCCCAGAAGCTGGTATTT	[[[[[[[[[[[[[[[[[[[[[[[[[[[[[[[[[[[[[[[	TRAV14/DV4*00(574.1)		TRAJ54*00(550.5)		517|526|554|0|9||90.0		20|49|80|10|39|ST23C|261.0		TGTGCAATGGTAACTCAGGGAGCCCAGAAGCTGGTATTT	58	CAMVTQGAQKLVF	:::::::::0:-8:9:::::10:0:39:::
338	1202.0	4.7256192251714317E-4	4	4.6194710705624206E-4	TGTGCTGTGCCCGATTTTTATAACCAGGGAGGAAAGCTTATCTTC	[[[[[[[[[[[[[[[[[[[[[[[[[[[[[[[[[[[[[[[[[[[[[	TRAV20*00(509.6)		TRAJ23*00(580.2)		498|508|531|0|10||100.0		23|52|83|16|45||290.0		TGTGCTGTGCCCGATTTTTATAACCAGGGAGGAAAGCTTATCTTC	58	CAVPDFYNQGGKLIF	:::::::::0:-3:10:::::16:-3:45:::
418	1202.0	4.7256192251714317E-4	3	3.4646033029218156E-4	TGTGTGGTGGGCCTGTACAATAACAATGACATGCGCTTT	[[[[[[[[[[[[[[[[[[[[[[[[[[[[[[[[[[[[[[[	TRAV12-1*00(936.5)		TRAJ43*00(539.7)		539|548|572|0|9||90.0		17|43|74|13|39||260.0		TGTGTGGTGGGCCTGTACAATAACAATGACATGCGCTTT	58	CVVGLYNNNDMRF	:::::::::0:-4:9:::::13:3:39:::
430	1183.0	4.650921417119637E-4	3	3.4646033029218156E-4	TGTGCTCTGAACCCCCGGGGTGGCAACAACCGTAAGCTGATTTGG	[[[[[[[[[[[[[[[[[[[[[[[[[[[[[[[[[[[[[[[[[[[[[	TRAV9-2*00(696.1)		TRAJ38*00(549.1)		480|490|514|0|10||100.0		26|51|82|20|45||250.0		TGTGCTCTGAACCCCCGGGGTGGCAACAACCGTAAGCTGATTTGG	58	CALNPRGGNNRKLIW	:::::::::0:-4:10:::::20:-6:45:::
276	1173.0	4.6116067813029027E-4	5	5.774338838203026E-4	TGTGTGGTGATCGCCTTTTCTGGTGGCTACAATAAGCTGATTTTT	[[[[[[[[[[[[[[[[[[[[[[[[[[[[[[[[[[[[[[[[[[[[[	TRAV12-1*00(621.3)		TRAJ4*00(460.3)		539|549|572|0|10||100.0		22|52|83|15|45||300.0		TGTGTGGTGATCGCCTTTTCTGGTGGCTACAATAAGCTGATTTTT	58	CVVIAFSGGYNKLIF	:::::::::0:-3:10:::::15:-2:45:::
277	1171.0	4.6037438541395557E-4	5	5.774338838203026E-4	TGTGTGGTGAACGGCGGTTCTGCAAGGCAACTGACCTTT	[[[[[[[[[[[[[[[[[[[[[[[[[[[[[[[[[[[[[[[	TRAV12-1*00(833)		TRAJ22*00(523.1)		539|551|572|0|12||120.0		28|52|83|15|39||240.0		TGTGTGGTGAACGGCGGTTCTGCAAGGCAACTGACCTTT	58	CVVNGGSARQLTF	:::::::::0:-1:12:::::15:-8:39:::
283	1157.0	4.548703363996128E-4	5	5.774338838203026E-4	TGTGCTGTGAGGCCTTATGGTCAGAATTTTGTCTTT	[[[[[[[[[[[[[[[[[[[[[[[[[[[[[[[[[[[[	TRAV1-2*00(669.5)		TRAJ26*00(501.8)		620|631|654|0|11||110.0		28|49|80|15|36||210.0		TGTGCTGTGAGGCCTTATGGTCAGAATTTTGTCTTT	58	CAVRPYGQNFVF	:::::::::0:-3:11:::::15:-8:36:::
285	1147.0	4.509388728179394E-4	5	5.774338838203026E-4	TGTGCTGTGAGAGCCATGGATAGCAACTATCAGTTAATCTGG	[[[[[[[[[[[[[[[[[[[[[[[[[[[[[[[[[[[[[[[[[[	TRAV1-2*00(689.8)		TRAJ33*00(579.8)		620|633|654|0|13||130.0		17|46|77|13|42||290.0		TGTGCTGTGAGAGCCATGGATAGCAACTATCAGTTAATCTGG	58	CAVRAMDSNYQLIW	:::::::::0:-1:13:::::13:3:42:::
423	1141.0	4.485799946689354E-4	3	3.4646033029218156E-4	TGTGCTCTTGGGGGCATTAACCAGTTCTATTTT	[[[[[[[[[[[[[[[[[[[[[[[[[[[[[[[[[	TRDV1*00(998.9)		TRAJ49*00(459.4)		573|586|610|0|13||130.0		29|45|76|17|33||160.0		TGTGCTCTTGGGGGCATTAACCAGTTCTATTTT	58	CALGGINQFYF	:::::::::0:-4:13:::::17:-9:33:::
419	1130.0	4.442553847290946E-4	3	3.4646033029218156E-4	TGTGTGGTGAACGGGACAATGCCAGACTCATGTTT	[[[[[[[[[[[[[[[[[[[[[[[[[[[[[[[[[[[	TRAV12-1*00(750)		TRAJ31*00(499.9)		539|551|572|0|12||120.0		26|46|77|15|35||200.0		TGTGTGGTGAACGGGACAATGCCAGACTCATGTTT	58	CVVNGT_ARLMF	:::::::::0:-1:12:::::15:-6:35:::
692	1126.0	4.426827992964253E-4	2	2.3097355352812103E-4	TGTGCTGCCCGGGGGGTTAGATGGCCAGAAGCTGCTCTTT	[[[[[[[[[[[[[[[[[[[[[[[[[[[[[[[[[[[[[[[[	TRAV2*00(765.6)		TRAJ16*00(468.7)		519|526|553|0|7||70.0		27|49|80|18|40||220.0		TGTGCTGCCCGGGGGGTTAGATGGCCAGAAGCTGCTCTTT	58	CAARGVR_GQKLLF	:::::::::0:-7:7:::::18:-7:40:::
348	1112.0	4.3717875028208254E-4	4	4.6194710705624206E-4	TGTGCCGGAGGTAACTTTGGAAATGAGAAATTAACCTTT	[[[[[[[[[[[[[[[[[[[[[[[[[[[[[[[[[[[[[[[	TRAV12-2*00(554.7)		TRAJ48*00(575.7)		551|558|584|0|7||70.0		24|52|83|11|39||280.0		TGTGCCGGAGGTAACTTTGGAAATGAGAAATTAACCTTT	58	CAGGNFGNEKLTF	:::::::::0:-6:7:::::11:-4:39:::
280	1107.0	4.352130184912458E-4	5	5.774338838203026E-4	TGTGCTGTGGGGTGGGGGGGAACAGAGATGACAAGATCATCTTT	[[[[[[[[[[[[[[[[[[[[[[[[[[[[[[[[[[[[[[[[[[[[	TRAV21*00(450.6)		TRAJ30*00(552.4)		544|556|576|0|12|SA553G|91.0		21|46|77|19|44||250.0		TGTGCTGTGGGGTGGGGGGGAACAGAGATGACAAGATCATCTTT	58	CAVGWGG_RDDKIIF	:::::::::0:0:12:::::19:-1:44:::
581	1107.0	4.352130184912458E-4	3	3.4646033029218156E-4	TGCCTCGTGGGTGGGCTATTATAACACCGACAAGCTCATCTTT	[[[[[[[[[[[[[[[[[[[[[[[[[[[[[[[[[[[[[[[[[[[	TRAV4*00(885.3)		TRAJ34*00(519.7)		768|781|804|0|13||130.0		22|47|78|18|43||250.0		TGCCTCGTGGGTGGGCTATTATAACACCGACAAGCTCATCTTT	58	CLVGGLL_NTDKLIF	:::::::::0:-3:13:::::18:-2:43:::
431	1093.0	4.2970896947690305E-4	3	3.4646033029218156E-4	TGTGCTCTAAGTGGTCCCTATAGTGGAGGTAGCAACTATAAACTGACATTT	[[[[[[[[[[[[[[[[[[[[[[[[[[[[[[[[[[[[[[[[[[[[[[[[[[[	TRAV16*00(800.5)		TRAJ53*00(607.7)		449|463|483|0|14||140.0		23|55|86|19|51||320.0		TGTGCTCTAAGTGGTCCCTATAGTGGAGGTAGCAACTATAAACTGACATTT	58	CALSGPYSGGSNYKLTF	:::::::::0:0:14:::::19:-3:51:::
633	1085.0	4.2656379861156433E-4	2	2.3097355352812103E-4	TGTGCTCTGAGTGAGCGACTTTATGGAGGAAGCCAAGGAAATCTCATCTTT	[[[[[[[[[[[[[[[[[[[[[[[[[[[[[[[[[[[[[[[[[[[[[[[[[[[	TRAV19*00(739.3)		TRAJ42*00(609.3)		556|571|593|0|15||150.0		24|55|86|20|51||310.0		TGTGCTCTGAGTGAGCGACTTTATGGAGGAAGCCAAGGAAATCTCATCTTT	58	CALSERLYGGSQGNLIF	:::::::::0:-2:15:::::20:-4:51:::
445	1067.0	4.194871641645522E-4	3	3.4646033029218156E-4	TGTGCTACGGACGGGGCTGGGGCAAACAACCTCTTCTTT	[[[[[[[[[[[[[[[[[[[[[[[[[[[[[[[[[[[[[[[	TRAV17*00(929.5)		TRAJ36*00(539.6)		490|503|523|0|13||130.0		25|48|79|16|39||230.0		TGTGCTACGGACGGGGCTGGGGCAAACAACCTCTTCTTT	58	CATDGAGANNLFF	:::::::::0:0:13:::::16:-5:39:::
331	1066.0	4.1909401780638485E-4	4	4.6194710705624206E-4	TGTGTTGTGACCGGAGGAAAGCTTATCTTC	[[[[[[[[[[[[[[[[[[[[[[[[[[[[[[	TRAV8-2*00(646.4)		TRAJ23*00(470.2)		466|476|500|0|10||100.0		34|52|83|12|30||180.0		TGTGTTGTGACCGGAGGAAAGCTTATCTTC	58	CVVTGGKLIF	:::::::::0:-4:10:::::12:-14:30:::
440	1039.0	4.0847906613586664E-4	3	3.4646033029218156E-4	TGTGCTGTGAGCCCTAGCAACACAGGCAAACTAATCTTT	[[[[[[[[[[[[[[[[[[[[[[[[[[[[[[[[[[[[[[[	TRAV21*00(540.8)		TRAJ37*00(476)		544|562|576|0|18|SG555CSC559ASA560G|134.0		30|51|82|18|39||232.0		TGTGCTGTGAGCCCTAGCAACACAGGCAAACTAATCTTT	58	CAVSPSNTGKLIF	:::::::::0:6:18:::::18:-10:39:::
1345	1030.0	4.049407489123606E-4	2	2.3097355352812103E-4	TGTGCAGGGCAAGGACCAATGCAGGCAAATCAACCTTT	[[[[[[[[[[[[[[[[[[[[[[[[[[[[[[[[[[[[[[	TRAV25*00(559.8)		TRAJ27*00(529.5)		620|630|649|0|10||100.0		24|48|79|14|38||240.0		TGTGCAGGGCAAGGACCAATGCAGGCAAATCAACCTTT	58	CAGQGP_AGKSTF	:::::::::0:1:10:::::14:-4:38:::
443	1028.0	4.0415445619602594E-4	3	3.4646033029218156E-4	TGTGCTGTGAAGGAGGGCACAGGCTTTCAGAAACTTGTATTT	[[[[[[[[[[[[[[[[[[[[[[[[[[[[[[[[[[[[[[[[[[	TRAV8-4*00(649.6)		TRAJ8*00(539.8)		476|486|510|0|10||100.0		24|49|80|17|42||250.0		TGTGCTGTGAAGGAGGGCACAGGCTTTCAGAAACTTGTATTT	58	CAVKEGTGFQKLVF	:::::::::0:-4:10:::::17:-4:42:::
577	1021.0	4.0140243168885456E-4	3	3.4646033029218156E-4	TGTGCAGCAAGCATAGGTCGGCCGGCACTGCCAGTAAACTCACCTTT	[[[[[[[[[[[[[[[[[[[[[[[[[[[[[[[[[[[[[[[[[[[[[[[	TRAV23/DV6*00(509.6)		TRAJ44*00(569.5)		517|531|550|0|14||140.0		26|52|83|21|47||260.0		TGTGCAGCAAGCATAGGTCGGCCGGCACTGCCAGTAAACTCACCTTT	58	CAASIGRP_TASKLTF	:::::::::0:1:14:::::21:-6:47:::
436	1010.0	3.970778217490138E-4	3	3.4646033029218156E-4	TGTGCTGTGGGGGATAGCAACTATCAGTTAATCTGG	[[[[[[[[[[[[[[[[[[[[[[[[[[[[[[[[[[[[	TRAV1-2*00(651.8)		TRAJ33*00(529.9)		620|633|654|0|13|SA629GSA631G|92.0		23|46|77|13|36||250.0		TGTGCTGTGGGGGATAGCAACTATCAGTTAATCTGG	58	CAVGDSNYQLIW	:::::::::0:-1:13:::::13:-3:36:::
602	1010.0	3.970778217490138E-4	2	2.3097355352812103E-4	TGTGTGGTGAGCGCGGCAGAGGCTCAACCCTGGGGAGGCTATACTTT	[[[[[[[[[[[[[[[[[[[[[[[[[[[[[[[[[[[[[[[[[[[[[[[	TRAV10*00(943.9)		TRAJ18*00(593.7)		575|589|608|0|14||150.0		22|55|86|14|47|SA23G|311.0		TGTGTGGTGAGCGCGGCAGAGGCTCAACCCTGGGGAGGCTATACTTT	58	CVVSAAEA_TLGRLYF	:::::::::0:1:14:::::14:-2:47:::
420	1006.0	3.955052363163444E-4	3	3.4646033029218156E-4	TGTGCTTATAGTGCTCGTGATAGCAACTATCAGTTAATCTGG	[[[[[[[[[[[[[[[[[[[[[[[[[[[[[[[[[[[[[[[[[[	TRAV38-2/DV8*00(569.6)		TRAJ33*00(529.7)		602|613|638|0|11||110.0		22|46|77|18|42||240.0		TGTGCTTATAGTGCTCGTGATAGCAACTATCAGTTAATCTGG	58	CAYSARDSNYQLIW	:::::::::0:-5:11:::::18:-2:42:::
433	1003.0	3.943257972418424E-4	3	3.4646033029218156E-4	TGTGCTGTTTTAATAACAATGACATGCGCTTT	[[[[[[[[[[[[[[[[[[[[[[[[[[[[[[[[	TRAV36/DV7*00(570.9)		TRAJ43*00(509.8)		500|508|533|0|8||80.0		22|43|74|11|32||210.0		TGTGCTGTTTTAATAACAATGACATGCGCTTT	58	CAVLI_NDMRF	:::::::::0:-5:8:::::11:-2:32:::
340	989.0	3.888217482274996E-4	4	4.6194710705624206E-4	TGTGCTGTGGAGCGGCATAACAATGACATGCGCTTT	[[[[[[[[[[[[[[[[[[[[[[[[[[[[[[[[[[[[	TRAV22*00(569.9)		TRAJ43*00(499.4)		526|540|559|0|14||140.0		23|43|74|16|36||200.0		TGTGCTGTGGAGCGGCATAACAATGACATGCGCTTT	58	CAVERHNNDMRF	:::::::::0:1:14:::::16:-3:36:::
434	987.0	3.88035455511165E-4	3	3.4646033029218156E-4	TGTGCTGTGGTCCCGAGATCTAACGACTACAAGCTCAGCTTT	[[[[[[[[[[[[[[[[[[[[[[[[[[[[[[[[[[[[[[[[[[	TRAV22*00(529.7)		TRAJ20*00(542.4)		526|536|559|0|10||100.0		22|46|77|18|42||240.0		TGTGCTGTGGTCCCGAGATCTAACGACTACAAGCTCAGCTTT	58	CAVVPRSNDYKLSF	:::::::::0:-3:10:::::18:-2:42:::
333	976.0	3.837108455713242E-4	4	4.6194710705624206E-4	TGTGTGGTGAACGACAACACCGACAAGCTCATCTTT	[[[[[[[[[[[[[[[[[[[[[[[[[[[[[[[[[[[[	TRAV12-1*00(614.2)		TRAJ34*00(491.5)		539|551|572|0|12||120.0		26|47|78|15|36||210.0		TGTGTGGTGAACGACAACACCGACAAGCTCATCTTT	58	CVVNDNTDKLIF	:::::::::0:-1:12:::::15:-6:36:::
444	974.0	3.829245528549895E-4	3	3.4646033029218156E-4	TGTGCTACGGACGCTCGGTCTGGGGTAGCAACTATAAACTGACATTT	[[[[[[[[[[[[[[[[[[[[[[[[[[[[[[[[[[[[[[[[[[[[[[[	TRAV17*00(938.7)		TRAJ53*00(509.6)		490|504|523|0|14||140.0		31|55|86|23|47||240.0		TGTGCTACGGACGCTCGGTCTGGGGTAGCAACTATAAACTGACATTT	58	CATDARSG_SNYKLTF	:::::::::0:1:14:::::23:-11:47:::
630	969.0	3.8095882106415285E-4	2	2.3097355352812103E-4	TGTGCTCTGAGTGATCTACGTCGGAGGTACCTCAGGAACCTACAAATACATCTTT	[[[[[[[[[[[[[[[[[[[[[[[[[[[[[[[[[[[[[[[[[[[[[[[[[[[[[[[	TRAV9-2*00(764.3)		TRAJ40*00(569.9)		480|496|514|0|16||160.0		22|50|81|27|55||280.0		TGTGCTCTGAGTGATCTACGTCGGAGGTACCTCAGGAACCTACAAATACATCTTT	58	CALSDLRRR_TSGTYKYIF	:::::::::0:2:16:::::27:-2:55:::
1469	965.0	3.7938623563148346E-4	2	2.3097355352812103E-4	TGCAGGGCCTATCTAACGACTACAAGCTCAGCTTT	[[[[[[[[[[[[[[[[[[[[[[[[[[[[[[[[[[[	TRAV26-2*00(602.7)		TRAJ20*00(539.7)		791|795|826|0|4||40.0		22|46|77|11|35||240.0		TGCAGGGCCTATCTAACGACTACAAGCTCAGCTTT	58	CRAYLT_YKLSF	:::::::::0:-11:4:::::11:-2:35:::
659	963.0	3.785999429151488E-4	2	2.3097355352812103E-4	TGTGCTGTGGGGGATACCGGCACTGCCAGTAAACTCACCTTT	[[[[[[[[[[[[[[[[[[[[[[[[[[[[[[[[[[[[[[[[[[	TRAV8-3*00(600.6)		TRAJ44*00(599.7)		455|466|489|0|11||110.0		23|52|83|13|42||290.0		TGTGCTGTGGGGGATACCGGCACTGCCAGTAAACTCACCTTT	58	CAVGDTGTASKLTF	:::::::::0:-3:11:::::13:-3:42:::
627	962.0	3.7820679655698147E-4	2	2.3097355352812103E-4	TGTGCTCTGAGTGCCCCACGGGAGGAGGAAACAAACTCACCTTT	[[[[[[[[[[[[[[[[[[[[[[[[[[[[[[[[[[[[[[[[[[[[	TRAV19*00(739.6)		TRAJ10*00(579.9)		556|569|593|0|13||130.0		25|53|84|16|44||280.0		TGTGCTCTGAGTGCCCCACGGGAGGAGGAAACAAACTCACCTTT	58	CALSAPR_GGNKLTF	:::::::::0:-4:13:::::16:-5:44:::
428	952.0	3.7427533297530806E-4	3	3.4646033029218156E-4	TGTGCTCTGAGTGTCCCGGAGAAGCCAGACTCATGTTT	[[[[[[[[[[[[[[[[[[[[[[[[[[[[[[[[[[[[[[	TRAV19*00(739.5)		TRAJ31*00(441.2)		556|569|593|0|13||130.0		31|46|77|23|38||150.0		TGTGCTCTGAGTGTCCCGGAGAAGCCAGACTCATGTTT	58	CALSVP_EARLMF	:::::::::0:-4:13:::::23:-11:38:::
1332	950.0	3.7348904025897336E-4	2	2.3097355352812103E-4	TGTGCAGCACAACTGGGGCAAACAACCTCTTCTTT	[[[[[[[[[[[[[[[[[[[[[[[[[[[[[[[[[[[	TRAV13-1*00(759.8)		TRAJ36*00(559.7)		511|520|544|0|9||90.0		23|48|79|10|35||250.0		TGTGCAGCACAACTGGGGCAAACAACCTCTTCTTT	58	CAAQLG_NNLFF	:::::::::0:-4:9:::::10:-3:35:::
461	947.0	3.723096011844713E-4	3	3.4646033029218156E-4	TGTGCCGTGGACCCAACATGGAATATGGAAACAAGCTGGTCTTT	[[[[[[[[[[[[[[[[[[[[[[[[[[[[[[[[[[[[[[[[[[[[	TRAV39*00(759.6)		TRAJ47*00(560.4)		507|519|540|0|12||120.0		18|46|77|16|44|SA36G|251.0		TGTGCCGTGGACCCAACATGGAATATGGAAACAAGCTGGTCTTT	58	CAVDPTW_YGNKLVF	:::::::::0:-1:12:::::16:2:44:::
404	934.0	3.671986985282959E-4	4	4.6194710705624206E-4	TGTGCAGAGATGTATTCAGGAGGAGGTGCTGACGGACTCACCTTT	[[[[[[[[[[[[[[[[[[[[[[[[[[[[[[[[[[[[[[[[[[[[[	TRAV13-2*00(544.6)		TRAJ45*00(654.6)		506|516|539|0|10||100.0		20|55|86|10|45||360.0		TGTGCAGAGATGTATTCAGGAGGAGGTGCTGACGGACTCACCTTT	58	CAEMYSGGGADGLTF	:::::::::0:-3:10:::::10:0:45:::
665	929.0	3.6523296673745924E-4	2	2.3097355352812103E-4	TGTGCTGTGGAGGATCCCAAGTAGGCTTTGGGAATGTGCTGCATTGC	[[[[[[[[[[[[[[[[[[[[[[[[[[[[[[[[[[[[[[[[[[[[[[[	TRAV2*00(1068.9)		TRAJ35*00(519.5)		519|536|553|0|17||170.0		22|48|79|21|47||260.0		TGTGCTGTGGAGGATCCCAAGTAGGCTTTGGGAATGTGCTGCATTGC	58	CAVEDPK*_FGNVLHC	:::::::::0:3:17:::::21:-2:47:::
342	927.0	3.6444667402112454E-4	4	4.6194710705624206E-4	TGTGCTACGTCTCTGGGGACCTACAAATACATCTTT	[[[[[[[[[[[[[[[[[[[[[[[[[[[[[[[[[[[[	TRAV17*00(889.6)		TRAJ40*00(470.6)		490|499|523|0|9||90.0		29|50|81|15|36|SA31G|181.0		TGTGCTACGTCTCTGGGGACCTACAAATACATCTTT	58	CATSLGTYKYIF	:::::::::0:-4:9:::::15:-9:36:::
781	924.0	3.632672349466225E-4	2	2.3097355352812103E-4	TGTGCCGTGAAAGGAACACAGGCTTTCAGAAACTTGTATTT	[[[[[[[[[[[[[[[[[[[[[[[[[[[[[[[[[[[[[[[[[	TRAV12-2*00(834.6)		TRAJ8*00(548.4)		551|562|584|0|11||110.0		21|49|80|13|41||280.0		TGTGCCGTGAAAGGAACACAGGCTTTCAGAAACTTGTATTT	58	CAVKGTQ_FQKLVF	:::::::::0:-2:11:::::13:-1:41:::
1357	924.0	3.632672349466225E-4	2	2.3097355352812103E-4	TGTGGCACCGAGCTTCTTCTTCTGGTTCTGCAAGGCAACTGACCTTT	[[[[[[[[[[[[[[[[[[[[[[[[[[[[[[[[[[[[[[[[[[[[[[[	TRAV30*00(431.9)		TRAJ22*00(619.7)		567|579|600|0|12|SC569TSA575C|62.0		21|52|83|16|47||310.0		TGTGGCACCGAGCTTCTTCTTCTGGTTCTGCAAGGCAACTGACCTTT	58	CGTELLLL_SARQLTF	:::::::::0:-1:12:::::16:-1:47:::
706	915.0	3.5972891772311644E-4	2	2.3097355352812103E-4	TGTGCTACGGGCGAGCTAATGCTGGTGGTACTAGCTATGGAAAGCTGACATTT	[[[[[[[[[[[[[[[[[[[[[[[[[[[[[[[[[[[[[[[[[[[[[[[[[[[[[	TRAV17*00(899.6)		TRAJ52*00(659.7)		490|503|523|0|13|SA500G|101.0		18|58|89|13|53||400.0		TGTGCTACGGGCGAGCTAATGCTGGTGGTACTAGCTATGGAAAGCTGACATTT	58	CATGELMLV_TSYGKLTF	:::::::::0:0:13:::::13:2:53:::
637	906.0	3.5619060049961037E-4	2	2.3097355352812103E-4	TGTGCTCTAGACATTTACGGCTCTAGCAACACAGGCAAACTAATCTTT	[[[[[[[[[[[[[[[[[[[[[[[[[[[[[[[[[[[[[[[[[[[[[[[[	TRAV6*00(509.4)		TRAJ37*00(580.6)		535|549|568|0|14||140.0		21|51|82|18|48|SG27A|271.0		TGTGCTCTAGACATTTACGGCTCTAGCAACACAGGCAAACTAATCTTT	58	CALDIYGSSNTGKLIF	:::::::::0:1:14:::::18:-1:48:::
784	898.0	3.5304542963427165E-4	2	2.3097355352812103E-4	TGTGCCGAAGTTCACCGGTAACCAGTTCTATTTT	[[[[[[[[[[[[[[[[[[[[[[[[[[[[[[[[[[	TRAV25*00(501.3)		TRAJ49*00(519.5)		620|625|649|0|5||50.0		23|45|76|12|34||220.0		TGTGCCGAAGTTCACCGGTAACCAGTTCTATTTT	58	CAEVHR_NQFYF	:::::::::0:-4:5:::::12:-3:34:::
632	892.0	3.506865514852676E-4	2	2.3097355352812103E-4	TGTGCTCTGAGTGAGTGGATCGGAGGCTCAACCCTGGGGAGGCTATACTTT	[[[[[[[[[[[[[[[[[[[[[[[[[[[[[[[[[[[[[[[[[[[[[[[[[[[	TRAV19*00(739.6)		TRAJ18*00(599.2)		556|571|593|0|15||150.0		26|55|86|22|51||290.0		TGTGCTCTGAGTGAGTGGATCGGAGGCTCAACCCTGGGGAGGCTATACTTT	58	CALSEWIGGSTLGRLYF	:::::::::0:-2:15:::::22:-6:51:::
1343	885.0	3.4793452697809624E-4	2	2.3097355352812103E-4	TGTGCAGCAAGAACCATAATGCTGGTGGTACTAGCTATGGAAAGCTGACATTT	[[[[[[[[[[[[[[[[[[[[[[[[[[[[[[[[[[[[[[[[[[[[[[[[[[[[[	TRAV13-1*00(589.5)		TRAJ52*00(669.5)		511|522|544|0|11||110.0		21|58|89|16|53||370.0		TGTGCAGCAAGAACCATAATGCTGGTGGTACTAGCTATGGAAAGCTGACATTT	58	CAARTIMLV_TSYGKLTF	:::::::::0:-2:11:::::16:-1:53:::
1330	884.0	3.475413806199289E-4	2	2.3097355352812103E-4	TGTGCAGCCCCCCGAGGTACTAGCTATGGAAAGCTGACATTT	[[[[[[[[[[[[[[[[[[[[[[[[[[[[[[[[[[[[[[[[[[	TRAV27*00(611.6)		TRAJ52*00(569.7)		552|559|582|0|7||70.0		31|58|89|15|42||270.0		TGTGCAGCCCCCCGAGGTACTAGCTATGGAAAGCTGACATTT	58	CAAPRGTSYGKLTF	:::::::::0:-3:7:::::15:-11:42:::
462	875.0	3.4400306339642283E-4	3	3.4646033029218156E-4	TGTGCCGTGAACATGCGCCCATCAGGAGGAAGCTACATACCTACATTT	[[[[[[[[[[[[[[[[[[[[[[[[[[[[[[[[[[[[[[[[[[[[[[[[	TRAV12-2*00(1000.1)		TRAJ6*00(559.6)		551|566|584|0|15||150.0		22|51|82|19|48||290.0		TGTGCCGTGAACATGCGCCCATCAGGAGGAAGCTACATACCTACATTT	58	CAVNMRPSGGSYIPTF	:::::::::0:2:15:::::19:-2:48:::
676	865.0	3.400715998147494E-4	2	2.3097355352812103E-4	TGTGCTGTGAGTGCAAACTATCAGTTAATCTGG	[[[[[[[[[[[[[[[[[[[[[[[[[[[[[[[[[	TRAV8-4*00(663.9)		TRAJ33*00(469.9)		476|489|510|0|13||130.0		28|46|77|15|33||180.0		TGTGCTGTGAGTGCAAACTATCAGTTAATCTGG	58	CAVSANYQLIW	:::::::::0:-1:13:::::15:-8:33:::
332	864.0	3.396784534565821E-4	4	4.6194710705624206E-4	TGTGTGGTGAACCAGGGAGGAAAGCTTATCTTC	[[[[[[[[[[[[[[[[[[[[[[[[[[[[[[[[[	TRAV12-1*00(864.4)		TRAJ23*00(510.7)		539|550|572|0|11||120.0		30|52|83|11|33||240.0		TGTGTGGTGAACCAGGGAGGAAAGCTTATCTTC	58	CVVNQGGKLIF	:::::::::0:-2:11:::::11:-10:33:::
18571	864.0	3.396784534565821E-4	1	1.1548677676406051E-4	TGTGCAATGGGGACTGGCAACAACCGTAAGCTGATTTGG	NNNNNNNNNNNNNNNNNNNNNNNNNNNNNNNNNNNNNNN	TRAV12-3*00(722.1)		TRAJ38*00(549.4)		562|571|595|0|9||90.0		25|51|82|13|39||260.0		TGTGCAATGGGGACTGGCAACAACCGTAAGCTGATTTGG	45	CAMGTGNNRKLIW	:::::::::0:-4:9:::::13:-5:39:::
17366	861.0	3.384990143820801E-4	1	1.1548677676406051E-4	TGTGCATCCTCGGAAGGACAACTGACAGCTGGGGGAAATTGCAGTTT	NNNNNNNNNNNNNNNNNNNNNNNNNNNNNNNNNNNNNNNNNNNNNNN	TRAV23/DV6*00(429.4)		TRAJ24*00(599.8)		517|523|550|0|6||60.0		21|52|83|16|47||310.0		TGTGCATCCTCGGAAGGACAACTGACAGCTGGGGGAAATTGCAGTTT	45	CASSEGQL_SWGKLQF	:::::::::0:-7:6:::::16:-1:47:::
437	860.0	3.3810586802391273E-4	3	3.4646033029218156E-4	TGTGCTGTGGACACGGGCAGGAGAGCACTTACTTTT	[[[[[[[[[[[[[[[[[[[[[[[[[[[[[[[[[[[[	TRAV2*00(841.6)		TRAJ5*00(561)		519|528|553|0|9||110.0		22|49|80|9|36||290.0		TGTGCTGTGGACACGGGCAGGAGAGCACTTACTTTT	58	CAVDTGRRALTF	:::::::::0:-5:9:::::9:-2:36:::
573	852.0	3.34960697158574E-4	3	3.4646033029218156E-4	TGTGCGGGGTACTCTGGGGCTGGGAGTTACCAACTCACTTTC	[[[[[[[[[[[[[[[[[[[[[[[[[[[[[[[[[[[[[[[[[[	TRAV17*00(849.7)		TRAJ28*00(619.3)		490|495|523|0|5||50.0		22|55|86|9|42||330.0		TGTGCGGGGTACTCTGGGGCTGGGAGTTACCAACTCACTTTC	58	CAGYSGAGSYQLTF	:::::::::0:-8:5:::::9:-2:42:::
346	851.0	3.3456755080040667E-4	4	4.6194710705624206E-4	TGTGCCCCGAGAGGGGCAGGCAACATGCTCACCTTT	[[[[[[[[[[[[[[[[[[[[[[[[[[[[[[[[[[[[	TRAV20*00(459.5)		TRAJ39*00(519.6)		498|503|531|0|5||50.0		31|52|83|15|36||210.0		TGTGCCCCGAGAGGGGCAGGCAACATGCTCACCTTT	58	CAPRGAGNMLTF	:::::::::0:-8:5:::::15:-11:36:::
3276	848.0	3.333881117259046E-4	1	1.1548677676406051E-4	TGTGCTGTCGATAGCACCGGTAACCAGTTCTATTTT	NNNNNNNNNNNNNNNNNNNNNNNNNNNNNNNNNNNN	TRAV41*00(769.6)		TRAJ49*00(519.4)		512|521|544|0|9||90.0		23|45|76|14|36||220.0		TGTGCTGTCGATAGCACCGGTAACCAGTTCTATTTT	45	CAVDSTGNQFYF	:::::::::0:-3:9:::::14:-3:36:::
638	845.0	3.3220867265140264E-4	2	2.3097355352812103E-4	TGTGCTCTAAGTGGCCCTGGGGGTTACCAGAAAGTTACCTTT	[[[[[[[[[[[[[[[[[[[[[[[[[[[[[[[[[[[[[[[[[[	TRAV16*00(1028.4)		TRAJ13*00(504.7)		449|465|483|0|16||160.0		26|52|83|16|42||260.0		TGTGCTCTAAGTGGCCCTGGGGGTTACCAGAAAGTTACCTTT	58	CALSGPGGYQKVTF	:::::::::0:2:16:::::16:-6:42:::
20200	843.0	3.3142237993506794E-4	1	1.1548677676406051E-4	TGCATCCTGGTTCCTAATGCTGGTGGTACTAGCTATGGAAAGCTGACATTT	NNNNNNNNNNNNNNNNNNNNNNNNNNNNNNNNNNNNNNNNNNNNNNNNNNN	TRAV26-2*00(569.7)		TRAJ52*00(679.8)		791|800|826|0|9||90.0		20|58|89|13|51||380.0		TGCATCCTGGTTCCTAATGCTGGTGGTACTAGCTATGGAAAGCTGACATTT	45	CILVPNAGGTSYGKLTF	:::::::::0:-6:9:::::13:0:51:::
1346	835.0	3.282772090697292E-4	2	2.3097355352812103E-4	TGTGCAGGGGATAACCAGGGAGGAAAGCTTATCTTC	[[[[[[[[[[[[[[[[[[[[[[[[[[[[[[[[[[[[	TRAV25*00(549.8)		TRAJ23*00(569.8)		620|629|649|0|9||90.0		26|52|83|10|36||260.0		TGTGCAGGGGATAACCAGGGAGGAAAGCTTATCTTC	58	CAGDNQGGKLIF	:::::::::0:0:9:::::10:-6:36:::
417	830.0	3.2631147727889254E-4	3	3.4646033029218156E-4	TGTGTGGTGTCCGCATGGCTCTAGCAACACAGGCAAACTAATCTTT	[[[[[[[[[[[[[[[[[[[[[[[[[[[[[[[[[[[[[[[[[[[[[[	TRAV10*00(766.1)		TRAJ37*00(596.9)		575|584|608|0|9||90.0		18|51|82|13|46|SG27A|301.0		TGTGTGGTGTCCGCATGGCTCTAGCAACACAGGCAAACTAATCTTT	58	CVVSAWL*_NTGKLIF	:::::::::0:-4:9:::::13:2:46:::
615	823.0	3.235594527717211E-4	2	2.3097355352812103E-4	TGTGCTTATAGGAGGGGGAATAACAATGACATGCGCTTT	[[[[[[[[[[[[[[[[[[[[[[[[[[[[[[[[[[[[[[[	TRAV38-2/DV8*00(599.2)		TRAJ43*00(509.8)		602|616|638|0|14||140.0		22|43|74|18|39||210.0		TGTGCTTATAGGAGGGGGAATAACAATGACATGCGCTTT	58	CAYRRGNNNDMRF	:::::::::0:-2:14:::::18:-2:39:::
705	819.0	3.219868673390518E-4	2	2.3097355352812103E-4	TGTGCTATGGATAACCAGGGAGGAAAGCTTATCTTC	[[[[[[[[[[[[[[[[[[[[[[[[[[[[[[[[[[[[	TRAV17*00(880.5)		TRAJ23*00(569.4)		490|501|523|0|11|SC497T|81.0		27|52|83|11|36||260.0		TGTGCTATGGATAACCAGGGAGGAAAGCTTATCTTC	58	CAMDNQGGKLIF	:::::::::0:-2:11:::::11:-7:36:::
575	817.0	3.212005746227171E-4	3	3.4646033029218156E-4	TGTGCAGCACCTCAACAATGACATGCGCTTT	[[[[[[[[[[[[[[[[[[[[[[[[[[[[[[[	TRAV29/DV5*00(520.4)		TRAJ43*00(479.7)		529|538|562|0|9||90.0		25|43|74|13|31||180.0		TGTGCAGCACCTCAACAATGACATGCGCTTT	58	CAAPQ_NDMRF	:::::::::0:-4:9:::::13:-5:31:::
6259	814.0	3.200211355482151E-4	1	1.1548677676406051E-4	TGTGCCGTGGACAAAATGAACAGAGATGACAAGATCATCTTT	NNNNNNNNNNNNNNNNNNNNNNNNNNNNNNNNNNNNNNNNNN	TRAV39*00(769.4)		TRAJ30*00(579.6)		507|520|540|0|13||130.0		19|46|77|15|42||270.0		TGTGCCGTGGACAAAATGAACAGAGATGACAAGATCATCTTT	45	CAVDKMNRDDKIIF	:::::::::0:0:13:::::15:1:42:::
576	812.0	3.192348428318804E-4	3	3.4646033029218156E-4	TGTGCAGCAAGCATGTTCCGCAGGCAACAAGCTAACTTTT	[[[[[[[[[[[[[[[[[[[[[[[[[[[[[[[[[[[[[[[[	TRAV23/DV6*00(519.4)		TRAJ17*00(509.8)		517|532|550|0|15||150.0		31|52|83|19|40||210.0		TGTGCAGCAAGCATGTTCCGCAGGCAACAAGCTAACTTTT	58	CAASMFR_GNKLTF	:::::::::0:2:15:::::19:-11:40:::
4508	812.0	3.192348428318804E-4	1	1.1548677676406051E-4	TGTGCTGGTCCACATCTTAAACTGGGGCAAACAACCTCTTCTTT	NNNNNNNNNNNNNNNNNNNNNNNNNNNNNNNNNNNNNNNNNNNN	TRAV35*00(712.5)		TRAJ36*00(547.5)		588|596|620|0|8||80.0		22|48|79|18|44||260.0		TGTGCTGGTCCACATCTTAAACTGGGGCAAACAACCTCTTCTTT	45	CAGPHLK_GANNLFF	:::::::::0:-4:8:::::18:-2:44:::
605	810.0	3.184485501155457E-4	2	2.3097355352812103E-4	TGTGTGGTGAGAGCTCCCAACCAGGCAGGAACTGCTCTGATCTTT	[[[[[[[[[[[[[[[[[[[[[[[[[[[[[[[[[[[[[[[[[[[[[	TRAV12-1*00(951.9)		TRAJ15*00(486.7)		539|549|572|0|10||100.0		20|49|80|16|45||290.0		TGTGTGGTGAGAGCTCCCAACCAGGCAGGAACTGCTCTGATCTTT	58	CVVRAPNQAGTALIF	:::::::::0:-3:10:::::16:0:45:::
1339	806.0	3.168759646828764E-4	2	2.3097355352812103E-4	TGTGCAGCAAGCGGTTGGACCGGTAACCAGTTCTATTTT	[[[[[[[[[[[[[[[[[[[[[[[[[[[[[[[[[[[[[[[	TRAV29/DV5*00(269.9)		TRAJ49*00(509.7)		529|542|562|0|13||130.0		24|45|76|18|39||210.0		TGTGCAGCAAGCGGTTGGACCGGTAACCAGTTCTATTTT	58	CAASGWTGNQFYF	:::::::::0:0:13:::::18:-4:39:::
766	798.0	3.1373079381753766E-4	2	2.3097355352812103E-4	TGTGCCCTTACAATAACAATGACATGCGCTTT	[[[[[[[[[[[[[[[[[[[[[[[[[[[[[[[[	TRAV8-3*00(521.1)		TRAJ43*00(539.7)		455|460|489|0|5||50.0		19|43|74|8|32||240.0		TGTGCCCTTACAATAACAATGACATGCGCTTT	58	CALTI_NDMRF	:::::::::0:-9:5:::::8:1:32:::
673	796.0	3.1294450110120296E-4	2	2.3097355352812103E-4	TGTGCTGTGAGTTTTAGCTATGGAAAGCTGACATTT	[[[[[[[[[[[[[[[[[[[[[[[[[[[[[[[[[[[[	TRAV21*00(838.5)		TRAJ52*00(519.6)		544|555|576|0|11||110.0		36|58|89|14|36||220.0		TGTGCTGTGAGTTTTAGCTATGGAAAGCTGACATTT	58	CAVSFSYGKLTF	:::::::::0:-1:11:::::14:-16:36:::
657	788.0	3.0979933023586424E-4	2	2.3097355352812103E-4	TGTGCTGTGGGCCTCGGCAGTGCTTCCAAGATAATCTTT	[[[[[[[[[[[[[[[[[[[[[[[[[[[[[[[[[[[[[[[	TRAV8-4*00(619.2)		TRAJ3*00(529.3)		476|485|510|0|9||90.0		28|51|82|16|39||230.0		TGTGCTGTGGGCCTCGGCAGTGCTTCCAAGATAATCTTT	58	CAVGLGSASKIIF	:::::::::0:-5:9:::::16:-8:39:::
3970	786.0	3.0901303751952955E-4	1	1.1548677676406051E-4	TGTGCTGTGAGTGATCAGGACAATAACAATGACATGCGCTTT	NNNNNNNNNNNNNNNNNNNNNNNNNNNNNNNNNNNNNNNNNN	TRAV8-4*00(684.5)		TRAJ43*00(529.7)		476|493|510|0|17||170.0		20|43|74|19|42||230.0		TGTGCTGTGAGTGATCAGGACAATAACAATGACATGCGCTTT	45	CAVSDQDNNNDMRF	:::::::::0:3:17:::::19:0:42:::
616	785.0	3.086198911613622E-4	2	2.3097355352812103E-4	TGTGCTCTTCTTGATCAAAGCTGCAGGCAACAAGCTAACTTTT	[[[[[[[[[[[[[[[[[[[[[[[[[[[[[[[[[[[[[[[[[[[	TRAV9-2*00(698.2)		TRAJ17*00(589.5)		480|493|514|0|13|SG488TSA489CSG490T|83.0		22|52|83|13|43||321.0		TGTGCTCTTCTTGATCAAAGCTGCAGGCAACAAGCTAACTTTT	58	CALLDQS_AGNKLTF	:::::::::0:-1:13:::::13:-2:43:::
708	785.0	3.086198911613622E-4	2	2.3097355352812103E-4	TGTGCTACGGACGCGTTTAGGCTTTCAGAAACTTGTATTT	[[[[[[[[[[[[[[[[[[[[[[[[[[[[[[[[[[[[[[[[	TRAV17*00(959.3)		TRAJ8*00(494.8)		490|506|523|0|16||160.0		27|49|80|18|40||220.0		TGTGCTACGGACGCGTTTAGGCTTTCAGAAACTTGTATTT	58	CATDAFR_FQKLVF	:::::::::0:3:16:::::18:-7:40:::
1344	785.0	3.086198911613622E-4	2	2.3097355352812103E-4	TGTGCAGGGCCAAAGCTCGCAGGCAACATGCTCACCTTT	[[[[[[[[[[[[[[[[[[[[[[[[[[[[[[[[[[[[[[[	TRAV25*00(565.8)		TRAJ39*00(519.8)		620|631|649|0|11||110.0		31|52|83|18|39||210.0		TGTGCAGGGCCAAAGCTCGCAGGCAACATGCTCACCTTT	58	CAGPKLAGNMLTF	:::::::::0:2:11:::::18:-11:39:::
17547	785.0	3.086198911613622E-4	1	1.1548677676406051E-4	TGTGCAGCACTAGACTCTGGGGCTGGGAGTTACCAACTCACTTTC	NNNNNNNNNNNNNNNNNNNNNNNNNNNNNNNNNNNNNNNNNNNNN	TRAV29/DV5*00(499.7)		TRAJ28*00(609.3)		529|538|562|0|9||90.0		23|55|86|13|45||320.0		TGTGCAGCACTAGACTCTGGGGCTGGGAGTTACCAACTCACTTTC	45	CAALDSGAGSYQLTF	:::::::::0:-4:9:::::13:-3:45:::
707	774.0	3.0429528122152144E-4	2	2.3097355352812103E-4	TGTGCTACGGATTCAGGATACAGCACCCTCACCTTT	[[[[[[[[[[[[[[[[[[[[[[[[[[[[[[[[[[[[	TRAV17*00(909.5)		TRAJ11*00(569.6)		490|501|523|0|11||110.0		24|49|80|11|36||260.0		TGTGCTACGGATTCAGGATACAGCACCCTCACCTTT	58	CATDSGYSTLTF	:::::::::0:-2:11:::::11:-4:36:::
2058	770.0	3.027226957888521E-4	1	1.1548677676406051E-4	TGTGCTTTCATGAAGCCCCGTTTGAGGCAATAACAATGACATGCGCTTT	NNNNNNNNNNNNNNNNNNNNNNNNNNNNNNNNNNNNNNNNNNNNNNNNN	TRAV38-1*00(619.8)		TRAJ43*00(519.6)		596|612|633|0|16||160.0		21|43|74|27|49||220.0		TGTGCTTTCATGAAGCCCCGTTTGAGGCAATAACAATGACATGCGCTTT	45	CAFMKPRL_GNNNDMRF	:::::::::0:-1:16:::::27:-1:49:::
578	765.0	3.007569639980154E-4	3	3.4646033029218156E-4	TGTGCAGGACTCGACTGGTCTTT	[[[[[[[[[[[[[[[[[[[[[[[	TRAV27*00(631.7)		TRAJ47*00(409.7)		552|561|582|0|9||90.0		36|46|77|13|23||100.0		TGTGCAGGACTCGACTGGTCTTT	58	CAGL_LVF	:::::::::0:-1:9:::::13:-16:23:::
634	762.0	2.995775249235134E-4	2	2.3097355352812103E-4	TGTGCTCTGAGTGAGGCTCAACCTAACTTTGGAAATGAGAAATTAACCTTT	[[[[[[[[[[[[[[[[[[[[[[[[[[[[[[[[[[[[[[[[[[[[[[[[[[[	TRAV19*00(759.7)		TRAJ48*00(599.1)		556|573|593|0|17||170.0		23|52|83|22|51||290.0		TGTGCTCTGAGTGAGGCTCAACCTAACTTTGGAAATGAGAAATTAACCTTT	58	CALSEAQPNFGNEKLTF	:::::::::0:0:17:::::22:-3:51:::
701	762.0	2.995775249235134E-4	2	2.3097355352812103E-4	TGTGCTGGATACTCTGGGGCTGGGAGTTACCAACTCACTTTC	[[[[[[[[[[[[[[[[[[[[[[[[[[[[[[[[[[[[[[[[[[	TRAV21*00(684.7)		TRAJ28*00(610.6)		544|550|576|0|6||70.0		19|55|86|6|42|SC20G|341.0		TGTGCTGGATACTCTGGGGCTGGGAGTTACCAACTCACTTTC	58	CAGYSGAGSYQLTF	:::::::::0:-6:6:::::6:1:42:::
685	760.0	2.987912322071787E-4	2	2.3097355352812103E-4	TGTGCTGTGAGACCCGACTCATGGATAGCAACTATCAGTTAATCTGG	[[[[[[[[[[[[[[[[[[[[[[[[[[[[[[[[[[[[[[[[[[[[[[[	TRAV3*00(599.6)		TRAJ33*00(569.6)		437|449|473|0|12||120.0		18|46|77|19|47||280.0		TGTGCTGTGAGACCCGACTCATGGATAGCAACTATCAGTTAATCTGG	58	CAVRPDSW_SNYQLIW	:::::::::0:-4:12:::::19:2:47:::
441	759.0	2.9839808584901134E-4	3	3.4646033029218156E-4	TGTGCTGTGAGACCCTATGGTCAGAATTTTGTCTTT	[[[[[[[[[[[[[[[[[[[[[[[[[[[[[[[[[[[[	TRAV1-2*00(679.9)		TRAJ26*00(516.4)		620|632|654|0|12||120.0		27|49|80|14|36||220.0		TGTGCTGTGAGACCCTATGGTCAGAATTTTGTCTTT	58	CAVRPYGQNFVF	:::::::::0:-2:12:::::14:-7:36:::
691	755.0	2.96825500416342E-4	2	2.3097355352812103E-4	TGTGCTGCCTAGGGAGCAATTTCTTCTGGTTCTGCAAGGCAACTGACCTTT	[[[[[[[[[[[[[[[[[[[[[[[[[[[[[[[[[[[[[[[[[[[[[[[[[[[	TRAV41*00(641.2)		TRAJ22*00(650.6)		512|519|544|0|7||70.0		15|52|83|14|51|SA17C|341.0		TGTGCTGCCTAGGGAGCAATTTCTTCTGGTTCTGCAAGGCAACTGACCTTT	58	CAA*GAISSGSARQLTF	:::::::::0:-5:7:::::14:5:51:::
2203	755.0	2.96825500416342E-4	1	1.1548677676406051E-4	TGTGCTTATAGGATTCAGGAGGAGGTGCTGACGGACTCACCTTT	NNNNNNNNNNNNNNNNNNNNNNNNNNNNNNNNNNNNNNNNNNNN	TRAV38-2/DV8*00(589.5)		TRAJ45*00(629.2)		602|615|638|0|13||130.0		24|55|86|13|44||320.0		TGTGCTTATAGGATTCAGGAGGAGGTGCTGACGGACTCACCTTT	45	CAYRIQE_GADGLTF	:::::::::0:-3:13:::::13:-4:44:::
4855	753.0	2.960392077000073E-4	1	1.1548677676406051E-4	TGTGCTACGGACGCGTCCTATAGTCAGGGAGCCCAGAAGCTGGTATTT	NNNNNNNNNNNNNNNNNNNNNNNNNNNNNNNNNNNNNNNNNNNNNNNN	TRAV17*00(979.3)		TRAJ54*00(499.4)		490|508|523|0|18||180.0		24|49|80|23|48||250.0		TGTGCTACGGACGCGTCCTATAGTCAGGGAGCCCAGAAGCTGGTATTT	45	CATDASYSQGAQKLVF	:::::::::0:5:18:::::23:-4:48:::
3367	751.0	2.952529149836726E-4	1	1.1548677676406051E-4	TGTGCTGTGTGCCCCTAGGAACAATGACATGCGCTTT	NNNNNNNNNNNNNNNNNNNNNNNNNNNNNNNNNNNNN	TRAV21*00(959.5)		TRAJ43*00(469.5)		544|553|576|0|9||90.0		25|43|74|19|37||180.0		TGTGCTGTGTGCCCCTAGGAACAATGACATGCGCTTT	45	CAVCP*_NNDMRF	:::::::::0:-3:9:::::19:-5:37:::
17561	748.0	2.9407347590917063E-4	1	1.1548677676406051E-4	TGTGCAGCACATAATCTTAACACGGGAGGAGGAAACAAACTCACCTTT	NNNNNNNNNNNNNNNNNNNNNNNNNNNNNNNNNNNNNNNNNNNNNNNN	TRAV13-1*00(569.8)		TRAJ10*00(579.5)		511|520|544|0|9||90.0		25|53|84|20|48||280.0		TGTGCAGCACATAATCTTAACACGGGAGGAGGAAACAAACTCACCTTT	45	CAAHNLNTGGGNKLTF	:::::::::0:-4:9:::::20:-5:48:::
2713	747.0	2.936803295510033E-4	1	1.1548677676406051E-4	TGTGCTCTGAGTGAGGCTGGAATATAGAAACAAACTGGTCTTT	NNNNNNNNNNNNNNNNNNNNNNNNNNNNNNNNNNNNNNNNNNN	TRAV19*00(779.3)		TRAJ47*00(540.4)		556|573|593|0|17||170.0		20|46|77|17|43|SG28A|231.0		TGTGCTCTGAGTGAGGCTGGAATATAGAAACAAACTGGTCTTT	45	CALSEAG_YRNKLVF	:::::::::0:0:17:::::17:0:43:::
17461	745.0	2.928940368346686E-4	1	1.1548677676406051E-4	TGTGCAGCTAGCAATGCTAATGCTGGTGGTACTAGCTATGGAAAGCTGACATTT	NNNNNNNNNNNNNNNNNNNNNNNNNNNNNNNNNNNNNNNNNNNNNNNNNNNNNN	TRAV29/DV5*00(500.7)		TRAJ52*00(689.4)		529|541|562|0|12|SA537T|91.0		19|58|89|15|54||390.0		TGTGCAGCTAGCAATGCTAATGCTGGTGGTACTAGCTATGGAAAGCTGACATTT	45	CAASNANAGGTSYGKLTF	:::::::::0:-1:12:::::15:1:54:::
600	742.0	2.9171459776016655E-4	2	2.3097355352812103E-4	TGTGTGGTGCCCCCAAATTCCGGGTATGCACTCAACTTC	[[[[[[[[[[[[[[[[[[[[[[[[[[[[[[[[[[[[[[[	TRAV12-1*00(935.9)		TRAJ41*00(505.1)		539|548|572|0|9||90.0		25|51|82|13|39||260.0		TGTGTGGTGCCCCCAAATTCCGGGTATGCACTCAACTTC	58	CVVPPNSGYALNF	:::::::::0:-4:9:::::13:-5:39:::
1713	742.0	2.9171459776016655E-4	1	1.1548677676406051E-4	TGTGTGGTGATTCCCCATCGGCCCTCACTGCAAGGCAACTGACCTTT	NNNNNNNNNNNNNNNNNNNNNNNNNNNNNNNNNNNNNNNNNNNNNNN	TRAV12-1*00(959.2)		TRAJ22*00(469.6)		539|549|572|0|10||100.0		32|52|83|27|47||200.0		TGTGTGGTGATTCCCCATCGGCCCTCACTGCAAGGCAACTGACCTTT	45	CVVIPHRP_TARQLTF	:::::::::0:-3:10:::::27:-12:47:::
4639	738.0	2.901420123274972E-4	1	1.1548677676406051E-4	TGTGCTGGGCAGCTAAGGGTACACCAATGCAGGCAAATCAACCTTT	NNNNNNNNNNNNNNNNNNNNNNNNNNNNNNNNNNNNNNNNNNNNNN	TRAV35*00(979.1)		TRAJ27*00(509.8)		588|602|620|0|14||140.0		22|48|79|20|46||260.0		TGTGCTGGGCAGCTAAGGGTACACCAATGCAGGCAAATCAACCTTT	45	CAGQLRVH_NAGKSTF	:::::::::0:2:14:::::20:-2:46:::
1342	737.0	2.8974886596932987E-4	2	2.3097355352812103E-4	TGTGCAGCAAGGGTCTGGGGAATAACAATGACATGCGCTTT	[[[[[[[[[[[[[[[[[[[[[[[[[[[[[[[[[[[[[[[[[	TRAV29/DV5*00(519.9)		TRAJ43*00(509.6)		529|540|562|0|11||110.0		22|43|74|20|41||210.0		TGTGCAGCAAGGGTCTGGGGAATAACAATGACATGCGCTTT	58	CAARVWG_NNDMRF	:::::::::0:-2:11:::::20:-2:41:::
1338	732.0	2.8778313417849314E-4	2	2.3097355352812103E-4	TGTGCAGCAAGCGCGACTCAGGGAGCCCAGAAGCTGGTATTT	[[[[[[[[[[[[[[[[[[[[[[[[[[[[[[[[[[[[[[[[[[	TRAV29/DV5*00(559.9)		TRAJ54*00(539.6)		529|544|562|0|15||150.0		24|49|80|17|42||250.0		TGTGCAGCAAGCGCGACTCAGGGAGCCCAGAAGCTGGTATTT	58	CAASATQGAQKLVF	:::::::::0:2:15:::::17:-4:42:::
774	731.0	2.8738998782032584E-4	2	2.3097355352812103E-4	TGTGCCGTGGACACAGGAACCTACAAATACATCTTT	[[[[[[[[[[[[[[[[[[[[[[[[[[[[[[[[[[[[	TRAV39*00(768.9)		TRAJ40*00(519.2)		507|520|540|0|13||130.0		27|50|81|13|36||230.0		TGTGCCGTGGACACAGGAACCTACAAATACATCTTT	58	CAVDTGTYKYIF	:::::::::0:0:13:::::13:-7:36:::
2621	731.0	2.8738998782032584E-4	1	1.1548677676406051E-4	TGTGCTCTGAGTGGTTACTCTGGGGCTGGGAGTTACCAACTCACTTTC	NNNNNNNNNNNNNNNNNNNNNNNNNNNNNNNNNNNNNNNNNNNNNNNN	TRAV19*00(739.6)		TRAJ28*00(619.5)		556|569|593|0|13||130.0		22|55|86|15|48||330.0		TGTGCTCTGAGTGGTTACTCTGGGGCTGGGAGTTACCAACTCACTTTC	45	CALSGYSGAGSYQLTF	:::::::::0:-4:13:::::15:-2:48:::
403	728.0	2.862105487458238E-4	4	4.6194710705624206E-4	TGTGCAGCAAGTTTCAATGGATAGCAGCTATAAATTGATCTTC	[[[[[[[[[[[[[[[[[[[[[[[[[[[[[[[[[[[[[[[[[[[	TRAV13-1*00(654.8)		TRAJ12*00(541.5)		511|523|544|0|12||120.0		22|49|80|16|43||270.0		TGTGCAGCAAGTTTCAATGGATAGCAGCTATAAATTGATCTTC	58	CAASFNG_SSYKLIF	:::::::::0:-1:12:::::16:-2:43:::
1323	728.0	2.862105487458238E-4	2	2.3097355352812103E-4	TGTGCGGGGCCATCGAACACCGGTAACCAGTTCTATTTT	[[[[[[[[[[[[[[[[[[[[[[[[[[[[[[[[[[[[[[[	TRAV25*00(532.4)		TRAJ49*00(569.5)		620|631|649|0|11|SA625G|81.0		18|45|76|12|39||270.0		TGTGCGGGGCCATCGAACACCGGTAACCAGTTCTATTTT	58	CAGPSNTGNQFYF	:::::::::0:2:11:::::12:2:39:::
645	726.0	2.854242560294891E-4	2	2.3097355352812103E-4	TGTGCTGTCGGGGAAGCCAAGGAAATCTCATCTTT	[[[[[[[[[[[[[[[[[[[[[[[[[[[[[[[[[[[	TRAV41*00(769.8)		TRAJ42*00(539.8)		512|521|544|0|9||90.0		31|55|86|11|35||240.0		TGTGCTGTCGGGGAAGCCAAGGAAATCTCATCTTT	58	CAVGEA_GNLIF	:::::::::0:-3:9:::::11:-11:35:::
4526	725.0	2.8503110967132176E-4	1	1.1548677676406051E-4	TGTGCTGGCCGACAAACTGGGGCAAACAACCTCTTCTTT	NNNNNNNNNNNNNNNNNNNNNNNNNNNNNNNNNNNNNNN	TRAV35*00(919)		TRAJ36*00(569.3)		588|596|620|0|8||80.0		21|48|79|12|39||270.0		TGTGCTGGCCGACAAACTGGGGCAAACAACCTCTTCTTT	45	CAGRQTGANNLFF	:::::::::0:-4:8:::::12:-1:39:::
624	724.0	2.846379633131544E-4	2	2.3097355352812103E-4	TGTGCTCTGATAAGCTCTATGGTCAGAATTTTGTCTTT	[[[[[[[[[[[[[[[[[[[[[[[[[[[[[[[[[[[[[[	TRAV9-2*00(709.3)		TRAJ26*00(478.6)		480|490|514|0|10||100.0		27|49|80|16|38||220.0		TGTGCTCTGATAAGCTCTATGGTCAGAATTTTGTCTTT	58	CALISS_GQNFVF	:::::::::0:-4:10:::::16:-7:38:::
1333	721.0	2.8345852423865243E-4	2	2.3097355352812103E-4	TGTGCAGCAACCTATTCAGGAGGAGGTGCTGACGGACTCACCTTT	[[[[[[[[[[[[[[[[[[[[[[[[[[[[[[[[[[[[[[[[[[[[[	TRAV29/DV5*00(549.7)		TRAJ45*00(639.7)		529|539|562|0|10||100.0		22|55|86|12|45||330.0		TGTGCAGCAACCTATTCAGGAGGAGGTGCTGACGGACTCACCTTT	58	CAATYSGGGADGLTF	:::::::::0:-3:10:::::12:-2:45:::
1588	721.0	2.8345852423865243E-4	1	1.1548677676406051E-4	TGTGTTGTGAGTTGAAGGGGGAACTGGGGCAAACAACCTCTTCTTT	NNNNNNNNNNNNNNNNNNNNNNNNNNNNNNNNNNNNNNNNNNNNNN	TRAV8-2*00(655.9)		TRAJ36*00(559.4)		466|478|500|0|12||120.0		23|48|79|21|46||250.0		TGTGTTGTGAGTTGAAGGGGGAACTGGGGCAAACAACCTCTTCTTT	45	CVVS*RGN_GANNLFF	:::::::::0:-2:12:::::21:-3:46:::
2896	721.0	2.8345852423865243E-4	1	1.1548677676406051E-4	TGTGCTCTACTTGGTGGTGGTACTAGCTATGGAAAGCTGACATTT	NNNNNNNNNNNNNNNNNNNNNNNNNNNNNNNNNNNNNNNNNNNNN	TRAV16*00(958.6)		TRAJ52*00(570.9)		449|458|483|0|9||90.0		24|58|89|11|45|SC26G|311.0		TGTGCTCTACTTGGTGGTGGTACTAGCTATGGAAAGCTGACATTT	45	CALLGGGTSYGKLTF	:::::::::0:-5:9:::::11:-4:45:::
696	718.0	2.822790851641504E-4	2	2.3097355352812103E-4	TGTGCTGGCCTAAACAATGACATGCGCTTT	[[[[[[[[[[[[[[[[[[[[[[[[[[[[[[	TRAV35*00(909.8)		TRAJ43*00(479.8)		588|596|620|0|8||80.0		25|43|74|12|30||180.0		TGTGCTGGCCTAAACAATGACATGCGCTTT	58	CAGLNNDMRF	:::::::::0:-4:8:::::12:-5:30:::
432	716.0	2.814927924478157E-4	3	3.4646033029218156E-4	TGTGCTCTAAAGGCAATGAGGATACAGCACCCTCACCTTT	[[[[[[[[[[[[[[[[[[[[[[[[[[[[[[[[[[[[[[[[	TRAV16*00(663)		TRAJ11*00(516.3)		449|459|483|0|10||100.0		27|49|80|18|40||220.0		TGTGCTCTAAAGGCAATGAGGATACAGCACCCTCACCTTT	58	CALKAMR_YSTLTF	:::::::::0:-4:10:::::18:-7:40:::
631	712.0	2.7992020701514636E-4	2	2.3097355352812103E-4	TGTGCTCTGAGTGATAAGGGTTTTCAGATGGCCAGAAGCTGCTCTTT	[[[[[[[[[[[[[[[[[[[[[[[[[[[[[[[[[[[[[[[[[[[[[[[	TRAV9-2*00(762.8)		TRAJ16*00(560.7)		480|495|514|0|15||150.0		20|49|80|18|47||290.0		TGTGCTCTGAGTGATAAGGGTTTTCAGATGGCCAGAAGCTGCTCTTT	58	CALSDKGF_DGQKLLF	:::::::::0:1:15:::::18:0:47:::
1336	712.0	2.7992020701514636E-4	2	2.3097355352812103E-4	TGTGCAGCAAGTACGGGGACAGGCTTTCAGAAACTTGTATTT	[[[[[[[[[[[[[[[[[[[[[[[[[[[[[[[[[[[[[[[[[[	TRAV13-1*00(941)		TRAJ8*00(494.9)		511|524|544|0|13||130.0		25|49|80|18|42||240.0		TGTGCAGCAAGTACGGGGACAGGCTTTCAGAAACTTGTATTT	58	CAASTGTGFQKLVF	:::::::::0:0:13:::::18:-5:42:::
4898	712.0	2.7992020701514636E-4	1	1.1548677676406051E-4	TGTGCTACGGACAACAAGGAAACAAGCTGGTCTTT	NNNNNNNNNNNNNNNNNNNNNNNNNNNNNNNNNNN	TRAV17*00(919.6)		TRAJ47*00(460.8)		490|502|523|0|12||120.0		28|46|77|17|35|SA36G|151.0		TGTGCTACGGACAACAAGGAAACAAGCTGGTCTTT	45	CATDNK_NKLVF	:::::::::0:-1:12:::::17:-8:35:::
651	711.0	2.79527060656979E-4	2	2.3097355352812103E-4	TGTGCTGTGCCGGCACTGCCAGTAAACTCACCTTT	[[[[[[[[[[[[[[[[[[[[[[[[[[[[[[[[[[[	TRAV20*00(520.4)		TRAJ44*00(549.6)		498|510|531|0|12|SA508C|111.0		29|52|83|12|35||260.0		TGTGCTGTGCCGGCACTGCCAGTAAACTCACCTTT	58	CAVPAL_SKLTF	:::::::::0:-1:12:::::12:-9:35:::
2868	711.0	2.79527060656979E-4	1	1.1548677676406051E-4	TGTGCTCTGAATTTGTGGTCTAGCAACACAGGCAAACTAATCTTT	NNNNNNNNNNNNNNNNNNNNNNNNNNNNNNNNNNNNNNNNNNNNN	TRAV19*00(709.8)		TRAJ37*00(550.6)		556|566|593|0|10||100.0		24|51|82|18|45|SG27A|241.0		TGTGCTCTGAATTTGTGGTCTAGCAACACAGGCAAACTAATCTTT	45	CALNLWSSNTGKLIF	:::::::::0:-7:10:::::18:-4:45:::
776	710.0	2.7913391429881167E-4	2	2.3097355352812103E-4	TGTGCCGTGAGTACCTTTGGAAATGAGAAATTAACCTTT	[[[[[[[[[[[[[[[[[[[[[[[[[[[[[[[[[[[[[[[	TRAV12-2*00(622.3)		TRAJ48*00(550.9)		551|561|584|0|10||100.0		24|52|83|11|39|SA26C|251.0		TGTGCCGTGAGTACCTTTGGAAATGAGAAATTAACCTTT	58	CAVSTFGNEKLTF	:::::::::0:-3:10:::::11:-4:39:::
20223	708.0	2.78347621582477E-4	1	1.1548677676406051E-4	TGCATCCTGAGCCCGATAGTCATGAACAGAGATGACAAGATCATCTTT	NNNNNNNNNNNNNNNNNNNNNNNNNNNNNNNNNNNNNNNNNNNNNNNN	TRAV26-2*00(879.2)		TRAJ30*00(569.5)		791|802|826|0|11||110.0		17|46|77|19|48||290.0		TGCATCCTGAGCCCGATAGTCATGAACAGAGATGACAAGATCATCTTT	45	CILSPIVMNRDDKIIF	:::::::::0:-4:11:::::19:3:48:::
5669	704.0	2.7677503614980764E-4	1	1.1548677676406051E-4	TGTGCCTCCCTTAACTCAAATTCCGGGTATGCACTCAACTTC	NNNNNNNNNNNNNNNNNNNNNNNNNNNNNNNNNNNNNNNNNN	TRAV24*00(881.9)		TRAJ41*00(526.6)		515|522|545|0|7||70.0		21|51|82|12|42||300.0		TGTGCCTCCCTTAACTCAAATTCCGGGTATGCACTCAACTTC	45	CASLNSNSGYALNF	:::::::::0:-3:7:::::12:-1:42:::
6123	703.0	2.763818897916403E-4	1	1.1548677676406051E-4	TGTGCCGTTCTACCTCAGGAACCTACAAATACATCTTT	NNNNNNNNNNNNNNNNNNNNNNNNNNNNNNNNNNNNNN	TRAV39*00(719.4)		TRAJ40*00(579.7)		507|514|540|0|7||80.0		19|50|81|7|38|SA20T|291.0		TGTGCCGTTCTACCTCAGGAACCTACAAATACATCTTT	45	CAVLPQ_TYKYIF	:::::::::0:-6:7:::::7:1:38:::
698	701.0	2.755955970753056E-4	2	2.3097355352812103E-4	TGTGCTGGGCGTGCAATTGATTGAGCACCGGTAACCAGTTCTATTTT	[[[[[[[[[[[[[[[[[[[[[[[[[[[[[[[[[[[[[[[[[[[[[[[	TRAV35*00(560.7)		TRAJ49*00(514.1)		588|598|620|0|10||100.0		20|45|76|22|47|SA22G|221.0		TGTGCTGGGCGTGCAATTGATTGAGCACCGGTAACCAGTTCTATTTT	58	CAGRAID*_TGNQFYF	:::::::::0:-2:10:::::22:0:47:::
20405	700.0	2.7520245071713825E-4	1	1.1548677676406051E-4	TGCATCGTCAGAGTCGCGAAGCTGGCAACAACCGTAAGCTGATTTGG	NNNNNNNNNNNNNNNNNNNNNNNNNNNNNNNNNNNNNNNNNNNNNNN	TRAV26-1*00(679.3)		TRAJ38*00(568.1)		763|782|799|0|19||190.0		24|51|82|20|47||270.0		TGCATCGTCAGAGTCGCGAAGCTGGCAACAACCGTAAGCTGATTTGG	45	CIVRVAKL_NNRKLIW	:::::::::0:3:19:::::20:-4:47:::
2661	699.0	2.748093043589709E-4	1	1.1548677676406051E-4	TGTGCTCTGAGTGATCGAGGGGAATATGGAAACAAGCTGGTCTTT	NNNNNNNNNNNNNNNNNNNNNNNNNNNNNNNNNNNNNNNNNNNNN	TRAV9-2*00(769.5)		TRAJ47*00(530.5)		480|496|514|0|16||160.0		21|46|77|20|45|SA36G|221.0		TGTGCTCTGAGTGATCGAGGGGAATATGGAAACAAGCTGGTCTTT	45	CALSDRGEYGNKLVF	:::::::::0:2:16:::::20:-1:45:::
337	698.0	2.744161580008036E-4	4	4.6194710705624206E-4	TGTGCTCTAGACATGGGACAATGACATGCGCTTT	[[[[[[[[[[[[[[[[[[[[[[[[[[[[[[[[[[	TRAV6*00(519.6)		TRAJ43*00(469.9)		535|550|568|0|15||150.0		26|43|74|17|34||170.0		TGTGCTCTAGACATGGGACAATGACATGCGCTTT	58	CALDMG_NDMRF	:::::::::0:2:15:::::17:-6:34:::
19131	698.0	2.744161580008036E-4	1	1.1548677676406051E-4	TGCGCTGTGAGCGGTAATAATGCAGGCAACATGCTCACCTTT	NNNNNNNNNNNNNNNNNNNNNNNNNNNNNNNNNNNNNNNNNN	TRAV1-1*00(680.7)		TRAJ39*00(589)		670|681|704|0|11||110.0		24|52|83|14|42||280.0		TGCGCTGTGAGCGGTAATAATGCAGGCAACATGCTCACCTTT	45	CAVSGNNAGNMLTF	:::::::::0:-3:11:::::14:-4:42:::
669	697.0	2.7402301164263627E-4	2	2.3097355352812103E-4	TGTGCTGTGACTGGGGCAAACAACCTCTTCTTT	[[[[[[[[[[[[[[[[[[[[[[[[[[[[[[[[[	TRAV8-4*00(622.7)		TRAJ36*00(539.8)		476|487|510|0|11|SG486C|101.0		26|48|79|11|33||240.0		TGTGCTGTGACTGGGGCAAACAACCTCTTCTTT	58	CAVTGANNLFF	:::::::::0:-3:11:::::11:-6:33:::
1325	697.0	2.7402301164263627E-4	2	2.3097355352812103E-4	TGTGCACACAGGTCGTAATGCAGGCAACATGCTCACCTTT	[[[[[[[[[[[[[[[[[[[[[[[[[[[[[[[[[[[[[[[[	TRAV25*00(519.6)		TRAJ39*00(559.6)		620|626|649|0|6||60.0		27|52|83|15|40||250.0		TGTGCACACAGGTCGTAATGCAGGCAACATGCTCACCTTT	58	CAHRS*C_GNMLTF	:::::::::0:-3:6:::::15:-7:40:::
686	695.0	2.7323671892630157E-4	2	2.3097355352812103E-4	TGTGCTGTGAGAGATAGCAACTATCAGTTAATCTGG	[[[[[[[[[[[[[[[[[[[[[[[[[[[[[[[[[[[[	TRAV1-2*00(709.8)		TRAJ33*00(529.6)		620|634|654|0|14||150.0		24|46|77|14|36||240.0		TGTGCTGTGAGAGATAGCAACTATCAGTTAATCTGG	58	CAVRDSNYQLIW	:::::::::0:0:14:::::14:-4:36:::
579	693.0	2.724504262099669E-4	3	3.4646033029218156E-4	TGTGCAATGAGCTAACACCGGTAACCAGTTCTATTTT	[[[[[[[[[[[[[[[[[[[[[[[[[[[[[[[[[[[[[	TRAV12-3*00(573)		TRAJ49*00(539.4)		562|574|595|0|12||120.0		21|45|76|13|37||240.0		TGTGCAATGAGCTAACACCGGTAACCAGTTCTATTTT	58	CAMS*H_GNQFYF	:::::::::0:-1:12:::::13:-1:37:::
20206	693.0	2.724504262099669E-4	1	1.1548677676406051E-4	TGCATCCTGATGGTGGCAACAACCGTAAGCTGATTTGG	NNNNNNNNNNNNNNNNNNNNNNNNNNNNNNNNNNNNNN	TRAV26-2*00(869.5)		TRAJ38*00(560.5)		791|801|826|0|10||100.0		23|51|82|10|38|SC25G|261.0		TGCATCCTGATGGTGGCAACAACCGTAAGCTGATTTGG	45	CILMVA_NRKLIW	:::::::::0:-5:10:::::10:-3:38:::
1724	690.0	2.712709871354649E-4	1	1.1548677676406051E-4	TGTGTGGTGATCGAAAACACCAATGCAGGCAAATCAACCTTT	NNNNNNNNNNNNNNNNNNNNNNNNNNNNNNNNNNNNNNNNNN	TRAV10*00(1009.7)		TRAJ27*00(519.3)		575|588|608|0|13|SG585T|101.0		21|48|79|15|42||270.0		TGTGTGGTGATCGAAAACACCAATGCAGGCAAATCAACCTTT	45	CVVIENTNAGKSTF	:::::::::0:0:13:::::15:-1:42:::
1414	689.0	2.7087784077729754E-4	2	2.3097355352812103E-4	TGCATCCTGAATAATAATGCAGGCAACATGCTCACCTTT	[[[[[[[[[[[[[[[[[[[[[[[[[[[[[[[[[[[[[[[	TRAV26-2*00(675.1)		TRAJ39*00(629.8)		791|798|826|0|7||100.0		20|52|83|7|39||321.0		TGCATCCTGAATAATAATGCAGGCAACATGCTCACCTTT	58	CILNNNAGNMLTF	:::::::::0:-8:7:::::7:0:39:::
17942	685.0	2.6930525534462816E-4	1	1.1548677676406051E-4	TGTGCAGCAAGCGGAACAGTAAGGTCTAGCAACACAGGCAAACTAATCTTT	NNNNNNNNNNNNNNNNNNNNNNNNNNNNNNNNNNNNNNNNNNNNNNNNNNN	TRAV29/DV5*00(579.8)		TRAJ37*00(550.6)		529|542|562|0|13||130.0		24|51|82|24|51|SG27A|241.0		TGTGCAGCAAGCGGAACAGTAAGGTCTAGCAACACAGGCAAACTAATCTTT	45	CAASGTVRSSNTGKLIF	:::::::::0:0:13:::::24:-4:51:::
1750	683.0	2.6851896262829346E-4	1	1.1548677676406051E-4	TGTGTGGTGACGGTGCTGGCAACAACCGTAAGCTGATTTGG	NNNNNNNNNNNNNNNNNNNNNNNNNNNNNNNNNNNNNNNNN	TRAV10*00(1009.1)		TRAJ38*00(539.6)		575|585|608|0|10||100.0		23|51|82|13|41||280.0		TGTGTGGTGACGGTGCTGGCAACAACCGTAAGCTGATTTGG	45	CVVTVLA_NRKLIW	:::::::::0:-3:10:::::13:-3:41:::
1856	681.0	2.677326699119588E-4	1	1.1548677676406051E-4	TGTGTGGTGAACTAGTCAAATTCCGGGTATGCACTCAACTTC	NNNNNNNNNNNNNNNNNNNNNNNNNNNNNNNNNNNNNNNNNN	TRAV12-1*00(979.6)		TRAJ41*00(519.3)		539|551|572|0|12||120.0		24|51|82|15|42||270.0		TGTGTGGTGAACTAGTCAAATTCCGGGTATGCACTCAACTTC	45	CVVN*SNSGYALNF	:::::::::0:-1:12:::::15:-4:42:::
777	679.0	2.6694637719562413E-4	2	2.3097355352812103E-4	TGTGCCGTGAATGCGCGATGACGATTATGGAGGAAGCCAAGGAAATCTCATCTTT	[[[[[[[[[[[[[[[[[[[[[[[[[[[[[[[[[[[[[[[[[[[[[[[[[[[[[[[	TRAV8-1*00(629.7)		TRAJ42*00(618.8)		474|490|508|0|16||160.0		23|55|86|23|55||320.0		TGTGCCGTGAATGCGCGATGACGATTATGGAGGAAGCCAAGGAAATCTCATCTTT	58	CAVNAR*RL_GGSQGNLIF	:::::::::0:2:16:::::23:-3:55:::
18661	678.0	2.665532308374568E-4	1	1.1548677676406051E-4	TGTGCAATGAGCGACGGCGAATTCCGGGTATGCACTCAACTTC	NNNNNNNNNNNNNNNNNNNNNNNNNNNNNNNNNNNNNNNNNNN	TRAV12-3*00(989.6)		TRAJ41*00(479.7)		562|575|595|0|13||130.0		27|51|82|19|43||240.0		TGTGCAATGAGCGACGGCGAATTCCGGGTATGCACTCAACTTC	45	CAMSDGE_SGYALNF	:::::::::0:0:13:::::19:-7:43:::
2693	677.0	2.6616008447928944E-4	1	1.1548677676406051E-4	TGTGCTCTGAGTGAGTCAGGCAGAGGCTCAACCCTGGGGAGGCTATACTTT	NNNNNNNNNNNNNNNNNNNNNNNNNNNNNNNNNNNNNNNNNNNNNNNNNNN	TRAV19*00(739.8)		TRAJ18*00(619.7)		556|571|593|0|15||150.0		24|55|86|20|51||310.0		TGTGCTCTGAGTGAGTCAGGCAGAGGCTCAACCCTGGGGAGGCTATACTTT	45	CALSESGRGSTLGRLYF	:::::::::0:-2:15:::::20:-4:51:::
4819	677.0	2.6616008447928944E-4	1	1.1548677676406051E-4	TGTGCTACGGGGCTTTCCAATGCCAGACTCATGTTT	NNNNNNNNNNNNNNNNNNNNNNNNNNNNNNNNNNNN	TRAV17*00(899.2)		TRAJ31*00(489.5)		490|500|523|0|10||100.0		27|46|77|17|36||190.0		TGTGCTACGGGGCTTTCCAATGCCAGACTCATGTTT	45	CATGLSNARLMF	:::::::::0:-3:10:::::17:-7:36:::
687	676.0	2.657669381211221E-4	2	2.3097355352812103E-4	TGTGCTGTGAGAGACATCCACTATGGTCAGAATTTTGTCTTT	[[[[[[[[[[[[[[[[[[[[[[[[[[[[[[[[[[[[[[[[[[	TRAV3*00(649.8)		TRAJ26*00(519.7)		437|454|473|0|17||170.0		26|49|80|19|42||230.0		TGTGCTGTGAGAGACATCCACTATGGTCAGAATTTTGTCTTT	58	CAVRDIHYGQNFVF	:::::::::0:1:17:::::19:-6:42:::
20267	675.0	2.6537379176295474E-4	1	1.1548677676406051E-4	TGCATCCTGAGAGACGTTCCCCTTTGGGGGTGGTACTAGCTATGGAAAGCTGACATTT	NNNNNNNNNNNNNNNNNNNNNNNNNNNNNNNNNNNNNNNNNNNNNNNNNNNNNNNNNN	TRAV26-2*00(939.3)		TRAJ52*00(559.2)		791|808|826|0|17||170.0		28|58|89|28|58||300.0		TGCATCCTGAGAGACGTTCCCCTTTGGGGGTGGTACTAGCTATGGAAAGCTGACATTT	45	CILRDVPLWG_GTSYGKLTF	:::::::::0:2:17:::::28:-8:58:::
4557	673.0	2.645874990466201E-4	1	1.1548677676406051E-4	TGTGCTGGGCTCGAATAATGCAGGCAACATGCTCACCTTT	NNNNNNNNNNNNNNNNNNNNNNNNNNNNNNNNNNNNNNNN	TRAV35*00(705.6)		TRAJ39*00(570)		588|598|620|0|10||100.0		25|52|83|13|40||270.0		TGTGCTGGGCTCGAATAATGCAGGCAACATGCTCACCTTT	45	CAGLE*C_GNMLTF	:::::::::0:-2:10:::::13:-5:40:::
679	672.0	2.6419435268845275E-4	2	2.3097355352812103E-4	TGTGCTGTGAGTGGGGGTAACGGTAACCAGTTCTATTTT	[[[[[[[[[[[[[[[[[[[[[[[[[[[[[[[[[[[[[[[	TRAV8-4*00(679.7)		TRAJ49*00(489.6)		476|489|510|0|13||130.0		26|45|76|20|39||190.0		TGTGCTGTGAGTGGGGGTAACGGTAACCAGTTCTATTTT	58	CAVSGGNGNQFYF	:::::::::0:-1:13:::::20:-6:39:::
17450	671.0	2.638012063302854E-4	1	1.1548677676406051E-4	TGTGCAGCTGTCTTTTCTTCTGGTTCTGCAAGGCAACTGACCTTT	NNNNNNNNNNNNNNNNNNNNNNNNNNNNNNNNNNNNNNNNNNNNN	TRAV23/DV6*00(449.9)		TRAJ22*00(629.5)		517|525|550|0|8||80.0		20|52|83|13|45||320.0		TGTGCAGCTGTCTTTTCTTCTGGTTCTGCAAGGCAACTGACCTTT	45	CAAVFSSGSARQLTF	:::::::::0:-5:8:::::13:0:45:::
4650	670.0	2.6340805997211806E-4	1	1.1548677676406051E-4	TGTGCTGGGCAGCCACTCGAACACCGGTAACCAGTTCTATTTT	NNNNNNNNNNNNNNNNNNNNNNNNNNNNNNNNNNNNNNNNNNN	TRAV35*00(948.4)		TRAJ49*00(529.5)		588|601|620|0|13||130.0		18|45|76|16|43||270.0		TGTGCTGGGCAGCCACTCGAACACCGGTAACCAGTTCTATTTT	45	CAGQPLE_TGNQFYF	:::::::::0:1:13:::::16:2:43:::
1413	668.0	2.6262176725578337E-4	2	2.3097355352812103E-4	TGCATCCTGAGGCGTGATGGGGGAAGCCAAGGAAATCTCATCTTT	[[[[[[[[[[[[[[[[[[[[[[[[[[[[[[[[[[[[[[[[[[[[[	TRAV26-2*00(734.7)		TRAJ42*00(545.7)		791|802|826|0|11||110.0		26|55|86|16|45|SA30G|261.0		TGCATCCTGAGGCGTGATGGGGGAAGCCAAGGAAATCTCATCTTT	58	CILRRDGGSQGNLIF	:::::::::0:-4:11:::::16:-6:45:::
6309	668.0	2.6262176725578337E-4	1	1.1548677676406051E-4	TGTGCCGTGAGTCAGGCTGGTGGTACTAGCTATGGAAAGCTGACATTT	NNNNNNNNNNNNNNNNNNNNNNNNNNNNNNNNNNNNNNNNNNNNNNNN	TRAV12-2*00(734.6)		TRAJ52*00(606.9)		551|561|584|0|10||100.0		25|58|89|15|48||330.0		TGTGCCGTGAGTCAGGCTGGTGGTACTAGCTATGGAAAGCTGACATTT	45	CAVSQAGGTSYGKLTF	:::::::::0:-3:10:::::15:-5:48:::
652	667.0	2.62228620897616E-4	2	2.3097355352812103E-4	TGTGCTGTGCAGGCCGAATATGGTGGTGCTACAAACAAGCTCATCTTT	[[[[[[[[[[[[[[[[[[[[[[[[[[[[[[[[[[[[[[[[[[[[[[[[	TRAV20*00(559.5)		TRAJ32*00(589.4)		498|513|531|0|15||150.0		25|55|86|18|48||300.0		TGTGCTGTGCAGGCCGAATATGGTGGTGCTACAAACAAGCTCATCTTT	58	CAVQAEYGGATNKLIF	:::::::::0:2:15:::::18:-5:48:::
688	667.0	2.62228620897616E-4	2	2.3097355352812103E-4	TGTGCTGTGAGAGAGGGGAAGCAACTATCAGTTAATCTGG	[[[[[[[[[[[[[[[[[[[[[[[[[[[[[[[[[[[[[[[[	TRAV1-2*00(700.4)		TRAJ33*00(463.4)		620|634|654|0|14||140.0		25|46|77|19|40||210.0		TGTGCTGTGAGAGAGGGGAAGCAACTATCAGTTAATCTGG	58	CAVREGK_NYQLIW	:::::::::0:0:14:::::19:-5:40:::
2877	666.0	2.618354745394487E-4	1	1.1548677676406051E-4	TGTGCTCTGAACTGGCAACAACCGTAAGCTGATTTGG	NNNNNNNNNNNNNNNNNNNNNNNNNNNNNNNNNNNNN	TRAV9-2*00(709.6)		TRAJ38*00(559.7)		480|490|514|0|10||100.0		25|51|82|11|37||260.0		TGTGCTCTGAACTGGCAACAACCGTAAGCTGATTTGG	45	CALNWQ_NRKLIW	:::::::::0:-4:10:::::11:-5:37:::
2889	666.0	2.618354745394487E-4	1	1.1548677676406051E-4	TGTGCTCTGAAACGCCCGGGAGGAGGAAACAAACTCACCTTT	NNNNNNNNNNNNNNNNNNNNNNNNNNNNNNNNNNNNNNNNNN	TRAV9-2*00(709.4)		TRAJ10*00(559.7)		480|490|514|0|10||100.0		27|53|84|16|42||260.0		TGTGCTCTGAAACGCCCGGGAGGAGGAAACAAACTCACCTTT	45	CALKRPGGGNKLTF	:::::::::0:-4:10:::::16:-7:42:::
19049	665.0	2.614423281812814E-4	1	1.1548677676406051E-4	TGCCTCGTGGGCCCCAATACTCTGGGGCTGGGAGTTACCAACTCACTTTC	NNNNNNNNNNNNNNNNNNNNNNNNNNNNNNNNNNNNNNNNNNNNNNNNNN	TRAV4*00(767.2)		TRAJ28*00(608.3)		768|779|804|0|11||110.0		21|55|86|16|50||340.0		TGCCTCGTGGGCCCCAATACTCTGGGGCTGGGAGTTACCAACTCACTTTC	45	CLVGPNTL_AGSYQLTF	:::::::::0:-5:11:::::16:-1:50:::
2242	664.0	2.6104918182311403E-4	1	1.1548677676406051E-4	TGTGCTTATAGGAGCGAGGAGGTGCTGACGGACTCACCTTT	NNNNNNNNNNNNNNNNNNNNNNNNNNNNNNNNNNNNNNNNN	TRAV38-2/DV8*00(619.7)		TRAJ45*00(569.7)		602|618|638|0|16||160.0		30|55|86|16|41||260.0		TGTGCTTATAGGAGCGAGGAGGTGCTGACGGACTCACCTTT	45	CAYRSEE_ADGLTF	:::::::::0:0:16:::::16:-10:41:::
3449	663.0	2.606560354649467E-4	1	1.1548677676406051E-4	TGTGCTGTGCAGGCGATGGGTCAGGGAGCCCAGAAGCTGGTATTT	NNNNNNNNNNNNNNNNNNNNNNNNNNNNNNNNNNNNNNNNNNNNN	TRAV20*00(549.7)		TRAJ54*00(539.3)		498|512|531|0|14||140.0		24|49|80|20|45||250.0		TGTGCTGTGCAGGCGATGGGTCAGGGAGCCCAGAAGCTGGTATTT	45	CAVQAMGQGAQKLVF	:::::::::0:1:14:::::20:-4:45:::
435	660.0	2.5947659639044465E-4	3	3.4646033029218156E-4	TGTGCTGTGGTCCCAGATAGCAGCTATAAATTGATCTTC	[[[[[[[[[[[[[[[[[[[[[[[[[[[[[[[[[[[[[[[	TRAV8-3*00(569.5)		TRAJ12*00(513.5)		455|465|489|0|10||100.0		25|49|80|15|39||240.0		TGTGCTGTGGTCCCAGATAGCAGCTATAAATTGATCTTC	58	CAVVPDSSYKLIF	:::::::::0:-4:10:::::15:-5:39:::
3802	657.0	2.5829715731594266E-4	1	1.1548677676406051E-4	TGTGCTGTGATAAGGGTAACCAGTTCTATTTT	NNNNNNNNNNNNNNNNNNNNNNNNNNNNNNNN	TRAV8-4*00(633.2)		TRAJ49*00(419.7)		476|486|510|0|10||100.0		27|45|76|14|32||180.0		TGTGCTGTGATAAGGGTAACCAGTTCTATTTT	45	CAVIR_NQFYF	:::::::::0:-4:10:::::14:-7:32:::
654	656.0	2.579040109577753E-4	2	2.3097355352812103E-4	TGTGCTGTGGCCCCCTCAATGCTGGTGGTACTAGCTATGGAAAGCTGACATTT	[[[[[[[[[[[[[[[[[[[[[[[[[[[[[[[[[[[[[[[[[[[[[[[[[[[[[	TRAV22*00(530.2)		TRAJ52*00(658.9)		526|536|559|0|10||100.0		22|58|89|17|53||360.0		TGTGCTGTGGCCCCCTCAATGCTGGTGGTACTAGCTATGGAAAGCTGACATTT	58	CAVAPSMLV_TSYGKLTF	:::::::::0:-3:10:::::17:-2:53:::
1348	656.0	2.579040109577753E-4	2	2.3097355352812103E-4	TGTGCAGGACACCCCACTCCCGGGTGACAAGATCATCTTT	[[[[[[[[[[[[[[[[[[[[[[[[[[[[[[[[[[[[[[[[	TRAV13-2*00(519.9)		TRAJ30*00(469.6)		506|513|539|0|7||70.0		30|46|77|24|40||160.0		TGTGCAGGACACCCCACTCCCGGGTGACAAGATCATCTTT	58	CAGHPTP_GDKIIF	:::::::::0:-6:7:::::24:-10:40:::
666	655.0	2.5751086459960797E-4	2	2.3097355352812103E-4	TGTGCTGTGGAGGATAACTATGGTCAGAATTTTGTCTTT	[[[[[[[[[[[[[[[[[[[[[[[[[[[[[[[[[[[[[[[	TRAV2*00(424.7)		TRAJ26*00(556)		519|532|553|0|13||150.0		23|49|80|13|39||280.0		TGTGCTGTGGAGGATAACTATGGTCAGAATTTTGTCTTT	58	CAVEDNYGQNFVF	:::::::::0:-1:13:::::13:-3:39:::
655	654.0	2.571177182414406E-4	2	2.3097355352812103E-4	TGTGCTGTGGGTGCTGGGGGTTACCAGAAAGTTACCTTT	[[[[[[[[[[[[[[[[[[[[[[[[[[[[[[[[[[[[[[[	TRAV8-3*00(619.3)		TRAJ13*00(559.2)		455|469|489|0|14||140.0		27|52|83|14|39||260.0		TGTGCTGTGGGTGCTGGGGGTTACCAGAAAGTTACCTTT	58	CAVGAGGYQKVTF	:::::::::0:0:14:::::14:-7:39:::
17408	654.0	2.571177182414406E-4	1	1.1548677676406051E-4	TGTGCAGTTAGCAACACAGGCAAACTAATCTTT	NNNNNNNNNNNNNNNNNNNNNNNNNNNNNNNNN	TRAV25*00(512.8)		TRAJ37*00(539.6)		620|627|649|0|7||70.0		28|51|82|10|33||230.0		TGTGCAGTTAGCAACACAGGCAAACTAATCTTT	45	CAVSNTGKLIF	:::::::::0:-2:7:::::10:-8:33:::
2314	652.0	2.563314255251059E-4	1	1.1548677676406051E-4	TGTGCTCTTGGGCAACACCAATGCCAGACTCATGTTT	NNNNNNNNNNNNNNNNNNNNNNNNNNNNNNNNNNNNN	TRDV1*00(980.6)		TRAJ31*00(417.5)		573|589|610|0|16|SG585C|131.0		27|46|77|18|37||190.0		TGTGCTCTTGGGCAACACCAATGCCAGACTCATGTTT	45	CALGQH_NARLMF	:::::::::0:-1:16:::::18:-7:37:::
3816	652.0	2.563314255251059E-4	1	1.1548677676406051E-4	TGTGCTGTGACCCTACATAATGCAGGCAACATGCTCACCTTT	NNNNNNNNNNNNNNNNNNNNNNNNNNNNNNNNNNNNNNNNNN	TRAV8-4*00(611.1)		TRAJ39*00(569.7)		476|486|510|0|10||100.0		26|52|83|16|42||260.0		TGTGCTGTGACCCTACATAATGCAGGCAACATGCTCACCTTT	45	CAVTLHNAGNMLTF	:::::::::0:-4:10:::::16:-6:42:::
4801	651.0	2.559382791669386E-4	1	1.1548677676406051E-4	TGTGCTACGGCCCGCCGGGCAGGAAAGCTTATCTTC	NNNNNNNNNNNNNNNNNNNNNNNNNNNNNNNNNNNN	TRAV17*00(883)		TRAJ23*00(471.8)		490|500|523|0|10||100.0		30|52|83|14|36|SA32GSG35C|162.0		TGTGCTACGGCCCGCCGGGCAGGAAAGCTTATCTTC	45	CATARRAGKLIF	:::::::::0:-3:10:::::14:-10:36:::
18474	651.0	2.559382791669386E-4	1	1.1548677676406051E-4	TGTGCAGAGAATCGTCAGGAGGAGGTGCTGACGGACTCACCTTT	NNNNNNNNNNNNNNNNNNNNNNNNNNNNNNNNNNNNNNNNNNNN	TRAV13-2*00(569.6)		TRAJ45*00(609.5)		506|518|539|0|12||120.0		25|55|86|14|44||300.0		TGTGCAGAGAATCGTCAGGAGGAGGTGCTGACGGACTCACCTTT	45	CAENRQE_GADGLTF	:::::::::0:-1:12:::::14:-5:44:::
587	647.0	2.5436569373426924E-4	3	3.4646033029218156E-4	TGCATCGATACCGGGGGTTACCAGAAAGTTACCTTT	[[[[[[[[[[[[[[[[[[[[[[[[[[[[[[[[[[[[	TRAV26-1*00(559.8)		TRAJ13*00(510.6)		763|770|799|0|7||70.0		28|52|83|12|36||240.0		TGCATCGATACCGGGGGTTACCAGAAAGTTACCTTT	58	CIDTGGYQKVTF	:::::::::0:-9:7:::::12:-8:36:::
604	647.0	2.5436569373426924E-4	2	2.3097355352812103E-4	TGTGTGGTGAGGTGGATAGAAAAGCAGCGGAGACAAGCTGACTTTT	[[[[[[[[[[[[[[[[[[[[[[[[[[[[[[[[[[[[[[[[[[[[[[	TRAV10*00(843.1)		TRAJ46*00(559.3)		575|586|608|0|11||110.0		23|52|83|17|46||290.0		TGTGTGGTGAGGTGGATAGAAAAGCAGCGGAGACAAGCTGACTTTT	58	CVVRWIEK_SGDKLTF	:::::::::0:-2:11:::::17:-3:46:::
662	646.0	2.539725473761019E-4	2	2.3097355352812103E-4	TGTGCTGTGGAGGGTAGCAACTATCAGTTAATCTGG	[[[[[[[[[[[[[[[[[[[[[[[[[[[[[[[[[[[[	TRAV2*00(427.8)		TRAJ33*00(504.6)		519|531|553|0|12||130.0		22|46|77|12|36|SA23G|221.0		TGTGCTGTGGAGGGTAGCAACTATCAGTTAATCTGG	58	CAVEGSNYQLIW	:::::::::0:-2:12:::::12:-2:36:::
4668	646.0	2.539725473761019E-4	1	1.1548677676406051E-4	TGTGCTGGGCAGGATGCTGGCAACAACCGTAAGCTGATTTGG	NNNNNNNNNNNNNNNNNNNNNNNNNNNNNNNNNNNNNNNNNN	TRAV35*00(951.4)		TRAJ38*00(559.8)		588|600|620|0|12||120.0		22|51|82|13|42||290.0		TGTGCTGGGCAGGATGCTGGCAACAACCGTAAGCTGATTTGG	45	CAGQDAGNNRKLIW	:::::::::0:0:12:::::13:-2:42:::
702	644.0	2.531862546597672E-4	2	2.3097355352812103E-4	TGTGCTGGAACTGACAGCTGGGGGAAATTGCAGTTT	[[[[[[[[[[[[[[[[[[[[[[[[[[[[[[[[[[[[	TRAV1-2*00(314.9)		TRAJ24*00(569.8)		620|627|654|0|7||70.0		24|52|83|8|36||280.0		TGTGCTGGAACTGACAGCTGGGGGAAATTGCAGTTT	58	CAGTDSWGKLQF	:::::::::0:-7:7:::::8:-4:36:::
1735	643.0	2.5279310830159986E-4	1	1.1548677676406051E-4	TGTGTGGTGACCCGTGAAATAACAATGACATGCGCTTT	NNNNNNNNNNNNNNNNNNNNNNNNNNNNNNNNNNNNNN	TRAV10*00(918.1)		TRAJ43*00(480.1)		575|585|608|0|10||100.0		22|43|74|17|38||210.0		TGTGTGGTGACCCGTGAAATAACAATGACATGCGCTTT	45	CVVTRE_NNDMRF	:::::::::0:-3:10:::::17:-2:38:::
3319	643.0	2.5279310830159986E-4	1	1.1548677676406051E-4	TGTGCTGTCAGATCGGGTGGGGGAAGCCAAGGAAATCTCATCTTT	NNNNNNNNNNNNNNNNNNNNNNNNNNNNNNNNNNNNNNNNNNNNN	TRAV41*00(809.3)		TRAJ42*00(550.4)		512|526|544|0|14||140.0		27|55|86|17|45|SA30G|251.0		TGTGCTGTCAGATCGGGTGGGGGAAGCCAAGGAAATCTCATCTTT	45	CAVRSGGGSQGNLIF	:::::::::0:2:14:::::17:-7:45:::
2794	640.0	2.5161366922709787E-4	1	1.1548677676406051E-4	TGTGCTCTGAGTACTACGTCTGGAGCCAATAGTAAGCTGACATTT	NNNNNNNNNNNNNNNNNNNNNNNNNNNNNNNNNNNNNNNNNNNNN	TRAV9-2*00(729.1)		TRAJ56*00(569.5)		480|492|514|0|12||120.0		25|51|82|19|45||260.0		TGTGCTCTGAGTACTACGTCTGGAGCCAATAGTAAGCTGACATTT	45	CALSTTSGANSKLTF	:::::::::0:-2:12:::::19:-5:45:::
2547	639.0	2.512205228689305E-4	1	1.1548677676406051E-4	TGTGCTCTGATAAAGGGGGGGAGGGAGCCCAGAAGCTGGTATTT	NNNNNNNNNNNNNNNNNNNNNNNNNNNNNNNNNNNNNNNNNNNN	TRAV19*00(709.1)		TRAJ54*00(519.1)		556|566|593|0|10||100.0		26|49|80|21|44||230.0		TGTGCTCTGATAAAGGGGGGGAGGGAGCCCAGAAGCTGGTATTT	45	CALIKGG_GAQKLVF	:::::::::0:-7:10:::::21:-6:44:::
3855	639.0	2.512205228689305E-4	1	1.1548677676406051E-4	TGTGCTGTGAGTCTTTTCTAACGACTACAAGCTCAGCTTT	NNNNNNNNNNNNNNNNNNNNNNNNNNNNNNNNNNNNNNNN	TRAV8-4*00(669.6)		TRAJ20*00(549.5)		476|488|510|0|12||120.0		21|46|77|15|40||250.0		TGTGCTGTGAGTCTTTTCTAACGACTACAAGCTCAGCTTT	45	CAVSLF*_DYKLSF	:::::::::0:-2:12:::::15:-1:40:::
20191	639.0	2.512205228689305E-4	1	1.1548677676406051E-4	TGCATCTAGATGGCTCTAGCAACACAGGCAAACTAATCTTT	NNNNNNNNNNNNNNNNNNNNNNNNNNNNNNNNNNNNNNNNN	TRAV26-2*00(829.7)		TRAJ37*00(600.3)		791|797|826|0|6||60.0		19|51|82|9|41|SG27A|291.0		TGCATCTAGATGGCTCTAGCAACACAGGCAAACTAATCTTT	45	CI*MALA_TGKLIF	:::::::::0:-9:6:::::9:1:41:::
664	638.0	2.508273765107632E-4	2	2.3097355352812103E-4	TGTGCTGTGGAGGGGGGCGACAAGCTCATCTTT	[[[[[[[[[[[[[[[[[[[[[[[[[[[[[[[[[	TRAV21*00(955.7)		TRAJ34*00(459.7)		544|553|576|0|9||90.0		31|47|78|17|33||160.0		TGTGCTGTGGAGGGGGGCGACAAGCTCATCTTT	58	CAVEGGDKLIF	:::::::::0:-3:9:::::17:-11:33:::
2715	638.0	2.508273765107632E-4	1	1.1548677676406051E-4	TGTGCTCTGAGTGAGGCCGCCACTTTTATGGAGGAAGCCAAGGAAATCTCATCTTT	NNNNNNNNNNNNNNNNNNNNNNNNNNNNNNNNNNNNNNNNNNNNNNNNNNNNNNNN	TRAV19*00(759.8)		TRAJ42*00(609.8)		556|573|593|0|17||170.0		24|55|86|25|56||310.0		TGTGCTCTGAGTGAGGCCGCCACTTTTATGGAGGAAGCCAAGGAAATCTCATCTTT	45	CALSEAATF_GGSQGNLIF	:::::::::0:0:17:::::25:-4:56:::
4316	638.0	2.508273765107632E-4	1	1.1548677676406051E-4	TGTGCTGTGAGAAGCCTCGGAGGCGCGTCGTGCGCACGGGAGGAGGAAACAAACTCACCTTT	NNNNNNNNNNNNNNNNNNNNNNNNNNNNNNNNNNNNNNNNNNNNNNNNNNNNNNNNNNNNNN	TRAV1-2*00(679.8)		TRAJ10*00(579.7)		620|632|654|0|12||120.0		25|53|84|34|62||280.0		TGTGCTGTGAGAAGCCTCGGAGGCGCGTCGTGCGCACGGGAGGAGGAAACAAACTCACCTTT	45	CAVRSLGGAS_RTGGGNKLTF	:::::::::0:-2:12:::::34:-5:62:::
18245	638.0	2.508273765107632E-4	1	1.1548677676406051E-4	TGTGCAGGAGCTCGCTGGGCTGGGAGTTACCAACTCACTTTC	NNNNNNNNNNNNNNNNNNNNNNNNNNNNNNNNNNNNNNNNNN	TRAV27*00(654.7)		TRAJ28*00(549.8)		552|565|582|0|13||130.0		29|55|86|16|42||260.0		TGTGCAGGAGCTCGCTGGGCTGGGAGTTACCAACTCACTTTC	45	CAGARWAGSYQLTF	:::::::::0:3:13:::::16:-9:42:::
3261	637.0	2.5043423015259583E-4	1	1.1548677676406051E-4	TGTGCTGTCGGTAGGGGCTCTAGCAACACAGGCAAACTAATCTTT	NNNNNNNNNNNNNNNNNNNNNNNNNNNNNNNNNNNNNNNNNNNNN	TRAV41*00(759.8)		TRAJ37*00(580.3)		512|521|544|0|9||90.0		21|51|82|15|45|SG27A|271.0		TGTGCTGTCGGTAGGGGCTCTAGCAACACAGGCAAACTAATCTTT	45	CAVGRGSSNTGKLIF	:::::::::0:-3:9:::::15:-1:45:::
17841	636.0	2.500410837944285E-4	1	1.1548677676406051E-4	TGTGCAGCAAGCCAGAACGGACAGGGCGGATCTGAAAAGCTGGTCTTT	NNNNNNNNNNNNNNNNNNNNNNNNNNNNNNNNNNNNNNNNNNNNNNNN	TRAV29/DV5*00(569.7)		TRAJ57*00(569.7)		529|541|562|0|12||120.0		25|52|83|21|48||270.0		TGTGCAGCAAGCCAGAACGGACAGGGCGGATCTGAAAAGCTGGTCTTT	45	CAASQNGQGGSEKLVF	:::::::::0:-1:12:::::21:-5:48:::
18075	636.0	2.500410837944285E-4	1	1.1548677676406051E-4	TGTGCAGCAAATGGGCTATAACTCAGGGCGGATCTGAAAAGCTGGTCTTT	NNNNNNNNNNNNNNNNNNNNNNNNNNNNNNNNNNNNNNNNNNNNNNNNNN	TRAV23/DV6*00(469.5)		TRAJ57*00(649.6)		517|527|550|0|10||100.0		18|52|83|16|50||340.0		TGTGCAGCAAATGGGCTATAACTCAGGGCGGATCTGAAAAGCTGGTCTTT	45	CAANGL*L_GGSEKLVF	:::::::::0:-3:10:::::16:2:50:::
2535	634.0	2.492547910780938E-4	1	1.1548677676406051E-4	TGTGCTCTGATCCCAGGGCTTACAATAACAATGACATGCGCTTT	NNNNNNNNNNNNNNNNNNNNNNNNNNNNNNNNNNNNNNNNNNNN	TRAV19*00(709.6)		TRAJ43*00(539.4)		556|566|593|0|10||100.0		19|43|74|20|44||240.0		TGTGCTCTGATCCCAGGGCTTACAATAACAATGACATGCGCTTT	45	CALIPGL_NNNDMRF	:::::::::0:-7:10:::::20:1:44:::
17917	634.0	2.492547910780938E-4	1	1.1548677676406051E-4	TGTGCAGCAAGCGGTGGAGGGGCCAGACTCATGTTT	NNNNNNNNNNNNNNNNNNNNNNNNNNNNNNNNNNNN	TRAV29/DV5*00(536.3)		TRAJ31*00(449.8)		529|542|562|0|13||130.0		31|46|77|21|36||150.0		TGTGCAGCAAGCGGTGGAGGGGCCAGACTCATGTTT	45	CAASGGGARLMF	:::::::::0:0:13:::::21:-11:36:::
1655	633.0	2.4886164471992644E-4	1	1.1548677676406051E-4	TGTGTGGTTTGGACACGGGCAGGAGAGCACTTACTTTT	NNNNNNNNNNNNNNNNNNNNNNNNNNNNNNNNNNNNNN	TRAV12-1*00(479.9)		TRAJ5*00(588.4)		539|547|572|0|8||80.0		20|49|80|9|38||290.0		TGTGTGGTTTGGACACGGGCAGGAGAGCACTTACTTTT	45	CVVWTR_RRALTF	:::::::::0:-5:8:::::9:0:38:::
2740	632.0	2.4846849836175915E-4	1	1.1548677676406051E-4	TGTGCTCTGAGTGAGGCGATTCAGGGAGCCCAGAAGCTGGTATTT	NNNNNNNNNNNNNNNNNNNNNNNNNNNNNNNNNNNNNNNNNNNNN	TRAV19*00(789.6)		TRAJ54*00(559.4)		556|574|593|0|18||180.0		22|49|80|18|45||270.0		TGTGCTCTGAGTGAGGCGATTCAGGGAGCCCAGAAGCTGGTATTT	45	CALSEAIQGAQKLVF	:::::::::0:1:18:::::18:-2:45:::
6183	631.0	2.480753520035918E-4	1	1.1548677676406051E-4	TGTGCCGTGCCGGTGGTGCTACAAACAAGCTCATCTTT	NNNNNNNNNNNNNNNNNNNNNNNNNNNNNNNNNNNNNN	TRAV12-2*00(929.2)		TRAJ32*00(559.5)		551|560|584|0|9||90.0		28|55|86|11|38||270.0		TGTGCCGTGCCGGTGGTGCTACAAACAAGCTCATCTTT	45	CAVPVV_TNKLIF	:::::::::0:-4:9:::::11:-8:38:::
1612	629.0	2.472890592872571E-4	1	1.1548677676406051E-4	TGTGTTGTGAGTGATGGGTCTTATAACACCGACAAGCTCATCTTT	NNNNNNNNNNNNNNNNNNNNNNNNNNNNNNNNNNNNNNNNNNNNN	TRAV8-2*00(689.5)		TRAJ34*00(568.8)		466|481|500|0|15||150.0		20|47|78|18|45||270.0		TGTGTTGTGAGTGATGGGTCTTATAACACCGACAAGCTCATCTTT	45	CVVSDGSYNTDKLIF	:::::::::0:1:15:::::18:0:45:::
4062	629.0	2.472890592872571E-4	1	1.1548677676406051E-4	TGTGCTGTGAGTACGCGCTGGCAACAACCGTAAGCTGATTTGG	NNNNNNNNNNNNNNNNNNNNNNNNNNNNNNNNNNNNNNNNNNN	TRAV8-4*00(634.8)		TRAJ38*00(569.8)		476|488|510|0|12||120.0		24|51|82|16|43||270.0		TGTGCTGTGAGTACGCGCTGGCAACAACCGTAAGCTGATTTGG	45	CAVSTRW_NNRKLIW	:::::::::0:-2:12:::::16:-4:43:::
20270	629.0	2.472890592872571E-4	1	1.1548677676406051E-4	TGCATCCTGAGAGACGTCCAGGGAGCAATGCTTCCAAGATAATCTTT	NNNNNNNNNNNNNNNNNNNNNNNNNNNNNNNNNNNNNNNNNNNNNNN	TRAV26-2*00(948.8)		TRAJ3*00(470.5)		791|809|826|0|18||180.0		27|51|82|23|47|SG31A|211.0		TGCATCCTGAGAGACGTCCAGGGAGCAATGCTTCCAAGATAATCTTT	45	CILRDVQG_NASKIIF	:::::::::0:3:18:::::23:-7:47:::
641	628.0	2.4689591292908976E-4	2	2.3097355352812103E-4	TGTGCTGTTTACCGGCACTGCCAGTAAACTCACCTTT	[[[[[[[[[[[[[[[[[[[[[[[[[[[[[[[[[[[[[	TRAV36/DV7*00(599.9)		TRAJ44*00(589.4)		500|508|533|0|8||80.0		24|52|83|9|37||280.0		TGTGCTGTTTACCGGCACTGCCAGTAAACTCACCTTT	58	CAVYRH_ASKLTF	:::::::::0:-5:8:::::9:-4:37:::
771	627.0	2.465027665709224E-4	2	2.3097355352812103E-4	TGTGCCGTCGACTATAACAATGACATGCGCTTT	[[[[[[[[[[[[[[[[[[[[[[[[[[[[[[[[[	TRAV12-2*00(686.3)		TRAJ43*00(500.9)		551|559|584|0|8||80.0		20|43|74|10|33|SA22T|201.0		TGTGCCGTCGACTATAACAATGACATGCGCTTT	58	CAVDYNNDMRF	:::::::::0:-5:8:::::10:0:33:::
2960	626.0	2.4610962021275507E-4	1	1.1548677676406051E-4	TGTGCTCTAACTCCAGGAGGAGGTGCTGACGGACTCACCTTT	NNNNNNNNNNNNNNNNNNNNNNNNNNNNNNNNNNNNNNNNNN	TRAV16*00(744.6)		TRAJ45*00(579.2)		449|459|483|0|10||100.0		26|55|86|13|42||290.0		TGTGCTCTAACTCCAGGAGGAGGTGCTGACGGACTCACCTTT	45	CALTPGGGADGLTF	:::::::::0:-4:10:::::13:-6:42:::
3491	625.0	2.457164738545877E-4	1	1.1548677676406051E-4	TGTGCTGTGGTCCCCCTATGGGAACAACAGACTCGCTTTT	NNNNNNNNNNNNNNNNNNNNNNNNNNNNNNNNNNNNNNNN	TRAV2*00(817)		TRAJ7*00(516)		519|529|553|0|10||100.0		23|48|79|15|40||250.0		TGTGCTGTGGTCCCCCTATGGGAACAACAGACTCGCTTTT	45	CAVVPLW_NNRLAF	:::::::::0:-4:10:::::15:-3:40:::
4207	625.0	2.457164738545877E-4	1	1.1548677676406051E-4	TGTGCTGTGAGACCTTATGGTCAGAATTTTGTCTTT	NNNNNNNNNNNNNNNNNNNNNNNNNNNNNNNNNNNN	TRAV1-2*00(679.7)		TRAJ26*00(499.7)		620|632|654|0|12||120.0		28|49|80|15|36||210.0		TGTGCTGTGAGACCTTATGGTCAGAATTTTGTCTTT	45	CAVRPYGQNFVF	:::::::::0:-2:12:::::15:-8:36:::
643	624.0	2.453233274964204E-4	2	2.3097355352812103E-4	TGTGCTGTCCGACGGAACACAGGCTTTCAGAAACTTGTATTT	[[[[[[[[[[[[[[[[[[[[[[[[[[[[[[[[[[[[[[[[[[	TRAV8-3*00(585.4)		TRAJ8*00(569.8)		455|463|489|0|8||80.0		21|49|80|14|42||280.0		TGTGCTGTCCGACGGAACACAGGCTTTCAGAAACTTGTATTT	58	CAVRRNTGFQKLVF	:::::::::0:-6:8:::::14:-1:42:::
6483	623.0	2.449301811382531E-4	1	1.1548677676406051E-4	TGTGCCGCTAACCAGTTCTATTTT	NNNNNNNNNNNNNNNNNNNNNNNN	TRAV12-2*00(860)		TRAJ49*00(470.6)		551|557|584|0|6||70.0		27|45|76|6|24|SG28C|171.0		TGTGCCGCTAACCAGTTCTATTTT	45	CAANQFYF	:::::::::0:-7:6:::::6:-7:24:::
4432	622.0	2.4453703478008573E-4	1	1.1548677676406051E-4	TGTGCTGCCCACATTCAGGGAGCCCAGAAGCTGGTATTT	NNNNNNNNNNNNNNNNNNNNNNNNNNNNNNNNNNNNNNN	TRAV36/DV7*00(560.6)		TRAJ54*00(558.4)		500|507|533|0|7||70.0		22|49|80|12|39||270.0		TGTGCTGCCCACATTCAGGGAGCCCAGAAGCTGGTATTT	45	CAAHIQGAQKLVF	:::::::::0:-6:7:::::12:-2:39:::
4648	622.0	2.4453703478008573E-4	1	1.1548677676406051E-4	TGTGCTGGGCAGCCGTACAATAACAATGACATGCGCTTT	NNNNNNNNNNNNNNNNNNNNNNNNNNNNNNNNNNNNNNN	TRAV35*00(969.7)		TRAJ43*00(549)		588|601|620|0|13||130.0		18|43|74|14|39||250.0		TGTGCTGGGCAGCCGTACAATAACAATGACATGCGCTTT	45	CAGQPYNNNDMRF	:::::::::0:1:13:::::14:2:39:::
3677	621.0	2.441438884219184E-4	1	1.1548677676406051E-4	TGTGCTGTGGACACGATCTTATAACACCGACAAGCTCATCTTT	NNNNNNNNNNNNNNNNNNNNNNNNNNNNNNNNNNNNNNNNNNN	TRAV8-3*00(619.8)		TRAJ34*00(589.5)		455|465|489|0|10||100.0		18|47|78|14|43||290.0		TGTGCTGTGGACACGATCTTATAACACCGACAAGCTCATCTTT	45	CAVDTIL_NTDKLIF	:::::::::0:-4:10:::::14:2:43:::
17760	621.0	2.441438884219184E-4	1	1.1548677676406051E-4	TGTGCAGCAAGTAACGCCGCTAGCAACTATAAACTGACATTT	NNNNNNNNNNNNNNNNNNNNNNNNNNNNNNNNNNNNNNNNNN	TRAV13-1*00(988.4)		TRAJ53*00(489.4)		511|524|544|0|13||130.0		33|55|86|20|42||220.0		TGTGCAGCAAGTAACGCCGCTAGCAACTATAAACTGACATTT	45	CAASNAASNYKLTF	:::::::::0:0:13:::::20:-13:42:::
18058	621.0	2.441438884219184E-4	1	1.1548677676406051E-4	TGTGCAGCAAGGAAGGGAACCTACAAATACATCTTT	NNNNNNNNNNNNNNNNNNNNNNNNNNNNNNNNNNNN	TRAV29/DV5*00(520.4)		TRAJ40*00(499.5)		529|540|562|0|11||110.0		29|50|81|15|36||210.0		TGTGCAGCAAGGAAGGGAACCTACAAATACATCTTT	45	CAARKGTYKYIF	:::::::::0:-2:11:::::15:-9:36:::
20170	621.0	2.441438884219184E-4	1	1.1548677676406051E-4	TGCGGCACAGAGTTGAGTAGGCTTTGGGAATGTGCTGCATTGC	NNNNNNNNNNNNNNNNNNNNNNNNNNNNNNNNNNNNNNNNNNN	TRAV30*00(489.6)		TRAJ35*00(569.3)		567|579|600|0|12||120.0		22|48|79|17|43||260.0		TGCGGCACAGAGTTGAGTAGGCTTTGGGAATGTGCTGCATTGC	45	CGTELSR_FGNVLHC	:::::::::0:-1:12:::::17:-2:43:::
1350	620.0	2.4375074206375104E-4	2	2.3097355352812103E-4	TGTGCAGAGAATTACGGAGGAGGTGCTGACGGACTCACCTTT	[[[[[[[[[[[[[[[[[[[[[[[[[[[[[[[[[[[[[[[[[[	TRAV13-2*00(569.9)		TRAJ45*00(579.8)		506|518|539|0|12||120.0		28|55|86|15|42||270.0		TGTGCAGAGAATTACGGAGGAGGTGCTGACGGACTCACCTTT	58	CAENYGGGADGLTF	:::::::::0:-1:12:::::15:-8:42:::
20220	620.0	2.4375074206375104E-4	1	1.1548677676406051E-4	TGCATCCTGAGTAAGGGGTACAGCAGTGCTTCCAAGATAATCTTT	NNNNNNNNNNNNNNNNNNNNNNNNNNNNNNNNNNNNNNNNNNNNN	TRAV26-2*00(802.8)		TRAJ3*00(587.4)		791|802|826|0|11||110.0		20|51|82|14|45||310.0		TGCATCCTGAGTAAGGGGTACAGCAGTGCTTCCAAGATAATCTTT	45	CILSKGYSSASKIIF	:::::::::0:-4:11:::::14:0:45:::
778	619.0	2.433575957055837E-4	2	2.3097355352812103E-4	TGTGCCGTGAACCGGGATACAGCACCCTCACCTTT	[[[[[[[[[[[[[[[[[[[[[[[[[[[[[[[[[[[	TRAV12-2*00(845.7)		TRAJ11*00(519.7)		551|563|584|0|12||120.0		28|49|80|14|35||210.0		TGTGCCGTGAACCGGGATACAGCACCCTCACCTTT	58	CAVNRD_STLTF	:::::::::0:-1:12:::::14:-8:35:::
4884	619.0	2.433575957055837E-4	1	1.1548677676406051E-4	TGTGCTACGGACGATCGGGGAGGAGGAAACAAACTCACCTTT	NNNNNNNNNNNNNNNNNNNNNNNNNNNNNNNNNNNNNNNNNN	TRAV17*00(929.4)		TRAJ10*00(549.5)		490|503|523|0|13||130.0		28|53|84|17|42||250.0		TGTGCTACGGACGATCGGGGAGGAGGAAACAAACTCACCTTT	45	CATDDRGGGNKLTF	:::::::::0:0:13:::::17:-8:42:::
1848	618.0	2.4296444934741637E-4	1	1.1548677676406051E-4	TGTGTGGTGAACTCCGGCACTGCCAGTAAACTCACCTTT	NNNNNNNNNNNNNNNNNNNNNNNNNNNNNNNNNNNNNNN	TRAV12-1*00(979.5)		TRAJ44*00(539.6)		539|551|572|0|12||120.0		26|52|83|13|39||260.0		TGTGTGGTGAACTCCGGCACTGCCAGTAAACTCACCTTT	45	CVVNSGTASKLTF	:::::::::0:-1:12:::::13:-6:39:::
19034	618.0	2.4296444934741637E-4	1	1.1548677676406051E-4	TGCCTCGTGGGTGACAACCCAGGCAGGAACTGCTCTGATCTTT	NNNNNNNNNNNNNNNNNNNNNNNNNNNNNNNNNNNNNNNNNNN	TRAV4*00(1029.5)		TRAJ15*00(519.6)		768|784|804|0|16||160.0		24|49|80|18|43||250.0		TGCCTCGTGGGTGACAACCCAGGCAGGAACTGCTCTGATCTTT	45	CLVGDNP_AGTALIF	:::::::::0:0:16:::::18:-4:43:::
18559	617.0	2.4257130298924903E-4	1	1.1548677676406051E-4	TGTGCAATGGTACCCCCAGGGACACCGGTAACCAGTTCTATTTT	NNNNNNNNNNNNNNNNNNNNNNNNNNNNNNNNNNNNNNNNNNNN	TRAV12-3*00(948.7)		TRAJ49*00(489.7)		562|571|595|0|9||90.0		22|45|76|21|44||230.0		TGTGCAATGGTACCCCCAGGGACACCGGTAACCAGTTCTATTTT	45	CAMVPPG_TGNQFYF	:::::::::0:-4:9:::::21:-2:44:::
4894	616.0	2.4217815663108168E-4	1	1.1548677676406051E-4	TGTGCTACGGACACCCGAACCACCCCGATACCTATACCGGCACTGCCAGTAAACTCACCTTT	NNNNNNNNNNNNNNNNNNNNNNNNNNNNNNNNNNNNNNNNNNNNNNNNNNNNNNNNNNNNNN	TRAV17*00(919.4)		TRAJ44*00(559.5)		490|502|523|0|12||120.0		23|52|83|33|62||290.0		TGTGCTACGGACACCCGAACCACCCCGATACCTATACCGGCACTGCCAGTAAACTCACCTTT	45	CATDTRTTPI_YTGTASKLTF	:::::::::0:-1:12:::::33:-3:62:::
18276	616.0	2.4217815663108168E-4	1	1.1548677676406051E-4	TGTGCAGGAGCGAGGTCAGGAGGAGGTGCTGACGGACTCACCTTT	NNNNNNNNNNNNNNNNNNNNNNNNNNNNNNNNNNNNNNNNNNNNN	TRAV27*00(652.4)		TRAJ45*00(609.9)		552|563|582|0|11||110.0		25|55|86|15|45||300.0		TGTGCAGGAGCGAGGTCAGGAGGAGGTGCTGACGGACTCACCTTT	45	CAGARSGGGADGLTF	:::::::::0:1:11:::::15:-5:45:::
4047	615.0	2.4178501027291433E-4	1	1.1548677676406051E-4	TGTGCTGTGAGTGAAGGGAATTCAGGATACAGCACCCTCACCTTT	NNNNNNNNNNNNNNNNNNNNNNNNNNNNNNNNNNNNNNNNNNNNN	TRAV8-4*00(655.7)		TRAJ11*00(589.5)		476|490|510|0|14||140.0		21|49|80|17|45||280.0		TGTGCTGTGAGTGAAGGGAATTCAGGATACAGCACCCTCACCTTT	45	CAVSEGNSGYSTLTF	:::::::::0:0:14:::::17:-1:45:::
693	614.0	2.41391863914747E-4	2	2.3097355352812103E-4	TGTGCTGCCATGGATAGCAACTATCAGTTAATCTGG	[[[[[[[[[[[[[[[[[[[[[[[[[[[[[[[[[[[[	TRAV1-2*00(629.7)		TRAJ33*00(579.4)		620|627|654|0|7||70.0		17|46|77|7|36||290.0		TGTGCTGCCATGGATAGCAACTATCAGTTAATCTGG	58	CAAMDSNYQLIW	:::::::::0:-7:7:::::7:3:36:::
2373	614.0	2.41391863914747E-4	1	1.1548677676406051E-4	TGTGCTCTTGGGGAACTGACTGGAATTCCGGGTATGCACTCAACTTC	NNNNNNNNNNNNNNNNNNNNNNNNNNNNNNNNNNNNNNNNNNNNNNN	TRDV1*00(1039)		TRAJ41*00(459.7)		573|590|610|0|17||170.0		27|51|82|23|47||240.0		TGTGCTCTTGGGGAACTGACTGGAATTCCGGGTATGCACTCAACTTC	45	CALGELTG_SGYALNF	:::::::::0:0:17:::::23:-7:47:::
4389	613.0	2.4099871755657966E-4	1	1.1548677676406051E-4	TGTGCTGCTTAAATTTCTTCTGGTTCTGCAAGGCAACTGACCTTT	NNNNNNNNNNNNNNNNNNNNNNNNNNNNNNNNNNNNNNNNNNNNN	TRAV2*00(968.5)		TRAJ22*00(619.3)		519|526|553|0|7||70.0		17|52|83|10|45||350.0		TGTGCTGCTTAAATTTCTTCTGGTTCTGCAAGGCAACTGACCTTT	45	CAA*ISSGSARQLTF	:::::::::0:-7:7:::::10:3:45:::
17309	613.0	2.4099871755657966E-4	1	1.1548677676406051E-4	TGTGCCAAAAGTCGGGCTGGGAGTTACCAACTCACTTTC	NNNNNNNNNNNNNNNNNNNNNNNNNNNNNNNNNNNNNNN	TRAV36/DV7*00(569.4)		TRAJ28*00(549.4)		500|505|533|0|5||50.0		29|55|86|13|39||260.0		TGTGCCAAAAGTCGGGCTGGGAGTTACCAACTCACTTTC	45	CAKSRAGSYQLTF	:::::::::0:-8:5:::::13:-9:39:::
603	612.0	2.4060557119841232E-4	2	2.3097355352812103E-4	TGTGTGGTGAGCGCGATAGGGATGCAGGCAACATGCTCACCTTT	[[[[[[[[[[[[[[[[[[[[[[[[[[[[[[[[[[[[[[[[[[[[	TRAV10*00(1055.3)		TRAJ39*00(500)		575|590|608|0|15||150.0		29|52|83|21|44||230.0		TGTGTGGTGAGCGCGATAGGGATGCAGGCAACATGCTCACCTTT	58	CVVSAIG_AGNMLTF	:::::::::0:2:15:::::21:-9:44:::
2628	612.0	2.4060557119841232E-4	1	1.1548677676406051E-4	TGTGCTCTGAGTGGGCCGACCTCAGGAACCTACAAATACATCTTT	NNNNNNNNNNNNNNNNNNNNNNNNNNNNNNNNNNNNNNNNNNNNN	TRAV19*00(739.7)		TRAJ40*00(559.5)		556|569|593|0|13||130.0		23|50|81|18|45||270.0		TGTGCTCTGAGTGGGCCGACCTCAGGAACCTACAAATACATCTTT	45	CALSGPTSGTYKYIF	:::::::::0:-4:13:::::18:-3:45:::
2568	611.0	2.4021242484024497E-4	1	1.1548677676406051E-4	TGTGCTCTGACGGATAACAATGCCAGACTCATGTTT	NNNNNNNNNNNNNNNNNNNNNNNNNNNNNNNNNNNN	TRAV9-2*00(709.1)		TRAJ31*00(529.6)		480|490|514|0|10||100.0		23|46|77|13|36||230.0		TGTGCTCTGACGGATAACAATGCCAGACTCATGTTT	45	CALTDNNARLMF	:::::::::0:-4:10:::::13:-3:36:::
3813	611.0	2.4021242484024497E-4	1	1.1548677676406051E-4	TGTGCTGTGACCCTTTATAACCAGGGAGGAAAGCTTATCTTC	NNNNNNNNNNNNNNNNNNNNNNNNNNNNNNNNNNNNNNNNNN	TRAV8-4*00(649.5)		TRAJ23*00(599.1)		476|486|510|0|10||100.0		23|52|83|13|42||290.0		TGTGCTGTGACCCTTTATAACCAGGGAGGAAAGCTTATCTTC	45	CAVTLYNQGGKLIF	:::::::::0:-4:10:::::13:-3:42:::
18604	611.0	2.4021242484024497E-4	1	1.1548677676406051E-4	TGTGCAATGAGCTATAATGCAGGCAACATGCTCACCTTT	NNNNNNNNNNNNNNNNNNNNNNNNNNNNNNNNNNNNNNN	TRAV12-3*00(841.8)		TRAJ39*00(548.6)		562|574|595|0|12||120.0		26|52|83|13|39||260.0		TGTGCAATGAGCTATAATGCAGGCAACATGCTCACCTTT	45	CAMSYNAGNMLTF	:::::::::0:-1:12:::::13:-6:39:::
672	609.0	2.394261321239103E-4	2	2.3097355352812103E-4	TGTGCTGTGACCATCCACAGCACCCTCACCTTT	[[[[[[[[[[[[[[[[[[[[[[[[[[[[[[[[[	TRAV8-4*00(626.8)		TRAJ11*00(479.7)		476|486|510|0|10||100.0		32|49|80|16|33||170.0		TGTGCTGTGACCATCCACAGCACCCTCACCTTT	58	CAVTIHSTLTF	:::::::::0:-4:10:::::16:-12:33:::
3549	609.0	2.394261321239103E-4	1	1.1548677676406051E-4	TGTGCTGTGGGTCCATTATGTATTCAGGAGGAGGTGCTGACGGACTCACCTTT	NNNNNNNNNNNNNNNNNNNNNNNNNNNNNNNNNNNNNNNNNNNNNNNNNNNNN	TRAV8-3*00(639.8)		TRAJ45*00(669.9)		455|467|489|0|12||120.0		19|55|86|17|53||360.0		TGTGCTGTGGGTCCATTATGTATTCAGGAGGAGGTGCTGACGGACTCACCTTT	45	CAVGPLCIQ_GGADGLTF	:::::::::0:-2:12:::::17:1:53:::
3780	609.0	2.394261321239103E-4	1	1.1548677676406051E-4	TGTGCTGTGGAAAAAGCTGCAGGCAACAAGCTAACTTTT	NNNNNNNNNNNNNNNNNNNNNNNNNNNNNNNNNNNNNNN	TRAV2*00(1009.4)		TRAJ17*00(529.7)		519|530|553|0|11||110.0		25|52|83|12|39||270.0		TGTGCTGTGGAAAAAGCTGCAGGCAACAAGCTAACTTTT	45	CAVEKAAGNKLTF	:::::::::0:-3:11:::::12:-5:39:::
3040	608.0	2.3903298576574296E-4	1	1.1548677676406051E-4	TGTGCTCCTCAATGAATTCAGGATACAGCACCCTCACCTTT	NNNNNNNNNNNNNNNNNNNNNNNNNNNNNNNNNNNNNNNNN	TRAV9-2*00(679.7)		TRAJ11*00(609.4)		480|487|514|0|7||70.0		19|49|80|11|41||300.0		TGTGCTCCTCAATGAATTCAGGATACAGCACCCTCACCTTT	45	CAPQ*IQ_YSTLTF	:::::::::0:-7:7:::::11:1:41:::
6524	608.0	2.3903298576574296E-4	1	1.1548677676406051E-4	TGTGCCGCAAACAATAATGCAGGCAACATGCTCACCTTT	NNNNNNNNNNNNNNNNNNNNNNNNNNNNNNNNNNNNNNN	TRAV12-2*00(922.3)		TRAJ39*00(549.2)		551|562|584|0|11|ST558CSG559A|72.0		24|52|83|11|39|ST24C|271.0		TGTGCCGCAAACAATAATGCAGGCAACATGCTCACCTTT	45	CAANNNAGNMLTF	:::::::::0:-2:11:::::11:-4:39:::
683	607.0	2.386398394075756E-4	2	2.3097355352812103E-4	TGTGCTGTGAGCCGCACCGGTAACCAGTTCTATTTT	[[[[[[[[[[[[[[[[[[[[[[[[[[[[[[[[[[[[	TRAV8-4*00(638.3)		TRAJ49*00(519.6)		476|487|510|0|11||110.0		23|45|76|14|36||220.0		TGTGCTGTGAGCCGCACCGGTAACCAGTTCTATTTT	58	CAVSRTGNQFYF	:::::::::0:-3:11:::::14:-3:36:::
772	607.0	2.386398394075756E-4	2	2.3097355352812103E-4	TGTGCCGTGGGATTTTGCATCAGGAGGAAGCTACATACCTACATTT	[[[[[[[[[[[[[[[[[[[[[[[[[[[[[[[[[[[[[[[[[[[[[[	TRAV12-2*00(460.7),TRAV12-3*00(449.1)		TRAJ6*00(619.4)		551|560|584|0|9||90.0;562|567|595|0|5||50.0		20|51|82|15|46||310.0		TGTGCCGTGGGATTTTGCATCAGGAGGAAGCTACATACCTACATTT	58	CAVGFCIR_GSYIPTF	:::::::::0:-4:9:::::15:0:46:::
2691	607.0	2.386398394075756E-4	1	1.1548677676406051E-4	TGTGCTCTGAGTGAGTTGGGAACAGGAGGAAGCTACATACCTACATTT	NNNNNNNNNNNNNNNNNNNNNNNNNNNNNNNNNNNNNNNNNNNNNNNN	TRAV19*00(749.7)		TRAJ6*00(569.6)		556|571|593|0|15||150.0		25|51|82|22|48||260.0		TGTGCTCTGAGTGAGTTGGGAACAGGAGGAAGCTACATACCTACATTT	45	CALSELGTGGSYIPTF	:::::::::0:-2:15:::::22:-5:48:::
3977	607.0	2.386398394075756E-4	1	1.1548677676406051E-4	TGTGCTGTGAGTGATCAAGGGCGCCAGGCAGGAACTGCTCTGATCTTT	NNNNNNNNNNNNNNNNNNNNNNNNNNNNNNNNNNNNNNNNNNNNNNNN	TRAV8-6*00(741.2)		TRAJ15*00(473.6)		448|465|482|0|17||170.0		24|49|80|23|48||250.0		TGTGCTGTGAGTGATCAAGGGCGCCAGGCAGGAACTGCTCTGATCTTT	45	CAVSDQGRQAGTALIF	:::::::::0:3:17:::::23:-4:48:::
3711	606.0	2.3824669304940826E-4	1	1.1548677676406051E-4	TGTGCTGTGGAGGGTCACTCAAATTCCGGGTATGCACTCAACTTC	NNNNNNNNNNNNNNNNNNNNNNNNNNNNNNNNNNNNNNNNNNNNN	TRAV2*00(1030.2)		TRAJ41*00(509.1)		519|535|553|0|16|SA532G|131.0		22|51|82|16|45||290.0		TGTGCTGTGGAGGGTCACTCAAATTCCGGGTATGCACTCAACTTC	45	CAVEGHSNSGYALNF	:::::::::0:2:16:::::16:-2:45:::
6445	606.0	2.3824669304940826E-4	1	1.1548677676406051E-4	TGTGCCGTGAAGACGAGCAACACAGGCAAACTAATCTTT	NNNNNNNNNNNNNNNNNNNNNNNNNNNNNNNNNNNNNNN	TRAV8-1*00(579.6)		TRAJ37*00(539.8)		474|485|508|0|11||110.0		28|51|82|16|39||230.0		TGTGCCGTGAAGACGAGCAACACAGGCAAACTAATCTTT	45	CAVKTSNTGKLIF	:::::::::0:-3:11:::::16:-8:39:::
17372	605.0	2.3785354669124094E-4	1	1.1548677676406051E-4	TGTGCATCGAGAAGGTTAGGTGGAGGAAGCCAAGGAAATCTCATCTTT	NNNNNNNNNNNNNNNNNNNNNNNNNNNNNNNNNNNNNNNNNNNNNNNN	TRAV12-3*00(919.3)		TRAJ42*00(539.3)		562|568|595|0|6||60.0		27|55|86|20|48||280.0		TGTGCATCGAGAAGGTTAGGTGGAGGAAGCCAAGGAAATCTCATCTTT	45	CASRRLGGGSQGNLIF	:::::::::0:-7:6:::::20:-7:48:::
4343	604.0	2.374604003330736E-4	1	1.1548677676406051E-4	TGTGCTGTGAAGGGGGATACCGGCACTGCCAGTAAACTCACCTTT	NNNNNNNNNNNNNNNNNNNNNNNNNNNNNNNNNNNNNNNNNNNNN	TRAV21*00(976)		TRAJ44*00(510.5)		544|554|576|0|10||100.0		23|52|83|16|45||290.0		TGTGCTGTGAAGGGGGATACCGGCACTGCCAGTAAACTCACCTTT	45	CAVKGDTGTASKLTF	:::::::::0:-2:10:::::16:-3:45:::
4863	604.0	2.374604003330736E-4	1	1.1548677676406051E-4	TGTGCTACGGACGCGGGGGGCAACAACCGTAAGCTGATTTGG	NNNNNNNNNNNNNNNNNNNNNNNNNNNNNNNNNNNNNNNNNN	TRAV17*00(949.4)		TRAJ38*00(540.1)		490|505|523|0|15||150.0		27|51|82|18|42||240.0		TGTGCTACGGACGCGGGGGGCAACAACCGTAAGCTGATTTGG	45	CATDAGGNNRKLIW	:::::::::0:2:15:::::18:-7:42:::
3664	603.0	2.3706725397490625E-4	1	1.1548677676406051E-4	TGTGCTGTGGACTTAATAGTGGAGGTAGCAACTATAAACTGACATTT	NNNNNNNNNNNNNNNNNNNNNNNNNNNNNNNNNNNNNNNNNNNNNNN	TRAV36/DV7*00(629.7)		TRAJ53*00(639.3)		500|511|533|0|11||110.0		22|55|86|14|47||330.0		TGTGCTGTGGACTTAATAGTGGAGGTAGCAACTATAAACTGACATTT	45	CAVDLIVE_SNYKLTF	:::::::::0:-2:11:::::14:-2:47:::
20497	603.0	2.3706725397490625E-4	1	1.1548677676406051E-4	TGCATATAAACGGGGGAATGCAGGCAACATGCTCACCTTT	NNNNNNNNNNNNNNNNNNNNNNNNNNNNNNNNNNNNNNNN	TRAV26-2*00(819.6)		TRAJ39*00(549.6)		791|796|826|0|5||50.0		28|52|83|16|40||240.0		TGCATATAAACGGGGGAATGCAGGCAACATGCTCACCTTT	45	CI*TGEC_GNMLTF	:::::::::0:-10:5:::::16:-8:40:::
3918	601.0	2.3628096125857158E-4	1	1.1548677676406051E-4	TGTGCTGTGAGTGGGGCTACTAGCAACACAGGCAAACTAATCTTT	NNNNNNNNNNNNNNNNNNNNNNNNNNNNNNNNNNNNNNNNNNNNN	TRAV8-4*00(679.6)		TRAJ37*00(539.1)		476|489|510|0|13||130.0		25|51|82|19|45|SG27A|231.0		TGTGCTGTGAGTGGGGCTACTAGCAACACAGGCAAACTAATCTTT	45	CAVSGATSNTGKLIF	:::::::::0:-1:13:::::19:-5:45:::
677	600.0	2.3588781490040424E-4	2	2.3097355352812103E-4	TGTGCTGTGAGTGGCGGAGGAGTTGGTAGAGCCCAGAAGCTGGTATTT	[[[[[[[[[[[[[[[[[[[[[[[[[[[[[[[[[[[[[[[[[[[[[[[[	TRAV8-4*00(669.9)		TRAJ54*00(489.8)		476|489|510|0|13||130.0		29|49|80|28|48||200.0		TGTGCTGTGAGTGGCGGAGGAGTTGGTAGAGCCCAGAAGCTGGTATTT	58	CAVSGGGVGRAQKLVF	:::::::::0:-1:13:::::28:-9:48:::
6164	600.0	2.3588781490040424E-4	1	1.1548677676406051E-4	TGTGCCGTGTTACCTCCAGGGATAACCAGTTCTATTTT	NNNNNNNNNNNNNNNNNNNNNNNNNNNNNNNNNNNNNN	TRAV12-2*00(926.9)		TRAJ49*00(449.2)		551|560|584|0|9||90.0		29|45|76|22|38||160.0		TGTGCCGTGTTACCTCCAGGGATAACCAGTTCTATTTT	45	CAVLPP_DNQFYF	:::::::::0:-4:9:::::22:-9:38:::
6579	600.0	2.3588781490040424E-4	1	1.1548677676406051E-4	TGTGCCGAGAGAGATGACAAGATCATCTTT	NNNNNNNNNNNNNNNNNNNNNNNNNNNNNN	TRAV12-2*00(869.1)		TRAJ30*00(519.9)		551|561|584|0|10|ST558A|71.0		26|46|77|10|30||210.0		TGTGCCGAGAGAGATGACAAGATCATCTTT	45	CAERDDKIIF	:::::::::0:-3:10:::::10:-6:30:::
18586	600.0	2.3588781490040424E-4	1	1.1548677676406051E-4	TGTGCAATGACGGGCTTTGGGAATGTGCTGCATTGC	NNNNNNNNNNNNNNNNNNNNNNNNNNNNNNNNNNNN	TRAV12-3*00(959.3)		TRAJ35*00(539.3)		562|572|595|0|10||100.0		24|48|79|12|36||240.0		TGTGCAATGACGGGCTTTGGGAATGTGCTGCATTGC	45	CAMTGFGNVLHC	:::::::::0:-3:10:::::12:-4:36:::
1874	599.0	2.354946685422369E-4	1	1.1548677676406051E-4	TGTGTGGTGAACCGGGACACGGGCAGGAGAGCACTTACTTTT	NNNNNNNNNNNNNNNNNNNNNNNNNNNNNNNNNNNNNNNNNN	TRAV12-1*00(960.8)		TRAJ5*00(539.4)		539|551|572|0|12||120.0		21|49|80|14|42||280.0		TGTGTGGTGAACCGGGACACGGGCAGGAGAGCACTTACTTTT	45	CVVNRDTGRRALTF	:::::::::0:-1:12:::::14:-1:42:::
3096	599.0	2.354946685422369E-4	1	1.1548677676406051E-4	TGTGCTCCGGTTTATAACCAGGGAGGAAAGCTTATCTTC	NNNNNNNNNNNNNNNNNNNNNNNNNNNNNNNNNNNNNNN	TRAV17*00(870.2)		TRAJ23*00(560.5)		490|500|523|0|10|SA496C|71.0		23|52|83|10|39||290.0		TGTGCTCCGGTTTATAACCAGGGAGGAAAGCTTATCTTC	45	CAPVYNQGGKLIF	:::::::::0:-3:10:::::10:-3:39:::
6315	599.0	2.354946685422369E-4	1	1.1548677676406051E-4	TGTGCCGTGAGCGGGTCCAACTTCAACAAATTTTACTTT	NNNNNNNNNNNNNNNNNNNNNNNNNNNNNNNNNNNNNNN	TRAV8-1*00(569.7)		TRAJ21*00(529.5)		474|484|508|0|10||100.0		22|44|75|17|39||220.0		TGTGCCGTGAGCGGGTCCAACTTCAACAAATTTTACTTT	45	CAVSGSNFNKFYF	:::::::::0:-4:10:::::17:-2:39:::
6550	598.0	2.3510152218406954E-4	1	1.1548677676406051E-4	TGTGCCGGGGGGTGGGGAGCTGCAGGCAACAAGCTAACTTTT	NNNNNNNNNNNNNNNNNNNNNNNNNNNNNNNNNNNNNNNNNN	TRAV12-2*00(928.4)		TRAJ17*00(509.6)		551|558|584|0|7||70.0		27|52|83|17|42||250.0		TGTGCCGGGGGGTGGGGAGCTGCAGGCAACAAGCTAACTTTT	45	CAGGWGAAGNKLTF	:::::::::0:-6:7:::::17:-7:42:::
3724	597.0	2.3470837582590222E-4	1	1.1548677676406051E-4	TGTGCTGTGGAGGATTATGAGTGCTGGTGGTACTAGCTATGGAAAGCTGACATTT	NNNNNNNNNNNNNNNNNNNNNNNNNNNNNNNNNNNNNNNNNNNNNNNNNNNNNNN	TRAV36/DV7*00(649.4)		TRAJ52*00(639.4)		500|513|533|0|13||130.0		24|58|89|21|55||340.0		TGTGCTGTGGAGGATTATGAGTGCTGGTGGTACTAGCTATGGAAAGCTGACATTT	45	CAVEDYECW_GTSYGKLTF	:::::::::0:0:13:::::21:-4:55:::
4158	597.0	2.3470837582590222E-4	1	1.1548677676406051E-4	TGTGCTGTGAGGGGTGGAGGAAGCCAAGGAAATCTCATCTTT	NNNNNNNNNNNNNNNNNNNNNNNNNNNNNNNNNNNNNNNNNN	TRAV8-4*00(659.3)		TRAJ42*00(579.7)		476|487|510|0|11||110.0		27|55|86|14|42||280.0		TGTGCTGTGAGGGGTGGAGGAAGCCAAGGAAATCTCATCTTT	45	CAVRGGGSQGNLIF	:::::::::0:-3:11:::::14:-7:42:::
684	595.0	2.3392208310956753E-4	2	2.3097355352812103E-4	TGTGCTGTGAGCGATAACCAGGGAGGAAAGCTTATCTTC	[[[[[[[[[[[[[[[[[[[[[[[[[[[[[[[[[[[[[[[	TRAV1-2*00(680.6)		TRAJ23*00(533)		620|634|654|0|14|SA631C|121.0		27|52|83|14|39||260.0		TGTGCTGTGAGCGATAACCAGGGAGGAAAGCTTATCTTC	58	CAVSDNQGGKLIF	:::::::::0:0:14:::::14:-7:39:::
2724	595.0	2.3392208310956753E-4	1	1.1548677676406051E-4	TGTGCTCTGAGTGAGGCGCCAACGACTACAAGCTCAGCTTT	NNNNNNNNNNNNNNNNNNNNNNNNNNNNNNNNNNNNNNNNN	TRAV19*00(809.2)		TRAJ20*00(511.3)		556|576|593|0|20||200.0		25|46|77|20|41||210.0		TGTGCTCTGAGTGAGGCGCCAACGACTACAAGCTCAGCTTT	45	CALSEAP_DYKLSF	:::::::::0:3:20:::::20:-5:41:::
4208	595.0	2.3392208310956753E-4	1	1.1548677676406051E-4	TGTGCTGTGAGACCTGGAAACAAGCTGGTCTTT	NNNNNNNNNNNNNNNNNNNNNNNNNNNNNNNNN	TRAV2*00(879)		TRAJ47*00(463.1)		519|528|553|0|9||90.0		27|46|77|14|33|SA36G|161.0		TGTGCTGTGAGACCTGGAAACAAGCTGGTCTTT	45	CAVRPGNKLVF	:::::::::0:-5:9:::::14:-7:33:::
6199	595.0	2.3392208310956753E-4	1	1.1548677676406051E-4	TGTGCCGTGGCCCGAGGCGTTTAAATACCGGCACTGCCAGTAAACTCACCTTT	NNNNNNNNNNNNNNNNNNNNNNNNNNNNNNNNNNNNNNNNNNNNNNNNNNNNN	TRAV39*00(719.7)		TRAJ44*00(627.8)		507|517|540|0|10||100.0		20|52|83|21|53||320.0		TGTGCCGTGGCCCGAGGCGTTTAAATACCGGCACTGCCAGTAAACTCACCTTT	45	CAVARGV*I_GTASKLTF	:::::::::0:-3:10:::::21:0:53:::
4779	594.0	2.3352893675140018E-4	1	1.1548677676406051E-4	TGTGCTACGTTAACCTTTAATGCTGGTGGTACTAGCTATGGAAAGCTGACATTT	NNNNNNNNNNNNNNNNNNNNNNNNNNNNNNNNNNNNNNNNNNNNNNNNNNNNNN	TRAV17*00(889.5)		TRAJ52*00(629.6)		490|499|523|0|9||90.0		21|58|89|17|54||370.0		TGTGCTACGTTAACCTTTAATGCTGGTGGTACTAGCTATGGAAAGCTGACATTT	45	CATLTFNAGGTSYGKLTF	:::::::::0:-4:9:::::17:-1:54:::
1800	593.0	2.3313579039323286E-4	1	1.1548677676406051E-4	TGTGTGGTGAGCGCGATATGGGCTGGGAGTTACCAACTCACTTTC	NNNNNNNNNNNNNNNNNNNNNNNNNNNNNNNNNNNNNNNNNNNNN	TRAV10*00(1058.8)		TRAJ28*00(509.3)		575|590|608|0|15||150.0		29|55|86|19|45||260.0		TGTGTGGTGAGCGCGATATGGGCTGGGAGTTACCAACTCACTTTC	45	CVVSAIWAGSYQLTF	:::::::::0:2:15:::::19:-9:45:::
2524	593.0	2.3313579039323286E-4	1	1.1548677676406051E-4	TGTGCTCTGATTCTATATACTGGAGGCTTCAAAACTATCTTT	NNNNNNNNNNNNNNNNNNNNNNNNNNNNNNNNNNNNNNNNNN	TRAV9-2*00(709.5)		TRAJ9*00(559.7)		480|490|514|0|10||100.0		24|50|81|16|42||260.0		TGTGCTCTGATTCTATATACTGGAGGCTTCAAAACTATCTTT	45	CALILYTGGFKTIF	:::::::::0:-4:10:::::16:-4:42:::
18292	593.0	2.3313579039323286E-4	1	1.1548677676406051E-4	TGTGCAGGAGACCAATGCAGGCAAATCAACCTTT	NNNNNNNNNNNNNNNNNNNNNNNNNNNNNNNNNN	TRAV27*00(628.4)		TRAJ27*00(529.6)		552|562|582|0|10||100.0		24|48|79|10|34||240.0		TGTGCAGGAGACCAATGCAGGCAAATCAACCTTT	45	CAGDQC_GKSTF	:::::::::0:0:10:::::10:-4:34:::
19180	593.0	2.3313579039323286E-4	1	1.1548677676406051E-4	TGCGCCCCAGATCAAACTGGGGCAAACAACCTCTTCTTT	NNNNNNNNNNNNNNNNNNNNNNNNNNNNNNNNNNNNNNN	TRAV1-1*00(620.8)		TRAJ36*00(609.6)		670|675|704|0|5||50.0		18|48|79|9|39||300.0		TGCGCCCCAGATCAAACTGGGGCAAACAACCTCTTCTTT	45	CAPDQTGANNLFF	:::::::::0:-9:5:::::9:2:39:::
17380	592.0	2.3274264403506551E-4	1	1.1548677676406051E-4	TGTGCACTGGATTCTGGGGGTTACCAGAAAGTTACCTTT	NNNNNNNNNNNNNNNNNNNNNNNNNNNNNNNNNNNNNNN	TRAV12-3*00(600.8)		TRAJ13*00(577.1)		562|570|595|0|8|SA568C|61.0		21|52|83|8|39|SA22G|291.0		TGTGCACTGGATTCTGGGGGTTACCAGAAAGTTACCTTT	45	CALDSGGYQKVTF	:::::::::0:-5:8:::::8:-1:39:::
18877	592.0	2.3274264403506551E-4	1	1.1548677676406051E-4	TGTGGCACAGACGGCCTCAGGAACCTACAAATACATCTTT	NNNNNNNNNNNNNNNNNNNNNNNNNNNNNNNNNNNNNNNN	TRAV30*00(450.9)		TRAJ40*00(549.6)		567|578|600|0|11|SC569T|81.0		24|50|81|14|40||260.0		TGTGGCACAGACGGCCTCAGGAACCTACAAATACATCTTT	45	CGTDGLR_TYKYIF	:::::::::0:-2:11:::::14:-4:40:::
6208	591.0	2.3234949767689817E-4	1	1.1548677676406051E-4	TGTGCCGTGGCACTCTATAACCAGGGAGGAAAGCTTATCTTC	NNNNNNNNNNNNNNNNNNNNNNNNNNNNNNNNNNNNNNNNNN	TRAV39*00(739.2)		TRAJ23*00(579.3)		507|517|540|0|10||100.0		25|52|83|15|42||270.0		TGTGCCGTGGCACTCTATAACCAGGGAGGAAAGCTTATCTTC	45	CAVALYNQGGKLIF	:::::::::0:-3:10:::::15:-5:42:::
20239	591.0	2.3234949767689817E-4	1	1.1548677676406051E-4	TGCATCCTGAGAGTCCCAACTTCGAACACCGGTAACCAGTTCTATTTT	NNNNNNNNNNNNNNNNNNNNNNNNNNNNNNNNNNNNNNNNNNNNNNNN	TRAV26-2*00(899.3)		TRAJ49*00(539.7)		791|804|826|0|13||130.0		17|45|76|20|48||280.0		TGCATCCTGAGAGTCCCAACTTCGAACACCGGTAACCAGTTCTATTTT	45	CILRVPTSNTGNQFYF	:::::::::0:-2:13:::::20:3:48:::
1364	590.0	2.3195635131873082E-4	2	2.3097355352812103E-4	TGCGCTGTGAGAGCACCGATGGATAGCAGCTATAAATTGATCTTC	[[[[[[[[[[[[[[[[[[[[[[[[[[[[[[[[[[[[[[[[[[[[[	TRAV1-1*00(700.3)		TRAJ12*00(549.4)		670|683|704|0|13||130.0		21|49|80|17|45||280.0		TGCGCTGTGAGAGCACCGATGGATAGCAGCTATAAATTGATCTTC	58	CAVRAPMDSSYKLIF	:::::::::0:-1:13:::::17:-1:45:::
609	589.0	2.315632049605635E-4	2	2.3097355352812103E-4	TGTGTGGTGAACGGGGCATCGGCAATGACATGCGCTTT	[[[[[[[[[[[[[[[[[[[[[[[[[[[[[[[[[[[[[[	TRAV12-1*00(749.5)		TRAJ43*00(454.7)		539|551|572|0|12||120.0		27|43|74|22|38||160.0		TGTGTGGTGAACGGGGCATCGGCAATGACATGCGCTTT	58	CVVNGA_GNDMRF	:::::::::0:-1:12:::::22:-7:38:::
4626	589.0	2.315632049605635E-4	1	1.1548677676406051E-4	TGTGCTGGGCAGCTCGGGAACAATGACATGCGCTTT	NNNNNNNNNNNNNNNNNNNNNNNNNNNNNNNNNNNN	TRAV35*00(979.7)		TRAJ43*00(479.8)		588|602|620|0|14||140.0		25|43|74|18|36||180.0		TGTGCTGGGCAGCTCGGGAACAATGACATGCGCTTT	45	CAGQLGNNDMRF	:::::::::0:2:14:::::18:-5:36:::
6376	589.0	2.315632049605635E-4	1	1.1548677676406051E-4	TGTGCCGTGAACTATAACCAGGGAGGAAAGCTTATCTTC	NNNNNNNNNNNNNNNNNNNNNNNNNNNNNNNNNNNNNNN	TRAV12-2*00(958.8)		TRAJ23*00(549.6)		551|563|584|0|12||120.0		25|52|83|12|39||270.0		TGTGCCGTGAACTATAACCAGGGAGGAAAGCTTATCTTC	45	CAVNYNQGGKLIF	:::::::::0:-1:12:::::12:-5:39:::
17967	589.0	2.315632049605635E-4	1	1.1548677676406051E-4	TGTGCAGCAAGCGAGATTCAGGGAGCCCAGAAGCTGGTATTT	NNNNNNNNNNNNNNNNNNNNNNNNNNNNNNNNNNNNNNNNNN	TRAV29/DV5*00(579.9)		TRAJ54*00(559.4)		529|542|562|0|13||130.0		22|49|80|15|42||270.0		TGTGCAGCAAGCGAGATTCAGGGAGCCCAGAAGCTGGTATTT	45	CAASEIQGAQKLVF	:::::::::0:0:13:::::15:-2:42:::
1326	588.0	2.3117005860239615E-4	2	2.3097355352812103E-4	TGTGCAGTTTCGTACAGCAGTGCTTCCAAGATAATCTTT	[[[[[[[[[[[[[[[[[[[[[[[[[[[[[[[[[[[[[[[	TRAV12-3*00(689.7)		TRAJ3*00(569.6)		562|568|595|0|6||60.0		23|51|82|11|39||280.0		TGTGCAGTTTCGTACAGCAGTGCTTCCAAGATAATCTTT	58	CAVSYSSASKIIF	:::::::::0:-7:6:::::11:-3:39:::
3543	588.0	2.3117005860239615E-4	1	1.1548677676406051E-4	TGTGCTGTGGGTTACATGGAATATAGAAACAAACTGGTCTTT	NNNNNNNNNNNNNNNNNNNNNNNNNNNNNNNNNNNNNNNNNN	TRAV8-3*00(577)		TRAJ47*00(561.2)		455|467|489|0|12||120.0		16|46|77|12|42|SC17ASG28A|252.0		TGTGCTGTGGGTTACATGGAATATAGAAACAAACTGGTCTTT	45	CAVGYMEYRNKLVF	:::::::::0:-2:12:::::12:4:42:::
4817	588.0	2.3117005860239615E-4	1	1.1548677676406051E-4	TGTGCTACGGGCGGTGCTAACGACTACAAGCTCAGCTTT	NNNNNNNNNNNNNNNNNNNNNNNNNNNNNNNNNNNNNNN	TRAV17*00(899.8)		TRAJ20*00(531.2)		490|503|523|0|13|SA500G|101.0		20|46|77|13|39|ST22G|231.0		TGTGCTACGGGCGGTGCTAACGACTACAAGCTCAGCTTT	45	CATGGANDYKLSF	:::::::::0:0:13:::::13:0:39:::
3357	587.0	2.307769122442288E-4	1	1.1548677676406051E-4	TGTGCTGTGTTAAGCAGGAGGAGGTGCTGACGGACTCACCTTT	NNNNNNNNNNNNNNNNNNNNNNNNNNNNNNNNNNNNNNNNNNN	TRAV20*00(499.4)		TRAJ45*00(599.3)		498|507|531|0|9||90.0		26|55|86|14|43||290.0		TGTGCTGTGTTAAGCAGGAGGAGGTGCTGACGGACTCACCTTT	45	CAVLSRR_GADGLTF	:::::::::0:-4:9:::::14:-6:43:::
3560	587.0	2.307769122442288E-4	1	1.1548677676406051E-4	TGTGCTGTGGGTGCCTCGCTTCTAGCAACACAGGCAAACTAATCTTT	NNNNNNNNNNNNNNNNNNNNNNNNNNNNNNNNNNNNNNNNNNNNNNN	TRAV8-3*00(590)		TRAJ37*00(550.7)		455|469|489|0|14||140.0		24|51|82|20|47|SG27A|241.0		TGTGCTGTGGGTGCCTCGCTTCTAGCAACACAGGCAAACTAATCTTT	45	CAVGASLL_NTGKLIF	:::::::::0:0:14:::::20:-4:47:::
4803	587.0	2.307769122442288E-4	1	1.1548677676406051E-4	TGTGCTACGGCCGCTAATAATGCAGGCAACATGCTCACCTTT	NNNNNNNNNNNNNNNNNNNNNNNNNNNNNNNNNNNNNNNNNN	TRAV17*00(910.5)		TRAJ39*00(589.5)		490|504|523|0|14|SA500C|111.0		24|52|83|14|42||280.0		TGTGCTACGGCCGCTAATAATGCAGGCAACATGCTCACCTTT	45	CATAANNAGNMLTF	:::::::::0:1:14:::::14:-4:42:::
17716	587.0	2.307769122442288E-4	1	1.1548677676406051E-4	TGTGCAGCAAGTATGAGGACCAATGCAGGCAAATCAACCTTT	NNNNNNNNNNNNNNNNNNNNNNNNNNNNNNNNNNNNNNNNNN	TRAV13-1*00(999.3)		TRAJ27*00(489.6)		511|525|544|0|14||140.0		24|48|79|18|42||240.0		TGTGCAGCAAGTATGAGGACCAATGCAGGCAAATCAACCTTT	45	CAASMRTNAGKSTF	:::::::::0:1:14:::::18:-4:42:::
18984	587.0	2.307769122442288E-4	1	1.1548677676406051E-4	TGCCTCGTGGGTGTGACTATACGGGGGGAGGAAAGCTTATCTTC	NNNNNNNNNNNNNNNNNNNNNNNNNNNNNNNNNNNNNNNNNNNN	TRAV4*00(999.4)		TRAJ23*00(459.9)		768|781|804|0|13||130.0		33|52|83|25|44||190.0		TGCCTCGTGGGTGTGACTATACGGGGGGAGGAAAGCTTATCTTC	45	CLVGVTI_GGGKLIF	:::::::::0:-3:13:::::25:-13:44:::
1618	586.0	2.3038376588606146E-4	1	1.1548677676406051E-4	TGTGTTGTGAGTGAGCCCAGCAGTGCTTCCAAGATAATCTTT	NNNNNNNNNNNNNNNNNNNNNNNNNNNNNNNNNNNNNNNNNN	TRAV8-2*00(659.3)		TRAJ3*00(550.6)		466|480|500|0|14||140.0		26|51|82|17|42||250.0		TGTGTTGTGAGTGAGCCCAGCAGTGCTTCCAAGATAATCTTT	45	CVVSEPSSASKIIF	:::::::::0:0:14:::::17:-6:42:::
678	585.0	2.2999061952789414E-4	2	2.3097355352812103E-4	TGTGCTGTGAGTGGGGCAAACAACCTCTTCTTT	[[[[[[[[[[[[[[[[[[[[[[[[[[[[[[[[[	TRAV8-4*00(322.2)		TRAJ36*00(529.5)		476|488|510|0|12||130.0		27|48|79|12|33||220.0		TGTGCTGTGAGTGGGGCAAACAACCTCTTCTTT	58	CAVSGANNLFF	:::::::::0:-2:12:::::12:-7:33:::
18719	585.0	2.2999061952789414E-4	1	1.1548677676406051E-4	TGTGCAATGAGAGACTACAAGCTCAGCTTT	NNNNNNNNNNNNNNNNNNNNNNNNNNNNNN	TRAV12-3*00(969.7)		TRAJ20*00(479.4)		562|573|595|0|11||110.0		28|46|77|12|30||180.0		TGTGCAATGAGAGACTACAAGCTCAGCTTT	45	CAMRDYKLSF	:::::::::0:-2:11:::::12:-8:30:::
21369	585.0	2.2999061952789414E-4	1	1.1548677676406051E-4	CCACAATCCGGGATAACTATGGTCAGAATTTTGTCTTT	NNNNNNNNNNNNNNNNNNNNNNNNNNNNNNNNNNNNNN	TRAV25*00(442.5)		TRAJ26*00(599.6)		620|620|649|0|0||0.0		18|49|80|7|38||310.0		CCACAATCCGGGATAACTATGGTCAGAATTTTGTCTTT	45	PQSGIT_GQNFVF	:::::::::0:-9:0:::::7:2:38:::
1334	584.0	2.295974731697268E-4	2	2.3097355352812103E-4	TGTGCAGCAAGTATTGGCGACACAGGCTTTCAGAAACTTGTATTT	[[[[[[[[[[[[[[[[[[[[[[[[[[[[[[[[[[[[[[[[[[[[[	TRAV13-1*00(809.6)		TRAJ8*00(529.8)		511|525|544|0|14||140.0		23|49|80|19|45||260.0		TGTGCAGCAAGTATTGGCGACACAGGCTTTCAGAAACTTGTATTT	58	CAASIGDTGFQKLVF	:::::::::0:1:14:::::19:-3:45:::
20233	584.0	2.295974731697268E-4	1	1.1548677676406051E-4	TGCATCCTGAGATAGAGGGGCTGGTGGTACTAGCTATGGAAAGCTGACATTT	NNNNNNNNNNNNNNNNNNNNNNNNNNNNNNNNNNNNNNNNNNNNNNNNNNNN	TRAV26-2*00(808.9)		TRAJ52*00(600.5)		791|803|826|0|12||120.0		25|58|89|19|52||330.0		TGCATCCTGAGATAGAGGGGCTGGTGGTACTAGCTATGGAAAGCTGACATTT	45	CILR*RGWW_TSYGKLTF	:::::::::0:-3:12:::::19:-5:52:::
3339	583.0	2.2920432681155945E-4	1	1.1548677676406051E-4	TGTGCTGTCAAGGGTACAATGCAGGCAAATCAACCTTT	NNNNNNNNNNNNNNNNNNNNNNNNNNNNNNNNNNNNNN	TRAV41*00(779.6)		TRAJ27*00(509.6)		512|522|544|0|10||100.0		26|48|79|16|38||220.0		TGTGCTGTCAAGGGTACAATGCAGGCAAATCAACCTTT	45	CAVKGT_AGKSTF	:::::::::0:-2:10:::::16:-6:38:::
5967	581.0	2.2841803409522475E-4	1	1.1548677676406051E-4	TGTGCCCTTATGGATAGCAACTATCAGTTAATCTGG	NNNNNNNNNNNNNNNNNNNNNNNNNNNNNNNNNNNN	TRAV17*00(849.6)		TRAJ33*00(559.6)		490|495|523|0|5||50.0		19|46|77|9|36||270.0		TGTGCCCTTATGGATAGCAACTATCAGTTAATCTGG	45	CALMDSNYQLIW	:::::::::0:-8:5:::::9:1:36:::
4559	580.0	2.2802488773705743E-4	1	1.1548677676406051E-4	TGTGCTGGGCTGCCTAATGCTGGCAACAACCGTAAGCTGATTTGG	NNNNNNNNNNNNNNNNNNNNNNNNNNNNNNNNNNNNNNNNNNNNN	TRAV35*00(927.8)		TRAJ38*00(569.4)		588|601|620|0|13|SA598T|101.0		20|51|82|14|45||310.0		TGTGCTGGGCTGCCTAATGCTGGCAACAACCGTAAGCTGATTTGG	45	CAGLPNAGNNRKLIW	:::::::::0:1:13:::::14:0:45:::
2539	579.0	2.2763174137889009E-4	1	1.1548677676406051E-4	TGTGCTCTGATGGGCAGAGCTCATAATTCAGGGAGCCCAGAAGCTGGTATTT	NNNNNNNNNNNNNNNNNNNNNNNNNNNNNNNNNNNNNNNNNNNNNNNNNNNN	TRAV9-2*00(699.7)		TRAJ54*00(589.4)		480|490|514|0|10||100.0		19|49|80|22|52||300.0		TGTGCTCTGATGGGCAGAGCTCATAATTCAGGGAGCCCAGAAGCTGGTATTT	45	CALMGRAHN_QGAQKLVF	:::::::::0:-4:10:::::22:1:52:::
2997	579.0	2.2763174137889009E-4	1	1.1548677676406051E-4	TGTGCTCTAAGCCCCGGGGGTTACCAGAAAGTTACCTTT	NNNNNNNNNNNNNNNNNNNNNNNNNNNNNNNNNNNNNNN	TRAV16*00(979.2)		TRAJ13*00(480.8)		449|460|483|0|11||110.0		28|52|83|15|39||240.0		TGTGCTCTAAGCCCCGGGGGTTACCAGAAAGTTACCTTT	45	CALSPGGYQKVTF	:::::::::0:-3:11:::::15:-8:39:::
17330	579.0	2.2763174137889009E-4	1	1.1548677676406051E-4	TGTGCGCGGGGAAGTGCTGGTGGTACTAGCTATGGAAAGCTGACATTT	NNNNNNNNNNNNNNNNNNNNNNNNNNNNNNNNNNNNNNNNNNNNNNNN	TRAV13-2*00(499.8)		TRAJ52*00(639.6)		506|511|539|0|5||50.0		24|58|89|14|48||340.0		TGTGCGCGGGGAAGTGCTGGTGGTACTAGCTATGGAAAGCTGACATTT	45	CARGSAGGTSYGKLTF	:::::::::0:-8:5:::::14:-4:48:::
20276	579.0	2.2763174137889009E-4	1	1.1548677676406051E-4	TGCATCCTGAGAGACGCCGATAATAATGCAGGCAACATGCTCACCTTT	NNNNNNNNNNNNNNNNNNNNNNNNNNNNNNNNNNNNNNNNNNNNNNNN	TRAV26-2*00(819.7)		TRAJ39*00(574.8)		791|807|826|0|16||160.0		23|52|83|19|48||290.0		TGCATCCTGAGAGACGCCGATAATAATGCAGGCAACATGCTCACCTTT	45	CILRDADNNAGNMLTF	:::::::::0:1:16:::::19:-3:48:::
1858	578.0	2.2723859502072274E-4	1	1.1548677676406051E-4	TGTGTGGTGAACTAATTAATTCAGGATACAGCACCCTCACCTTT	NNNNNNNNNNNNNNNNNNNNNNNNNNNNNNNNNNNNNNNNNNNN	TRAV12-1*00(979.5)		TRAJ11*00(540.6)		539|549|572|0|10||120.0		15|49|80|10|44|ST16CSC18ASG21T|283.0		TGTGTGGTGAACTAATTAATTCAGGATACAGCACCCTCACCTTT	45	CVVN*LI_GYSTLTF	:::::::::0:-3:10:::::10:5:44:::
4408	578.0	2.2723859502072274E-4	1	1.1548677676406051E-4	TGTGCTGCCTCAAAAATCAGGAGGAGGTGCTGACGGACTCACCTTT	NNNNNNNNNNNNNNNNNNNNNNNNNNNNNNNNNNNNNNNNNNNNNN	TRAV41*00(739.4)		TRAJ45*00(609.5)		512|519|544|0|7||70.0		25|55|86|16|46||300.0		TGTGCTGCCTCAAAAATCAGGAGGAGGTGCTGACGGACTCACCTTT	45	CAASKIRR_GADGLTF	:::::::::0:-5:7:::::16:-5:46:::
2380	577.0	2.268454486625554E-4	1	1.1548677676406051E-4	TGTGCTCTTGGGGAACTAGCGATAATGCAGGCAACATGCTCACCTTT	NNNNNNNNNNNNNNNNNNNNNNNNNNNNNNNNNNNNNNNNNNNNNNN	TRDV1*00(1059)		TRAJ39*00(529.7)		573|592|610|0|19||190.0		26|52|83|21|47||260.0		TGTGCTCTTGGGGAACTAGCGATAATGCAGGCAACATGCTCACCTTT	45	CALGELAI_AGNMLTF	:::::::::0:2:19:::::21:-6:47:::
6380	577.0	2.268454486625554E-4	1	1.1548677676406051E-4	TGTGCCGTGAACCTAGCAAATTCAGGAGGAGGTGCTGACGGACTCACCTTT	NNNNNNNNNNNNNNNNNNNNNNNNNNNNNNNNNNNNNNNNNNNNNNNNNNN	TRAV12-2*00(692.6)		TRAJ45*00(614.5)		551|563|584|0|12||120.0		23|55|86|19|51||320.0		TGTGCCGTGAACCTAGCAAATTCAGGAGGAGGTGCTGACGGACTCACCTTT	45	CAVNLANSGGGADGLTF	:::::::::0:-1:12:::::19:-3:51:::
18482	576.0	2.2645230230438807E-4	1	1.1548677676406051E-4	TGTGCAGAGAATATCCATCCCAATGCAGGCAACATGCTCACCTTT	NNNNNNNNNNNNNNNNNNNNNNNNNNNNNNNNNNNNNNNNNNNNN	TRAV13-2*00(589.8)		TRAJ39*00(549.7)		506|520|539|0|14||140.0		28|52|83|21|45||240.0		TGTGCAGAGAATATCCATCCCAATGCAGGCAACATGCTCACCTTT	45	CAENIHPNAGNMLTF	:::::::::0:1:14:::::21:-8:45:::
658	575.0	2.2605915594622072E-4	2	2.3097355352812103E-4	TGTGCTGTGGGGTTTTCAGATGGCCAGAAGCTGCTCTTT	[[[[[[[[[[[[[[[[[[[[[[[[[[[[[[[[[[[[[[[	TRAV1-2*00(649.6)		TRAJ16*00(560.3)		620|629|654|0|9||90.0		20|49|80|10|39||290.0		TGTGCTGTGGGGTTTTCAGATGGCCAGAAGCTGCTCTTT	58	CAVGFSDGQKLLF	:::::::::0:-5:9:::::10:0:39:::
1795	575.0	2.2605915594622072E-4	1	1.1548677676406051E-4	TGTGTGGTGAGCGCGGGTGGGGGTTACCAGAAAGTTACCTTT	NNNNNNNNNNNNNNNNNNNNNNNNNNNNNNNNNNNNNNNNNN	TRAV10*00(1058.3)		TRAJ13*00(509.5)		575|590|608|0|15||150.0		27|52|83|17|42||250.0		TGTGTGGTGAGCGCGGGTGGGGGTTACCAGAAAGTTACCTTT	45	CVVSAGGGYQKVTF	:::::::::0:2:15:::::17:-7:42:::
18724	575.0	2.2605915594622072E-4	1	1.1548677676406051E-4	TGTGCAATGAGAGAGTCTTTAATCAAAGCTGCAGGCAACAAGCTAACTTTT	NNNNNNNNNNNNNNNNNNNNNNNNNNNNNNNNNNNNNNNNNNNNNNNNNNN	TRAV14/DV4*00(786.6)		TRAJ17*00(569.4)		517|532|554|0|15||150.0		22|52|83|21|51||300.0		TGTGCAATGAGAGAGTCTTTAATCAAAGCTGCAGGCAACAAGCTAACTTTT	45	CAMRESLIKAAGNKLTF	:::::::::0:-2:15:::::21:-2:51:::
2143	574.0	2.2566600958805338E-4	1	1.1548677676406051E-4	TGTGCTTCATCAATGCTGGTGGTACTAGCTATGGAAAGCTGACATTT	NNNNNNNNNNNNNNNNNNNNNNNNNNNNNNNNNNNNNNNNNNNNNNN	TRAV17*00(858.8)		TRAJ52*00(590.4)		490|496|523|0|6||60.0		22|58|89|11|47||360.0		TGTGCTTCATCAATGCTGGTGGTACTAGCTATGGAAAGCTGACATTT	45	CASSMLVV_SYGKLTF	:::::::::0:-7:6:::::11:-2:47:::
2577	574.0	2.2566600958805338E-4	1	1.1548677676406051E-4	TGTGCTCTGAGTTCTAACCGGTAACCAGTTCTATTTT	NNNNNNNNNNNNNNNNNNNNNNNNNNNNNNNNNNNNN	TRAV9-2*00(729.1)		TRAJ49*00(509.2)		480|492|514|0|12||120.0		24|45|76|16|37||210.0		TGTGCTCTGAGTTCTAACCGGTAACCAGTTCTATTTT	45	CALSSN_GNQFYF	:::::::::0:-2:12:::::16:-4:37:::
3546	574.0	2.2566600958805338E-4	1	1.1548677676406051E-4	TGTGCTGTGGGTCCCCGGTCTTAATAATGCAGGCAACATGCTCACCTTT	NNNNNNNNNNNNNNNNNNNNNNNNNNNNNNNNNNNNNNNNNNNNNNNNN	TRAV8-3*00(576.7)		TRAJ39*00(589.7)		455|467|489|0|12||120.0		24|52|83|21|49||280.0		TGTGCTGTGGGTCCCCGGTCTTAATAATGCAGGCAACATGCTCACCTTT	45	CAVGPRS*_NAGNMLTF	:::::::::0:-2:12:::::21:-4:49:::
3940	574.0	2.2566600958805338E-4	1	1.1548677676406051E-4	TGTGCTGTGAGTGATCTGGATGGTGGTGCTACAAACAAGCTCATCTTT	NNNNNNNNNNNNNNNNNNNNNNNNNNNNNNNNNNNNNNNNNNNNNNNN	TRAV8-4*00(695)		TRAJ32*00(589.5)		476|492|510|0|16||160.0		26|55|86|19|48||290.0		TGTGCTGTGAGTGATCTGGATGGTGGTGCTACAAACAAGCTCATCTTT	45	CAVSDLDGGATNKLIF	:::::::::0:2:16:::::19:-6:48:::
4833	574.0	2.2566600958805338E-4	1	1.1548677676406051E-4	TGTGCTACGGACTCTGGGGGGTTACCAGAAAGTTACCTTT	NNNNNNNNNNNNNNNNNNNNNNNNNNNNNNNNNNNNNNNN	TRAV17*00(918.9)		TRAJ13*00(480.6)		490|502|523|0|12||120.0		28|52|83|16|40||240.0		TGTGCTACGGACTCTGGGGGGTTACCAGAAAGTTACCTTT	45	CATDSGG_YQKVTF	:::::::::0:-1:12:::::16:-8:40:::
17333	574.0	2.2566600958805338E-4	1	1.1548677676406051E-4	TGTGCGGTCTATTCTGGTTCTGCAAGGCAACTGACCTTT	NNNNNNNNNNNNNNNNNNNNNNNNNNNNNNNNNNNNNNN	TRAV36/DV7*00(570.3)		TRAJ22*00(589.7)		500|508|533|0|8|ST505G|51.0		24|52|83|11|39||280.0		TGTGCGGTCTATTCTGGTTCTGCAAGGCAACTGACCTTT	45	CAVYSGSARQLTF	:::::::::0:-5:8:::::11:-4:39:::
20242	574.0	2.2566600958805338E-4	1	1.1548677676406051E-4	TGCATCCTGAGAGCCCTTATTTTCAGATGGCCAGAAGCTGCTCTTT	NNNNNNNNNNNNNNNNNNNNNNNNNNNNNNNNNNNNNNNNNNNNNN	TRAV26-2*00(726.9)		TRAJ16*00(524.5)		791|804|826|0|13||130.0		22|49|80|19|46||270.0		TGCATCCTGAGAGCCCTTATTTTCAGATGGCCAGAAGCTGCTCTTT	45	CILRALIF_DGQKLLF	:::::::::0:-2:13:::::19:-2:46:::
4245	573.0	2.2527286322988603E-4	1	1.1548677676406051E-4	TGTGCTGTGAGAGATTCCTTAATGCTGGCAACAACCGTAAGCTGATTTGG	NNNNNNNNNNNNNNNNNNNNNNNNNNNNNNNNNNNNNNNNNNNNNNNNNN	TRAV3*00(619.6)		TRAJ38*00(609.6)		437|451|473|0|14||140.0		20|51|82|19|50||310.0		TGTGCTGTGAGAGATTCCTTAATGCTGGCAACAACCGTAAGCTGATTTGG	45	CAVRDSLM_GNNRKLIW	:::::::::0:-2:14:::::19:0:50:::
5702	573.0	2.2527286322988603E-4	1	1.1548677676406051E-4	TGTGCCTCGCCAGACATGCGCTTT	NNNNNNNNNNNNNNNNNNNNNNNN	TRAV24*00(452.9)		TRAJ43*00(419.8)		515|522|545|0|7||70.0		31|43|74|12|24||120.0		TGTGCCTCGCCAGACATGCGCTTT	45	CASPDMRF	:::::::::0:-3:7:::::12:-11:24:::
20354	573.0	2.2527286322988603E-4	1	1.1548677676406051E-4	TGCATCGTCAGGGGCTTCAGGGAGCCCAGAAGCTGGTATTT	NNNNNNNNNNNNNNNNNNNNNNNNNNNNNNNNNNNNNNNNN	TRAV26-1*00(599.6)		TRAJ54*00(549.7)		763|774|799|0|11||110.0		23|49|80|15|41||260.0		TGCATCGTCAGGGGCTTCAGGGAGCCCAGAAGCTGGTATTT	45	CIVRGFR_AQKLVF	:::::::::0:-5:11:::::15:-3:41:::
704	572.0	2.248797168717187E-4	2	2.3097355352812103E-4	TGTGCTATTACATGAATTCAGGATACAGCACCCTCACCTTT	[[[[[[[[[[[[[[[[[[[[[[[[[[[[[[[[[[[[[[[[[	TRAV17*00(869.9)		TRAJ11*00(619.1)		490|497|523|0|7||70.0		18|49|80|10|41||310.0		TGTGCTATTACATGAATTCAGGATACAGCACCCTCACCTTT	58	CAIT*IQ_YSTLTF	:::::::::0:-6:7:::::10:2:41:::
1908	572.0	2.248797168717187E-4	1	1.1548677676406051E-4	TGTGTGGTGAACATCAGGCCCCTACAGGCTGGTCTTT	NNNNNNNNNNNNNNNNNNNNNNNNNNNNNNNNNNNNN	TRAV12-1*00(979.8)		TRAJ47*00(389.8)		539|553|572|0|14||140.0		37|46|77|28|37||90.0		TGTGTGGTGAACATCAGGCCCCTACAGGCTGGTCTTT	45	CVVNIR_PYRLVF	:::::::::0:1:14:::::28:-17:37:::
3350	572.0	2.248797168717187E-4	1	1.1548677676406051E-4	TGTGCTGTGTTCACTAACGACTACAAGCTCAGCTTT	NNNNNNNNNNNNNNNNNNNNNNNNNNNNNNNNNNNN	TRAV1-2*00(649.9)		TRAJ20*00(530.1)		620|629|654|0|9||90.0		23|46|77|13|36||230.0		TGTGCTGTGTTCACTAACGACTACAAGCTCAGCTTT	45	CAVFTNDYKLSF	:::::::::0:-5:9:::::13:-3:36:::
19139	572.0	2.248797168717187E-4	1	1.1548677676406051E-4	TGCGCTGTGAGATCACGCCGTTGCTAGATAACTATGGTCAGAATTTTGTCTTT	NNNNNNNNNNNNNNNNNNNNNNNNNNNNNNNNNNNNNNNNNNNNNNNNNNNNN	TRAV1-1*00(689.6)		TRAJ26*00(569.7)		670|682|704|0|12||120.0		22|49|80|26|53||270.0		TGCGCTGTGAGATCACGCCGTTGCTAGATAACTATGGTCAGAATTTTGTCTTT	45	CAVRSRRC*_NYGQNFVF	:::::::::0:-2:12:::::26:-2:53:::
4734	571.0	2.2448657051355136E-4	1	1.1548677676406051E-4	TGTGCTGGACCCCCGTTGAACAGAGATGACAAGATCATCTTT	NNNNNNNNNNNNNNNNNNNNNNNNNNNNNNNNNNNNNNNNNN	TRAV35*00(659.2)		TRAJ30*00(551.4)		588|596|620|0|8||80.0		20|46|77|16|42||260.0		TGTGCTGGACCCCCGTTGAACAGAGATGACAAGATCATCTTT	45	CAGPPLNRDDKIIF	:::::::::0:-4:8:::::16:0:42:::
6252	571.0	2.2448657051355136E-4	1	1.1548677676406051E-4	TGTGCCGTGGACACGCAGGAGGAGGTGCTGACGGACTCACCTTT	NNNNNNNNNNNNNNNNNNNNNNNNNNNNNNNNNNNNNNNNNNNN	TRAV39*00(769.4)		TRAJ45*00(598.6)		507|520|540|0|13||130.0		26|55|86|15|44||290.0		TGTGCCGTGGACACGCAGGAGGAGGTGCTGACGGACTCACCTTT	45	CAVDTQE_GADGLTF	:::::::::0:0:13:::::15:-6:44:::
1785	570.0	2.2409342415538402E-4	1	1.1548677676406051E-4	TGTGTGGTGAGCGCCCTATCAGGAGGAGGTGCTGACGGACTCACCTTT	NNNNNNNNNNNNNNNNNNNNNNNNNNNNNNNNNNNNNNNNNNNNNNNN	TRAV10*00(699.6)		TRAJ45*00(609.6)		575|592|608|0|17|SG589C|141.0		25|55|86|18|48||300.0		TGTGTGGTGAGCGCCCTATCAGGAGGAGGTGCTGACGGACTCACCTTT	45	CVVSALSGGGADGLTF	:::::::::0:4:17:::::18:-5:48:::
2840	570.0	2.2409342415538402E-4	1	1.1548677676406051E-4	TGTGCTCTGAGGGGCTATGGTGGTGCTACAAACAAGCTCATCTTT	NNNNNNNNNNNNNNNNNNNNNNNNNNNNNNNNNNNNNNNNNNNNN	TRAV9-2*00(719.6)		TRAJ32*00(599.3)		480|491|514|0|11||110.0		25|55|86|15|45||300.0		TGTGCTCTGAGGGGCTATGGTGGTGCTACAAACAAGCTCATCTTT	45	CALRGYGGATNKLIF	:::::::::0:-3:11:::::15:-5:45:::
3719	570.0	2.2409342415538402E-4	1	1.1548677676406051E-4	TGTGCTGTGGAGGGGACCCCGCAATGCAGGCAACATGCTCACCTTT	NNNNNNNNNNNNNNNNNNNNNNNNNNNNNNNNNNNNNNNNNNNNNN	TRAV2*00(1028.7)		TRAJ39*00(509.2)		519|532|553|0|13||130.0		28|52|83|22|46||240.0		TGTGCTGTGGAGGGGACCCCGCAATGCAGGCAACATGCTCACCTTT	45	CAVEGTPQ_AGNMLTF	:::::::::0:-1:13:::::22:-8:46:::
3900	569.0	2.2370027779721667E-4	1	1.1548677676406051E-4	TGTGCTGTGAGTGCGGGTTCTGGGGGTTACCAGAAAGTTACCTTT	NNNNNNNNNNNNNNNNNNNNNNNNNNNNNNNNNNNNNNNNNNNNN	TRAV8-4*00(664.9)		TRAJ13*00(550.2)		476|489|510|0|13||130.0		24|52|83|17|45||280.0		TGTGCTGTGAGTGCGGGTTCTGGGGGTTACCAGAAAGTTACCTTT	45	CAVSAGSGGYQKVTF	:::::::::0:-1:13:::::17:-4:45:::
6176	569.0	2.2370027779721667E-4	1	1.1548677676406051E-4	TGTGCCGTGTGGAAGAACTCAAATTCCGGGTATGCACTCAACTTC	NNNNNNNNNNNNNNNNNNNNNNNNNNNNNNNNNNNNNNNNNNNNN	TRAV12-2*00(610.7)		TRAJ41*00(557.4)		551|560|584|0|9||90.0		20|51|82|14|45||310.0		TGTGCCGTGTGGAAGAACTCAAATTCCGGGTATGCACTCAACTTC	45	CAVWKNSNSGYALNF	:::::::::0:-4:9:::::14:0:45:::
6232	569.0	2.2370027779721667E-4	1	1.1548677676406051E-4	TGTGCCGTGGACGGACCCCTAATGCTGGTGGTACTAGCTATGGAAAGCTGACATTT	NNNNNNNNNNNNNNNNNNNNNNNNNNNNNNNNNNNNNNNNNNNNNNNNNNNNNNNN	TRAV39*00(739.5)		TRAJ52*00(679.2)		507|519|540|0|12||120.0		20|58|89|18|56||380.0		TGTGCCGTGGACGGACCCCTAATGCTGGTGGTACTAGCTATGGAAAGCTGACATTT	45	CAVDGPLML_GTSYGKLTF	:::::::::0:-1:12:::::18:0:56:::
17569	569.0	2.2370027779721667E-4	1	1.1548677676406051E-4	TGTGCAGCAGTACCGCCAGGCAGGAACTGCTCTGATCTTT	NNNNNNNNNNNNNNNNNNNNNNNNNNNNNNNNNNNNNNNN	TRAV29/DV5*00(520.8)		TRAJ15*00(559.7)		529|538|562|0|9||90.0		24|49|80|15|40||250.0		TGTGCAGCAGTACCGCCAGGCAGGAACTGCTCTGATCTTT	45	CAAVPPG_GTALIF	:::::::::0:-4:9:::::15:-4:40:::
2655	568.0	2.2330713143904935E-4	1	1.1548677676406051E-4	TGTGCTCTGAGTGATCGTAAGGGGGGTTACCAGAAAGTTACCTTT	NNNNNNNNNNNNNNNNNNNNNNNNNNNNNNNNNNNNNNNNNNNNN	TRAV9-2*00(769.4)		TRAJ13*00(510.4)		480|496|514|0|16||160.0		28|52|83|21|45||240.0		TGTGCTCTGAGTGATCGTAAGGGGGGTTACCAGAAAGTTACCTTT	45	CALSDRKGGYQKVTF	:::::::::0:2:16:::::21:-8:45:::
2961	568.0	2.2330713143904935E-4	1	1.1548677676406051E-4	TGTGCTCTAACTATGCTGGTGGGAACAACAGACTCGCTTTT	NNNNNNNNNNNNNNNNNNNNNNNNNNNNNNNNNNNNNNNNN	TRAV16*00(969.6)		TRAJ7*00(469.7)		449|459|483|0|10||100.0		26|48|79|19|41||220.0		TGTGCTCTAACTATGCTGGTGGGAACAACAGACTCGCTTTT	45	CALTMLV_NNRLAF	:::::::::0:-4:10:::::19:-6:41:::
4466	568.0	2.2330713143904935E-4	1	1.1548677676406051E-4	TGTGCTGCGGGGGGTGGTACTAGCTATGGAAAGCTGACATTT	NNNNNNNNNNNNNNNNNNNNNNNNNNNNNNNNNNNNNNNNNN	TRAV21*00(939.4)		TRAJ52*00(559.8)		544|551|576|0|7||70.0		28|58|89|12|42||300.0		TGTGCTGCGGGGGGTGGTACTAGCTATGGAAAGCTGACATTT	45	CAAGGGTSYGKLTF	:::::::::0:-5:7:::::12:-8:42:::
18888	568.0	2.2330713143904935E-4	1	1.1548677676406051E-4	TGTGGGGCCTCGAAGTAACCAGTTCTATTTT	NNNNNNNNNNNNNNNNNNNNNNNNNNNNNNN	TRAV23/DV6*00(409.9)		TRAJ49*00(469.4)		517|521|550|0|4||40.0		28|45|76|14|31||170.0		TGTGGGGCCTCGAAGTAACCAGTTCTATTTT	45	CGASK_NQFYF	:::::::::0:-9:4:::::14:-8:31:::
574	567.0	2.22913985080882E-4	3	3.4646033029218156E-4	TGTGCAGCCGGGGGGATAGCAACTATCAGTTAATCTGG	[[[[[[[[[[[[[[[[[[[[[[[[[[[[[[[[[[[[[[	TRAV13-1*00(686)		TRAJ33*00(539.4)		511|519|544|0|8||80.0		21|46|77|13|38||250.0		TGTGCAGCCGGGGGGATAGCAACTATCAGTTAATCTGG	58	CAAGGI_NYQLIW	:::::::::0:-5:8:::::13:-1:38:::
17526	567.0	2.22913985080882E-4	1	1.1548677676406051E-4	TGTGCAGCGAGTCTATGGGAACAACAGACTCGCTTTT	NNNNNNNNNNNNNNNNNNNNNNNNNNNNNNNNNNNNN	TRAV13-1*00(571.7)		TRAJ7*00(539.5)		511|525|544|0|14|SA519GSA523C|92.0		25|48|79|14|37||250.0		TGTGCAGCGAGTCTATGGGAACAACAGACTCGCTTTT	45	CAASLW_NNRLAF	:::::::::0:1:14:::::14:-5:37:::
17707	567.0	2.22913985080882E-4	1	1.1548677676406051E-4	TGTGCAGCAAGTATCGTTCCCATGCAGGCAAATCAACCTTT	NNNNNNNNNNNNNNNNNNNNNNNNNNNNNNNNNNNNNNNNN	TRAV13-1*00(998.7)		TRAJ27*00(460.4)		511|525|544|0|14||140.0		25|48|79|18|41|SA27C|201.0		TGTGCAGCAAGTATCGTTCCCATGCAGGCAAATCAACCTTT	45	CAASIVP_AGKSTF	:::::::::0:1:14:::::18:-5:41:::
2845	566.0	2.2252083872271466E-4	1	1.1548677676406051E-4	TGTGCTCTGAGGGGACAGCACCCTCACCTTT	NNNNNNNNNNNNNNNNNNNNNNNNNNNNNNN	TRAV19*00(719.9)		TRAJ11*00(479.9)		556|567|593|0|11||110.0		32|49|80|14|31||170.0		TGTGCTCTGAGGGGACAGCACCCTCACCTTT	45	CALRG_STLTF	:::::::::0:-6:11:::::14:-12:31:::
4198	566.0	2.2252083872271466E-4	1	1.1548677676406051E-4	TGTGCTGTGAGATCTAACGACTACAAGCTCAGCTTT	NNNNNNNNNNNNNNNNNNNNNNNNNNNNNNNNNNNN	TRAV8-4*00(620.1)		TRAJ20*00(540.5)		476|487|510|0|11||110.0		22|46|77|12|36||240.0		TGTGCTGTGAGATCTAACGACTACAAGCTCAGCTTT	45	CAVRSNDYKLSF	:::::::::0:-3:11:::::12:-2:36:::
6535	566.0	2.2252083872271466E-4	1	1.1548677676406051E-4	TGTGCCGGCCGACGACGAGCTCATCTTT	NNNNNNNNNNNNNNNNNNNNNNNNNNNN	TRAV12-2*00(929.7)		TRAJ34*00(430.5)		551|558|584|0|7||70.0		31|47|78|12|28|SA35G|131.0		TGTGCCGGCCGACGACGAGCTCATCTTT	45	CAGRR_ELIF	:::::::::0:-6:7:::::12:-11:28:::
1954	565.0	2.221276923645473E-4	1	1.1548677676406051E-4	TGTGTGGTGAAACGGGCAGGCAACATGCTCACCTTT	NNNNNNNNNNNNNNNNNNNNNNNNNNNNNNNNNNNN	TRAV12-1*00(854.9)		TRAJ39*00(519.8)		539|550|572|0|11||110.0		31|52|83|15|36||210.0		TGTGTGGTGAAACGGGCAGGCAACATGCTCACCTTT	45	CVVKRAGNMLTF	:::::::::0:-2:11:::::15:-11:36:::
2548	565.0	2.221276923645473E-4	1	1.1548677676406051E-4	TGTGCTCTGACTTTGATTCAGGGAGCCCAGAAGCTGGTATTT	NNNNNNNNNNNNNNNNNNNNNNNNNNNNNNNNNNNNNNNNNN	TRAV9-2*00(709.6)		TRAJ54*00(559.3)		480|490|514|0|10||100.0		22|49|80|15|42||270.0		TGTGCTCTGACTTTGATTCAGGGAGCCCAGAAGCTGGTATTT	45	CALTLIQGAQKLVF	:::::::::0:-4:10:::::15:-2:42:::
3331	565.0	2.221276923645473E-4	1	1.1548677676406051E-4	TGTGCTGTCAGACACCGGTAACCAGTTCTATTTT	NNNNNNNNNNNNNNNNNNNNNNNNNNNNNNNNNN	TRAV41*00(799.7)		TRAJ49*00(528.9)		512|524|544|0|12||120.0		23|45|76|12|34||230.0		TGTGCTGTCAGACACCGGTAACCAGTTCTATTTT	45	CAVRHR_NQFYF	:::::::::0:0:12:::::12:-3:34:::
4520	565.0	2.221276923645473E-4	1	1.1548677676406051E-4	TGTGCTGGCCTCAGAACCTACAAATACATCTTT	NNNNNNNNNNNNNNNNNNNNNNNNNNNNNNNNN	TRAV35*00(919.7)		TRAJ40*00(489.6)		588|596|620|0|8||80.0		30|50|81|13|33||200.0		TGTGCTGGCCTCAGAACCTACAAATACATCTTT	45	CAGLRTYKYIF	:::::::::0:-4:8:::::13:-10:33:::
18626	565.0	2.221276923645473E-4	1	1.1548677676406051E-4	TGTGCAATGAGCGCCCGCCCAGGGCGGATCTGAAAAGCTGGTCTTT	NNNNNNNNNNNNNNNNNNNNNNNNNNNNNNNNNNNNNNNNNNNNNN	TRAV12-3*00(999.2)		TRAJ57*00(529.7)		562|576|595|0|14||140.0		25|52|83|19|46||270.0		TGTGCAATGAGCGCCCGCCCAGGGCGGATCTGAAAAGCTGGTCTTT	45	CAMSARPG_GSEKLVF	:::::::::0:1:14:::::19:-5:46:::
3344	564.0	2.2173454600638E-4	1	1.1548677676406051E-4	TGTGCTGTCAAAGGGAGCCCAGAAGCTGGTATTT	NNNNNNNNNNNNNNNNNNNNNNNNNNNNNNNNNN	TRAV41*00(779.9)		TRAJ54*00(519.4)		512|522|544|0|10||100.0		26|49|80|11|34||230.0		TGTGCTGTCAAAGGGAGCCCAGAAGCTGGTATTT	45	CAVKGS_QKLVF	:::::::::0:-2:10:::::11:-6:34:::
4823	564.0	2.2173454600638E-4	1	1.1548677676406051E-4	TGTGCTACGGGGGGAGGGCGTGGAAAGCTTATCTTC	NNNNNNNNNNNNNNNNNNNNNNNNNNNNNNNNNNNN	TRAV17*00(899.5)		TRAJ23*00(420.4)		490|500|523|0|10||100.0		37|52|83|21|36||150.0		TGTGCTACGGGGGGAGGGCGTGGAAAGCTTATCTTC	45	CATGGGRGKLIF	:::::::::0:-3:10:::::21:-17:36:::
6372	563.0	2.2134139964821264E-4	1	1.1548677676406051E-4	TGTGCCGTGAACTCTGCGGGGGCTGGCAACAACCGTAAGCTGATTTGG	NNNNNNNNNNNNNNNNNNNNNNNNNNNNNNNNNNNNNNNNNNNNNNNN	TRAV12-2*00(959.7)		TRAJ38*00(529.5)		551|563|584|0|12||120.0		24|51|82|21|48||270.0		TGTGCCGTGAACTCTGCGGGGGCTGGCAACAACCGTAAGCTGATTTGG	45	CAVNSAGAGNNRKLIW	:::::::::0:-1:12:::::21:-4:48:::
674	562.0	2.209482532900453E-4	2	2.3097355352812103E-4	TGTGCTGTGAGTCCTAACACCGACAAGCTCATCTTT	[[[[[[[[[[[[[[[[[[[[[[[[[[[[[[[[[[[[	TRAV8-4*00(650.4)		TRAJ34*00(519.5)		476|488|510|0|12||120.0		25|47|78|14|36||220.0		TGTGCTGTGAGTCCTAACACCGACAAGCTCATCTTT	58	CAVSPNTDKLIF	:::::::::0:-2:12:::::14:-5:36:::
4838	562.0	2.209482532900453E-4	1	1.1548677676406051E-4	TGTGCTACGGACTAACGATAACAATGCCAGACTCATGTTT	NNNNNNNNNNNNNNNNNNNNNNNNNNNNNNNNNNNNNNNN	TRAV17*00(919.4)		TRAJ31*00(529.6)		490|502|523|0|12||120.0		23|46|77|17|40||230.0		TGTGCTACGGACTAACGATAACAATGCCAGACTCATGTTT	45	CATD*R*_NARLMF	:::::::::0:-1:12:::::17:-3:40:::
4867	562.0	2.209482532900453E-4	1	1.1548677676406051E-4	TGTGCTACGGACGCGGAGGGAGCCCAGAAGCTGGTATTT	NNNNNNNNNNNNNNNNNNNNNNNNNNNNNNNNNNNNNNN	TRAV17*00(952.7)		TRAJ54*00(409.4)		490|513|523|0|23|ST505GSC506ASC507GST509G|155.0		33|49|80|23|39||230.0		TGTGCTACGGACGCGGAGGGAGCCCAGAAGCTGGTATTT	45	CATDAEGAQKLVF	:::::::::0:10:23:::::23:-13:39:::
17939	562.0	2.209482532900453E-4	1	1.1548677676406051E-4	TGTGCAGCAAGCGGATCGGGAGGTCAGAATTTTGTCTTT	NNNNNNNNNNNNNNNNNNNNNNNNNNNNNNNNNNNNNNN	TRAV29/DV5*00(539.7)		TRAJ26*00(469.9)		529|542|562|0|13||130.0		31|49|80|21|39||180.0		TGTGCAGCAAGCGGATCGGGAGGTCAGAATTTTGTCTTT	45	CAASGSGGQNFVF	:::::::::0:0:13:::::21:-11:39:::
19013	562.0	2.209482532900453E-4	1	1.1548677676406051E-4	TGCCTCGTGGGTGACGGCAGAGATGACAAGATCATCTTT	NNNNNNNNNNNNNNNNNNNNNNNNNNNNNNNNNNNNNNN	TRAV4*00(1019.3)		TRAJ30*00(489.5)		768|783|804|0|15||150.0		24|46|77|17|39||220.0		TGCCTCGTGGGTGACGGCAGAGATGACAAGATCATCTTT	45	CLVGDGRDDKIIF	:::::::::0:-1:15:::::17:-4:39:::
1866	561.0	2.2055510693187795E-4	1	1.1548677676406051E-4	TGTGTGGTGAACCCCAGCAACACAGGCAAACTAATCTTT	NNNNNNNNNNNNNNNNNNNNNNNNNNNNNNNNNNNNNNN	TRAV12-1*00(970.4)		TRAJ37*00(509.3)		539|551|572|0|12||120.0		28|51|82|16|39||230.0		TGTGTGGTGAACCCCAGCAACACAGGCAAACTAATCTTT	45	CVVNPSNTGKLIF	:::::::::0:-1:12:::::16:-8:39:::
1979	561.0	2.2055510693187795E-4	1	1.1548677676406051E-4	TGTGTGGGGCGTATAACCAGGGAGGAAAGCTTATCTTC	NNNNNNNNNNNNNNNNNNNNNNNNNNNNNNNNNNNNNN	TRAV12-1*00(929.4)		TRAJ23*00(530.7)		539|546|572|0|7||70.0		25|52|83|11|38||270.0		TGTGTGGGGCGTATAACCAGGGAGGAAAGCTTATCTTC	45	CVGRIT_GGKLIF	:::::::::0:-6:7:::::11:-5:38:::
2696	561.0	2.2055510693187795E-4	1	1.1548677676406051E-4	TGTGCTCTGAGTGAGTATTCAGGAGGAGGTGCTGACGGACTCACCTTT	NNNNNNNNNNNNNNNNNNNNNNNNNNNNNNNNNNNNNNNNNNNNNNNN	TRAV19*00(749.6)		TRAJ45*00(649.7)		556|571|593|0|15||150.0		22|55|86|15|48||340.0		TGTGCTCTGAGTGAGTATTCAGGAGGAGGTGCTGACGGACTCACCTTT	45	CALSEYSGGGADGLTF	:::::::::0:-2:15:::::15:-2:48:::
4818	561.0	2.2055510693187795E-4	1	1.1548677676406051E-4	TGTGCTACGGGGTGACCTTATAACCAGGGAGGAAAGCTTATCTTC	NNNNNNNNNNNNNNNNNNNNNNNNNNNNNNNNNNNNNNNNNNNNN	TRAV17*00(899.6)		TRAJ23*00(559.8)		490|500|523|0|10||100.0		24|52|83|17|45||280.0		TGTGCTACGGGGTGACCTTATAACCAGGGAGGAAAGCTTATCTTC	45	CATG*PYNQGGKLIF	:::::::::0:-3:10:::::17:-4:45:::
17468	561.0	2.2055510693187795E-4	1	1.1548677676406051E-4	TGTGCAGCCTCCCAAGTGACAGGGCGGATCTGAAAAGCTGGTCTTT	NNNNNNNNNNNNNNNNNNNNNNNNNNNNNNNNNNNNNNNNNNNNNN	TRAV29/DV5*00(489.7)		TRAJ57*00(569.4)		529|537|562|0|8||80.0		25|52|83|19|46||270.0		TGTGCAGCCTCCCAAGTGACAGGGCGGATCTGAAAAGCTGGTCTTT	45	CAASQVTG_GSEKLVF	:::::::::0:-5:8:::::19:-5:46:::
17667	561.0	2.2055510693187795E-4	1	1.1548677676406051E-4	TGTGCAGCAAGTCGTATTCAGGATACAGCACCCTCACCTTT	NNNNNNNNNNNNNNNNNNNNNNNNNNNNNNNNNNNNNNNNN	TRAV13-1*00(979.3)		TRAJ11*00(529.8)		511|523|544|0|12||120.0		23|49|80|15|41||260.0		TGTGCAGCAAGTCGTATTCAGGATACAGCACCCTCACCTTT	45	CAASRIQ_YSTLTF	:::::::::0:-1:12:::::15:-3:41:::
17930	561.0	2.2055510693187795E-4	1	1.1548677676406051E-4	TGTGCAGCAAGCGGGGCCAATGACATGCGCTTT	NNNNNNNNNNNNNNNNNNNNNNNNNNNNNNNNN	TRAV29/DV5*00(579.7)		TRAJ43*00(459.8)		529|542|562|0|13||130.0		27|43|74|17|33||160.0		TGTGCAGCAAGCGGGGCCAATGACATGCGCTTT	45	CAASGANDMRF	:::::::::0:0:13:::::17:-7:33:::
3317	560.0	2.2016196057371063E-4	1	1.1548677676406051E-4	TGTGCTGTCAGATCGTAACACCGGTAACCAGTTCTATTTT	NNNNNNNNNNNNNNNNNNNNNNNNNNNNNNNNNNNNNNNN	TRAV41*00(819.4)		TRAJ49*00(539.9)		512|526|544|0|14||140.0		21|45|76|16|40||240.0		TGTGCTGTCAGATCGTAACACCGGTAACCAGTTCTATTTT	45	CAVRS*H_GNQFYF	:::::::::0:2:14:::::16:-1:40:::
19020	560.0	2.2016196057371063E-4	1	1.1548677676406051E-4	TGCCTCGTGGGTGACGAGGTATGGGTCTTTGGAAATGAGAAATTAACCTTT	NNNNNNNNNNNNNNNNNNNNNNNNNNNNNNNNNNNNNNNNNNNNNNNNNNN	TRAV4*00(1019.2)		TRAJ48*00(519.6)		768|783|804|0|15||150.0		27|52|83|26|51||250.0		TGCCTCGTGGGTGACGAGGTATGGGTCTTTGGAAATGAGAAATTAACCTTT	45	CLVGDEVWVFGNEKLTF	:::::::::0:-1:15:::::26:-7:51:::
20419	560.0	2.2016196057371063E-4	1	1.1548677676406051E-4	TGCATCGTCAGAGTCGATATGGATAGCAACTATCAGTTAATCTGG	NNNNNNNNNNNNNNNNNNNNNNNNNNNNNNNNNNNNNNNNNNNNN	TRAV26-1*00(649.8)		TRAJ33*00(558.2)		763|779|799|0|16||160.0		19|46|77|18|45||270.0		TGCATCGTCAGAGTCGATATGGATAGCAACTATCAGTTAATCTGG	45	CIVRVDMDSNYQLIW	:::::::::0:0:16:::::18:1:45:::
3141	559.0	2.1976881421554328E-4	1	1.1548677676406051E-4	TGTGCTGTTTTTCTGGTTCTGCAAGGCAACTGACCTTT	NNNNNNNNNNNNNNNNNNNNNNNNNNNNNNNNNNNNNN	TRAV41*00(759.5)		TRAJ22*00(590.5)		512|520|544|0|8||80.0		22|52|83|8|38|SC23T|281.0		TGTGCTGTTTTTCTGGTTCTGCAAGGCAACTGACCTTT	45	CAVFLV_ARQLTF	:::::::::0:-4:8:::::8:-2:38:::
3517	559.0	2.1976881421554328E-4	1	1.1548677676406051E-4	TGTGCTGTGGCCCTCAGGAGGAGGTGCTGACGGACTCACCTTT	NNNNNNNNNNNNNNNNNNNNNNNNNNNNNNNNNNNNNNNNNNN	TRAV8-3*00(606.9)		TRAJ45*00(609.8)		455|465|489|0|10||100.0		25|55|86|13|43||300.0		TGTGCTGTGGCCCTCAGGAGGAGGTGCTGACGGACTCACCTTT	45	CAVALRR_GADGLTF	:::::::::0:-4:10:::::13:-5:43:::
18265	559.0	2.1976881421554328E-4	1	1.1548677676406051E-4	TGTGCAGGAGCCCCTAATGCTGGCAACAACCGTAAGCTGATTTGG	NNNNNNNNNNNNNNNNNNNNNNNNNNNNNNNNNNNNNNNNNNNNN	TRAV27*00(662.4)		TRAJ38*00(609.4)		552|567|582|0|15|ST563C|121.0		21|51|82|15|45||310.0		TGTGCAGGAGCCCCTAATGCTGGCAACAACCGTAAGCTGATTTGG	45	CAGAPNAGNNRKLIW	:::::::::0:5:15:::::15:-1:45:::
439	558.0	2.1937566785737594E-4	3	3.4646033029218156E-4	TGTGCTGTGAGTGAATGGAAACCAGGGAGGAAAGCTTATCTTC	[[[[[[[[[[[[[[[[[[[[[[[[[[[[[[[[[[[[[[[[[[[	TRAV8-6*00(709.5)		TRAJ23*00(549.1)		448|462|482|0|14||140.0		28|52|83|19|43||240.0		TGTGCTGTGAGTGAATGGAAACCAGGGAGGAAAGCTTATCTTC	58	CAVSEWK_QGGKLIF	:::::::::0:0:14:::::19:-8:43:::
3766	558.0	2.1937566785737594E-4	1	1.1548677676406051E-4	TGTGCTGTGGAAGGCTAGTTACAACTCAGGGCGGATCTGAAAAGCTGGTCTTT	NNNNNNNNNNNNNNNNNNNNNNNNNNNNNNNNNNNNNNNNNNNNNNNNNNNNN	TRAV36/DV7*00(600.5)		TRAJ57*00(640.5)		500|511|533|0|11||110.0		15|52|83|16|53|ST20C|341.0		TGTGCTGTGGAAGGCTAGTTACAACTCAGGGCGGATCTGAAAAGCTGGTCTTT	45	CAVEG*LQL_GGSEKLVF	:::::::::0:-2:11:::::16:5:53:::
6242	558.0	2.1937566785737594E-4	1	1.1548677676406051E-4	TGTGCCGTGGACATGAGAGTCACCTCAGGAACCTACAAATACATCTTT	NNNNNNNNNNNNNNNNNNNNNNNNNNNNNNNNNNNNNNNNNNNNNNNN	TRAV39*00(769.3)		TRAJ40*00(559.2)		507|522|540|0|15||150.0		23|50|81|21|48||270.0		TGTGCCGTGGACATGAGAGTCACCTCAGGAACCTACAAATACATCTTT	45	CAVDMRVTSGTYKYIF	:::::::::0:2:15:::::21:-3:48:::
17987	558.0	2.1937566785737594E-4	1	1.1548677676406051E-4	TGTGCAGCAAGCATACTCTGGGGCTGGGAGTTACCAACTCACTTTC	NNNNNNNNNNNNNNNNNNNNNNNNNNNNNNNNNNNNNNNNNNNNNN	TRAV23/DV6*00(510.6)		TRAJ28*00(609.5)		517|531|550|0|14||141.0		23|55|86|14|46||360.0		TGTGCAGCAAGCATACTCTGGGGCTGGGAGTTACCAACTCACTTTC	45	CAASILWG_GSYQLTF	:::::::::0:1:14:::::14:-3:46:::
18022	558.0	2.1937566785737594E-4	1	1.1548677676406051E-4	TGTGCAGCAAGCAACACAGGCAAACTAATCTTT	NNNNNNNNNNNNNNNNNNNNNNNNNNNNNNNNN	TRAV13-1*00(969.4)		TRAJ37*00(539.5)		511|522|544|0|11||110.0		29|51|82|11|33||230.0		TGTGCAGCAAGCAACACAGGCAAACTAATCTTT	45	CAASNTGKLIF	:::::::::0:-2:11:::::11:-9:33:::
18328	558.0	2.1937566785737594E-4	1	1.1548677676406051E-4	TGTGCAGATAATAGCAACACAGGCAAACTAATCTTT	NNNNNNNNNNNNNNNNNNNNNNNNNNNNNNNNNNNN	TRAV25*00(529.6)		TRAJ37*00(539.7)		620|627|649|0|7||70.0		28|51|82|13|36||230.0		TGTGCAGATAATAGCAACACAGGCAAACTAATCTTT	45	CADNSNTGKLIF	:::::::::0:-2:7:::::13:-8:36:::
20192	558.0	2.1937566785737594E-4	1	1.1548677676406051E-4	TGCATCCTTTTTAACGACTACAAGCTCAGCTTT	NNNNNNNNNNNNNNNNNNNNNNNNNNNNNNNNN	TRAV26-2*00(849.7)		TRAJ20*00(520.9)		791|799|826|0|8||80.0		21|46|77|8|33|SC23T|221.0		TGCATCCTTTTTAACGACTACAAGCTCAGCTTT	45	CILFNDYKLSF	:::::::::0:-7:8:::::8:-1:33:::
1575	557.0	2.189825214992086E-4	1	1.1548677676406051E-4	TGTGTTGTGATCTTCAAAGCTGCAGGCAACAAGCTAACTTTT	NNNNNNNNNNNNNNNNNNNNNNNNNNNNNNNNNNNNNNNNNN	TRAV8-2*00(649.3)		TRAJ17*00(589.7)		466|476|500|0|10||100.0		23|52|83|13|42||290.0		TGTGTTGTGATCTTCAAAGCTGCAGGCAACAAGCTAACTTTT	45	CVVIFKAAGNKLTF	:::::::::0:-4:10:::::13:-3:42:::
1720	557.0	2.189825214992086E-4	1	1.1548677676406051E-4	TGTGTGGTGATCCGTATGGTGGTGCTACAAACAAGCTCATCTTT	NNNNNNNNNNNNNNNNNNNNNNNNNNNNNNNNNNNNNNNNNNNN	TRAV12-1*00(959.4)		TRAJ32*00(559.4)		539|549|572|0|10||100.0		25|55|86|14|44||300.0		TGTGTGGTGATCCGTATGGTGGTGCTACAAACAAGCTCATCTTT	45	CVVIRMV_ATNKLIF	:::::::::0:-3:10:::::14:-5:44:::
17543	557.0	2.189825214992086E-4	1	1.1548677676406051E-4	TGTGCAGCATACCGGTAACCAGTTCTATTTT	NNNNNNNNNNNNNNNNNNNNNNNNNNNNNNN	TRAV13-1*00(949.4)		TRAJ49*00(509.6)		511|520|544|0|9||90.0		24|45|76|10|31||210.0		TGTGCAGCATACCGGTAACCAGTTCTATTTT	45	CAAYR_NQFYF	:::::::::0:-4:9:::::10:-4:31:::
767	556.0	2.1858937514104127E-4	2	2.3097355352812103E-4	TGTGCCCTGACGAACCAGGCAGGAACTGCTCTGATCTTT	[[[[[[[[[[[[[[[[[[[[[[[[[[[[[[[[[[[[[[[	TRAV8-1*00(540.8)		TRAJ15*00(492.7)		474|484|508|0|10|SG480C|71.0		22|49|80|12|39||270.0		TGTGCCCTGACGAACCAGGCAGGAACTGCTCTGATCTTT	58	CALTNQAGTALIF	:::::::::0:-4:10:::::12:-2:39:::
1596	556.0	2.1858937514104127E-4	1	1.1548677676406051E-4	TGTGTTGTGAGTGCCTGGTATTCAGGAGGAGGTGCTGACGGACTCACCTTT	NNNNNNNNNNNNNNNNNNNNNNNNNNNNNNNNNNNNNNNNNNNNNNNNNNN	TRAV8-2*00(668.7)		TRAJ45*00(649.7)		466|479|500|0|13||130.0		21|55|86|17|51||340.0		TGTGTTGTGAGTGCCTGGTATTCAGGAGGAGGTGCTGACGGACTCACCTTT	45	CVVSAWYSGGGADGLTF	:::::::::0:-1:13:::::17:-1:51:::
1656	556.0	2.1858937514104127E-4	1	1.1548677676406051E-4	TGTGTGGTTCCCTCCGGGGCCAGACTCATGTTT	NNNNNNNNNNNNNNNNNNNNNNNNNNNNNNNNN	TRAV10*00(989.5)		TRAJ31*00(439.7)		575|583|608|0|8||80.0		31|46|77|18|33||150.0		TGTGTGGTTCCCTCCGGGGCCAGACTCATGTTT	45	CVVPSGARLMF	:::::::::0:-5:8:::::18:-11:33:::
1783	556.0	2.1858937514104127E-4	1	1.1548677676406051E-4	TGTGTGGTGAGCGCTGTTCAGGGAGCCCAGAAGCTGGTATTT	NNNNNNNNNNNNNNNNNNNNNNNNNNNNNNNNNNNNNNNNNN	TRAV10*00(942.2)		TRAJ54*00(521.9)		575|589|608|0|14||140.0		23|49|80|16|42||260.0		TGTGTGGTGAGCGCTGTTCAGGGAGCCCAGAAGCTGGTATTT	45	CVVSAVQGAQKLVF	:::::::::0:1:14:::::16:-3:42:::
2172	556.0	2.1858937514104127E-4	1	1.1548677676406051E-4	TGTGCTTATGGTCCCGGCTCTAGCAACACAGGCAAACTAATCTTT	NNNNNNNNNNNNNNNNNNNNNNNNNNNNNNNNNNNNNNNNNNNNN	TRAV38-2/DV8*00(549.5)		TRAJ37*00(580.8)		602|611|638|0|9||90.0		21|51|82|15|45|SG27A|271.0		TGTGCTTATGGTCCCGGCTCTAGCAACACAGGCAAACTAATCTTT	45	CAYGPGSSNTGKLIF	:::::::::0:-7:9:::::15:-1:45:::
3877	556.0	2.1858937514104127E-4	1	1.1548677676406051E-4	TGTGCTGTGAGTCAAACAAATTCCGGGTATGCACTCAACTTC	NNNNNNNNNNNNNNNNNNNNNNNNNNNNNNNNNNNNNNNNNN	TRAV8-4*00(640.1)		TRAJ41*00(519.6)		476|488|510|0|12||120.0		25|51|82|16|42||260.0		TGTGCTGTGAGTCAAACAAATTCCGGGTATGCACTCAACTTC	45	CAVSQTNSGYALNF	:::::::::0:-2:12:::::16:-5:42:::
18902	556.0	2.1858937514104127E-4	1	1.1548677676406051E-4	TGTGGAGCAGACCTTACAGGAACCTACAAATACATCTTT	NNNNNNNNNNNNNNNNNNNNNNNNNNNNNNNNNNNNNNN	TRAV34*00(509.9)		TRAJ40*00(519.5)		603|615|636|0|12||120.0		27|50|81|16|39||230.0		TGTGGAGCAGACCTTACAGGAACCTACAAATACATCTTT	45	CGADLTGTYKYIF	:::::::::0:-1:12:::::16:-7:39:::
18963	556.0	2.1858937514104127E-4	1	1.1548677676406051E-4	TGCCTCGTGGTCTTAACGGGAGGAGGAAACAAACTCACCTTT	NNNNNNNNNNNNNNNNNNNNNNNNNNNNNNNNNNNNNNNNNN	TRAV4*00(859.7)		TRAJ10*00(538)		768|778|804|0|10||100.0		26|53|84|15|42||270.0		TGCCTCGTGGTCTTAACGGGAGGAGGAAACAAACTCACCTTT	45	CLVVLTGGGNKLTF	:::::::::0:-6:10:::::15:-6:42:::
625	555.0	2.1819622878287392E-4	2	2.3097355352812103E-4	TGTGCTCTGACCCCAAATACTGGAGCCAATAGTAAGCTGACATTT	[[[[[[[[[[[[[[[[[[[[[[[[[[[[[[[[[[[[[[[[[[[[[	TRAV9-2*00(707.7)		TRAJ56*00(599.8)		480|490|514|0|10||100.0		22|51|82|16|45||290.0		TGTGCTCTGACCCCAAATACTGGAGCCAATAGTAAGCTGACATTT	58	CALTPNTGANSKLTF	:::::::::0:-4:10:::::16:-2:45:::
1959	555.0	2.1819622878287392E-4	1	1.1548677676406051E-4	TGTGTGGTACACCGGGGAGGAGGTGCTGACGGACTCACCTTT	NNNNNNNNNNNNNNNNNNNNNNNNNNNNNNNNNNNNNNNNNN	TRAV12-1*00(478.8)		TRAJ45*00(559.9)		539|547|572|0|8||80.0		28|55|86|15|42||270.0		TGTGTGGTACACCGGGGAGGAGGTGCTGACGGACTCACCTTT	45	CVVHRGGGADGLTF	:::::::::0:-5:8:::::15:-8:42:::
6062	555.0	2.1819622878287392E-4	1	1.1548677676406051E-4	TGTGCCCCGGAGGGGGATAGCAACTATCAGTTAATCTGG	NNNNNNNNNNNNNNNNNNNNNNNNNNNNNNNNNNNNNNN	TRAV2*00(802.8)		TRAJ33*00(512.8)		519|524|553|0|5||50.0		21|46|77|14|39||250.0		TGTGCCCCGGAGGGGGATAGCAACTATCAGTTAATCTGG	45	CAPEGDSNYQLIW	:::::::::0:-9:5:::::14:-1:39:::
17906	555.0	2.1819622878287392E-4	1	1.1548677676406051E-4	TGTGCAGCAAGCGCAGTACGCGGGAGGAGGTGCTGACGGACTCACCTTT	NNNNNNNNNNNNNNNNNNNNNNNNNNNNNNNNNNNNNNNNNNNNNNNNN	TRAV23/DV6*00(489.7)		TRAJ45*00(579.7)		517|529|550|0|12||120.0		28|55|86|22|49||270.0		TGTGCAGCAAGCGCAGTACGCGGGAGGAGGTGCTGACGGACTCACCTTT	45	CAASAVRG_GGADGLTF	:::::::::0:-1:12:::::22:-8:49:::
18155	555.0	2.1819622878287392E-4	1	1.1548677676406051E-4	TGTGCAGGGCCCCTTGCCTCTGGGGCAAACAACCTCTTCTTT	NNNNNNNNNNNNNNNNNNNNNNNNNNNNNNNNNNNNNNNNNN	TRAV27*00(621.6)		TRAJ36*00(539)		552|560|582|0|8||80.0		25|48|79|19|42||230.0		TGTGCAGGGCCCCTTGCCTCTGGGGCAAACAACCTCTTCTTT	45	CAGPLASGANNLFF	:::::::::0:-2:8:::::19:-5:42:::
1812	554.0	2.1780308242470657E-4	1	1.1548677676406051E-4	TGTGTGGTGAGCGGGTGGGACTACAAGCTCAGCTTT	NNNNNNNNNNNNNNNNNNNNNNNNNNNNNNNNNNNN	TRAV10*00(865.1)		TRAJ20*00(459.7)		575|588|608|0|13||130.0		28|46|77|18|36||180.0		TGTGTGGTGAGCGGGTGGGACTACAAGCTCAGCTTT	45	CVVSGWDYKLSF	:::::::::0:0:13:::::18:-8:36:::
4043	554.0	2.1780308242470657E-4	1	1.1548677676406051E-4	TGTGCTGTGAGTGAAGGGGTCAGTGGAGGTAGCAACTATAAACTGACATTT	NNNNNNNNNNNNNNNNNNNNNNNNNNNNNNNNNNNNNNNNNNNNNNNNNNN	TRAV8-4*00(688.4)		TRAJ53*00(609.6)		476|490|510|0|14||140.0		25|55|86|21|51||300.0		TGTGCTGTGAGTGAAGGGGTCAGTGGAGGTAGCAACTATAAACTGACATTT	45	CAVSEGVSGGSNYKLTF	:::::::::0:0:14:::::21:-5:51:::
6548	554.0	2.1780308242470657E-4	1	1.1548677676406051E-4	TGTGCCGGGGCCTAACAATGACATGCGCTTT	NNNNNNNNNNNNNNNNNNNNNNNNNNNNNNN	TRAV39*00(710.6)		TRAJ43*00(489.1)		507|517|540|0|10|ST514G|71.0		24|43|74|12|31||190.0		TGTGCCGGGGCCTAACAATGACATGCGCTTT	45	CAGA*_NDMRF	:::::::::0:-3:10:::::12:-4:31:::
6598	554.0	2.1780308242470657E-4	1	1.1548677676406051E-4	TGTGCCATCCCTCCCTGGGGAGCCCAGAAGCTGGTATTT	NNNNNNNNNNNNNNNNNNNNNNNNNNNNNNNNNNNNNNN	TRAV24*00(658.8)		TRAJ54*00(494.3)		515|521|545|0|6||60.0		27|49|80|17|39||220.0		TGTGCCATCCCTCCCTGGGGAGCCCAGAAGCTGGTATTT	45	CAIPPWGAQKLVF	:::::::::0:-4:6:::::17:-7:39:::
18806	554.0	2.1780308242470657E-4	1	1.1548677676406051E-4	TGTGCAATGAGAGAGGGACGGAATATGGAAACAAGCTGGTCTTT	NNNNNNNNNNNNNNNNNNNNNNNNNNNNNNNNNNNNNNNNNNNN	TRAV14/DV4*00(900.2)		TRAJ47*00(530.9)		517|534|554|0|17||170.0		21|46|77|19|44|SA36G|221.0		TGTGCAATGAGAGAGGGACGGAATATGGAAACAAGCTGGTCTTT	45	CAMREGR_YGNKLVF	:::::::::0:0:17:::::19:-1:44:::
3286	553.0	2.1740993606653923E-4	1	1.1548677676406051E-4	TGTGCTGTCATGGAATATAGAAACAAACTGGTCTTT	NNNNNNNNNNNNNNNNNNNNNNNNNNNNNNNNNNNN	TRAV41*00(779.5)		TRAJ47*00(560.4)		512|521|544|0|9||100.0		19|46|77|9|36|SG28A|251.0		TGTGCTGTCATGGAATATAGAAACAAACTGGTCTTT	45	CAVMEYRNKLVF	:::::::::0:-3:9:::::9:1:36:::
6171	553.0	2.1740993606653923E-4	1	1.1548677676406051E-4	TGTGCCGTGTCCCATCGAACTCAAATTCCGGGTATGCACTCAACTTC	NNNNNNNNNNNNNNNNNNNNNNNNNNNNNNNNNNNNNNNNNNNNNNN	TRAV39*00(729.1)		TRAJ41*00(589.4)		507|516|540|0|9||90.0		18|51|82|14|47||330.0		TGTGCCGTGTCCCATCGAACTCAAATTCCGGGTATGCACTCAACTTC	45	CAVSHRTQ_SGYALNF	:::::::::0:-4:9:::::14:2:47:::
19071	553.0	2.1740993606653923E-4	1	1.1548677676406051E-4	TGCCTCGGGTTCTTAATGCTGGCAACAACCGTAAGCTGATTTGG	NNNNNNNNNNNNNNNNNNNNNNNNNNNNNNNNNNNNNNNNNNNN	TRAV4*00(738.3)		TRAJ38*00(587.2)		768|775|804|0|7||70.0		20|51|82|13|44||310.0		TGCCTCGGGTTCTTAATGCTGGCAACAACCGTAAGCTGATTTGG	45	CLGFLML_NNRKLIW	:::::::::0:-9:7:::::13:0:44:::
2598	552.0	2.170167897083719E-4	1	1.1548677676406051E-4	TGTGCTCTGAGTGTTGCAGGCAACATGCTCACCTTT	NNNNNNNNNNNNNNNNNNNNNNNNNNNNNNNNNNNN	TRAV9-2*00(739.5)		TRAJ39*00(529.6)		480|493|514|0|13||130.0		30|52|83|14|36||220.0		TGTGCTCTGAGTGTTGCAGGCAACATGCTCACCTTT	45	CALSVAGNMLTF	:::::::::0:-1:13:::::14:-10:36:::
6280	552.0	2.170167897083719E-4	1	1.1548677676406051E-4	TGTGCCGTGATCCCGGGGTACAGCAGTGCTTCCAAGATAATCTTT	NNNNNNNNNNNNNNNNNNNNNNNNNNNNNNNNNNNNNNNNNNNNN	TRAV8-1*00(570.9)		TRAJ3*00(641.6)		474|484|508|0|10||100.0		17|51|82|11|45||340.0		TGTGCCGTGATCCCGGGGTACAGCAGTGCTTCCAAGATAATCTTT	45	CAVIPGYSSASKIIF	:::::::::0:-4:10:::::11:3:45:::
6430	552.0	2.170167897083719E-4	1	1.1548677676406051E-4	TGTGCCGTGAAGGTCAATGCAGGCAAATCAACCTTT	NNNNNNNNNNNNNNNNNNNNNNNNNNNNNNNNNNNN	TRAV8-1*00(579.5)		TRAJ27*00(509.9)		474|485|508|0|11||110.0		26|48|79|14|36||220.0		TGTGCCGTGAAGGTCAATGCAGGCAAATCAACCTTT	45	CAVKVNAGKSTF	:::::::::0:-3:11:::::14:-6:36:::
3554	551.0	2.1662364335020456E-4	1	1.1548677676406051E-4	TGTGCTGTGGGTGTAAGTAACACCGACAAGCTCATCTTT	NNNNNNNNNNNNNNNNNNNNNNNNNNNNNNNNNNNNNNN	TRAV8-3*00(640)		TRAJ34*00(519.8)		455|468|489|0|13||130.0		25|47|78|17|39||220.0		TGTGCTGTGGGTGTAAGTAACACCGACAAGCTCATCTTT	45	CAVGVSNTDKLIF	:::::::::0:-1:13:::::17:-5:39:::
4568	551.0	2.1662364335020456E-4	1	1.1548677676406051E-4	TGTGCTGGGCCTCCCAAACTGGGGCAAACAACCTCTTCTTT	NNNNNNNNNNNNNNNNNNNNNNNNNNNNNNNNNNNNNNNNN	TRAV35*00(703.7)		TRAJ36*00(565.5)		588|598|620|0|10||100.0		21|48|79|14|41||270.0		TGTGCTGGGCCTCCCAAACTGGGGCAAACAACCTCTTCTTT	45	CAGPPKL_ANNLFF	:::::::::0:-2:10:::::14:-1:41:::
4581	551.0	2.1662364335020456E-4	1	1.1548677676406051E-4	TGTGCTGGGCGTCATTTACTATAGTGGAGGTAGCAACTATAAACTGACATTT	NNNNNNNNNNNNNNNNNNNNNNNNNNNNNNNNNNNNNNNNNNNNNNNNNNNN	TRAV35*00(791.4)		TRAJ53*00(601.1)		588|598|620|0|10||100.0		23|55|86|20|52||320.0		TGTGCTGGGCGTCATTTACTATAGTGGAGGTAGCAACTATAAACTGACATTT	45	CAGRHLL*W_GSNYKLTF	:::::::::0:-2:10:::::20:-3:52:::
611	550.0	2.1623049699203721E-4	2	2.3097355352812103E-4	TGTGTGGTGAACATGGGGCGCAATGCCAGACTCATGTTT	[[[[[[[[[[[[[[[[[[[[[[[[[[[[[[[[[[[[[[[	TRAV12-1*00(779.7)		TRAJ31*00(479.5)		539|554|572|0|15||150.0		27|46|77|20|39||190.0		TGTGTGGTGAACATGGGGCGCAATGCCAGACTCATGTTT	58	CVVNMGRNARLMF	:::::::::0:2:15:::::20:-7:39:::
680	550.0	2.1623049699203721E-4	2	2.3097355352812103E-4	TGTGCTGTGAGTGGGGGCCCAGGGGCAAACAACCTCTTCTTT	[[[[[[[[[[[[[[[[[[[[[[[[[[[[[[[[[[[[[[[[[[	TRAV8-4*00(655)		TRAJ36*00(519.7)		476|489|510|0|13||130.0		27|48|79|21|42||210.0		TGTGCTGTGAGTGGGGGCCCAGGGGCAAACAACCTCTTCTTT	58	CAVSGGPGANNLFF	:::::::::0:-1:13:::::21:-7:42:::
4045	550.0	2.1623049699203721E-4	1	1.1548677676406051E-4	TGTGCTGTGAGTGAAGGGGCAGTGGGCAGGGAGCCCAGAAGCTGGTATTT	NNNNNNNNNNNNNNNNNNNNNNNNNNNNNNNNNNNNNNNNNNNNNNNNNN	TRAV8-6*00(709.1)		TRAJ54*00(522.6)		448|462|482|0|14||140.0		25|49|80|26|50||240.0		TGTGCTGTGAGTGAAGGGGCAGTGGGCAGGGAGCCCAGAAGCTGGTATTT	45	CAVSEGAV_QGAQKLVF	:::::::::0:0:14:::::26:-5:50:::
1755	549.0	2.1583735063386987E-4	1	1.1548677676406051E-4	TGTGTGGTGACACGAGGAGGTGCTGACGGACTCACCTTT	NNNNNNNNNNNNNNNNNNNNNNNNNNNNNNNNNNNNNNN	TRAV12-1*00(940.4)		TRAJ45*00(540.7)		539|549|572|0|10||100.0		26|55|86|10|39|SG28C|261.0		TGTGTGGTGACACGAGGAGGTGCTGACGGACTCACCTTT	45	CVVTRGGADGLTF	:::::::::0:-3:10:::::10:-6:39:::
3888	549.0	2.1583735063386987E-4	1	1.1548677676406051E-4	TGTGCTGTGAGTGCTTTAATGCTGGCAACAACCGTAAGCTGATTTGG	NNNNNNNNNNNNNNNNNNNNNNNNNNNNNNNNNNNNNNNNNNNNNNN	TRAV8-4*00(638.3)		TRAJ38*00(608.9)		476|489|510|0|13||130.0		20|51|82|16|47||310.0		TGTGCTGTGAGTGCTTTAATGCTGGCAACAACCGTAAGCTGATTTGG	45	CAVSALML_NNRKLIW	:::::::::0:-1:13:::::16:0:47:::
4527	549.0	2.1583735063386987E-4	1	1.1548677676406051E-4	TGTGCTGGCCACCCGAACACCGGTAACCAGTTCTATTTT	NNNNNNNNNNNNNNNNNNNNNNNNNNNNNNNNNNNNNNN	TRAV35*00(611.9)		TRAJ49*00(559.6)		588|599|620|0|11|SG596C|81.0		19|45|76|13|39||260.0		TGTGCTGGCCACCCGAACACCGGTAACCAGTTCTATTTT	45	CAGHPNTGNQFYF	:::::::::0:-1:11:::::13:1:39:::
20181	549.0	2.1583735063386987E-4	1	1.1548677676406051E-4	TGCGGCACAGAGATCGTCGAACACCGGTAACCAGTTCTATTTT	NNNNNNNNNNNNNNNNNNNNNNNNNNNNNNNNNNNNNNNNNNN	TRAV30*00(519.8)		TRAJ49*00(569.6)		567|582|600|0|15||150.0		18|45|76|16|43||270.0		TGCGGCACAGAGATCGTCGAACACCGGTAACCAGTTCTATTTT	45	CGTEIVE_TGNQFYF	:::::::::0:2:15:::::16:2:43:::
1352	548.0	2.1544420427570252E-4	2	2.3097355352812103E-4	TGTGCAGAGAAGGGCGGCAACTTCAACAAATTTTACTTT	[[[[[[[[[[[[[[[[[[[[[[[[[[[[[[[[[[[[[[[	TRAV13-2*00(544.6)		TRAJ21*00(529.5)		506|517|539|0|11||110.0		22|44|75|17|39||220.0		TGTGCAGAGAAGGGCGGCAACTTCAACAAATTTTACTTT	58	CAEKGGNFNKFYF	:::::::::0:-2:11:::::17:-2:39:::
1520	548.0	2.1544420427570252E-4	1	1.1548677676406051E-4	TGTTACGTGGAGTGCTGACGGACTCACCTTT	NNNNNNNNNNNNNNNNNNNNNNNNNNNNNNN	TRAV41*00(709.4)		TRAJ45*00(509.1)		512|515|544|0|3||30.0		35|55|86|11|31||200.0		TGTTACGTGGAGTGCTGACGGACTCACCTTT	45	CYVEC_DGLTF	:::::::::0:-9:3:::::11:-15:31:::
18380	548.0	2.1544420427570252E-4	1	1.1548677676406051E-4	TGTGCAGAGATTTTCAATTCAGGATACAGCACCCTCACCTTT	NNNNNNNNNNNNNNNNNNNNNNNNNNNNNNNNNNNNNNNNNN	TRAV13-2*00(549.8)		TRAJ11*00(579.6)		506|516|539|0|10||100.0		22|49|80|15|42||270.0		TGTGCAGAGATTTTCAATTCAGGATACAGCACCCTCACCTTT	45	CAEIFNSGYSTLTF	:::::::::0:-3:10:::::15:-2:42:::
18529	548.0	2.1544420427570252E-4	1	1.1548677676406051E-4	TGTGCAGAAGGTAAGAAACTTCAACAAATTTTACTTT	NNNNNNNNNNNNNNNNNNNNNNNNNNNNNNNNNNNNN	TRAV13-2*00(529.7)		TRAJ21*00(519.7)		506|514|539|0|8||80.0		23|44|75|16|37||210.0		TGTGCAGAAGGTAAGAAACTTCAACAAATTTTACTTT	45	CAEGKK_FNKFYF	:::::::::0:-5:8:::::16:-3:37:::
18598	548.0	2.1544420427570252E-4	1	1.1548677676406051E-4	TGTGCAATGAGCTCTAGCAACACAGGCAAACTAATCTTT	NNNNNNNNNNNNNNNNNNNNNNNNNNNNNNNNNNNNNNN	TRAV12-3*00(670.5)		TRAJ37*00(560.5)		562|573|595|0|11||120.0		23|51|82|11|39|SG27A|261.0		TGTGCAATGAGCTCTAGCAACACAGGCAAACTAATCTTT	45	CAMSSSNTGKLIF	:::::::::0:-2:11:::::11:-3:39:::
20232	548.0	2.1544420427570252E-4	1	1.1548677676406051E-4	TGCATCCTGAGATCTCGCTCCGAATGCTGGCAACAACCGTAAGCTGATTTGG	NNNNNNNNNNNNNNNNNNNNNNNNNNNNNNNNNNNNNNNNNNNNNNNNNNNN	TRAV26-2*00(889)		TRAJ38*00(559.5)		791|803|826|0|12||120.0		21|51|82|22|52||300.0		TGCATCCTGAGATCTCGCTCCGAATGCTGGCAACAACCGTAAGCTGATTTGG	45	CILRSRSEC_GNNRKLIW	:::::::::0:-3:12:::::22:-1:52:::
19081	547.0	2.150510579175352E-4	1	1.1548677676406051E-4	TGCCCCGGAGGAGGTGCTGACGGACTCACCTTT	NNNNNNNNNNNNNNNNNNNNNNNNNNNNNNNNN	TRAV17*00(819.3)		TRAJ45*00(579.7)		490|492|523|0|2||20.0		28|55|86|6|33||270.0		TGCCCCGGAGGAGGTGCTGACGGACTCACCTTT	45	CPGGGADGLTF	:::::::::0:-11:2:::::6:-8:33:::
1579	546.0	2.1465791155936785E-4	1	1.1548677676406051E-4	TGTGTTGTGACTGAGACCAGGTGCTGACGGACTCACCTTT	NNNNNNNNNNNNNNNNNNNNNNNNNNNNNNNNNNNNNNNN	TRAV8-2*00(622.7)		TRAJ45*00(529.4)		466|480|500|0|14|SG476C|111.0		33|55|86|18|40||220.0		TGTGTTGTGACTGAGACCAGGTGCTGACGGACTCACCTTT	45	CVVTETR_ADGLTF	:::::::::0:0:14:::::18:-13:40:::
1706	546.0	2.1465791155936785E-4	1	1.1548677676406051E-4	TGTGTGGTGGGGGAAGGGTCCGGGTATGCACTCAACTTC	NNNNNNNNNNNNNNNNNNNNNNNNNNNNNNNNNNNNNNN	TRAV12-1*00(949.3)		TRAJ41*00(469.4)		539|548|572|0|9||90.0		30|51|82|18|39||210.0		TGTGTGGTGGGGGAAGGGTCCGGGTATGCACTCAACTTC	45	CVVGEGSGYALNF	:::::::::0:-4:9:::::18:-10:39:::
1921	546.0	2.1465791155936785E-4	1	1.1548677676406051E-4	TGTGTGGTGAACACTTATGGATAGCAACTATCAGTTAATCTGG	NNNNNNNNNNNNNNNNNNNNNNNNNNNNNNNNNNNNNNNNNNN	TRAV12-1*00(967.4)		TRAJ33*00(519.7)		539|552|572|0|13||130.0		19|46|77|16|43||270.0		TGTGTGGTGAACACTTATGGATAGCAACTATCAGTTAATCTGG	45	CVVNTYG_SNYQLIW	:::::::::0:0:13:::::16:1:43:::
2497	546.0	2.1465791155936785E-4	1	1.1548677676406051E-4	TGTGCTCTGCTACAGGGAGCCCAGAAGCTGGTATTT	NNNNNNNNNNNNNNNNNNNNNNNNNNNNNNNNNNNN	TRAV9-2*00(699.6)		TRAJ54*00(529.3)		480|489|514|0|9||90.0		25|49|80|12|36||240.0		TGTGCTCTGCTACAGGGAGCCCAGAAGCTGGTATTT	45	CALLQGAQKLVF	:::::::::0:-5:9:::::12:-5:36:::
4249	546.0	2.1465791155936785E-4	1	1.1548677676406051E-4	TGTGCTGTGAGAGATCCCGCGGCAGGAGGAAGCTACATACCTACATTT	NNNNNNNNNNNNNNNNNNNNNNNNNNNNNNNNNNNNNNNNNNNNNNNN	TRAV1-2*00(719.7)		TRAJ6*00(569.8)		620|636|654|0|16||160.0		25|51|82|22|48||260.0		TGTGCTGTGAGAGATCCCGCGGCAGGAGGAAGCTACATACCTACATTT	45	CAVRDPAAGGSYIPTF	:::::::::0:2:16:::::22:-5:48:::
6390	546.0	2.1465791155936785E-4	1	1.1548677676406051E-4	TGTGCCGTGAACCGGAACACAGGCTTTCAGAAACTTGTATTT	NNNNNNNNNNNNNNNNNNNNNNNNNNNNNNNNNNNNNNNNNN	TRAV12-2*00(855.2)		TRAJ8*00(539.2)		551|563|584|0|12||120.0		21|49|80|14|42||280.0		TGTGCCGTGAACCGGAACACAGGCTTTCAGAAACTTGTATTT	45	CAVNRNTGFQKLVF	:::::::::0:-1:12:::::14:-1:42:::
18744	546.0	2.1465791155936785E-4	1	1.1548677676406051E-4	TGTGCAATGAGAGAGGCGTCTACCGGCACTGCCAGTAAACTCACCTTT	NNNNNNNNNNNNNNNNNNNNNNNNNNNNNNNNNNNNNNNNNNNNNNNN	TRAV14/DV4*00(624.5)		TRAJ44*00(583.8)		517|533|554|0|16||160.0		24|52|83|20|48||280.0		TGTGCAATGAGAGAGGCGTCTACCGGCACTGCCAGTAAACTCACCTTT	45	CAMREASTGTASKLTF	:::::::::0:-1:16:::::20:-4:48:::
1621	545.0	2.142647652012005E-4	1	1.1548677676406051E-4	TGTGTTGTGAGTGAAGGAGGAAGCTACATACCTACATTT	NNNNNNNNNNNNNNNNNNNNNNNNNNNNNNNNNNNNNNN	TRAV8-2*00(689.5)		TRAJ6*00(559.4)		466|480|500|0|14||140.0		26|51|82|14|39||250.0		TGTGTTGTGAGTGAAGGAGGAAGCTACATACCTACATTT	45	CVVSEGGSYIPTF	:::::::::0:0:14:::::14:-6:39:::
2882	545.0	2.142647652012005E-4	1	1.1548677676406051E-4	TGTGCTCTGAAGTGCTGGCAACAACCGTAAGCTGATTTGG	NNNNNNNNNNNNNNNNNNNNNNNNNNNNNNNNNNNNNNNN	TRAV9-2*00(709.9)		TRAJ38*00(579)		480|490|514|0|10||100.0		23|51|82|12|40||280.0		TGTGCTCTGAAGTGCTGGCAACAACCGTAAGCTGATTTGG	45	CALKCWQ_NRKLIW	:::::::::0:-4:10:::::12:-3:40:::
17381	545.0	2.142647652012005E-4	1	1.1548677676406051E-4	TGTGCACCTCTGGGTTCTGCAAGGCAACTGACCTTT	NNNNNNNNNNNNNNNNNNNNNNNNNNNNNNNNNNNN	TRAV13-1*00(919)		TRAJ22*00(548.9)		511|517|544|0|6||60.0		28|52|83|12|36||240.0		TGTGCACCTCTGGGTTCTGCAAGGCAACTGACCTTT	45	CAPLGSARQLTF	:::::::::0:-7:6:::::12:-8:36:::
18220	545.0	2.142647652012005E-4	1	1.1548677676406051E-4	TGTGCAGGGAAAGCGGGACAGGCAGGAACTGCTCTGATCTTT	NNNNNNNNNNNNNNNNNNNNNNNNNNNNNNNNNNNNNNNNNN	TRAV25*00(549.9)		TRAJ15*00(549.6)		620|629|649|0|9||90.0		25|49|80|18|42||240.0		TGTGCAGGGAAAGCGGGACAGGCAGGAACTGCTCTGATCTTT	45	CAGKAGQAGTALIF	:::::::::0:0:9:::::18:-5:42:::
4161	544.0	2.1387161884303316E-4	1	1.1548677676406051E-4	TGTGCTGTGAGGGGTAATGCAGGCAACATGCTCACCTTT	NNNNNNNNNNNNNNNNNNNNNNNNNNNNNNNNNNNNNNN	TRAV1-2*00(669.8)		TRAJ39*00(559.7)		620|631|654|0|11||110.0		27|52|83|14|39||250.0		TGTGCTGTGAGGGGTAATGCAGGCAACATGCTCACCTTT	45	CAVRGNAGNMLTF	:::::::::0:-3:11:::::14:-7:39:::
4561	544.0	2.1387161884303316E-4	1	1.1548677676406051E-4	TGTGCTGGGCTGAGGGCTGACAGCTGGGGGAAATTGCAGTTT	NNNNNNNNNNNNNNNNNNNNNNNNNNNNNNNNNNNNNNNNNN	TRAV35*00(939.2)		TRAJ24*00(529.9)		588|598|620|0|10||100.0		26|52|83|16|42||260.0		TGTGCTGGGCTGAGGGCTGACAGCTGGGGGAAATTGCAGTTT	45	CAGLRADSWGKLQF	:::::::::0:-2:10:::::16:-6:42:::
4976	544.0	2.1387161884303316E-4	1	1.1548677676406051E-4	TGTGCCTTTTTATGGAATGCAGGCAACATGCTCACCTTT	NNNNNNNNNNNNNNNNNNNNNNNNNNNNNNNNNNNNNNN	TRAV24*00(990.6)		TRAJ39*00(509.5)		515|527|545|0|12|SA524T|91.0		28|52|83|15|39||240.0		TGTGCCTTTTTATGGAATGCAGGCAACATGCTCACCTTT	45	CAFLWNAGNMLTF	:::::::::0:2:12:::::15:-8:39:::
18654	544.0	2.1387161884303316E-4	1	1.1548677676406051E-4	TGTGCAATGAGCGGGGGATAACTATGGTCAGAATTTTGTCTTT	NNNNNNNNNNNNNNNNNNNNNNNNNNNNNNNNNNNNNNNNNNN	TRAV12-3*00(849.7)		TRAJ26*00(551.1)		562|575|595|0|13||130.0		20|49|80|14|43||290.0		TGTGCAATGAGCGGGGGATAACTATGGTCAGAATTTTGTCTTT	45	CAMSGG*_YGQNFVF	:::::::::0:0:13:::::14:0:43:::
18664	544.0	2.1387161884303316E-4	1	1.1548677676406051E-4	TGTGCAATGAGCGAATATGGAAACAAGCTGGTCTTT	NNNNNNNNNNNNNNNNNNNNNNNNNNNNNNNNNNNN	TRAV12-3*00(715.1)		TRAJ47*00(520.5)		562|575|595|0|13||130.0		23|46|77|13|36|SA36G|211.0		TGTGCAATGAGCGAATATGGAAACAAGCTGGTCTTT	45	CAMSEYGNKLVF	:::::::::0:0:13:::::13:-3:36:::
18684	544.0	2.1387161884303316E-4	1	1.1548677676406051E-4	TGTGCAATGAGATTAGAGACGCCATCAAACTGGGGCAAACAACCTCTTCTTT	NNNNNNNNNNNNNNNNNNNNNNNNNNNNNNNNNNNNNNNNNNNNNNNNNNNN	TRAV14/DV4*00(850.7)		TRAJ36*00(559.6)		517|529|554|0|12||120.0		19|48|79|23|52||290.0		TGTGCAATGAGATTAGAGACGCCATCAAACTGGGGCAAACAACCTCTTCTTT	45	CAMRLETPS_TGANNLFF	:::::::::0:-5:12:::::23:1:52:::
2240	543.0	2.1347847248486584E-4	1	1.1548677676406051E-4	TGTGCTTATAGGAGCGATTAGAGAATGCAGGCAACATGCTCACCTTT	NNNNNNNNNNNNNNNNNNNNNNNNNNNNNNNNNNNNNNNNNNNNNNN	TRAV38-2/DV8*00(619.5)		TRAJ39*00(549.6)		602|618|638|0|16||160.0		28|52|83|23|47||240.0		TGTGCTTATAGGAGCGATTAGAGAATGCAGGCAACATGCTCACCTTT	45	CAYRSD*R_AGNMLTF	:::::::::0:0:16:::::23:-8:47:::
2965	542.0	2.130853261266985E-4	1	1.1548677676406051E-4	TGTGCTCTAACCCGGGATGACAAGATCATCTTT	NNNNNNNNNNNNNNNNNNNNNNNNNNNNNNNNN	TRAV16*00(969.4)		TRAJ30*00(489.5)		449|459|483|0|10||100.0		28|46|77|15|33||180.0		TGTGCTCTAACCCGGGATGACAAGATCATCTTT	45	CALTRDDKIIF	:::::::::0:-4:10:::::15:-8:33:::
3306	542.0	2.130853261266985E-4	1	1.1548677676406051E-4	TGTGCTGTCAGGTATATTCCGGGTATGCACTCAACTTC	NNNNNNNNNNNNNNNNNNNNNNNNNNNNNNNNNNNNNN	TRAV41*00(789.4)		TRAJ41*00(489.4)		512|523|544|0|11||110.0		28|51|82|15|38||230.0		TGTGCTGTCAGGTATATTCCGGGTATGCACTCAACTTC	45	CAVRYI_GYALNF	:::::::::0:-1:11:::::15:-8:38:::
6351	542.0	2.130853261266985E-4	1	1.1548677676406051E-4	TGTGCCGTGAATGCGCCCCTCAGGAGAGCACTTACTTTT	NNNNNNNNNNNNNNNNNNNNNNNNNNNNNNNNNNNNNNN	TRAV8-1*00(629.7)		TRAJ5*00(489.8)		474|490|508|0|16||160.0		30|49|80|20|39||190.0		TGTGCCGTGAATGCGCCCCTCAGGAGAGCACTTACTTTT	45	CAVNAPLRRALTF	:::::::::0:2:16:::::20:-10:39:::
17327	542.0	2.130853261266985E-4	1	1.1548677676406051E-4	TGTGCGCCCCCGTTCTGGTTCTGCAAGGCAACTGACCTTT	NNNNNNNNNNNNNNNNNNNNNNNNNNNNNNNNNNNNNNNN	TRAV16*00(798.2)		TRAJ22*00(560.2)		449|454|483|0|5||50.0		24|52|83|12|40||280.0		TGTGCGCCCCCGTTCTGGTTCTGCAAGGCAACTGACCTTT	45	CAPPFWF_ARQLTF	:::::::::0:-9:5:::::12:-4:40:::
18345	542.0	2.130853261266985E-4	1	1.1548677676406051E-4	TGTGCAGAGTCCCCGGGAGGAAAGCTTATCTTC	NNNNNNNNNNNNNNNNNNNNNNNNNNNNNNNNN	TRAV13-2*00(539.6)		TRAJ23*00(461.8)		506|515|539|0|9||90.0		30|52|83|11|33|SA32C|191.0		TGTGCAGAGTCCCCGGGAGGAAAGCTTATCTTC	45	CAESPGGKLIF	:::::::::0:-4:9:::::11:-10:33:::
1645	541.0	2.1269217976853115E-4	1	1.1548677676406051E-4	TGTGTGTTCGAGACTGACAGCTGGGGGAAATTGCAGTTT	NNNNNNNNNNNNNNNNNNNNNNNNNNNNNNNNNNNNNNN	TRAV12-1*00(904.8)		TRAJ24*00(549.7)		539|545|572|0|6||60.0		25|52|83|12|39||270.0		TGTGTGTTCGAGACTGACAGCTGGGGGAAATTGCAGTTT	45	CVFETDSWGKLQF	:::::::::0:-7:6:::::12:-5:39:::
1702	540.0	2.122990334103638E-4	1	1.1548677676406051E-4	TGTGTGGTGGGTACCGATTATGGAGGAAGCCAAGGAAATCTCATCTTT	NNNNNNNNNNNNNNNNNNNNNNNNNNNNNNNNNNNNNNNNNNNNNNNN	TRAV10*00(649.5)		TRAJ42*00(619.5)		575|584|608|0|9||90.0		23|55|86|16|48||320.0		TGTGTGGTGGGTACCGATTATGGAGGAAGCCAAGGAAATCTCATCTTT	45	CVVGTDYGGSQGNLIF	:::::::::0:-4:9:::::16:-3:48:::
2129	540.0	2.122990334103638E-4	1	1.1548677676406051E-4	TGTGCTTCCCGACCCCTCTAATAATAATGCAGGCAACATGCTCACCTTT	NNNNNNNNNNNNNNNNNNNNNNNNNNNNNNNNNNNNNNNNNNNNNNNNN	TRAV2*00(760.8)		TRAJ39*00(586.7)		519|525|553|0|6||60.0		22|52|83|19|49||300.0		TGTGCTTCCCGACCCCTCTAATAATAATGCAGGCAACATGCTCACCTTT	45	CASRPL**_NAGNMLTF	:::::::::0:-8:6:::::19:-2:49:::
3784	540.0	2.122990334103638E-4	1	1.1548677676406051E-4	TGTGCTGTGATTGTGAAACAGCGAAGAGGAGGTGCTGACGGACTCACCTTT	NNNNNNNNNNNNNNNNNNNNNNNNNNNNNNNNNNNNNNNNNNNNNNNNNNN	TRAV8-6*00(670.7)		TRAJ45*00(569.6)		448|461|482|0|13|SG458T|101.0		29|55|86|25|51||260.0		TGTGCTGTGATTGTGAAACAGCGAAGAGGAGGTGCTGACGGACTCACCTTT	45	CAVIVKQRRGGADGLTF	:::::::::0:-1:13:::::25:-9:51:::
3946	540.0	2.122990334103638E-4	1	1.1548677676406051E-4	TGTGCTGTGAGTGATCCGGGCAGCAGTGCTTCCAAGATAATCTTT	NNNNNNNNNNNNNNNNNNNNNNNNNNNNNNNNNNNNNNNNNNNNN	TRAV8-4*00(709.5)		TRAJ3*00(549)		476|492|510|0|16||160.0		26|51|82|20|45||250.0		TGTGCTGTGAGTGATCCGGGCAGCAGTGCTTCCAAGATAATCTTT	45	CAVSDPGSSASKIIF	:::::::::0:2:16:::::20:-6:45:::
17614	540.0	2.122990334103638E-4	1	1.1548677676406051E-4	TGTGCAGCAACTACGAACACCGGTAACCAGTTCTATTTT	NNNNNNNNNNNNNNNNNNNNNNNNNNNNNNNNNNNNNNN	TRAV23/DV6*00(469.9)		TRAJ49*00(559.7)		517|527|550|0|10||100.0		19|45|76|13|39||260.0		TGTGCAGCAACTACGAACACCGGTAACCAGTTCTATTTT	45	CAATTNTGNQFYF	:::::::::0:-3:10:::::13:1:39:::
18132	540.0	2.122990334103638E-4	1	1.1548677676406051E-4	TGTGCAGGGTTAGAAGCTGCAGGCAACAAGCTAACTTTT	NNNNNNNNNNNNNNNNNNNNNNNNNNNNNNNNNNNNNNN	TRAV25*00(549.8)		TRAJ17*00(559.6)		620|629|649|0|9||90.0		26|52|83|13|39||260.0		TGTGCAGGGTTAGAAGCTGCAGGCAACAAGCTAACTTTT	45	CAGLEAAGNKLTF	:::::::::0:0:9:::::13:-6:39:::
20464	540.0	2.122990334103638E-4	1	1.1548677676406051E-4	TGCATCGTCAGAAGGGTAATGCAGGCAACATGCTCACCTTT	NNNNNNNNNNNNNNNNNNNNNNNNNNNNNNNNNNNNNNNNN	TRAV26-1*00(609.7)		TRAJ39*00(559.7)		763|775|799|0|12||120.0		27|52|83|16|41||250.0		TGCATCGTCAGAAGGGTAATGCAGGCAACATGCTCACCTTT	45	CIVRRVM_GNMLTF	:::::::::0:-4:12:::::16:-7:41:::
442	539.0	2.1190588705219648E-4	3	3.4646033029218156E-4	TGTGCTGTGAGAGGCGAGTCAGGAGGAAGCTACATACCTACATTT	[[[[[[[[[[[[[[[[[[[[[[[[[[[[[[[[[[[[[[[[[[[[[	TRAV1-2*00(689.7)		TRAJ6*00(579.8)		620|633|654|0|13||130.0		24|51|82|18|45||270.0		TGTGCTGTGAGAGGCGAGTCAGGAGGAAGCTACATACCTACATTT	58	CAVRGESGGSYIPTF	:::::::::0:-1:13:::::18:-4:45:::
1950	539.0	2.1190588705219648E-4	1	1.1548677676406051E-4	TGTGTGGTGAAGAGAACAATAACAATGACATGCGCTTT	NNNNNNNNNNNNNNNNNNNNNNNNNNNNNNNNNNNNNN	TRAV12-1*00(932.5)		TRAJ43*00(519.8)		539|550|572|0|11||110.0		20|43|74|15|38||230.0		TGTGTGGTGAAGAGAACAATAACAATGACATGCGCTTT	45	CVVKRT_NNDMRF	:::::::::0:-2:11:::::15:0:38:::
3459	539.0	2.1190588705219648E-4	1	1.1548677676406051E-4	TGTGCTGTGCAGGGGGGAGATAACTATGGTCAGAATTTTGTCTTT	NNNNNNNNNNNNNNNNNNNNNNNNNNNNNNNNNNNNNNNNNNNNN	TRAV20*00(539.6)		TRAJ26*00(569.6)		498|511|531|0|13||130.0		22|49|80|18|45||270.0		TGTGCTGTGCAGGGGGGAGATAACTATGGTCAGAATTTTGTCTTT	45	CAVQGGDNYGQNFVF	:::::::::0:0:13:::::18:-2:45:::
1684	538.0	2.1151274069402913E-4	1	1.1548677676406051E-4	TGTGTGGTGCTCCACCCCTCCGTGGTGCTACAAACAAGCTCATCTTT	NNNNNNNNNNNNNNNNNNNNNNNNNNNNNNNNNNNNNNNNNNNNNNN	TRAV12-1*00(949.2)		TRAJ32*00(490.7)		539|548|572|0|9||90.0		29|55|86|21|47||260.0		TGTGTGGTGCTCCACCCCTCCGTGGTGCTACAAACAAGCTCATCTTT	45	CVVLHPSV_ATNKLIF	:::::::::0:-4:9:::::21:-9:47:::
3890	537.0	2.1111959433586178E-4	1	1.1548677676406051E-4	TGTGCTGTGAGTGCTCTAGAACAGAGATGACAAGATCATCTTT	NNNNNNNNNNNNNNNNNNNNNNNNNNNNNNNNNNNNNNNNNNN	TRAV8-4*00(652)		TRAJ30*00(559.6)		476|492|510|0|16|SA489C|131.0		21|46|77|18|43||250.0		TGTGCTGTGAGTGCTCTAGAACAGAGATGACAAGATCATCTTT	45	CAVSALE_RDDKIIF	:::::::::0:2:16:::::18:-1:43:::
4426	537.0	2.1111959433586178E-4	1	1.1548677676406051E-4	TGTGCTGCCCGGAACAGAGATGACAAGATCATCTTT	NNNNNNNNNNNNNNNNNNNNNNNNNNNNNNNNNNNN	TRAV2*00(946.1)		TRAJ30*00(519.8)		519|526|553|0|7||70.0		21|46|77|11|36||250.0		TGTGCTGCCCGGAACAGAGATGACAAGATCATCTTT	45	CAARNRDDKIIF	:::::::::0:-7:7:::::11:-1:36:::
6225	537.0	2.1111959433586178E-4	1	1.1548677676406051E-4	TGTGCCGTGGACCTGTCCCGTAATAATGCAGGCAACATGCTCACCTTT	NNNNNNNNNNNNNNNNNNNNNNNNNNNNNNNNNNNNNNNNNNNNNNNN	TRAV39*00(770.7)		TRAJ39*00(589.9)		507|525|540|0|18|SA519C|151.0		24|52|83|20|48||280.0		TGTGCCGTGGACCTGTCCCGTAATAATGCAGGCAACATGCTCACCTTT	45	CAVDLSRNNAGNMLTF	:::::::::0:5:18:::::20:-4:48:::
19181	537.0	2.1111959433586178E-4	1	1.1548677676406051E-4	TGCGCCGCCGTGAACAATGCCAGACTCATGTTT	NNNNNNNNNNNNNNNNNNNNNNNNNNNNNNNNN	TRAV1-1*00(620.5)		TRAJ31*00(509.9)		670|675|704|0|5||50.0		25|46|77|12|33||210.0		TGCGCCGCCGTGAACAATGCCAGACTCATGTTT	45	CAAVNNARLMF	:::::::::0:-9:5:::::12:-5:33:::
787	536.0	2.1072644797769444E-4	2	2.3097355352812103E-4	TGTGCCATGCTGGGGGTGAACACCGGTAACCAGTTCTATTTT	[[[[[[[[[[[[[[[[[[[[[[[[[[[[[[[[[[[[[[[[[[	TRAV38-1*00(509.9)		TRAJ49*00(549.6)		596|601|633|0|5||50.0		20|45|76|17|42||250.0		TGTGCCATGCTGGGGGTGAACACCGGTAACCAGTTCTATTTT	58	CAMLGVNTGNQFYF	:::::::::0:-12:5:::::17:0:42:::
2546	536.0	2.1072644797769444E-4	1	1.1548677676406051E-4	TGTGCTCTGATAAACTCTGGGGCTGGGAGTTACCAACTCACTTTC	NNNNNNNNNNNNNNNNNNNNNNNNNNNNNNNNNNNNNNNNNNNNN	TRAV9-2*00(709.5)		TRAJ28*00(609.4)		480|490|514|0|10||100.0		23|55|86|13|45||320.0		TGTGCTCTGATAAACTCTGGGGCTGGGAGTTACCAACTCACTTTC	45	CALINSGAGSYQLTF	:::::::::0:-4:10:::::13:-3:45:::
2614	536.0	2.1072644797769444E-4	1	1.1548677676406051E-4	TGTGCTCTGAGTGCCCAGGACGGTTGGCAACAACCGTAAGCTGATTTGG	NNNNNNNNNNNNNNNNNNNNNNNNNNNNNNNNNNNNNNNNNNNNNNNNN	TRAV9-2*00(729.6)		TRAJ38*00(549.1)		480|493|514|0|13||130.0		26|51|82|24|49||250.0		TGTGCTCTGAGTGCCCAGGACGGTTGGCAACAACCGTAAGCTGATTTGG	45	CALSAQDG_GNNRKLIW	:::::::::0:-1:13:::::24:-6:49:::
2627	536.0	2.1072644797769444E-4	1	1.1548677676406051E-4	TGTGCTCTGAGTGGGCCTGCGCATACTCTGGGGCTGGGAGTTACCAACTCACTTTC	NNNNNNNNNNNNNNNNNNNNNNNNNNNNNNNNNNNNNNNNNNNNNNNNNNNNNNNN	TRAV19*00(719.6)		TRAJ28*00(649)		556|569|593|0|13||130.0		19|55|86|20|56||360.0		TGTGCTCTGAGTGGGCCTGCGCATACTCTGGGGCTGGGAGTTACCAACTCACTTTC	45	CALSGPAHT_GAGSYQLTF	:::::::::0:-4:13:::::20:1:56:::
3322	536.0	2.1072644797769444E-4	1	1.1548677676406051E-4	TGTGCTGTCAGATCGACACCAATGCAGGCAAATCAACCTTT	NNNNNNNNNNNNNNNNNNNNNNNNNNNNNNNNNNNNNNNNN	TRAV41*00(819.6)		TRAJ27*00(549.7)		512|526|544|0|14||140.0		22|48|79|15|41||260.0		TGTGCTGTCAGATCGACACCAATGCAGGCAAATCAACCTTT	45	CAVRSTP_AGKSTF	:::::::::0:2:14:::::15:-2:41:::
4582	536.0	2.1072644797769444E-4	1	1.1548677676406051E-4	TGTGCTGGGCGCTCTGGGGGTTACCAGAAAGTTACCTTT	NNNNNNNNNNNNNNNNNNNNNNNNNNNNNNNNNNNNNNN	TRAV35*00(939.7)		TRAJ13*00(540.7)		588|598|620|0|10||100.0		25|52|83|12|39||270.0		TGTGCTGGGCGCTCTGGGGGTTACCAGAAAGTTACCTTT	45	CAGRSGGYQKVTF	:::::::::0:-2:10:::::12:-5:39:::
5024	536.0	2.1072644797769444E-4	1	1.1548677676406051E-4	TGTGCCTTTAGGACCTCAGGAACCTACAAATACATCTTT	NNNNNNNNNNNNNNNNNNNNNNNNNNNNNNNNNNNNNNN	TRDV3*00(979.4)		TRAJ40*00(477.7)		583|594|614|0|11||110.0		23|50|81|12|39||270.0		TGTGCCTTTAGGACCTCAGGAACCTACAAATACATCTTT	45	CAFRTSGTYKYIF	:::::::::0:0:11:::::12:-3:39:::
17439	536.0	2.1072644797769444E-4	1	1.1548677676406051E-4	TGTGCAGCTTCATCTTATAACACCGACAAGCTCATCTTT	NNNNNNNNNNNNNNNNNNNNNNNNNNNNNNNNNNNNNNN	TRAV29/DV5*00(529.5)		TRAJ34*00(579.7)		529|537|562|0|8||80.0		19|47|78|11|39||280.0		TGTGCAGCTTCATCTTATAACACCGACAAGCTCATCTTT	45	CAASSYNTDKLIF	:::::::::0:-5:8:::::11:1:39:::
3763	535.0	2.1033330161952712E-4	1	1.1548677676406051E-4	TGTGCTGTGGAAGTGCAATGCTTCCAAGATAATCTTT	NNNNNNNNNNNNNNNNNNNNNNNNNNNNNNNNNNNNN	TRAV8-6*00(659.5)		TRAJ3*00(500.7)		448|457|482|0|9||90.0		28|51|82|14|37|SG31A|201.0		TGTGCTGTGGAAGTGCAATGCTTCCAAGATAATCTTT	45	CAVEVQ_ASKIIF	:::::::::0:-5:9:::::14:-8:37:::
4873	535.0	2.1033330161952712E-4	1	1.1548677676406051E-4	TGTGCTACGGACGCATGGAATATAGAAACAAACTGGTCTTT	NNNNNNNNNNNNNNNNNNNNNNNNNNNNNNNNNNNNNNNNN	TRAV17*00(939.3)		TRAJ47*00(560.6)		490|504|523|0|14||140.0		19|46|77|14|41|SG28A|251.0		TGTGCTACGGACGCATGGAATATAGAAACAAACTGGTCTTT	45	CATDAWN_RNKLVF	:::::::::0:1:14:::::14:1:41:::
6306	535.0	2.1033330161952712E-4	1	1.1548677676406051E-4	TGTGCCGTGACCAACACGGGCAGGAGAGCACTTACTTTT	NNNNNNNNNNNNNNNNNNNNNNNNNNNNNNNNNNNNNNN	TRAV12-2*00(786.1)		TRAJ5*00(545.1)		551|564|584|0|13|SA561C|101.0		23|49|80|13|39||260.0		TGTGCCGTGACCAACACGGGCAGGAGAGCACTTACTTTT	45	CAVTNTGRRALTF	:::::::::0:0:13:::::13:-3:39:::
17820	535.0	2.1033330161952712E-4	1	1.1548677676406051E-4	TGTGCAGCAAGCCCTAACTATGGTCAGAATTTTGTCTTT	NNNNNNNNNNNNNNNNNNNNNNNNNNNNNNNNNNNNNNN	TRAV29/DV5*00(529.6)		TRAJ26*00(539.8)		529|541|562|0|12||120.0		24|49|80|14|39||250.0		TGTGCAGCAAGCCCTAACTATGGTCAGAATTTTGTCTTT	45	CAASPNYGQNFVF	:::::::::0:-1:12:::::14:-4:39:::
18951	535.0	2.1033330161952712E-4	1	1.1548677676406051E-4	TGCTATCTTATGCTGGCAACAACCGTAAGCTGATTTGG	NNNNNNNNNNNNNNNNNNNNNNNNNNNNNNNNNNNNNN	TRAV19*00(629.9)		TRAJ38*00(589.5)		556|558|593|0|2||20.0		22|51|82|9|38||290.0		TGCTATCTTATGCTGGCAACAACCGTAAGCTGATTTGG	45	CYLMLA_NRKLIW	:::::::::0:-15:2:::::9:-2:38:::
2091	534.0	2.0994015526135977E-4	1	1.1548677676406051E-4	TGTGCTTTCAGGAGGAGGTGCTGACGGACTCACCTTT	NNNNNNNNNNNNNNNNNNNNNNNNNNNNNNNNNNNNN	TRAV38-1*00(560.8)		TRAJ45*00(579.7)		596|606|633|0|10||101.0		28|55|86|10|37||310.0		TGTGCTTTCAGGAGGAGGTGCTGACGGACTCACCTTT	45	CAFRRR_ADGLTF	:::::::::0:-7:10:::::10:-8:37:::
3928	534.0	2.0994015526135977E-4	1	1.1548677676406051E-4	TGTGCTGTGAGTGGATGGGCTACTAGCTATGGAAAGCTGACATTT	NNNNNNNNNNNNNNNNNNNNNNNNNNNNNNNNNNNNNNNNNNNNN	TRAV8-4*00(649.5)		TRAJ52*00(549.7)		476|489|510|0|13||130.0		33|58|89|20|45||250.0		TGTGCTGTGAGTGGATGGGCTACTAGCTATGGAAAGCTGACATTT	45	CAVSGWATSYGKLTF	:::::::::0:-1:13:::::20:-13:45:::
17487	534.0	2.0994015526135977E-4	1	1.1548677676406051E-4	TGTGCAGCCCCATCCTATAACAATGCCAGACTCATGTTT	NNNNNNNNNNNNNNNNNNNNNNNNNNNNNNNNNNNNNNN	TRAV29/DV5*00(489.7)		TRAJ31*00(529.6)		529|537|562|0|8||80.0		23|46|77|16|39||230.0		TGTGCAGCCCCATCCTATAACAATGCCAGACTCATGTTT	45	CAAPSYNNARLMF	:::::::::0:-5:8:::::16:-3:39:::
17694	534.0	2.0994015526135977E-4	1	1.1548677676406051E-4	TGTGCAGCAAGTGGAGGAGGAAGCTACATACCTACATTT	NNNNNNNNNNNNNNNNNNNNNNNNNNNNNNNNNNNNNNN	TRAV13-1*00(979.2)		TRAJ6*00(529.7)		511|523|544|0|12||120.0		26|51|82|14|39||250.0		TGTGCAGCAAGTGGAGGAGGAAGCTACATACCTACATTT	45	CAASGGGSYIPTF	:::::::::0:-1:12:::::14:-6:39:::
2583	533.0	2.0954700890319242E-4	1	1.1548677676406051E-4	TGTGCTCTGAGTCTTGGTGGTGCTACAAACAAGCTCATCTTT	NNNNNNNNNNNNNNNNNNNNNNNNNNNNNNNNNNNNNNNNNN	TRAV9-2*00(729.3)		TRAJ32*00(579.7)		480|492|514|0|12||120.0		27|55|86|14|42||280.0		TGTGCTCTGAGTCTTGGTGGTGCTACAAACAAGCTCATCTTT	45	CALSLGGATNKLIF	:::::::::0:-2:12:::::14:-7:42:::
3636	533.0	2.0954700890319242E-4	1	1.1548677676406051E-4	TGTGCTGTGGGGGCTTAGGAAAGCTGCAGGCAACAAGCTAACTTTT	NNNNNNNNNNNNNNNNNNNNNNNNNNNNNNNNNNNNNNNNNNNNNN	TRAV3*00(569.6)		TRAJ17*00(569.7)		437|446|473|0|9||90.0		25|52|83|19|46||270.0		TGTGCTGTGGGGGCTTAGGAAAGCTGCAGGCAACAAGCTAACTTTT	45	CAVGA*ES_AGNKLTF	:::::::::0:-7:9:::::19:-5:46:::
6056	533.0	2.0954700890319242E-4	1	1.1548677676406051E-4	TGTGCCCCGGCCTGGGGCAACACAGGCAAACTAATCTTT	NNNNNNNNNNNNNNNNNNNNNNNNNNNNNNNNNNNNNNN	TRAV39*00(699.6)		TRAJ37*00(549.2)		507|513|540|0|6||60.0		27|51|82|15|39||240.0		TGTGCCCCGGCCTGGGGCAACACAGGCAAACTAATCTTT	45	CAPAWGNTGKLIF	:::::::::0:-7:6:::::15:-7:39:::
18520	533.0	2.0954700890319242E-4	1	1.1548677676406051E-4	TGTGCAGAGAAGAGCACAGGCTTTCAGAAACTTGTATTT	NNNNNNNNNNNNNNNNNNNNNNNNNNNNNNNNNNNNNNN	TRAV13-2*00(559.9)		TRAJ8*00(468.9)		506|517|539|0|11||110.0		21|49|80|11|39|SA23G|251.0		TGTGCAGAGAAGAGCACAGGCTTTCAGAAACTTGTATTT	45	CAEKSTGFQKLVF	:::::::::0:-2:11:::::11:-1:39:::
2024	532.0	2.0915386254502508E-4	1	1.1548677676406051E-4	TGTGCTTTCATTTACGGGTGCAGGCAACATGCTCACCTTT	NNNNNNNNNNNNNNNNNNNNNNNNNNNNNNNNNNNNNNNN	TRAV38-1*00(569.5)		TRAJ39*00(529.9)		596|607|633|0|11||110.0		30|52|83|18|40||220.0		TGTGCTTTCATTTACGGGTGCAGGCAACATGCTCACCTTT	45	CAFIYGC_GNMLTF	:::::::::0:-6:11:::::18:-10:40:::
3163	532.0	2.0915386254502508E-4	1	1.1548677676406051E-4	TGTGCTGTTCTCCAGGACAAGGGAGCCCAGAAGCTGGTATTT	NNNNNNNNNNNNNNNNNNNNNNNNNNNNNNNNNNNNNNNNNN	TRAV36/DV7*00(570.3)		TRAJ54*00(519)		500|508|533|0|8||80.0		26|49|80|19|42||230.0		TGTGCTGTTCTCCAGGACAAGGGAGCCCAGAAGCTGGTATTT	45	CAVLQDKGAQKLVF	:::::::::0:-5:8:::::19:-6:42:::
4136	532.0	2.0915386254502508E-4	1	1.1548677676406051E-4	TGTGCTGTGAGGCCGGGATACAGCACCCTCACCTTT	NNNNNNNNNNNNNNNNNNNNNNNNNNNNNNNNNNNN	TRAV21*00(1009.4)		TRAJ11*00(509.3)		544|558|576|0|14||140.0		28|49|80|15|36||210.0		TGTGCTGTGAGGCCGGGATACAGCACCCTCACCTTT	45	CAVRPGYSTLTF	:::::::::0:2:14:::::15:-8:36:::
20305	532.0	2.0915386254502508E-4	1	1.1548677676406051E-4	TGCATCCCCATACTATCAGTTAATCTGG	NNNNNNNNNNNNNNNNNNNNNNNNNNNN	TRAV26-2*00(839.2)		TRAJ33*00(459)		791|798|826|0|7||70.0		29|46|77|11|28||170.0		TGCATCCCCATACTATCAGTTAATCTGG	45	CIPIL_QLIW	:::::::::0:-8:7:::::11:-9:28:::
2687	531.0	2.0876071618685776E-4	1	1.1548677676406051E-4	TGTGCTCTGAGTGACGGAAGAGGAGGAGGTGCTGACGGACTCACCTTT	NNNNNNNNNNNNNNNNNNNNNNNNNNNNNNNNNNNNNNNNNNNNNNNN	TRAV9-2*00(739.9)		TRAJ45*00(589.6)		480|494|514|0|14||140.0		27|55|86|20|48||280.0		TGTGCTCTGAGTGACGGAAGAGGAGGAGGTGCTGACGGACTCACCTTT	45	CALSDGRGGGADGLTF	:::::::::0:0:14:::::20:-7:48:::
2968	531.0	2.0876071618685776E-4	1	1.1548677676406051E-4	TGTGCTCTAAGTCCCTTCTATGGGAACAACAGACTCGCTTTT	NNNNNNNNNNNNNNNNNNNNNNNNNNNNNNNNNNNNNNNNNN	TRAV16*00(989.2)		TRAJ7*00(499.5)		449|461|483|0|12||120.0		23|48|79|17|42||250.0		TGTGCTCTAAGTCCCTTCTATGGGAACAACAGACTCGCTTTT	45	CALSPFYGNNRLAF	:::::::::0:-2:12:::::17:-3:42:::
20218	531.0	2.0876071618685776E-4	1	1.1548677676406051E-4	TGCATCCTGAGTGGGTAACGACTACAAGCTCAGCTTT	NNNNNNNNNNNNNNNNNNNNNNNNNNNNNNNNNNNNN	TRAV26-2*00(794.7)		TRAJ20*00(522.3)		791|802|826|0|11||110.0		24|46|77|15|37||220.0		TGCATCCTGAGTGGGTAACGACTACAAGCTCAGCTTT	45	CILSG*_DYKLSF	:::::::::0:-4:11:::::15:-4:37:::
1781	530.0	2.083675698286904E-4	1	1.1548677676406051E-4	TGTGTGGTGAGCGTCCCAGGCAGGAACTGCTCTGATCTTT	NNNNNNNNNNNNNNNNNNNNNNNNNNNNNNNNNNNNNNNN	TRAV10*00(813.9)		TRAJ15*00(458.5)		575|588|608|0|13||130.0		24|49|80|15|40||250.0		TGTGTGGTGAGCGTCCCAGGCAGGAACTGCTCTGATCTTT	45	CVVSVPG_GTALIF	:::::::::0:0:13:::::15:-4:40:::
17633	530.0	2.083675698286904E-4	1	1.1548677676406051E-4	TGTGCAGCAACCGAACCTAGTAACAATGACATGCGCTTT	NNNNNNNNNNNNNNNNNNNNNNNNNNNNNNNNNNNNNNN	TRAV29/DV5*00(550.8)		TRAJ43*00(489.9)		529|542|562|0|13|SG539C|101.0		24|43|74|20|39||190.0		TGTGCAGCAACCGAACCTAGTAACAATGACATGCGCTTT	45	CAATEPSNNDMRF	:::::::::0:0:13:::::20:-4:39:::
20253	530.0	2.083675698286904E-4	1	1.1548677676406051E-4	TGCATCCTGAGAGGACGGTCAGGAGGAGGTGCTGACGGACTCACCTTT	NNNNNNNNNNNNNNNNNNNNNNNNNNNNNNNNNNNNNNNNNNNNNNNN	TRAV26-2*00(899.6)		TRAJ45*00(559.8)		791|804|826|0|13||130.0		25|55|86|18|48||300.0		TGCATCCTGAGAGGACGGTCAGGAGGAGGTGCTGACGGACTCACCTTT	45	CILRGRSGGGADGLTF	:::::::::0:-2:13:::::18:-5:48:::
653	529.0	2.0797442347052306E-4	2	2.3097355352812103E-4	TGTGCTGTGCAGGAAAGAGGCTCAACCCTGGGGAGGCTATACTTT	[[[[[[[[[[[[[[[[[[[[[[[[[[[[[[[[[[[[[[[[[[[[[	TRAV20*00(539.6)		TRAJ18*00(610.6)		498|511|531|0|13||130.0		23|55|86|13|45|SC24A|301.0		TGTGCTGTGCAGGAAAGAGGCTCAACCCTGGGGAGGCTATACTTT	58	CAVQERGSTLGRLYF	:::::::::0:0:13:::::13:-3:45:::
2587	529.0	2.0797442347052306E-4	1	1.1548677676406051E-4	TGTGCTCTGAGTCCTGGGGGTTACCAGAAAGTTACCTTT	NNNNNNNNNNNNNNNNNNNNNNNNNNNNNNNNNNNNNNN	TRAV9-2*00(729.2)		TRAJ13*00(530.7)		480|490|514|0|10||120.0		23|52|83|10|39|SA23GST25C|262.0		TGTGCTCTGAGTCCTGGGGGTTACCAGAAAGTTACCTTT	45	CALSPGGYQKVTF	:::::::::0:-4:10:::::10:-3:39:::
2686	529.0	2.0797442347052306E-4	1	1.1548677676406051E-4	TGTGCTCTGAGTGACCGGAACTATGGTCAGAATTTTGTCTTT	NNNNNNNNNNNNNNNNNNNNNNNNNNNNNNNNNNNNNNNNNN	TRAV19*00(749.5)		TRAJ26*00(549.4)		556|570|593|0|14||140.0		25|49|80|18|42||240.0		TGTGCTCTGAGTGACCGGAACTATGGTCAGAATTTTGTCTTT	45	CALSDRNYGQNFVF	:::::::::0:-3:14:::::18:-5:42:::
3841	529.0	2.0797442347052306E-4	1	1.1548677676406051E-4	TGTGCTGTGACAGAGGCTCAACCCTGGGGAGGCTATACTTT	NNNNNNNNNNNNNNNNNNNNNNNNNNNNNNNNNNNNNNNNN	TRAV21*00(870.7)		TRAJ18*00(607.3)		544|553|576|0|9||100.0		23|55|86|9|41||330.0		TGTGCTGTGACAGAGGCTCAACCCTGGGGAGGCTATACTTT	45	CAVTEAQ_LGRLYF	:::::::::0:-3:9:::::9:-3:41:::
4034	529.0	2.0797442347052306E-4	1	1.1548677676406051E-4	TGTGCTGTGAGTGAATGGACCGGTAACCAGTTCTATTTT	NNNNNNNNNNNNNNNNNNNNNNNNNNNNNNNNNNNNNNN	TRAV8-4*00(670.7)		TRAJ49*00(509.8)		476|490|510|0|14||140.0		24|45|76|18|39||210.0		TGTGCTGTGAGTGAATGGACCGGTAACCAGTTCTATTTT	45	CAVSEWTGNQFYF	:::::::::0:0:14:::::18:-4:39:::
4192	529.0	2.0797442347052306E-4	1	1.1548677676406051E-4	TGTGCTGTGAGGAGCCACTGGCAACAACCGTAAGCTGATTTGG	NNNNNNNNNNNNNNNNNNNNNNNNNNNNNNNNNNNNNNNNNNN	TRAV8-6*00(679.6)		TRAJ38*00(559.4)		448|459|482|0|11||110.0		25|51|82|17|43||260.0		TGTGCTGTGAGGAGCCACTGGCAACAACCGTAAGCTGATTTGG	45	CAVRSHW_NNRKLIW	:::::::::0:-3:11:::::17:-5:43:::
4780	529.0	2.0797442347052306E-4	1	1.1548677676406051E-4	TGTGCTACGTCCGGGGAAAACAAGATCATCTTT	NNNNNNNNNNNNNNNNNNNNNNNNNNNNNNNNN	TRAV17*00(889.3)		TRAJ30*00(449.3)		490|499|523|0|9||90.0		32|46|77|19|33||140.0		TGTGCTACGTCCGGGGAAAACAAGATCATCTTT	45	CATSGENKIIF	:::::::::0:-4:9:::::19:-12:33:::
17563	529.0	2.0797442347052306E-4	1	1.1548677676406051E-4	TGTGCAGCACAATATGCTGGTGGTACTAGCTATGGAAAGCTGACATTT	NNNNNNNNNNNNNNNNNNNNNNNNNNNNNNNNNNNNNNNNNNNNNNNN	TRAV29/DV5*00(499.9)		TRAJ52*00(649.4)		529|538|562|0|9||90.0		23|58|89|13|48||350.0		TGTGCAGCACAATATGCTGGTGGTACTAGCTATGGAAAGCTGACATTT	45	CAAQYAGGTSYGKLTF	:::::::::0:-4:9:::::13:-3:48:::
20312	529.0	2.0797442347052306E-4	1	1.1548677676406051E-4	TGCATCCGGCCCGATGTATTCAGGAGGAGGTGCTGACGGACTCACCTTT	NNNNNNNNNNNNNNNNNNNNNNNNNNNNNNNNNNNNNNNNNNNNNNNNN	TRAV26-2*00(839)		TRAJ45*00(629.9)		791|798|826|0|7||70.0		19|55|86|13|49||360.0		TGCATCCGGCCCGATGTATTCAGGAGGAGGTGCTGACGGACTCACCTTT	45	CIRPDVFR_GGADGLTF	:::::::::0:-8:7:::::13:1:49:::
1555	528.0	2.0758127711235572E-4	1	1.1548677676406051E-4	TGTCCCATCAAAGCAAGGGTAACCAGTTCTATTTT	NNNNNNNNNNNNNNNNNNNNNNNNNNNNNNNNNNN	TRAV17*00(829.7)		TRAJ49*00(479)		490|493|523|0|3||30.0		27|45|76|17|35||180.0		TGTCCCATCAAAGCAAGGGTAACCAGTTCTATTTT	45	CPIKAR_NQFYF	:::::::::0:-10:3:::::17:-7:35:::
4186	528.0	2.0758127711235572E-4	1	1.1548677676406051E-4	TGTGCTGTGAGGACTAACACCAATGCAGGCAAATCAACCTTT	NNNNNNNNNNNNNNNNNNNNNNNNNNNNNNNNNNNNNNNNNN	TRAV8-6*00(679.6)		TRAJ27*00(569.8)		448|459|482|0|11||110.0		20|48|79|14|42||280.0		TGTGCTGTGAGGACTAACACCAATGCAGGCAAATCAACCTTT	45	CAVRTNTNAGKSTF	:::::::::0:-3:11:::::14:0:42:::
6007	528.0	2.0758127711235572E-4	1	1.1548677676406051E-4	TGTGCCCCTGCCGCCAACGACTACAAGCTCAGCTTT	NNNNNNNNNNNNNNNNNNNNNNNNNNNNNNNNNNNN	TRAV14/DV4*00(779.6)		TRAJ20*00(508.9)		517|522|554|0|5||50.0		25|46|77|15|36||210.0		TGTGCCCCTGCCGCCAACGACTACAAGCTCAGCTTT	45	CAPAANDYKLSF	:::::::::0:-12:5:::::15:-5:36:::
6244	528.0	2.0758127711235572E-4	1	1.1548677676406051E-4	TGTGCCGTGGACATGAGAAGCGGTAACCAGTTCTATTTT	NNNNNNNNNNNNNNNNNNNNNNNNNNNNNNNNNNNNNNN	TRAV39*00(789.3)		TRAJ49*00(487.4)		507|522|540|0|15||150.0		26|45|76|20|39||190.0		TGTGCCGTGGACATGAGAAGCGGTAACCAGTTCTATTTT	45	CAVDMRSGNQFYF	:::::::::0:2:15:::::20:-6:39:::
18879	528.0	2.0758127711235572E-4	1	1.1548677676406051E-4	TGTGGCACAGAGTCGTCAGCTGGGGGAAATTGCAGTTT	NNNNNNNNNNNNNNNNNNNNNNNNNNNNNNNNNNNNNN	TRAV30*00(460.6)		TRAJ24*00(509.6)		567|579|600|0|12|SC569T|91.0		30|52|83|16|38||220.0		TGTGGCACAGAGTCGTCAGCTGGGGGAAATTGCAGTTT	45	CGTESS_WGKLQF	:::::::::0:-1:12:::::16:-10:38:::
626	527.0	2.071881307541884E-4	2	2.3097355352812103E-4	TGTGCTCTGAGTCACGGGGCTCTAGCAACACAGGCAAACTAATCTTT	[[[[[[[[[[[[[[[[[[[[[[[[[[[[[[[[[[[[[[[[[[[[[[[	TRAV9-2*00(739.9)		TRAJ37*00(580.8)		480|492|514|0|12||120.0		21|51|82|17|47|SG27A|271.0		TGTGCTCTGAGTCACGGGGCTCTAGCAACACAGGCAAACTAATCTTT	58	CALSHGAL_NTGKLIF	:::::::::0:-2:12:::::17:-1:47:::
1682	527.0	2.071881307541884E-4	1	1.1548677676406051E-4	TGTGTGGTGTAAATTCCGGGTATGCACTCAACTTC	NNNNNNNNNNNNNNNNNNNNNNNNNNNNNNNNNNN	TRAV10*00(999.4)		TRAJ41*00(509.8)		575|584|608|0|9||90.0		26|51|82|10|35||250.0		TGTGTGGTGTAAATTCCGGGTATGCACTCAACTTC	45	CVV*IP_YALNF	:::::::::0:-4:9:::::10:-6:35:::
1838	527.0	2.071881307541884E-4	1	1.1548677676406051E-4	TGTGTGGTGAATCCCAGTTACCAGGGAGGAAAGCTTATCTTC	NNNNNNNNNNNNNNNNNNNNNNNNNNNNNNNNNNNNNNNNNN	TRAV12-1*00(969.6)		TRAJ23*00(460.6)		539|550|572|0|11||110.0		29|52|83|19|42||230.0		TGTGTGGTGAATCCCAGTTACCAGGGAGGAAAGCTTATCTTC	45	CVVNPSYQGGKLIF	:::::::::0:-2:11:::::19:-9:42:::
1958	527.0	2.071881307541884E-4	1	1.1548677676406051E-4	TGTGTGGTACGTAACCAGTTCTATTTT	NNNNNNNNNNNNNNNNNNNNNNNNNNN	TRAV12-1*00(939.4)		TRAJ49*00(469.6)		539|547|572|0|8||80.0		28|45|76|10|27||170.0		TGTGTGGTACGTAACCAGTTCTATTTT	45	CVVRNQFYF	:::::::::0:-5:8:::::10:-8:27:::
2066	527.0	2.071881307541884E-4	1	1.1548677676406051E-4	TGTGCTTTCATGAAGCATGCCCTAGATGCTTTGGGAATGTGCTGCATTGC	NNNNNNNNNNNNNNNNNNNNNNNNNNNNNNNNNNNNNNNNNNNNNNNNNN	TRAV38-1*00(659.6)		TRAJ35*00(529.8)		596|616|633|0|20||200.0		25|48|79|27|50||230.0		TGTGCTTTCATGAAGCATGCCCTAGATGCTTTGGGAATGTGCTGCATTGC	45	CAFMKHAL_CFGNVLHC	:::::::::0:3:20:::::27:-5:50:::
2601	527.0	2.071881307541884E-4	1	1.1548677676406051E-4	TGTGCTCTGAGTGTGCGTTTTCAGATGGCCAGAAGCTGCTCTTT	NNNNNNNNNNNNNNNNNNNNNNNNNNNNNNNNNNNNNNNNNNNN	TRAV19*00(739.4)		TRAJ16*00(550.3)		556|569|593|0|13||130.0		21|49|80|16|44||280.0		TGTGCTCTGAGTGTGCGTTTTCAGATGGCCAGAAGCTGCTCTTT	45	CALSVRF_DGQKLLF	:::::::::0:-4:13:::::16:-1:44:::
3146	527.0	2.071881307541884E-4	1	1.1548677676406051E-4	TGTGCTGTTTTGAACAGAGATGACAAGATCATCTTT	NNNNNNNNNNNNNNNNNNNNNNNNNNNNNNNNNNNN	TRAV2*00(707.2)		TRAJ30*00(486)		519|527|553|0|8||80.0		20|46|77|10|36||260.0		TGTGCTGTTTTGAACAGAGATGACAAGATCATCTTT	45	CAVLNRDDKIIF	:::::::::0:-6:8:::::10:0:36:::
3403	527.0	2.071881307541884E-4	1	1.1548677676406051E-4	TGTGCTGTGCGCCTGGGTTCTGCAAGGCAACTGACCTTT	NNNNNNNNNNNNNNNNNNNNNNNNNNNNNNNNNNNNNNN	TRAV20*00(509.8)		TRAJ22*00(549.6)		498|508|531|0|10||100.0		28|52|83|15|39||240.0		TGTGCTGTGCGCCTGGGTTCTGCAAGGCAACTGACCTTT	45	CAVRLGSARQLTF	:::::::::0:-3:10:::::15:-8:39:::
4504	527.0	2.071881307541884E-4	1	1.1548677676406051E-4	TGTGCTGGTCTCTGGTGGTGCTACAAACAAGCTCATCTTT	NNNNNNNNNNNNNNNNNNNNNNNNNNNNNNNNNNNNNNNN	TRAV35*00(919.3)		TRAJ32*00(569.9)		588|596|620|0|8||80.0		27|55|86|12|40||280.0		TGTGCTGGTCTCTGGTGGTGCTACAAACAAGCTCATCTTT	45	CAGLWWC_TNKLIF	:::::::::0:-4:8:::::12:-7:40:::
4773	527.0	2.071881307541884E-4	1	1.1548677676406051E-4	TGTGCTACCCCGTTGACAATGCTTCCAAGATAATCTTT	NNNNNNNNNNNNNNNNNNNNNNNNNNNNNNNNNNNNNN	TRAV17*00(879.5)		TRAJ3*00(490.4)		490|498|523|0|8||80.0		29|51|82|16|38|SG31A|191.0		TGTGCTACCCCGTTGACAATGCTTCCAAGATAATCTTT	45	CATPLT_ASKIIF	:::::::::0:-5:8:::::16:-9:38:::
2142	526.0	2.0679498439602105E-4	1	1.1548677676406051E-4	TGTGCTTCATCATGGATAGCAACTATCAGTTAATCTGG	NNNNNNNNNNNNNNNNNNNNNNNNNNNNNNNNNNNNNN	TRAV1-2*00(619.5)		TRAJ33*00(569.7)		620|626|654|0|6||60.0		18|46|77|10|38||280.0		TGTGCTTCATCATGGATAGCAACTATCAGTTAATCTGG	45	CASSWI_NYQLIW	:::::::::0:-8:6:::::10:2:38:::
2984	526.0	2.0679498439602105E-4	1	1.1548677676406051E-4	TGTGCTCTAAGTGGCGGTAACTATGGTCAGAATTTTGTCTTT	NNNNNNNNNNNNNNNNNNNNNNNNNNNNNNNNNNNNNNNNNN	TRAV16*00(1019.3)		TRAJ26*00(470.5)		449|464|483|0|15||150.0		24|49|80|17|42||250.0		TGTGCTCTAAGTGGCGGTAACTATGGTCAGAATTTTGTCTTT	45	CALSGGNYGQNFVF	:::::::::0:1:15:::::17:-4:42:::
1340	525.0	2.064018380378537E-4	2	2.3097355352812103E-4	TGTGCAGCAAGCGGGGAGGGAATGTGCTGCATTGC	[[[[[[[[[[[[[[[[[[[[[[[[[[[[[[[[[[[	TRAV29/DV5*00(559.6)		TRAJ35*00(484.9)		529|542|562|0|13||130.0		30|48|79|17|35||180.0		TGTGCAGCAAGCGGGGAGGGAATGTGCTGCATTGC	58	CAASGE_NVLHC	:::::::::0:0:13:::::17:-10:35:::
1606	525.0	2.064018380378537E-4	1	1.1548677676406051E-4	TGTGTTGTGAGTGATCGTCGCACGGGCAGGAGAGCACTTACTTTT	NNNNNNNNNNNNNNNNNNNNNNNNNNNNNNNNNNNNNNNNNNNNN	TRAV8-2*00(668.8)		TRAJ5*00(549.7)		466|482|500|0|16||160.0		24|49|80|20|45||250.0		TGTGTTGTGAGTGATCGTCGCACGGGCAGGAGAGCACTTACTTTT	45	CVVSDRRTGRRALTF	:::::::::0:2:16:::::20:-4:45:::
3547	525.0	2.064018380378537E-4	1	1.1548677676406051E-4	TGTGCTGTGGGTCCCCAGGTATTCAGGAGGAGGTGCTGACGGACTCACCTTT	NNNNNNNNNNNNNNNNNNNNNNNNNNNNNNNNNNNNNNNNNNNNNNNNNNNN	TRAV36/DV7*00(619.4)		TRAJ45*00(650.6)		500|510|533|0|10||100.0		18|55|86|15|52|ST20G|341.0		TGTGCTGTGGGTCCCCAGGTATTCAGGAGGAGGTGCTGACGGACTCACCTTT	45	CAVGPQVFR_GGADGLTF	:::::::::0:-3:10:::::15:2:52:::
6237	525.0	2.064018380378537E-4	1	1.1548677676406051E-4	TGTGCCGTGGACATTGTTCCTCTAGCCATTAATGCTGGTGGTACTAGCTATGGAAAGCTGACATTT	NNNNNNNNNNNNNNNNNNNNNNNNNNNNNNNNNNNNNNNNNNNNNNNNNNNNNNNNNNNNNNNNNN	TRAV39*00(759.1)		TRAJ52*00(629.6)		507|521|540|0|14||140.0		21|58|89|29|66||370.0		TGTGCCGTGGACATTGTTCCTCTAGCCATTAATGCTGGTGGTACTAGCTATGGAAAGCTGACATTT	45	CAVDIVPLAINAGGTSYGKLTF	:::::::::0:1:14:::::29:-1:66:::
17356	525.0	2.064018380378537E-4	1	1.1548677676406051E-4	TGTGCGACTGGCGGTAACCAGTTCTATTTT	NNNNNNNNNNNNNNNNNNNNNNNNNNNNNN	TRAV21*00(376.4)		TRAJ49*00(489.7)		544|549|576|0|5||50.0		26|45|76|11|30||190.0		TGTGCGACTGGCGGTAACCAGTTCTATTTT	45	CATGGNQFYF	:::::::::0:-7:5:::::11:-6:30:::
17529	525.0	2.064018380378537E-4	1	1.1548677676406051E-4	TGTGCAGCGAAGGGTTATGGTGGTGCTACAAACAAGCTCATCTTT	NNNNNNNNNNNNNNNNNNNNNNNNNNNNNNNNNNNNNNNNNNNNN	TRAV29/DV5*00(529.6)		TRAJ32*00(609.4)		529|537|562|0|8||80.0		24|55|86|14|45||310.0		TGTGCAGCGAAGGGTTATGGTGGTGCTACAAACAAGCTCATCTTT	45	CAAKGYGGATNKLIF	:::::::::0:-5:8:::::14:-4:45:::
608	524.0	2.0600869167968636E-4	2	2.3097355352812103E-4	TGTGTGGTGAACCGGGAACCAGGGAGGAAAGCTTATCTTC	[[[[[[[[[[[[[[[[[[[[[[[[[[[[[[[[[[[[[[[[	TRAV12-1*00(597.3)		TRAJ23*00(522.3)		539|551|572|0|12||120.0		28|52|83|16|40||240.0		TGTGTGGTGAACCGGGAACCAGGGAGGAAAGCTTATCTTC	58	CVVNREP_GGKLIF	:::::::::0:-1:12:::::16:-8:40:::
3506	524.0	2.0600869167968636E-4	1	1.1548677676406051E-4	TGTGCTGTGGCTTAACACCGACAAGCTCATCTTT	NNNNNNNNNNNNNNNNNNNNNNNNNNNNNNNNNN	TRAV2*00(998.9)		TRAJ34*00(509.2)		519|529|553|0|10||100.0		25|47|78|12|34||220.0		TGTGCTGTGGCTTAACACCGACAAGCTCATCTTT	45	CAVA*H_DKLIF	:::::::::0:-4:10:::::12:-5:34:::
20428	524.0	2.0600869167968636E-4	1	1.1548677676406051E-4	TGCATCGTCAGAGTCGAATAGTGGAGGTAGCAACTATAAACTGACATTT	NNNNNNNNNNNNNNNNNNNNNNNNNNNNNNNNNNNNNNNNNNNNNNNNN	TRAV26-1*00(649.2)		TRAJ53*00(649.4)		763|779|799|0|16||160.0		22|55|86|16|49||340.0		TGCATCGTCAGAGTCGAATAGTGGAGGTAGCAACTATAAACTGACATTT	45	CIVRVE*W_GSNYKLTF	:::::::::0:0:16:::::16:-2:49:::
4170	523.0	2.0561554532151904E-4	1	1.1548677676406051E-4	TGTGCTGTGAGGGGGGGGAAGGGAGGCTTTGGGAATGTGCTGCATTGC	NNNNNNNNNNNNNNNNNNNNNNNNNNNNNNNNNNNNNNNNNNNNNNNN	TRAV3*00(590.4)		TRAJ35*00(549.8)		437|448|473|0|11||110.0		23|48|79|23|48||250.0		TGTGCTGTGAGGGGGGGGAAGGGAGGCTTTGGGAATGTGCTGCATTGC	45	CAVRGGKGGFGNVLHC	:::::::::0:-5:11:::::23:-3:48:::
4415	523.0	2.0561554532151904E-4	1	1.1548677676406051E-4	TGTGCTGCCTACACGAACACCGGTAACCAGTTCTATTTT	NNNNNNNNNNNNNNNNNNNNNNNNNNNNNNNNNNNNNNN	TRAV41*00(749.9)		TRAJ49*00(559.6)		512|519|544|0|7||70.0		19|45|76|13|39||260.0		TGTGCTGCCTACACGAACACCGGTAACCAGTTCTATTTT	45	CAAYTNTGNQFYF	:::::::::0:-5:7:::::13:1:39:::
4630	523.0	2.0561554532151904E-4	1	1.1548677676406051E-4	TGTGCTGGGCAGCTGGGTGCAGGCAACATGCTCACCTTT	NNNNNNNNNNNNNNNNNNNNNNNNNNNNNNNNNNNNNNN	TRAV35*00(971.2)		TRAJ39*00(519.7)		588|603|620|0|15||150.0		30|52|83|17|39||220.0		TGTGCTGGGCAGCTGGGTGCAGGCAACATGCTCACCTTT	45	CAGQLGAGNMLTF	:::::::::0:3:15:::::17:-10:39:::
6255	523.0	2.0561554532151904E-4	1	1.1548677676406051E-4	TGTGCCGTGGACAGGAGATACCGGCACTGCCAGTAAACTCACCTTT	NNNNNNNNNNNNNNNNNNNNNNNNNNNNNNNNNNNNNNNNNNNNNN	TRAV39*00(749.4)		TRAJ44*00(599.4)		507|520|540|0|13||130.0		23|52|83|17|46||290.0		TGTGCCGTGGACAGGAGATACCGGCACTGCCAGTAAACTCACCTTT	45	CAVDRRYR_TASKLTF	:::::::::0:0:13:::::17:-3:46:::
17326	523.0	2.0561554532151904E-4	1	1.1548677676406051E-4	TGTGCGCCTTTCGGGGTACAGCAGTGCTTCCAAGATAATCTTT	NNNNNNNNNNNNNNNNNNNNNNNNNNNNNNNNNNNNNNNNNNN	TRAV9-2*00(669)		TRAJ3*00(619.6)		480|485|514|0|5||50.0		19|51|82|11|43||320.0		TGTGCGCCTTTCGGGGTACAGCAGTGCTTCCAAGATAATCTTT	45	CAPFGVQ_SASKIIF	:::::::::0:-9:5:::::11:1:43:::
1946	522.0	2.052223989633517E-4	1	1.1548677676406051E-4	TGTGTGGTGAAGGGGGACACCGGTAACCAGTTCTATTTT	NNNNNNNNNNNNNNNNNNNNNNNNNNNNNNNNNNNNNNN	TRAV12-1*00(846.4)		TRAJ49*00(449.7)		539|550|572|0|11||110.0		22|45|76|16|39||230.0		TGTGTGGTGAAGGGGGACACCGGTAACCAGTTCTATTTT	45	CVVKGDTGNQFYF	:::::::::0:-2:11:::::16:-2:39:::
4356	522.0	2.052223989633517E-4	1	1.1548677676406051E-4	TGTGCTGTGAAAGTAACCAGGGAGGAAAGCTTATCTTC	NNNNNNNNNNNNNNNNNNNNNNNNNNNNNNNNNNNNNN	TRAV36/DV7*00(609.3)		TRAJ23*00(559.6)		500|509|533|0|9||90.0		27|52|83|13|38||250.0		TGTGCTGTGAAAGTAACCAGGGAGGAAAGCTTATCTTC	45	CAVKVT_GGKLIF	:::::::::0:-4:9:::::13:-7:38:::
6127	522.0	2.052223989633517E-4	1	1.1548677676406051E-4	TGTGCCGTTCATGGCTCTAGCAACACAGGCAAACTAATCTTT	NNNNNNNNNNNNNNNNNNNNNNNNNNNNNNNNNNNNNNNNNN	TRAV12-2*00(702.1)		TRAJ37*00(580.7)		551|559|584|0|8||80.0		18|51|82|9|42|SG27A|301.0		TGTGCCGTTCATGGCTCTAGCAACACAGGCAAACTAATCTTT	45	CAVHGSSNTGKLIF	:::::::::0:-5:8:::::9:2:42:::
639	521.0	2.0482925260518434E-4	2	2.3097355352812103E-4	TGTGCTCTAAGAGGCTCACGGGAGGAGGAAACAAACTCACCTTT	[[[[[[[[[[[[[[[[[[[[[[[[[[[[[[[[[[[[[[[[[[[[	TRAV16*00(760.5)		TRAJ10*00(579.7)		449|464|483|0|15|ST460A|121.0		24|53|84|15|44||300.0		TGTGCTCTAAGAGGCTCACGGGAGGAGGAAACAAACTCACCTTT	58	CALRGSR_GGNKLTF	:::::::::0:1:15:::::15:-4:44:::
2218	521.0	2.0482925260518434E-4	1	1.1548677676406051E-4	TGTGCTTATAGGAGCTCTGCGTACAATAACAATGACATGCGCTTT	NNNNNNNNNNNNNNNNNNNNNNNNNNNNNNNNNNNNNNNNNNNNN	TRAV38-2/DV8*00(609.6)		TRAJ43*00(549.7)		602|617|638|0|15||150.0		18|43|74|20|45||250.0		TGTGCTTATAGGAGCTCTGCGTACAATAACAATGACATGCGCTTT	45	CAYRSSAYNNNDMRF	:::::::::0:-1:15:::::20:2:45:::
20498	521.0	2.0482925260518434E-4	1	1.1548677676406051E-4	TGCACTCGTTCATGAACAGAGATGACAAGATCATCTTT	NNNNNNNNNNNNNNNNNNNNNNNNNNNNNNNNNNNNNN	TRAV26-2*00(748)		TRAJ30*00(619.3)		791|795|826|0|4||40.0		15|46|77|7|38||310.0		TGCACTCGTTCATGAACAGAGATGACAAGATCATCTTT	45	CTRS*T_DDKIIF	:::::::::0:-11:4:::::7:5:38:::
1355	520.0	2.04436106247017E-4	2	2.3097355352812103E-4	TGTGCAATGAGAGAAAGGTCGGCCGGGTAACCAGTTCTATTTT	[[[[[[[[[[[[[[[[[[[[[[[[[[[[[[[[[[[[[[[[[[[	TRAV14/DV4*00(500.7)		TRAJ49*00(479.5)		517|531|554|0|14||140.0		27|45|76|25|43||180.0		TGTGCAATGAGAGAAAGGTCGGCCGGGTAACCAGTTCTATTTT	58	CAMRERS_PGNQFYF	:::::::::0:-3:14:::::25:-7:43:::
3783	520.0	2.04436106247017E-4	1	1.1548677676406051E-4	TGTGCTGTGATTCGGCCAGGAACCTACAAATACATCTTT	NNNNNNNNNNNNNNNNNNNNNNNNNNNNNNNNNNNNNNN	TRAV8-6*00(674.2)		TRAJ40*00(523.8)		448|458|482|0|10||100.0		27|50|81|16|39||230.0		TGTGCTGTGATTCGGCCAGGAACCTACAAATACATCTTT	45	CAVIRPGTYKYIF	:::::::::0:-4:10:::::16:-7:39:::
4825	520.0	2.04436106247017E-4	1	1.1548677676406051E-4	TGTGCTACGGATTTGAATACTCTGGGGCTGGGAGTTACCAACTCACTTTC	NNNNNNNNNNNNNNNNNNNNNNNNNNNNNNNNNNNNNNNNNNNNNNNNNN	TRAV17*00(909.2)		TRAJ28*00(590.7)		490|501|523|0|11||110.0		18|55|86|13|50|SC20A|341.0		TGTGCTACGGATTTGAATACTCTGGGGCTGGGAGTTACCAACTCACTTTC	45	CATDLNTL_AGSYQLTF	:::::::::0:-2:11:::::13:2:50:::
5992	520.0	2.04436106247017E-4	1	1.1548677676406051E-4	TGTGCCCCTTCTGAGGGGTTATCAGGAGGAGGTGCTGACGGACTCACCTTT	NNNNNNNNNNNNNNNNNNNNNNNNNNNNNNNNNNNNNNNNNNNNNNNNNNN	TRAV19*00(639.1)		TRAJ45*00(609.5)		556|561|593|0|5||50.0		25|55|86|21|51||300.0		TGTGCCCCTTCTGAGGGGTTATCAGGAGGAGGTGCTGACGGACTCACCTTT	45	CAPSEGLSGGGADGLTF	:::::::::0:-12:5:::::21:-5:51:::
18271	520.0	2.04436106247017E-4	1	1.1548677676406051E-4	TGTGCAGGAGCGGTACAACTACACCGGTAACCAGTTCTATTTT	NNNNNNNNNNNNNNNNNNNNNNNNNNNNNNNNNNNNNNNNNNN	TRAV27*00(631.4)		TRAJ49*00(529.4)		552|563|582|0|11||110.0		22|45|76|20|43||230.0		TGTGCAGGAGCGGTACAACTACACCGGTAACCAGTTCTATTTT	45	CAGAVQL_TGNQFYF	:::::::::0:1:11:::::20:-2:43:::
19066	520.0	2.04436106247017E-4	1	1.1548677676406051E-4	TGCCTCGTGAACATTCCGGGTATGCACTCAACTTC	NNNNNNNNNNNNNNNNNNNNNNNNNNNNNNNNNNN	TRAV4*00(959.7)		TRAJ41*00(489.5)		768|777|804|0|9||90.0		28|51|82|12|35||230.0		TGCCTCGTGAACATTCCGGGTATGCACTCAACTTC	45	CLVNIP_YALNF	:::::::::0:-7:9:::::12:-8:35:::
582	519.0	2.0404295988884965E-4	3	3.4646033029218156E-4	TGCCTCGTGGGTGGGATCAGGAACCTACAAATACATCTTT	[[[[[[[[[[[[[[[[[[[[[[[[[[[[[[[[[[[[[[[[	TRAV4*00(848.3)		TRAJ40*00(509.5)		768|781|804|0|13||130.0		26|50|81|16|40||240.0		TGCCTCGTGGGTGGGATCAGGAACCTACAAATACATCTTT	58	CLVGGIR_TYKYIF	:::::::::0:-3:13:::::16:-6:40:::
4678	519.0	2.0404295988884965E-4	1	1.1548677676406051E-4	TGTGCTGGGCAGACGAATAGTGGAGGTAGCAACTATAAACTGACATTT	NNNNNNNNNNNNNNNNNNNNNNNNNNNNNNNNNNNNNNNNNNNNNNNN	TRAV35*00(945.2)		TRAJ53*00(609.8)		588|600|620|0|12||120.0		21|55|86|14|48||340.0		TGTGCTGGGCAGACGAATAGTGGAGGTAGCAACTATAAACTGACATTT	45	CAGQTNSGGSNYKLTF	:::::::::0:0:12:::::14:-1:48:::
4886	519.0	2.0404295988884965E-4	1	1.1548677676406051E-4	TGTGCTACGGACGATGGGAACAACAGACTCGCTTTT	NNNNNNNNNNNNNNNNNNNNNNNNNNNNNNNNNNNN	TRAV17*00(929.3)		TRAJ7*00(520.9)		490|501|523|0|11||130.0		23|48|79|11|36|ST24G|241.0		TGTGCTACGGACGATGGGAACAACAGACTCGCTTTT	45	CATDDGNNRLAF	:::::::::0:-2:11:::::11:-3:36:::
6181	519.0	2.0404295988884965E-4	1	1.1548677676406051E-4	TGTGCCGTGCTATGGTCAGAATTTTGTCTTT	NNNNNNNNNNNNNNNNNNNNNNNNNNNNNNN	TRAV12-2*00(745.1)		TRAJ26*00(509.6)		551|560|584|0|9||90.0		27|49|80|9|31||220.0		TGTGCCGTGCTATGGTCAGAATTTTGTCTTT	45	CAVLW_QNFVF	:::::::::0:-4:9:::::9:-7:31:::
18156	519.0	2.0404295988884965E-4	1	1.1548677676406051E-4	TGTGCAGGGCCCCGGGCCAGACTCATGTTT	NNNNNNNNNNNNNNNNNNNNNNNNNNNNNN	TRAV25*00(562.7)		TRAJ31*00(449.4)		620|632|649|0|12||120.0		31|46|77|15|30||150.0		TGTGCAGGGCCCCGGGCCAGACTCATGTTT	45	CAGPRARLMF	:::::::::0:3:12:::::15:-11:30:::
18356	519.0	2.0404295988884965E-4	1	1.1548677676406051E-4	TGTGCAGAGCCGTGCACCGGTAACCAGTTCTATTTT	NNNNNNNNNNNNNNNNNNNNNNNNNNNNNNNNNNNN	TRAV13-2*00(539.4)		TRAJ49*00(519.6)		506|515|539|0|9||90.0		23|45|76|14|36||220.0		TGTGCAGAGCCGTGCACCGGTAACCAGTTCTATTTT	45	CAEPCTGNQFYF	:::::::::0:-4:9:::::14:-3:36:::
18998	519.0	2.0404295988884965E-4	1	1.1548677676406051E-4	TGCCTCGTGGGTGATCAAGCAGGCAACATGCTCACCTTT	NNNNNNNNNNNNNNNNNNNNNNNNNNNNNNNNNNNNNNN	TRAV4*00(1009.2)		TRAJ39*00(479.8)		768|782|804|0|14||140.0		31|52|83|18|39||210.0		TGCCTCGTGGGTGATCAAGCAGGCAACATGCTCACCTTT	45	CLVGDQAGNMLTF	:::::::::0:-2:14:::::18:-11:39:::
699	518.0	2.0364981353068233E-4	2	2.3097355352812103E-4	TGTGCTGGGCAGCTCAAAGATAACCAGTTCTATTTT	[[[[[[[[[[[[[[[[[[[[[[[[[[[[[[[[[[[[	TRAV35*00(844.6)		TRAJ49*00(459.7)		588|602|620|0|14||140.0		29|45|76|20|36||160.0		TGTGCTGGGCAGCTCAAAGATAACCAGTTCTATTTT	58	CAGQLKDNQFYF	:::::::::0:2:14:::::20:-9:36:::
2429	518.0	2.0364981353068233E-4	1	1.1548677676406051E-4	TGTGCTCTTGGGGAAAACGGGCACTGCCAGTAAACTCACCTTT	NNNNNNNNNNNNNNNNNNNNNNNNNNNNNNNNNNNNNNNNNNN	TRDV1*00(1018.6)		TRAJ44*00(511.5)		573|587|610|0|14||150.0		23|52|83|14|43|ST24ASC27G|242.0		TGTGCTCTTGGGGAAAACGGGCACTGCCAGTAAACTCACCTTT	45	CALGENG_TASKLTF	:::::::::0:-3:14:::::14:-3:43:::
2477	518.0	2.0364981353068233E-4	1	1.1548677676406051E-4	TGTGCTCTCACTACAACTATGGTCAGAATTTTGTCTTT	NNNNNNNNNNNNNNNNNNNNNNNNNNNNNNNNNNNNNN	TRAV9-2*00(689.7)		TRAJ26*00(529.8)		480|488|514|0|8||80.0		25|49|80|14|38||240.0		TGTGCTCTCACTACAACTATGGTCAGAATTTTGTCTTT	45	CALTTT_GQNFVF	:::::::::0:-6:8:::::14:-5:38:::
2720	518.0	2.0364981353068233E-4	1	1.1548677676406051E-4	TGTGCTCTGAGTGAGGCGTGGACCGGTAACCAGTTCTATTTT	NNNNNNNNNNNNNNNNNNNNNNNNNNNNNNNNNNNNNNNNNN	TRAV19*00(789.8)		TRAJ49*00(509)		556|574|593|0|18||180.0		24|45|76|21|42||210.0		TGTGCTCTGAGTGAGGCGTGGACCGGTAACCAGTTCTATTTT	45	CALSEAWTGNQFYF	:::::::::0:1:18:::::21:-4:42:::
21364	518.0	2.0364981353068233E-4	1	1.1548677676406051E-4	CCCTCATAGCTCTAGCAACACAGGCAAACTAATCTTT	NNNNNNNNNNNNNNNNNNNNNNNNNNNNNNNNNNNNN	TRAV27*00(535.3)		TRAJ37*00(581.5)		552|552|582|0|0||0.0		18|51|82|4|37|SG21ASG27A|272.0		CCCTCATAGCTCTAGCAACACAGGCAAACTAATCTTT	45	PS*L*Q_TGKLIF	:::::::::0:-10:0:::::4:2:37:::
2798	517.0	2.0325666717251498E-4	1	1.1548677676406051E-4	TGTGCTCTGAGTACGGGCAACATGCTCACCTTT	NNNNNNNNNNNNNNNNNNNNNNNNNNNNNNNNN	TRAV9-2*00(729.2)		TRAJ39*00(489.8)		480|492|514|0|12||120.0		34|52|83|15|33||180.0		TGTGCTCTGAGTACGGGCAACATGCTCACCTTT	45	CALSTGNMLTF	:::::::::0:-2:12:::::15:-14:33:::
4276	517.0	2.0325666717251498E-4	1	1.1548677676406051E-4	TGTGCTGTGAGAGACCCAACTGCAGGCAACAAGCTAACTTTT	NNNNNNNNNNNNNNNNNNNNNNNNNNNNNNNNNNNNNNNNNN	TRAV1-2*00(699.5)		TRAJ17*00(529.3)		620|634|654|0|14||140.0		29|52|83|19|42||230.0		TGTGCTGTGAGAGACCCAACTGCAGGCAACAAGCTAACTTTT	45	CAVRDPTAGNKLTF	:::::::::0:0:14:::::19:-9:42:::
4864	517.0	2.0325666717251498E-4	1	1.1548677676406051E-4	TGTGCTACGGACGCGGGGGAGCAACACAGGCAAACTAATCTTT	NNNNNNNNNNNNNNNNNNNNNNNNNNNNNNNNNNNNNNNNNNN	TRAV17*00(948.9)		TRAJ37*00(529.4)		490|505|523|0|15||150.0		28|51|82|20|43||230.0		TGTGCTACGGACGCGGGGGAGCAACACAGGCAAACTAATCTTT	45	CATDAGE_NTGKLIF	:::::::::0:2:15:::::20:-8:43:::
17364	517.0	2.0325666717251498E-4	1	1.1548677676406051E-4	TGTGCATTCAATGGAGGAAGCCAAGGAAATCTCATCTTT	NNNNNNNNNNNNNNNNNNNNNNNNNNNNNNNNNNNNNNN	TRAV12-3*00(919.1)		TRAJ42*00(569.4)		562|568|595|0|6||60.0		26|55|86|10|39||290.0		TGTGCATTCAATGGAGGAAGCCAAGGAAATCTCATCTTT	45	CAFNGGSQGNLIF	:::::::::0:-7:6:::::10:-6:39:::
17897	517.0	2.0325666717251498E-4	1	1.1548677676406051E-4	TGTGCAGCAAGCGCGAGCTGGCAACAACCGTAAGCTGATTTGG	NNNNNNNNNNNNNNNNNNNNNNNNNNNNNNNNNNNNNNNNNNN	TRAV29/DV5*00(559.7)		TRAJ38*00(569.7)		529|544|562|0|15||150.0		24|51|82|16|43||270.0		TGTGCAGCAAGCGCGAGCTGGCAACAACCGTAAGCTGATTTGG	45	CAASASW_NNRKLIW	:::::::::0:2:15:::::16:-4:43:::
18248	517.0	2.0325666717251498E-4	1	1.1548677676406051E-4	TGTGCAGGAGCTCAGCCAAACTGGGGCAAACAACCTCTTCTTT	NNNNNNNNNNNNNNNNNNNNNNNNNNNNNNNNNNNNNNNNNNN	TRAV27*00(656.1)		TRAJ36*00(453.8)		552|565|582|0|13||130.0		21|48|79|16|43||270.0		TGTGCAGGAGCTCAGCCAAACTGGGGCAAACAACCTCTTCTTT	45	CAGAQPN_GANNLFF	:::::::::0:3:13:::::16:-1:43:::
20304	517.0	2.0325666717251498E-4	1	1.1548677676406051E-4	TGCATCCCCGGCCCTGGTGGTACTAGCTATGGAAAGCTGACATTT	NNNNNNNNNNNNNNNNNNNNNNNNNNNNNNNNNNNNNNNNNNNNN	TRAV26-2*00(725.2)		TRAJ52*00(601.6)		791|798|826|0|7||70.0		26|58|89|13|45||320.0		TGCATCCCCGGCCCTGGTGGTACTAGCTATGGAAAGCTGACATTT	45	CIPGPGGTSYGKLTF	:::::::::0:-8:7:::::13:-6:45:::
2505	516.0	2.0286352081434763E-4	1	1.1548677676406051E-4	TGTGCTCTGGCCGTCAATTTATGACCAATGCAGGCAAATCAACCTTT	NNNNNNNNNNNNNNNNNNNNNNNNNNNNNNNNNNNNNNNNNNNNNNN	TRAV19*00(699.8)		TRAJ27*00(529)		556|565|593|0|9||90.0		24|48|79|23|47||240.0		TGTGCTCTGGCCGTCAATTTATGACCAATGCAGGCAAATCAACCTTT	45	CALAVNL*_NAGKSTF	:::::::::0:-8:9:::::23:-4:47:::
17385	516.0	2.0286352081434763E-4	1	1.1548677676406051E-4	TGTGCACCTAAGGGGCGATTATGGAGGAAGCCAAGGAAATCTCATCTTT	NNNNNNNNNNNNNNNNNNNNNNNNNNNNNNNNNNNNNNNNNNNNNNNNN	TRAV23/DV6*00(429.8)		TRAJ42*00(619.7)		517|523|550|0|6||60.0		23|55|86|17|49||320.0		TGTGCACCTAAGGGGCGATTATGGAGGAAGCCAAGGAAATCTCATCTTT	45	CAPKGRLW_GSQGNLIF	:::::::::0:-7:6:::::17:-3:49:::
17900	516.0	2.0286352081434763E-4	1	1.1548677676406051E-4	TGTGCAGCAAGCGCGAGGAACTCCGGTAACCAGTTCTATTTT	NNNNNNNNNNNNNNNNNNNNNNNNNNNNNNNNNNNNNNNNNN	TRAV29/DV5*00(559.7)		TRAJ49*00(520.7)		529|544|562|0|15||150.0		20|45|76|17|42|SA24T|221.0		TGTGCAGCAAGCGCGAGGAACTCCGGTAACCAGTTCTATTTT	45	CAASARNSGNQFYF	:::::::::0:2:15:::::17:0:42:::
18896	516.0	2.0286352081434763E-4	1	1.1548677676406051E-4	TGTGGAGCACTTAATGCTGGCAACAACCGTAAGCTGATTTGG	NNNNNNNNNNNNNNNNNNNNNNNNNNNNNNNNNNNNNNNNNN	TRAV34*00(478.8)		TRAJ38*00(609.6)		603|612|636|0|9||90.0		20|51|82|11|42||310.0		TGTGGAGCACTTAATGCTGGCAACAACCGTAAGCTGATTTGG	45	CGALNAGNNRKLIW	:::::::::0:-4:9:::::11:0:42:::
670	515.0	2.024703744561803E-4	2	2.3097355352812103E-4	TGTGCTGTGACTGAACCCACGGGCTTTCAGAAACTTGTATTT	[[[[[[[[[[[[[[[[[[[[[[[[[[[[[[[[[[[[[[[[[[	TRAV8-6*00(680.5)		TRAJ8*00(510.7)		448|462|482|0|14|SG458C|111.0		24|49|80|17|42|SA27G|221.0		TGTGCTGTGACTGAACCCACGGGCTTTCAGAAACTTGTATTT	58	CAVTEPTGFQKLVF	:::::::::0:0:14:::::17:-4:42:::
1347	515.0	2.024703744561803E-4	2	2.3097355352812103E-4	TGTGCAGGGAATAACAATGCCAGACTCATGTTT	[[[[[[[[[[[[[[[[[[[[[[[[[[[[[[[[[	TRAV25*00(541.4)		TRAJ31*00(559.7)		620|628|649|0|8||90.0		21|46|77|8|33||260.0		TGTGCAGGGAATAACAATGCCAGACTCATGTTT	58	CAGNNNARLMF	:::::::::0:-1:8:::::8:-1:33:::
1749	515.0	2.024703744561803E-4	1	1.1548677676406051E-4	TGTGTGGTGACGCCCTAGGGATAGCAACTATCAGTTAATCTGG	NNNNNNNNNNNNNNNNNNNNNNNNNNNNNNNNNNNNNNNNNNN	TRAV12-1*00(668)		TRAJ33*00(522.3)		539|549|572|0|10||100.0		21|46|77|18|43||250.0		TGTGTGGTGACGCCCTAGGGATAGCAACTATCAGTTAATCTGG	45	CVVTP*G_SNYQLIW	:::::::::0:-3:10:::::18:-1:43:::
2217	515.0	2.024703744561803E-4	1	1.1548677676406051E-4	TGTGCTTATAGGAGCTCTCTCGAACTCAAATTCCGGGTATGCACTCAACTTC	NNNNNNNNNNNNNNNNNNNNNNNNNNNNNNNNNNNNNNNNNNNNNNNNNNNN	TRAV38-2/DV8*00(611.7)		TRAJ41*00(589.6)		602|622|638|0|20|SG617TSG619T|152.0		19|51|82|20|52||330.0		TGTGCTTATAGGAGCTCTCTCGAACTCAAATTCCGGGTATGCACTCAACTTC	45	CAYRSSLEL_NSGYALNF	:::::::::0:4:20:::::20:1:52:::
2787	515.0	2.024703744561803E-4	1	1.1548677676406051E-4	TGTGCTCTGAGTGAAAGACTCTGGGGCTGGGAGTTACCAACTCACTTTC	NNNNNNNNNNNNNNNNNNNNNNNNNNNNNNNNNNNNNNNNNNNNNNNNN	TRAV9-2*00(761.2)		TRAJ28*00(609.7)		480|494|514|0|14||140.0		23|55|86|17|49||320.0		TGTGCTCTGAGTGAAAGACTCTGGGGCTGGGAGTTACCAACTCACTTTC	45	CALSERLW_AGSYQLTF	:::::::::0:0:14:::::17:-3:49:::
3328	515.0	2.024703744561803E-4	1	1.1548677676406051E-4	TGTGCTGTCAGATAATCAAAACACCGACAAGCTCATCTTT	NNNNNNNNNNNNNNNNNNNNNNNNNNNNNNNNNNNNNNNN	TRAV41*00(809.6)		TRAJ34*00(509.5)		512|525|544|0|13||130.0		26|47|78|19|40||210.0		TGTGCTGTCAGATAATCAAAACACCGACAAGCTCATCTTT	45	CAVR*SK_TDKLIF	:::::::::0:1:13:::::19:-6:40:::
20171	515.0	2.024703744561803E-4	1	1.1548677676406051E-4	TGCGGCACAGAGTTAAAGGTCCATGACATGCGCTTT	NNNNNNNNNNNNNNNNNNNNNNNNNNNNNNNNNNNN	TRAV30*00(489.6)		TRAJ43*00(439.5)		567|579|600|0|12||120.0		29|43|74|22|36||140.0		TGCGGCACAGAGTTAAAGGTCCATGACATGCGCTTT	45	CGTELKVHDMRF	:::::::::0:-1:12:::::22:-9:36:::
1737	514.0	2.0207722809801297E-4	1	1.1548677676406051E-4	TGTGTGGTGACCCGTAACGACTACAAGCTCAGCTTT	NNNNNNNNNNNNNNNNNNNNNNNNNNNNNNNNNNNN	TRAV10*00(1008.9)		TRAJ20*00(480.6)		575|585|608|0|10||100.0		24|46|77|14|36||220.0		TGTGTGGTGACCCGTAACGACTACAAGCTCAGCTTT	45	CVVTRNDYKLSF	:::::::::0:-3:10:::::14:-4:36:::
3579	514.0	2.0207722809801297E-4	1	1.1548677676406051E-4	TGTGCTGTGGGTGCACGAGGGGGTTACCAGAAAGTTACCTTT	NNNNNNNNNNNNNNNNNNNNNNNNNNNNNNNNNNNNNNNNNN	TRAV8-3*00(589.6)		TRAJ13*00(510.8)		455|469|489|0|14||140.0		28|52|83|18|42||240.0		TGTGCTGTGGGTGCACGAGGGGGTTACCAGAAAGTTACCTTT	45	CAVGARGGYQKVTF	:::::::::0:0:14:::::18:-8:42:::
18250	514.0	2.0207722809801297E-4	1	1.1548677676406051E-4	TGTGCAGGAGCTGCCCGATGGTTTGGAAATGAGAAATTAACCTTT	NNNNNNNNNNNNNNNNNNNNNNNNNNNNNNNNNNNNNNNNNNNNN	TRAV27*00(661.1)		TRAJ48*00(548.9)		552|564|582|0|12||120.0		28|52|83|21|45||240.0		TGTGCAGGAGCTGCCCGATGGTTTGGAAATGAGAAATTAACCTTT	45	CAGAARWFGNEKLTF	:::::::::0:2:12:::::21:-8:45:::
1349	513.0	2.0168408173984562E-4	2	2.3097355352812103E-4	TGTGCAGAGGATACAACTTCAACAAATTTTACTTT	[[[[[[[[[[[[[[[[[[[[[[[[[[[[[[[[[[[	TRAV25*00(521.1)		TRAJ21*00(559.7)		620|627|649|0|7||70.0		19|44|75|10|35||250.0		TGTGCAGAGGATACAACTTCAACAAATTTTACTTT	58	CAEDTT_NKFYF	:::::::::0:-2:7:::::10:1:35:::
1879	513.0	2.0168408173984562E-4	1	1.1548677676406051E-4	TGTGTGGTGAACCACTCTAATAACACCGACAAGCTCATCTTT	NNNNNNNNNNNNNNNNNNNNNNNNNNNNNNNNNNNNNNNNNN	TRAV12-1*00(954.2)		TRAJ34*00(500.5)		539|551|572|0|12||120.0		20|47|78|15|42|ST23A|241.0		TGTGTGGTGAACCACTCTAATAACACCGACAAGCTCATCTTT	45	CVVNHSNNTDKLIF	:::::::::0:-1:12:::::15:0:42:::
1951	513.0	2.0168408173984562E-4	1	1.1548677676406051E-4	TGTGTGGTGAAGAACACCGACAAGCTCATCTTT	NNNNNNNNNNNNNNNNNNNNNNNNNNNNNNNNN	TRAV12-1*00(969.6)		TRAJ34*00(509.4)		539|550|572|0|11||110.0		26|47|78|12|33||210.0		TGTGTGGTGAAGAACACCGACAAGCTCATCTTT	45	CVVKNTDKLIF	:::::::::0:-2:11:::::12:-6:33:::
2040	513.0	2.0168408173984562E-4	1	1.1548677676406051E-4	TGTGCTTTCATGACCTTTGCTGGTGGTACTAGCTATGGAAAGCTGACATTT	NNNNNNNNNNNNNNNNNNNNNNNNNNNNNNNNNNNNNNNNNNNNNNNNNNN	TRAV38-1*00(589.8)		TRAJ52*00(639.3)		596|609|633|0|13||130.0		24|58|89|17|51||340.0		TGTGCTTTCATGACCTTTGCTGGTGGTACTAGCTATGGAAAGCTGACATTT	45	CAFMTFAGGTSYGKLTF	:::::::::0:-4:13:::::17:-4:51:::
2885	513.0	2.0168408173984562E-4	1	1.1548677676406051E-4	TGTGCTCTGAAGGTCTGGGGCTGGGAGTTACCAACTCACTTTC	NNNNNNNNNNNNNNNNNNNNNNNNNNNNNNNNNNNNNNNNNNN	TRAV9-2*00(709.7)		TRAJ28*00(589.6)		480|490|514|0|10||100.0		25|55|86|13|43||300.0		TGTGCTCTGAAGGTCTGGGGCTGGGAGTTACCAACTCACTTTC	45	CALKVWG_GSYQLTF	:::::::::0:-4:10:::::13:-5:43:::
3145	513.0	2.0168408173984562E-4	1	1.1548677676406051E-4	TGTGCTGTTTTCAACCAGGCAGGAACTGCTCTGATCTTT	NNNNNNNNNNNNNNNNNNNNNNNNNNNNNNNNNNNNNNN	TRAV35*00(818.4)		TRAJ15*00(580.8)		588|595|620|0|7||70.0		21|49|80|11|39||280.0		TGTGCTGTTTTCAACCAGGCAGGAACTGCTCTGATCTTT	45	CAVFNQAGTALIF	:::::::::0:-5:7:::::11:-1:39:::
3594	513.0	2.0168408173984562E-4	1	1.1548677676406051E-4	TGTGCTGTGGGTGAGTAGGACAGCTGGGGGAAATTGCAGTTT	NNNNNNNNNNNNNNNNNNNNNNNNNNNNNNNNNNNNNNNNNN	TRAV8-3*00(620.9)		TRAJ24*00(529.8)		455|468|489|0|13||130.0		28|52|83|18|42||240.0		TGTGCTGTGGGTGAGTAGGACAGCTGGGGGAAATTGCAGTTT	45	CAVGE*DSWGKLQF	:::::::::0:-1:13:::::18:-8:42:::
6449	513.0	2.0168408173984562E-4	1	1.1548677676406051E-4	TGTGCCGTGAAGAGGGAAAACTATGGTCAGAATTTTGTCTTT	NNNNNNNNNNNNNNNNNNNNNNNNNNNNNNNNNNNNNNNNNN	TRAV12-2*00(957.7)		TRAJ26*00(510.3)		551|562|584|0|11||110.0		20|49|80|13|42|ST24A|261.0		TGTGCCGTGAAGAGGGAAAACTATGGTCAGAATTTTGTCTTT	45	CAVKRENYGQNFVF	:::::::::0:-2:11:::::13:0:42:::
18120	513.0	2.0168408173984562E-4	1	1.1548677676406051E-4	TGTGCAGGCCCCTTAGGCTGGGAGTTACCAACTCACTTTC	NNNNNNNNNNNNNNNNNNNNNNNNNNNNNNNNNNNNNNNN	TRAV25*00(543.8)		TRAJ28*00(539.8)		620|633|649|0|13|SG628C|101.0		30|55|86|15|40||250.0		TGTGCAGGCCCCTTAGGCTGGGAGTTACCAACTCACTTTC	45	CAGPLGW_SYQLTF	:::::::::0:4:13:::::15:-10:40:::
18986	513.0	2.0168408173984562E-4	1	1.1548677676406051E-4	TGCCTCGTGGGTGCTACCGGCACTGCCAGTAAACTCACCTTT	NNNNNNNNNNNNNNNNNNNNNNNNNNNNNNNNNNNNNNNNNN	TRAV4*00(999.3)		TRAJ44*00(549.9)		768|781|804|0|13||130.0		24|52|83|14|42||280.0		TGCCTCGTGGGTGCTACCGGCACTGCCAGTAAACTCACCTTT	45	CLVGATGTASKLTF	:::::::::0:-3:13:::::14:-4:42:::
1772	512.0	2.0129093538167827E-4	1	1.1548677676406051E-4	TGTGTGGTGAGCCCCTAGGAGGAAGCTACATACCTACATTT	NNNNNNNNNNNNNNNNNNNNNNNNNNNNNNNNNNNNNNNNN	TRAV10*00(1029.5)		TRAJ6*00(519.4)		575|587|608|0|12||120.0		26|51|82|16|41||250.0		TGTGTGGTGAGCCCCTAGGAGGAAGCTACATACCTACATTT	45	CVVSP*E_SYIPTF	:::::::::0:-1:12:::::16:-6:41:::
1915	512.0	2.0129093538167827E-4	1	1.1548677676406051E-4	TGTGTGGTGAACATGATGGACTATGGTCAGAATTTTGTCTTT	NNNNNNNNNNNNNNNNNNNNNNNNNNNNNNNNNNNNNNNNNN	TRAV12-1*00(1009.7)		TRAJ26*00(479.6)		539|554|572|0|15||150.0		26|49|80|19|42||230.0		TGTGTGGTGAACATGATGGACTATGGTCAGAATTTTGTCTTT	45	CVVNMMDYGQNFVF	:::::::::0:2:15:::::19:-6:42:::
2678	512.0	2.0129093538167827E-4	1	1.1548677676406051E-4	TGTGCTCTGAGTGACTCTTATAACTATGGTCAGAATTTTGTCTTT	NNNNNNNNNNNNNNNNNNNNNNNNNNNNNNNNNNNNNNNNNNNNN	TRAV19*00(749.2)		TRAJ26*00(559.4)		556|570|593|0|14||140.0		23|49|80|19|45||260.0		TGTGCTCTGAGTGACTCTTATAACTATGGTCAGAATTTTGTCTTT	45	CALSDSYNYGQNFVF	:::::::::0:-3:14:::::19:-3:45:::
3102	512.0	2.0129093538167827E-4	1	1.1548677676406051E-4	TGTGCTCCGACCCTCCGGCAATGCTGGTGGTACTAGCTATGGAAAGCTGACATTT	NNNNNNNNNNNNNNNNNNNNNNNNNNNNNNNNNNNNNNNNNNNNNNNNNNNNNNN	TRAV9-2*00(682.2)		TRAJ52*00(659.4)		480|490|514|0|10|ST487C|71.0		22|58|89|19|55||360.0		TGTGCTCCGACCCTCCGGCAATGCTGGTGGTACTAGCTATGGAAAGCTGACATTT	45	CAPTLRQCW_GTSYGKLTF	:::::::::0:-4:10:::::19:-2:55:::
3897	512.0	2.0129093538167827E-4	1	1.1548677676406051E-4	TGTGCTGTGAGTGCCGGACTGACATGCGCTTT	NNNNNNNNNNNNNNNNNNNNNNNNNNNNNNNN	TRAV8-4*00(679.6)		TRAJ43*00(429.9)		476|489|510|0|13||130.0		30|43|74|19|32||130.0		TGTGCTGTGAGTGCCGGACTGACATGCGCTTT	45	CAVSA_TDMRF	:::::::::0:-1:13:::::19:-10:32:::
4331	512.0	2.0129093538167827E-4	1	1.1548677676406051E-4	TGTGCTGTGAACCGGGAGGGAGCCCAGAAGCTGGTATTT	NNNNNNNNNNNNNNNNNNNNNNNNNNNNNNNNNNNNNNN	TRAV8-4*00(649.7)		TRAJ54*00(519.9)		476|486|510|0|10||100.0		26|49|80|16|39||230.0		TGTGCTGTGAACCGGGAGGGAGCCCAGAAGCTGGTATTT	45	CAVNREGAQKLVF	:::::::::0:-4:10:::::16:-6:39:::
4465	512.0	2.0129093538167827E-4	1	1.1548677676406051E-4	TGTGCTGCGGGGTGCTGGTGGTACTAGCTATGGAAAGCTGACATTT	NNNNNNNNNNNNNNNNNNNNNNNNNNNNNNNNNNNNNNNNNNNNNN	TRAV8-2*00(489.2)		TRAJ52*00(639.3)		466|473|500|0|7|ST470C|41.0		24|58|89|12|46||340.0		TGTGCTGCGGGGTGCTGGTGGTACTAGCTATGGAAAGCTGACATTT	45	CAAGCWWY_SYGKLTF	:::::::::0:-7:7:::::12:-4:46:::
6253	512.0	2.0129093538167827E-4	1	1.1548677676406051E-4	TGTGCCGTGGACACACCGGTAACCAGTTCTATTTT	NNNNNNNNNNNNNNNNNNNNNNNNNNNNNNNNNNN	TRAV39*00(745.3)		TRAJ49*00(529.2)		507|520|540|0|13||130.0		23|45|76|13|35||230.0		TGTGCCGTGGACACACCGGTAACCAGTTCTATTTT	45	CAVDTP_NQFYF	:::::::::0:0:13:::::13:-3:35:::
18601	512.0	2.0129093538167827E-4	1	1.1548677676406051E-4	TGTGCAATGAGCTGGGATTCAGGATACAGCACCCTCACCTTT	NNNNNNNNNNNNNNNNNNNNNNNNNNNNNNNNNNNNNNNNNN	TRAV12-3*00(718)		TRAJ11*00(550.3)		562|574|595|0|12||120.0		23|49|80|16|42||260.0		TGTGCAATGAGCTGGGATTCAGGATACAGCACCCTCACCTTT	45	CAMSWDSGYSTLTF	:::::::::0:-1:12:::::16:-3:42:::
1568	511.0	2.0089778902351093E-4	1	1.1548677676406051E-4	TGTGTTCAGGCGGATAGGGAGCCCAGAAGCTGGTATTT	NNNNNNNNNNNNNNNNNNNNNNNNNNNNNNNNNNNNNN	TRAV36/DV7*00(559.8)		TRAJ54*00(519.8)		500|504|533|0|4||40.0		26|49|80|15|38||230.0		TGTGTTCAGGCGGATAGGGAGCCCAGAAGCTGGTATTT	45	CVQADR_AQKLVF	:::::::::0:-9:4:::::15:-6:38:::
1591	511.0	2.0089778902351093E-4	1	1.1548677676406051E-4	TGTGTTGTGAGTCAGGGATACAGCACCCTCACCTTT	NNNNNNNNNNNNNNNNNNNNNNNNNNNNNNNNNNNN	TRAV8-2*00(639.8)		TRAJ11*00(519.6)		466|478|500|0|12||120.0		28|49|80|15|36||210.0		TGTGTTGTGAGTCAGGGATACAGCACCCTCACCTTT	45	CVVSQGYSTLTF	:::::::::0:-2:12:::::15:-8:36:::
1707	511.0	2.0089778902351093E-4	1	1.1548677676406051E-4	TGTGTGGTGGGAAGCGGTGCTACAAACAAGCTCATCTTT	NNNNNNNNNNNNNNNNNNNNNNNNNNNNNNNNNNNNNNN	TRAV10*00(721.1)		TRAJ32*00(509.4)		575|584|608|0|9||90.0		31|55|86|15|39||240.0		TGTGTGGTGGGAAGCGGTGCTACAAACAAGCTCATCTTT	45	CVVGSGATNKLIF	:::::::::0:-4:9:::::15:-11:39:::
6580	511.0	2.0089778902351093E-4	1	1.1548677676406051E-4	TGTGCCGAATCAATATCTCCGAACCGGTAACCAGTTCTATTTT	NNNNNNNNNNNNNNNNNNNNNNNNNNNNNNNNNNNNNNNNNNN	TRAV39*00(709.8)		TRAJ49*00(509.1)		507|514|540|0|7||70.0		24|45|76|22|43||210.0		TGTGCCGAATCAATATCTCCGAACCGGTAACCAGTTCTATTTT	45	CAESISP_TGNQFYF	:::::::::0:-6:7:::::22:-4:43:::
1632	510.0	2.005046426653436E-4	1	1.1548677676406051E-4	TGTGTCTCTAATGCTGGCAACAACCGTAAGCTGATTTGG	NNNNNNNNNNNNNNNNNNNNNNNNNNNNNNNNNNNNNNN	TRAV1-2*00(599.7)		TRAJ38*00(609.7)		620|624|654|0|4||40.0		20|51|82|8|39||310.0		TGTGTCTCTAATGCTGGCAACAACCGTAAGCTGATTTGG	45	CVSNAGNNRKLIW	:::::::::0:-10:4:::::8:0:39:::
2987	510.0	2.005046426653436E-4	1	1.1548677676406051E-4	TGTGCTCTAAGTGGGGGGGACAAACTGGTCTTT	NNNNNNNNNNNNNNNNNNNNNNNNNNNNNNNNN	TRAV16*00(1009.6)		TRAJ47*00(449.8)		449|463|483|0|14||140.0		32|46|77|19|33||140.0		TGTGCTCTAAGTGGGGGGGACAAACTGGTCTTT	45	CALSGGDKLVF	:::::::::0:0:14:::::19:-12:33:::
17990	510.0	2.005046426653436E-4	1	1.1548677676406051E-4	TGTGCAGCAAGCATAGAATGCTGGCAACAACCGTAAGCTGATTTGG	NNNNNNNNNNNNNNNNNNNNNNNNNNNNNNNNNNNNNNNNNNNNNN	TRAV23/DV6*00(509.6)		TRAJ38*00(600.7)		517|531|550|0|14||140.0		19|51|82|14|46|ST20G|301.0		TGTGCAGCAAGCATAGAATGCTGGCAACAACCGTAAGCTGATTTGG	45	CAASIECW_NNRKLIW	:::::::::0:1:14:::::14:1:46:::
18323	510.0	2.005046426653436E-4	1	1.1548677676406051E-4	TGTGCAGATTACATGAATTATGGAGGAAGCCAAGGAAATCTCATCTTT	NNNNNNNNNNNNNNNNNNNNNNNNNNNNNNNNNNNNNNNNNNNNNNNN	TRAV5*00(440.4)		TRAJ42*00(669.2)		523|531|556|0|8||80.0		18|55|86|11|48||370.0		TGTGCAGATTACATGAATTATGGAGGAAGCCAAGGAAATCTCATCTTT	45	CADYMNYGGSQGNLIF	:::::::::0:-5:8:::::11:2:48:::
18410	510.0	2.005046426653436E-4	1	1.1548677676406051E-4	TGTGCAGAGACGGAAAAGAGTACCGGAGCCAATAGTAAGCTGACATTT	NNNNNNNNNNNNNNNNNNNNNNNNNNNNNNNNNNNNNNNNNNNNNNNN	TRAV13-2*00(549.7)		TRAJ56*00(560.6)		506|516|539|0|10||100.0		23|51|82|20|48|ST26C|251.0		TGTGCAGAGACGGAAAAGAGTACCGGAGCCAATAGTAAGCTGACATTT	45	CAETEKSTGANSKLTF	:::::::::0:-3:10:::::20:-3:48:::
3611	509.0	2.0011149630717626E-4	1	1.1548677676406051E-4	TGTGCTGTGGGCCGGAATAACAATGCCAGACTCATGTTT	NNNNNNNNNNNNNNNNNNNNNNNNNNNNNNNNNNNNNNN	TRAV8-3*00(600.7)		TRAJ31*00(579.8)		455|466|489|0|11||110.0		18|46|77|11|39||280.0		TGTGCTGTGGGCCGGAATAACAATGCCAGACTCATGTTT	45	CAVGRNNNARLMF	:::::::::0:-3:11:::::11:2:39:::
1778	508.0	1.997183499490089E-4	1	1.1548677676406051E-4	TGTGTGGTGAGCCAGACGCCCGATTCAACACCGGTAACCAGTTCTATTTT	NNNNNNNNNNNNNNNNNNNNNNNNNNNNNNNNNNNNNNNNNNNNNNNNNN	TRAV10*00(921.7)		TRAJ49*00(510.8)		575|587|608|0|12||120.0		21|45|76|26|50||240.0		TGTGTGGTGAGCCAGACGCCCGATTCAACACCGGTAACCAGTTCTATTTT	45	CVVSQTPD_NTGNQFYF	:::::::::0:-1:12:::::26:-1:50:::
1943	508.0	1.997183499490089E-4	1	1.1548677676406051E-4	TGTGTGGTGAACAAGGGTGGGTGCCAGACTCATGTTT	NNNNNNNNNNNNNNNNNNNNNNNNNNNNNNNNNNNNN	TRAV12-1*00(989.2)		TRAJ31*00(459.7)		539|552|572|0|13||130.0		30|46|77|21|37||160.0		TGTGTGGTGAACAAGGGTGGGTGCCAGACTCATGTTT	45	CVVNKG_GARLMF	:::::::::0:0:13:::::21:-10:37:::
3309	508.0	1.997183499490089E-4	1	1.1548677676406051E-4	TGTGCTGTCAGGGGTCCAGGAGGAGGTGCTGACGGACTCACCTTT	NNNNNNNNNNNNNNNNNNNNNNNNNNNNNNNNNNNNNNNNNNNNN	TRAV41*00(632.9)		TRAJ45*00(598.8)		512|523|544|0|11||110.0		26|55|86|16|45||290.0		TGTGCTGTCAGGGGTCCAGGAGGAGGTGCTGACGGACTCACCTTT	45	CAVRGPGGGADGLTF	:::::::::0:-1:11:::::16:-6:45:::
6258	508.0	1.997183499490089E-4	1	1.1548677676406051E-4	TGTGCCGTGGACAAAGGGTCCGGGTATGCACTCAACTTC	NNNNNNNNNNNNNNNNNNNNNNNNNNNNNNNNNNNNNNN	TRAV39*00(769.3)		TRAJ41*00(469.6)		507|520|540|0|13||130.0		30|51|82|18|39||210.0		TGTGCCGTGGACAAAGGGTCCGGGTATGCACTCAACTTC	45	CAVDKGSGYALNF	:::::::::0:0:13:::::18:-10:39:::
17458	508.0	1.997183499490089E-4	1	1.1548677676406051E-4	TGTGCAGCTACGCCCTGGCAACAACCGTAAGCTGATTTGG	NNNNNNNNNNNNNNNNNNNNNNNNNNNNNNNNNNNNNNNN	TRAV13-1*00(652.3)		TRAJ38*00(552)		511|519|544|0|8||80.0		25|51|82|14|40||260.0		TGTGCAGCTACGCCCTGGCAACAACCGTAAGCTGATTTGG	45	CAATPWQ_NRKLIW	:::::::::0:-5:8:::::14:-5:40:::
17576	508.0	1.997183499490089E-4	1	1.1548677676406051E-4	TGTGCAGCAGGTTCCCAACAATAATCACAATGACATGCGCTTT	NNNNNNNNNNNNNNNNNNNNNNNNNNNNNNNNNNNNNNNNNNN	TRAV23/DV6*00(459.5)		TRAJ43*00(480.9)		517|526|550|0|9||90.0		22|43|74|22|43|SA25C|181.0		TGTGCAGCAGGTTCCCAACAATAATCACAATGACATGCGCTTT	45	CAAGSQQ_NHNDMRF	:::::::::0:-4:9:::::22:-2:43:::
17819	508.0	1.997183499490089E-4	1	1.1548677676406051E-4	TGTGCAGCAAGCCCTAACTCAGGGCGGATCTGAAAAGCTGGTCTTT	NNNNNNNNNNNNNNNNNNNNNNNNNNNNNNNNNNNNNNNNNNNNNN	TRAV29/DV5*00(569.7)		TRAJ57*00(619.3)		529|541|562|0|12||120.0		20|52|83|14|46||320.0		TGTGCAGCAAGCCCTAACTCAGGGCGGATCTGAAAAGCTGGTCTTT	45	CAASPNSG_GSEKLVF	:::::::::0:-1:12:::::14:0:46:::
1723	507.0	1.9932520359084157E-4	1	1.1548677676406051E-4	TGTGTGGTGATCGATTTATAACCAGGGAGGAAAGCTTATCTTC	NNNNNNNNNNNNNNNNNNNNNNNNNNNNNNNNNNNNNNNNNNN	TRAV12-1*00(682.7)		TRAJ23*00(603.5)		539|549|572|0|10||100.0		21|52|83|12|43||310.0		TGTGTGGTGATCGATTTATAACCAGGGAGGAAAGCTTATCTTC	45	CVVIDL*_QGGKLIF	:::::::::0:-3:10:::::12:-1:43:::
2574	507.0	1.9932520359084157E-4	1	1.1548677676406051E-4	TGTGCTCTGAGTTTCACTGGAGGAGGTGCTGACGGACTCACCTTT	NNNNNNNNNNNNNNNNNNNNNNNNNNNNNNNNNNNNNNNNNNNNN	TRAV9-2*00(729.5)		TRAJ45*00(579.6)		480|492|514|0|12||120.0		28|55|86|18|45||270.0		TGTGCTCTGAGTTTCACTGGAGGAGGTGCTGACGGACTCACCTTT	45	CALSFTGGGADGLTF	:::::::::0:-2:12:::::18:-8:45:::
3432	507.0	1.9932520359084157E-4	1	1.1548677676406051E-4	TGTGCTGTGCAGGCTAGCGGTGGTACTAGCTATGGAAAGCTGACATTT	NNNNNNNNNNNNNNNNNNNNNNNNNNNNNNNNNNNNNNNNNNNNNNNN	TRAV20*00(549.8)		TRAJ52*00(599.6)		498|512|531|0|14||140.0		28|58|89|18|48||300.0		TGTGCTGTGCAGGCTAGCGGTGGTACTAGCTATGGAAAGCTGACATTT	45	CAVQASGGTSYGKLTF	:::::::::0:1:14:::::18:-8:48:::
3538	507.0	1.9932520359084157E-4	1	1.1548677676406051E-4	TGTGCTGTGGGTTTCCCAGGCAAATCAACCTTT	NNNNNNNNNNNNNNNNNNNNNNNNNNNNNNNNN	TRAV8-3*00(572.3)		TRAJ27*00(459.6)		455|467|489|0|12||120.0		31|48|79|16|33||170.0		TGTGCTGTGGGTTTCCCAGGCAAATCAACCTTT	45	CAVGFPGKSTF	:::::::::0:-2:12:::::16:-11:33:::
3975	507.0	1.9932520359084157E-4	1	1.1548677676406051E-4	TGTGCTGTGAGTGATCAACAGGCAGGAACTGCTCTGATCTTT	NNNNNNNNNNNNNNNNNNNNNNNNNNNNNNNNNNNNNNNNNN	TRAV8-4*00(679.4)		TRAJ15*00(549.6)		476|493|510|0|17||170.0		25|49|80|18|42||240.0		TGTGCTGTGAGTGATCAACAGGCAGGAACTGCTCTGATCTTT	45	CAVSDQQAGTALIF	:::::::::0:3:17:::::18:-5:42:::
17579	507.0	1.9932520359084157E-4	1	1.1548677676406051E-4	TGTGCAGCAGGGCTGGAATATAGAAACAAACTGGTCTTT	NNNNNNNNNNNNNNNNNNNNNNNNNNNNNNNNNNNNNNN	TRAV23/DV6*00(459.8)		TRAJ47*00(540.7)		517|526|550|0|9||90.0		20|46|77|13|39|SG28A|231.0		TGTGCAGCAGGGCTGGAATATAGAAACAAACTGGTCTTT	45	CAAGLEYRNKLVF	:::::::::0:-4:9:::::13:0:39:::
18320	507.0	1.9932520359084157E-4	1	1.1548677676406051E-4	TGTGCAGGAAAGGAGGCAGGAACTGCTCTGATCTTT	NNNNNNNNNNNNNNNNNNNNNNNNNNNNNNNNNNNN	TRAV27*00(612.1)		TRAJ15*00(539.4)		552|561|582|0|9||90.0		26|49|80|13|36||230.0		TGTGCAGGAAAGGAGGCAGGAACTGCTCTGATCTTT	45	CAGKEAGTALIF	:::::::::0:-1:9:::::13:-6:36:::
2637	506.0	1.9893205723267425E-4	1	1.1548677676406051E-4	TGTGCTCTGAGTGGGAACACCGGTAACCAGTTCTATTTT	NNNNNNNNNNNNNNNNNNNNNNNNNNNNNNNNNNNNNNN	TRAV9-2*00(739.6)		TRAJ49*00(549.5)		480|493|514|0|13||130.0		20|45|76|14|39||250.0		TGTGCTCTGAGTGGGAACACCGGTAACCAGTTCTATTTT	45	CALSGNTGNQFYF	:::::::::0:-1:13:::::14:0:39:::
3457	506.0	1.9893205723267425E-4	1	1.1548677676406051E-4	TGTGCTGTGCAGGGGCAGGGGGTCAGGAGGAGGTGCTGACGGACTCACCTTT	NNNNNNNNNNNNNNNNNNNNNNNNNNNNNNNNNNNNNNNNNNNNNNNNNNNN	TRAV20*00(539.7)		TRAJ45*00(609.8)		498|511|531|0|13||130.0		25|55|86|22|52||300.0		TGTGCTGTGCAGGGGCAGGGGGTCAGGAGGAGGTGCTGACGGACTCACCTTT	45	CAVQGQGVR_GGADGLTF	:::::::::0:0:13:::::22:-5:52:::
3848	506.0	1.9893205723267425E-4	1	1.1548677676406051E-4	TGTGCTGTGAGTTCTAGTGGAAATGAGAAATTAACCTTT	NNNNNNNNNNNNNNNNNNNNNNNNNNNNNNNNNNNNNNN	TRAV8-4*00(653)		TRAJ48*00(529.5)		476|488|510|0|12||120.0		30|52|83|17|39||220.0		TGTGCTGTGAGTTCTAGTGGAAATGAGAAATTAACCTTT	45	CAVSSSGNEKLTF	:::::::::0:-2:12:::::17:-10:39:::
3210	505.0	1.985389108745069E-4	1	1.1548677676406051E-4	TGTGCTGTCTCTAGCAACACAGGCAAACTAATCTTT	NNNNNNNNNNNNNNNNNNNNNNNNNNNNNNNNNNNN	TRAV2*00(706.8)		TRAJ37*00(545.8)		519|526|553|0|7||80.0		22|51|82|7|36|SG22TSG27A|252.0		TGTGCTGTCTCTAGCAACACAGGCAAACTAATCTTT	45	CAVSSNTGKLIF	:::::::::0:-7:7:::::7:-2:36:::
6533	505.0	1.985389108745069E-4	1	1.1548677676406051E-4	TGTGCCGGTGGGGGGATGGATAGCAGCTATAAATTGATCTTC	NNNNNNNNNNNNNNNNNNNNNNNNNNNNNNNNNNNNNNNNNN	TRAV12-2*00(908.3)		TRAJ12*00(539.9)		551|558|584|0|7||70.0		20|49|80|13|42||290.0		TGTGCCGGTGGGGGGATGGATAGCAGCTATAAATTGATCTTC	45	CAGGGMDSSYKLIF	:::::::::0:-6:7:::::13:0:42:::
18377	505.0	1.985389108745069E-4	1	1.1548677676406051E-4	TGTGCAGAGGGAGATGGGTTCAACAAATTTTACTTT	NNNNNNNNNNNNNNNNNNNNNNNNNNNNNNNNNNNN	TRAV13-2*00(519.9)		TRAJ21*00(489.6)		506|515|539|0|9||90.0		26|44|75|18|36||180.0		TGTGCAGAGGGAGATGGGTTCAACAAATTTTACTTT	45	CAEGDGFNKFYF	:::::::::0:-4:9:::::18:-6:36:::
2190	504.0	1.9814576451633955E-4	1	1.1548677676406051E-4	TGTGCTTATAGGTAGGATGACATGCGCTTT	NNNNNNNNNNNNNNNNNNNNNNNNNNNNNN	TRAV38-2/DV8*00(579.7)		TRAJ43*00(439.7)		602|614|638|0|12||120.0		29|43|74|16|30||140.0		TGTGCTTATAGGTAGGATGACATGCGCTTT	45	CAYR*DDMRF	:::::::::0:-4:12:::::16:-9:30:::
4353	504.0	1.9814576451633955E-4	1	1.1548677676406051E-4	TGTGCTGTGAAACCCCGGGGCAGAGATGACAAGATCATCTTT	NNNNNNNNNNNNNNNNNNNNNNNNNNNNNNNNNNNNNNNNNN	TRAV8-4*00(627.4)		TRAJ30*00(529.8)		476|486|510|0|10||100.0		24|46|77|20|42||220.0		TGTGCTGTGAAACCCCGGGGCAGAGATGACAAGATCATCTTT	45	CAVKPRGRDDKIIF	:::::::::0:-4:10:::::20:-4:42:::
4994	504.0	1.9814576451633955E-4	1	1.1548677676406051E-4	TGTGCCTTTCGGGGCTCTAGCAACACAGGCAAACTAATCTTT	NNNNNNNNNNNNNNNNNNNNNNNNNNNNNNNNNNNNNNNNNN	TRAV25*00(492.8)		TRAJ37*00(580.7)		620|625|649|0|5||50.0		21|51|82|12|42|SG27A|271.0		TGTGCCTTTCGGGGCTCTAGCAACACAGGCAAACTAATCTTT	45	CAFRGSSNTGKLIF	:::::::::0:-4:5:::::12:-1:42:::
6269	504.0	1.9814576451633955E-4	1	1.1548677676406051E-4	TGTGCCGTGATTTTCGACAGAGGCTCAACCCTGGGGAGGCTATACTTT	NNNNNNNNNNNNNNNNNNNNNNNNNNNNNNNNNNNNNNNNNNNNNNNN	TRAV8-1*00(569.9)		TRAJ18*00(649.5)		474|484|508|0|10||100.0		21|55|86|14|48||340.0		TGTGCCGTGATTTTCGACAGAGGCTCAACCCTGGGGAGGCTATACTTT	45	CAVIFDRGSTLGRLYF	:::::::::0:-4:10:::::14:-1:48:::
18172	504.0	1.9814576451633955E-4	1	1.1548677676406051E-4	TGTGCAGGGCGGGGGAACTATGGTCAGAATTTTGTCTTT	NNNNNNNNNNNNNNNNNNNNNNNNNNNNNNNNNNNNNNN	TRAV25*00(542.6)		TRAJ26*00(541.9)		620|630|649|0|10||100.0		20|49|80|10|39|SA23GST24G|242.0		TGTGCAGGGCGGGGGAACTATGGTCAGAATTTTGTCTTT	45	CAGRGNYGQNFVF	:::::::::0:1:10:::::10:0:39:::
18287	504.0	1.9814576451633955E-4	1	1.1548677676406051E-4	TGTGCAGGAGGGAGTTTCCAGCAGTGCTTCCAAGATAATCTTT	NNNNNNNNNNNNNNNNNNNNNNNNNNNNNNNNNNNNNNNNNNN	TRAV27*00(641.8)		TRAJ3*00(549.2)		552|562|582|0|10||100.0		26|51|82|18|43||250.0		TGTGCAGGAGGGAGTTTCCAGCAGTGCTTCCAAGATAATCTTT	45	CAGGSFQ_SASKIIF	:::::::::0:0:10:::::18:-6:43:::
20357	504.0	1.9814576451633955E-4	1	1.1548677676406051E-4	TGCATCGTCAGATCTATGTATTCAGGAGGAGGTGCTGACGGACTCACCTTT	NNNNNNNNNNNNNNNNNNNNNNNNNNNNNNNNNNNNNNNNNNNNNNNNNNN	TRAV26-1*00(609.4)		TRAJ45*00(669.4)		763|775|799|0|12||120.0		19|55|86|15|51||360.0		TGCATCGTCAGATCTATGTATTCAGGAGGAGGTGCTGACGGACTCACCTTT	45	CIVRSMYSGGGADGLTF	:::::::::0:-4:12:::::15:1:51:::
2767	503.0	1.977526181581722E-4	1	1.1548677676406051E-4	TGTGCTCTGAGTGAGATATGAAGGAATAATGCAGGCAACATGCTCACCTTT	NNNNNNNNNNNNNNNNNNNNNNNNNNNNNNNNNNNNNNNNNNNNNNNNNNN	TRAV19*00(739.7)		TRAJ39*00(578.9)		556|571|593|0|15||150.0		25|52|83|24|51||270.0		TGTGCTCTGAGTGAGATATGAAGGAATAATGCAGGCAACATGCTCACCTTT	45	CALSEI*RNNAGNMLTF	:::::::::0:-2:15:::::24:-5:51:::
4441	503.0	1.977526181581722E-4	1	1.1548677676406051E-4	TGTGCTGCCGATAACACCGACAAGCTCATCTTT	NNNNNNNNNNNNNNNNNNNNNNNNNNNNNNNNN	TRAV1-2*00(629.5)		TRAJ34*00(529.7)		620|627|654|0|7||70.0		24|47|78|10|33||230.0		TGTGCTGCCGATAACACCGACAAGCTCATCTTT	45	CAADNTDKLIF	:::::::::0:-7:7:::::10:-4:33:::
20311	503.0	1.977526181581722E-4	1	1.1548677676406051E-4	TGCATCCGCCGGAGCTCAAATTCCGGGTATGCACTCAACTTC	NNNNNNNNNNNNNNNNNNNNNNNNNNNNNNNNNNNNNNNNNN	TRAV26-2*00(839.7)		TRAJ41*00(540.7)		791|798|826|0|7||70.0		20|51|82|11|42|SA22G|281.0		TGCATCCGCCGGAGCTCAAATTCCGGGTATGCACTCAACTTC	45	CIRRSSNSGYALNF	:::::::::0:-8:7:::::11:0:42:::
1648	502.0	1.9735947180000489E-4	1	1.1548677676406051E-4	TGTGTGTGCTCTTATAACCAGGGAGGAAAGCTTATCTTC	NNNNNNNNNNNNNNNNNNNNNNNNNNNNNNNNNNNNNNN	TRAV12-1*00(554.9)		TRAJ23*00(538.5)		539|545|572|0|6||60.0		24|52|83|11|39||280.0		TGTGTGTGCTCTTATAACCAGGGAGGAAAGCTTATCTTC	45	CVCSYNQGGKLIF	:::::::::0:-7:6:::::11:-4:39:::
3754	502.0	1.9735947180000489E-4	1	1.1548677676406051E-4	TGTGCTGTGGAGACCACTCAGGGCGGATCTGAAAAGCTGGTCTTT	NNNNNNNNNNNNNNNNNNNNNNNNNNNNNNNNNNNNNNNNNNNNN	TRAV36/DV7*00(640.7)		TRAJ57*00(599.6)		500|515|533|0|15|SG512A|121.0		22|52|83|15|45||300.0		TGTGCTGTGGAGACCACTCAGGGCGGATCTGAAAAGCTGGTCTTT	45	CAVETTQGGSEKLVF	:::::::::0:2:15:::::15:-2:45:::
4095	502.0	1.9735947180000489E-4	1	1.1548677676406051E-4	TGTGCTGTGAGCGCGGCTTTGGAAATGAGAAATTAACCTTT	NNNNNNNNNNNNNNNNNNNNNNNNNNNNNNNNNNNNNNNNN	TRAV8-4*00(659.6)		TRAJ48*00(559.1)		476|487|510|0|11||110.0		27|52|83|16|41||250.0		TGTGCTGTGAGCGCGGCTTTGGAAATGAGAAATTAACCTTT	45	CAVSAAL_NEKLTF	:::::::::0:-3:11:::::16:-7:41:::
4991	502.0	1.9735947180000489E-4	1	1.1548677676406051E-4	TGTGCCTTTCCCGCCTTTATGGTGGTGCTACAAACAAGCTCATCTTT	NNNNNNNNNNNNNNNNNNNNNNNNNNNNNNNNNNNNNNNNNNNNNNN	TRAV24*00(613.9)		TRAJ32*00(593.4)		515|524|545|0|9||90.0		24|55|86|16|47||310.0		TGTGCCTTTCCCGCCTTTATGGTGGTGCTACAAACAAGCTCATCTTT	45	CAFPAFMV_ATNKLIF	:::::::::0:-1:9:::::16:-4:47:::
18218	502.0	1.9735947180000489E-4	1	1.1548677676406051E-4	TGTGCAGGGAAGGCCGGTAACCAGTTCTATTTT	NNNNNNNNNNNNNNNNNNNNNNNNNNNNNNNNN	TRAV25*00(549.8)		TRAJ49*00(499.4)		620|629|649|0|9||90.0		25|45|76|13|33||200.0		TGTGCAGGGAAGGCCGGTAACCAGTTCTATTTT	45	CAGKAGNQFYF	:::::::::0:0:9:::::13:-5:33:::
610	501.0	1.9696632544183754E-4	2	2.3097355352812103E-4	TGTGTGGTGAACGGGGGAACCTACAAATACATCTTT	[[[[[[[[[[[[[[[[[[[[[[[[[[[[[[[[[[[[	TRAV12-1*00(698.9)		TRAJ40*00(499.3)		539|551|572|0|12||120.0		29|50|81|15|36||210.0		TGTGTGGTGAACGGGGGAACCTACAAATACATCTTT	58	CVVNGGTYKYIF	:::::::::0:-1:12:::::15:-9:36:::
2299	501.0	1.9696632544183754E-4	1	1.1548677676406051E-4	TGTGCTCTTGTTTCCGAATGCTGGTGGTACTAGCTATGGAAAGCTGACATTT	NNNNNNNNNNNNNNNNNNNNNNNNNNNNNNNNNNNNNNNNNNNNNNNNNNNN	TRAV16*00(948.9)		TRAJ52*00(619.4)		449|457|483|0|8||80.0		22|58|89|16|52||360.0		TGTGCTCTTGTTTCCGAATGCTGGTGGTACTAGCTATGGAAAGCTGACATTT	45	CALVSECWW_TSYGKLTF	:::::::::0:-6:8:::::16:-2:52:::
2515	501.0	1.9696632544183754E-4	1	1.1548677676406051E-4	TGTGCTCTGGGGGGGGACACGGGCAGGAGAGCACTTACTTTT	NNNNNNNNNNNNNNNNNNNNNNNNNNNNNNNNNNNNNNNNNN	TRAV9-2*00(699.5)		TRAJ5*00(579.5)		480|489|514|0|9||90.0		21|49|80|14|42||280.0		TGTGCTCTGGGGGGGGACACGGGCAGGAGAGCACTTACTTTT	45	CALGGDTGRRALTF	:::::::::0:-5:9:::::14:-1:42:::
2669	501.0	1.9696632544183754E-4	1	1.1548677676406051E-4	TGTGCTCTGAGTGATGCAAACGATGCTGGTGGTACTAGCTATGGAAAGCTGACATTT	NNNNNNNNNNNNNNNNNNNNNNNNNNNNNNNNNNNNNNNNNNNNNNNNNNNNNNNNN	TRAV9-2*00(748.3)		TRAJ52*00(648.9)		480|495|514|0|15||150.0		23|58|89|22|57||350.0		TGTGCTCTGAGTGATGCAAACGATGCTGGTGGTACTAGCTATGGAAAGCTGACATTT	45	CALSDANDAGGTSYGKLTF	:::::::::0:1:15:::::22:-3:57:::
3218	501.0	1.9696632544183754E-4	1	1.1548677676406051E-4	TGTGCTGTCTACTCTAGCAACACAGGCAAACTAATCTTT	NNNNNNNNNNNNNNNNNNNNNNNNNNNNNNNNNNNNNNN	TRAV21*00(938.7)		TRAJ37*00(509.3)		544|552|576|0|8||80.0		23|51|82|11|39|SG27A|251.0		TGTGCTGTCTACTCTAGCAACACAGGCAAACTAATCTTT	45	CAVYSSNTGKLIF	:::::::::0:-4:8:::::11:-3:39:::
4273	501.0	1.9696632544183754E-4	1	1.1548677676406051E-4	TGTGCTGTGAGAGACCCGCCGGTTTTCAGATGGCCAGAAGCTGCTCTTT	NNNNNNNNNNNNNNNNNNNNNNNNNNNNNNNNNNNNNNNNNNNNNNNNN	TRAV3*00(628.7)		TRAJ16*00(580.2)		437|452|473|0|15||150.0		18|49|80|18|49||310.0		TGTGCTGTGAGAGACCCGCCGGTTTTCAGATGGCCAGAAGCTGCTCTTT	45	CAVRDPPV_SDGQKLLF	:::::::::0:-1:15:::::18:2:49:::
4428	501.0	1.9696632544183754E-4	1	1.1548677676406051E-4	TGTGCTGCCCGAGAGAGGTGGATCTGACGGACTCACCTTT	NNNNNNNNNNNNNNNNNNNNNNNNNNNNNNNNNNNNNNNN	TRAV41*00(749.8)		TRAJ45*00(482.7)		512|519|544|0|7||70.0		29|55|86|14|40|SA33TST36ASG37T|173.0		TGTGCTGCCCGAGAGAGGTGGATCTGACGGACTCACCTTT	45	CAARERW_SDGLTF	:::::::::0:-5:7:::::14:-9:40:::
4791	501.0	1.9696632544183754E-4	1	1.1548677676406051E-4	TGTGCTACGGTCGCGGGGGTTACCAGAAAGTTACCTTT	NNNNNNNNNNNNNNNNNNNNNNNNNNNNNNNNNNNNNN	TRAV17*00(920.2)		TRAJ13*00(539.2)		490|505|523|0|15|SA500T|121.0		29|52|83|15|38||240.0		TGTGCTACGGTCGCGGGGGTTACCAGAAAGTTACCTTT	45	CATVAG_YQKVTF	:::::::::0:2:15:::::15:-9:38:::
18308	501.0	1.9696632544183754E-4	1	1.1548677676406051E-4	TGTGCAGGAGAAAAAGGTAGCAACTATAAACTGACATTT	NNNNNNNNNNNNNNNNNNNNNNNNNNNNNNNNNNNNNNN	TRAV27*00(641.4)		TRAJ53*00(559.2)		552|562|582|0|10||100.0		30|55|86|14|39||250.0		TGTGCAGGAGAAAAAGGTAGCAACTATAAACTGACATTT	45	CAGEKGSNYKLTF	:::::::::0:0:10:::::14:-10:39:::
3427	500.0	1.965731790836702E-4	1	1.1548677676406051E-4	TGTGCTGTGCAGGTTGCTTTATAGGCTTTGGGAATGTGCTGCATTGC	NNNNNNNNNNNNNNNNNNNNNNNNNNNNNNNNNNNNNNNNNNNNNNN	TRAV20*00(539.8)		TRAJ35*00(579.4)		498|511|531|0|13||130.0		21|48|79|20|47||270.0		TGTGCTGTGCAGGTTGCTTTATAGGCTTTGGGAATGTGCTGCATTGC	45	CAVQVAL*_FGNVLHC	:::::::::0:0:13:::::20:-1:47:::
3885	500.0	1.965731790836702E-4	1	1.1548677676406051E-4	TGTGCTGTGAGTGTAGGAGGAGGACACGGGCAGGAGAGCACTTACTTTT	NNNNNNNNNNNNNNNNNNNNNNNNNNNNNNNNNNNNNNNNNNNNNNNNN	TRAV8-4*00(678.2)		TRAJ5*00(579.7)		476|489|510|0|13||130.0		21|49|80|21|49||280.0		TGTGCTGTGAGTGTAGGAGGAGGACACGGGCAGGAGAGCACTTACTTTT	45	CAVSVGGG_TGRRALTF	:::::::::0:-1:13:::::21:-1:49:::
4227	500.0	1.965731790836702E-4	1	1.1548677676406051E-4	TGTGCTGTGAGAGCTCCGGGGACAACTGACAGCTGGGGGAAATTGCAGTTT	NNNNNNNNNNNNNNNNNNNNNNNNNNNNNNNNNNNNNNNNNNNNNNNNNNN	TRAV1-2*00(690.5)		TRAJ24*00(599.7)		620|636|654|0|16|SA633C|131.0		21|52|83|20|51||310.0		TGTGCTGTGAGAGCTCCGGGGACAACTGACAGCTGGGGGAAATTGCAGTTT	45	CAVRAPGTTDSWGKLQF	:::::::::0:2:16:::::20:-1:51:::
6265	500.0	1.965731790836702E-4	1	1.1548677676406051E-4	TGTGCCGTGGAAGATTCAGGAGGAGGTGCTGACGGACTCACCTTT	NNNNNNNNNNNNNNNNNNNNNNNNNNNNNNNNNNNNNNNNNNNNN	TRAV39*00(739.4)		TRAJ45*00(629.4)		507|518|540|0|11||110.0		23|55|86|13|45||320.0		TGTGCCGTGGAAGATTCAGGAGGAGGTGCTGACGGACTCACCTTT	45	CAVEDSGGGADGLTF	:::::::::0:-2:11:::::13:-3:45:::
17883	500.0	1.965731790836702E-4	1	1.1548677676406051E-4	TGTGCAGCAAGCGCGGCCCTGGGGGCTGGGAGTTACCAACTCACTTTC	NNNNNNNNNNNNNNNNNNNNNNNNNNNNNNNNNNNNNNNNNNNNNNNN	TRAV29/DV5*00(580.8)		TRAJ28*00(559.6)		529|544|562|0|15||150.0		28|55|86|21|48||270.0		TGTGCAGCAAGCGCGGCCCTGGGGGCTGGGAGTTACCAACTCACTTTC	45	CAASAALGAGSYQLTF	:::::::::0:2:15:::::21:-8:48:::
18511	500.0	1.965731790836702E-4	1	1.1548677676406051E-4	TGTGCAGAGAACATTAGGCTTTGGGAATGTGCTGCATTGC	NNNNNNNNNNNNNNNNNNNNNNNNNNNNNNNNNNNNNNNN	TRAV13-2*00(560.6)		TRAJ35*00(559.4)		506|520|539|0|14|ST517C|111.0		22|48|79|14|40||260.0		TGTGCAGAGAACATTAGGCTTTGGGAATGTGCTGCATTGC	45	CAENIRL_GNVLHC	:::::::::0:1:14:::::14:-2:40:::
3809	499.0	1.9618003272550284E-4	1	1.1548677676406051E-4	TGTGCTGTGACCTTGTACAGCAGTGCTTCCAAGATAATCTTT	NNNNNNNNNNNNNNNNNNNNNNNNNNNNNNNNNNNNNNNNNN	TRAV8-4*00(608.7)		TRAJ3*00(579.7)		476|486|510|0|10||100.0		23|51|82|14|42||280.0		TGTGCTGTGACCTTGTACAGCAGTGCTTCCAAGATAATCTTT	45	CAVTLYSSASKIIF	:::::::::0:-4:10:::::14:-3:42:::
18165	499.0	1.9618003272550284E-4	1	1.1548677676406051E-4	TGTGCAGGGCCGAAGGACTGGGGCAAACAACCTCTTCTTT	NNNNNNNNNNNNNNNNNNNNNNNNNNNNNNNNNNNNNNNN	TRAV25*00(569.7)		TRAJ36*00(549.6)		620|631|649|0|11||110.0		24|48|79|16|40||240.0		TGTGCAGGGCCGAAGGACTGGGGCAAACAACCTCTTCTTT	45	CAGPKDW_ANNLFF	:::::::::0:2:11:::::16:-4:40:::
18949	499.0	1.9618003272550284E-4	1	1.1548677676406051E-4	TGCTCTAATGCTGGTGGTACTAGCTATGGAAAGCTGACATTT	NNNNNNNNNNNNNNNNNNNNNNNNNNNNNNNNNNNNNNNNNN	TRAV27*00(553.8)		TRAJ52*00(679.9)		552|554|582|0|2||20.0		20|58|89|4|42||380.0		TGCTCTAATGCTGGTGGTACTAGCTATGGAAAGCTGACATTT	45	CSNAGGTSYGKLTF	:::::::::0:-8:2:::::4:0:42:::
1845	498.0	1.9578688636733553E-4	1	1.1548677676406051E-4	TGTGTGGTGAACTTCAGTAGGGGAGGAAGCCAAGGAAATCTCATCTTT	NNNNNNNNNNNNNNNNNNNNNNNNNNNNNNNNNNNNNNNNNNNNNNNN	TRAV12-1*00(961.2)		TRAJ42*00(529.7)		539|551|572|0|12||120.0		28|55|86|21|48||270.0		TGTGTGGTGAACTTCAGTAGGGGAGGAAGCCAAGGAAATCTCATCTTT	45	CVVNFSRGGSQGNLIF	:::::::::0:-1:12:::::21:-8:48:::
3548	498.0	1.9578688636733553E-4	1	1.1548677676406051E-4	TGTGCTGTGGGTCCCATGGATAGCAGCTATAAATTGATCTTC	NNNNNNNNNNNNNNNNNNNNNNNNNNNNNNNNNNNNNNNNNN	TRAV8-3*00(610.9)		TRAJ12*00(539.9)		455|467|489|0|12||120.0		22|49|80|15|42||270.0		TGTGCTGTGGGTCCCATGGATAGCAGCTATAAATTGATCTTC	45	CAVGPMDSSYKLIF	:::::::::0:-2:12:::::15:-2:42:::
4020	498.0	1.9578688636733553E-4	1	1.1548677676406051E-4	TGTGCTGTGAGTGAGGGCTTTCAGAAACTTGTATTT	NNNNNNNNNNNNNNNNNNNNNNNNNNNNNNNNNNNN	TRAV8-4*00(679.5)		TRAJ8*00(499.7)		476|490|510|0|14||140.0		28|49|80|15|36||210.0		TGTGCTGTGAGTGAGGGCTTTCAGAAACTTGTATTT	45	CAVSEGFQKLVF	:::::::::0:0:14:::::15:-8:36:::
17401	498.0	1.9578688636733553E-4	1	1.1548677676406051E-4	TGTGCAGTTCTAAATGCTGGTGGTACTAGCTATGGAAAGCTGACATTT	NNNNNNNNNNNNNNNNNNNNNNNNNNNNNNNNNNNNNNNNNNNNNNNN	TRAV25*00(529.8)		TRAJ52*00(659.9)		620|627|649|0|7||70.0		22|58|89|12|48||360.0		TGTGCAGTTCTAAATGCTGGTGGTACTAGCTATGGAAAGCTGACATTT	45	CAVLNAGGTSYGKLTF	:::::::::0:-2:7:::::12:-2:48:::
17854	498.0	1.9578688636733553E-4	1	1.1548677676406051E-4	TGTGCAGCAAGCGTAATAACCAGGGAGGAAAGCTTATCTTC	NNNNNNNNNNNNNNNNNNNNNNNNNNNNNNNNNNNNNNNNN	TRAV23/DV6*00(489.5)		TRAJ23*00(530.3)		517|529|550|0|12||120.0		26|52|83|15|41||260.0		TGTGCAGCAAGCGTAATAACCAGGGAGGAAAGCTTATCTTC	45	CAASVIT_GGKLIF	:::::::::0:-1:12:::::15:-6:41:::
18574	498.0	1.9578688636733553E-4	1	1.1548677676406051E-4	TGTGCAATGGGGAACGACTACAAGCTCAGCTTT	NNNNNNNNNNNNNNNNNNNNNNNNNNNNNNNNN	TRAV12-3*00(949.2)		TRAJ20*00(510)		562|571|595|0|9||90.0		25|46|77|12|33||210.0		TGTGCAATGGGGAACGACTACAAGCTCAGCTTT	45	CAMGNDYKLSF	:::::::::0:-4:9:::::12:-5:33:::
3182	497.0	1.9539374000916818E-4	1	1.1548677676406051E-4	TGTGCTGTTGATTCAGGAGGAGGTGCTGACGGACTCACCTTT	NNNNNNNNNNNNNNNNNNNNNNNNNNNNNNNNNNNNNNNNNN	TRAV8-3*00(529.8)		TRAJ45*00(629.7)		455|463|489|0|8||80.0		23|55|86|10|42||320.0		TGTGCTGTTGATTCAGGAGGAGGTGCTGACGGACTCACCTTT	45	CAVDSGGGADGLTF	:::::::::0:-6:8:::::10:-3:42:::
3223	497.0	1.9539374000916818E-4	1	1.1548677676406051E-4	TGTGCTGTCCTTAACTATGGTCAGAATTTTGTCTTT	NNNNNNNNNNNNNNNNNNNNNNNNNNNNNNNNNNNN	TRAV2*00(979.4)		TRAJ26*00(519.6)		519|527|553|0|8||80.0		24|49|80|11|36||250.0		TGTGCTGTCCTTAACTATGGTCAGAATTTTGTCTTT	45	CAVLNYGQNFVF	:::::::::0:-6:8:::::11:-4:36:::
17536	497.0	1.9539374000916818E-4	1	1.1548677676406051E-4	TGTGCAGCATCATCGGTTACAATAACAATGACATGCGCTTT	NNNNNNNNNNNNNNNNNNNNNNNNNNNNNNNNNNNNNNNNN	TRAV23/DV6*00(459.8)		TRAJ43*00(539.8)		517|526|550|0|9||90.0		19|43|74|17|41||240.0		TGTGCAGCATCATCGGTTACAATAACAATGACATGCGCTTT	45	CAASSVT_NNDMRF	:::::::::0:-4:9:::::17:1:41:::
18393	497.0	1.9539374000916818E-4	1	1.1548677676406051E-4	TGTGCAGAGATGGAGGCGGGCAGGAGAGCACTTACTTTT	NNNNNNNNNNNNNNNNNNNNNNNNNNNNNNNNNNNNNNN	TRAV13-2*00(549.3)		TRAJ5*00(541.3)		506|516|539|0|10||100.0		20|49|80|10|39|SC24GSA25G|242.0		TGTGCAGAGATGGAGGCGGGCAGGAGAGCACTTACTTTT	45	CAEMEAGRRALTF	:::::::::0:-3:10:::::10:0:39:::
20213	497.0	1.9539374000916818E-4	1	1.1548677676406051E-4	TGCATCCTGAGTTCCCGTCAATATAACACCGACAAGCTCATCTTT	NNNNNNNNNNNNNNNNNNNNNNNNNNNNNNNNNNNNNNNNNNNNN	TRAV26-2*00(815.4)		TRAJ34*00(516.8)		791|802|826|0|11||110.0		23|47|78|21|45||240.0		TGCATCCTGAGTTCCCGTCAATATAACACCGACAAGCTCATCTTT	45	CILSSRQYNTDKLIF	:::::::::0:-4:11:::::21:-3:45:::
4135	496.0	1.9500059365100083E-4	1	1.1548677676406051E-4	TGTGCTGTGAGGCCGGGGAGGAAGCCAAGGAAATCTCATCTTT	NNNNNNNNNNNNNNNNNNNNNNNNNNNNNNNNNNNNNNNNNNN	TRAV21*00(499.7)		TRAJ42*00(569.9)		544|558|576|0|14||140.0		28|55|86|16|43||270.0		TGTGCTGTGAGGCCGGGGAGGAAGCCAAGGAAATCTCATCTTT	45	CAVRPGR_SQGNLIF	:::::::::0:2:14:::::16:-8:43:::
4806	496.0	1.9500059365100083E-4	1	1.1548677676406051E-4	TGTGCTACGGCCGGCTGTATGGGAACAACAGACTCGCTTTT	NNNNNNNNNNNNNNNNNNNNNNNNNNNNNNNNNNNNNNNNN	TRAV17*00(900.4)		TRAJ7*00(529.8)		490|503|523|0|13|SA500C|101.0		24|48|79|17|41||240.0		TGTGCTACGGCCGGCTGTATGGGAACAACAGACTCGCTTTT	45	CATAGCM_NNRLAF	:::::::::0:0:13:::::17:-4:41:::
18997	496.0	1.9500059365100083E-4	1	1.1548677676406051E-4	TGCCTCGTGGGTGATCCTCTGGTTCTGCAAGGCAACTGACCTTT	NNNNNNNNNNNNNNNNNNNNNNNNNNNNNNNNNNNNNNNNNNNN	TRAV4*00(718.1)		TRAJ22*00(566.6)		768|782|804|0|14||140.0		22|52|83|14|44|ST24C|271.0		TGCCTCGTGGGTGATCCTCTGGTTCTGCAAGGCAACTGACCTTT	45	CLVGDPL_SARQLTF	:::::::::0:-2:14:::::14:-2:44:::
20429	496.0	1.9500059365100083E-4	1	1.1548677676406051E-4	TGCATCGTCAGAGTCGAAAACACCGACAAGCTCATCTTT	NNNNNNNNNNNNNNNNNNNNNNNNNNNNNNNNNNNNNNN	TRAV26-1*00(649.3)		TRAJ34*00(510)		763|779|799|0|16||160.0		26|47|78|18|39||210.0		TGCATCGTCAGAGTCGAAAACACCGACAAGCTCATCTTT	45	CIVRVENTDKLIF	:::::::::0:0:16:::::18:-6:39:::
3228	495.0	1.9460744729283348E-4	1	1.1548677676406051E-4	TGTGCTGTCCTATCTTCTGGTTCTGCAAGGCAACTGACCTTT	NNNNNNNNNNNNNNNNNNNNNNNNNNNNNNNNNNNNNNNNNN	TRAV8-4*00(587.5)		TRAJ22*00(609.8)		476|484|510|0|8||80.0		22|52|83|12|42||300.0		TGTGCTGTCCTATCTTCTGGTTCTGCAAGGCAACTGACCTTT	45	CAVLSSGSARQLTF	:::::::::0:-6:8:::::12:-2:42:::
4106	495.0	1.9460744729283348E-4	1	1.1548677676406051E-4	TGTGCTGTGAGCAGGGTTGCAACACAGGCAAACTAATCTTT	NNNNNNNNNNNNNNNNNNNNNNNNNNNNNNNNNNNNNNNNN	TRAV21*00(979.4)		TRAJ37*00(499.6)		544|555|576|0|11||110.0		28|51|82|18|41||230.0		TGTGCTGTGAGCAGGGTTGCAACACAGGCAAACTAATCTTT	45	CAVSRVA_TGKLIF	:::::::::0:-1:11:::::18:-8:41:::
4904	495.0	1.9460744729283348E-4	1	1.1548677676406051E-4	TGTGCTACGGAGAACCAGGCAGGAACTGCTCTGATCTTT	NNNNNNNNNNNNNNNNNNNNNNNNNNNNNNNNNNNNNNN	TRAV17*00(909.6)		TRAJ15*00(579.5)		490|501|523|0|11||110.0		22|49|80|12|39||270.0		TGTGCTACGGAGAACCAGGCAGGAACTGCTCTGATCTTT	45	CATENQAGTALIF	:::::::::0:-2:11:::::12:-2:39:::
4907	495.0	1.9460744729283348E-4	1	1.1548677676406051E-4	TGTGCTACGGAAGTCTCTATAACCAGGGAGGAAAGCTTATCTTC	NNNNNNNNNNNNNNNNNNNNNNNNNNNNNNNNNNNNNNNNNNNN	TRAV17*00(909.3)		TRAJ23*00(559.8)		490|501|523|0|11||110.0		25|52|83|17|44||270.0		TGTGCTACGGAAGTCTCTATAACCAGGGAGGAAAGCTTATCTTC	45	CATEVSI_QGGKLIF	:::::::::0:-2:11:::::17:-5:44:::
2697	494.0	1.9421430093466616E-4	1	1.1548677676406051E-4	TGTGCTCTGAGTGAGTAGGCTTTGGGAATGTGCTGCATTGC	NNNNNNNNNNNNNNNNNNNNNNNNNNNNNNNNNNNNNNNNN	TRAV19*00(759.8)		TRAJ35*00(558.5)		556|571|593|0|15||150.0		22|48|79|15|41||260.0		TGTGCTCTGAGTGAGTAGGCTTTGGGAATGTGCTGCATTGC	45	CALSE*A_GNVLHC	:::::::::0:-2:15:::::15:-2:41:::
2843	494.0	1.9421430093466616E-4	1	1.1548677676406051E-4	TGTGCTCTGAGGGGGATGGAGGAAGCCAAGGAAATCTCATCTTT	NNNNNNNNNNNNNNNNNNNNNNNNNNNNNNNNNNNNNNNNNNNN	TRAV9-2*00(719.8)		TRAJ42*00(589.2)		480|491|514|0|11||110.0		26|55|86|15|44||290.0		TGTGCTCTGAGGGGGATGGAGGAAGCCAAGGAAATCTCATCTTT	45	CALRGME_SQGNLIF	:::::::::0:-3:11:::::15:-6:44:::
3035	494.0	1.9421430093466616E-4	1	1.1548677676406051E-4	TGTGCTCCTTTACCGGCACTGCCAGTAAACTCACCTTT	NNNNNNNNNNNNNNNNNNNNNNNNNNNNNNNNNNNNNN	TRAV16*00(939.2)		TRAJ44*00(559.6)		449|456|483|0|7||70.0		24|52|83|10|38||280.0		TGTGCTCCTTTACCGGCACTGCCAGTAAACTCACCTTT	45	CAPLPA_ASKLTF	:::::::::0:-7:7:::::10:-4:38:::
3416	494.0	1.9421430093466616E-4	1	1.1548677676406051E-4	TGTGCTGTGCGGGGGAAGATAACAATGACATGCGCTTT	NNNNNNNNNNNNNNNNNNNNNNNNNNNNNNNNNNNNNN	TRAV20*00(510.7)		TRAJ43*00(499.9)		498|511|531|0|13|SA508G|101.0		23|43|74|18|38||200.0		TGTGCTGTGCGGGGGAAGATAACAATGACATGCGCTTT	45	CAVRGK_NNDMRF	:::::::::0:0:13:::::18:-3:38:::
3976	494.0	1.9421430093466616E-4	1	1.1548677676406051E-4	TGTGCTGTGAGTGATCAACAAATAACAATGCCAGACTCATGTTT	NNNNNNNNNNNNNNNNNNNNNNNNNNNNNNNNNNNNNNNNNNNN	TRAV8-4*00(684.3)		TRAJ31*00(539.8)		476|493|510|0|17||170.0		22|46|77|20|44||240.0		TGTGCTGTGAGTGATCAACAAATAACAATGCCAGACTCATGTTT	45	CAVSDQQ_NNARLMF	:::::::::0:3:17:::::20:-2:44:::
4427	494.0	1.9421430093466616E-4	1	1.1548677676406051E-4	TGTGCTGCCCGAGTGGAGGTAGCAACTATAAACTGACATTT	NNNNNNNNNNNNNNNNNNNNNNNNNNNNNNNNNNNNNNNNN	TRAV8-5*00(582.3)		TRAJ53*00(609.7)		1528|1536|1562|0|8||80.0		25|55|86|11|41||300.0		TGTGCTGCCCGAGTGGAGGTAGCAACTATAAACTGACATTT	45	CAARVEV_NYKLTF	:::::::::0:-6:8:::::11:-5:41:::
4776	494.0	1.9421430093466616E-4	1	1.1548677676406051E-4	TGTGCTACCGGACGAGGTAACAATGCCAGACTCATGTTT	NNNNNNNNNNNNNNNNNNNNNNNNNNNNNNNNNNNNNNN	TRAV17*00(868.4)		TRAJ31*00(519.5)		490|498|523|0|8||80.0		24|46|77|17|39||220.0		TGTGCTACCGGACGAGGTAACAATGCCAGACTCATGTTT	45	CATGRGNNARLMF	:::::::::0:-5:8:::::17:-4:39:::
4871	494.0	1.9421430093466616E-4	1	1.1548677676406051E-4	TGTGCTACGGACGCGAGGGACAACTGACAGCTGGGGGAAATTGCAGTTT	NNNNNNNNNNNNNNNNNNNNNNNNNNNNNNNNNNNNNNNNNNNNNNNNN	TRAV17*00(949.5)		TRAJ24*00(559.8)		490|505|523|0|15||150.0		21|52|83|18|49||310.0		TGTGCTACGGACGCGAGGGACAACTGACAGCTGGGGGAAATTGCAGTTT	45	CATDARDN_DSWGKLQF	:::::::::0:2:15:::::18:-1:49:::
6412	494.0	1.9421430093466616E-4	1	1.1548677676406051E-4	TGTGCCGTGAACACTTCCGGTAACCAGTTCTATTTT	NNNNNNNNNNNNNNNNNNNNNNNNNNNNNNNNNNNN	TRAV12-2*00(600.5)		TRAJ49*00(499.7)		551|564|584|0|13||130.0		25|45|76|16|36||200.0		TGTGCCGTGAACACTTCCGGTAACCAGTTCTATTTT	45	CAVNTSGNQFYF	:::::::::0:0:13:::::16:-5:36:::
17724	494.0	1.9421430093466616E-4	1	1.1548677676406051E-4	TGTGCAGCAAGTATAACGAACACCGGTAACCAGTTCTATTTT	NNNNNNNNNNNNNNNNNNNNNNNNNNNNNNNNNNNNNNNNNN	TRAV13-1*00(1009.4)		TRAJ49*00(519.6)		511|526|544|0|15||150.0		19|45|76|16|42||260.0		TGTGCAGCAAGTATAACGAACACCGGTAACCAGTTCTATTTT	45	CAASITNTGNQFYF	:::::::::0:2:15:::::16:1:42:::
2702	493.0	1.9382115457649882E-4	1	1.1548677676406051E-4	TGTGCTCTGAGTGAGCGCTCAGGATACAGCACCCTCACCTTT	NNNNNNNNNNNNNNNNNNNNNNNNNNNNNNNNNNNNNNNNNN	TRAV19*00(759.5)		TRAJ11*00(549.8)		556|571|593|0|15||150.0		25|49|80|18|42||240.0		TGTGCTCTGAGTGAGCGCTCAGGATACAGCACCCTCACCTTT	45	CALSERSGYSTLTF	:::::::::0:-2:15:::::18:-5:42:::
2893	493.0	1.9382115457649882E-4	1	1.1548677676406051E-4	TGTGCTCTATCCCTCTTTTCAGATGGCCAGAAGCTGCTCTTT	NNNNNNNNNNNNNNNNNNNNNNNNNNNNNNNNNNNNNNNNNN	TRAV16*00(665.8)		TRAJ16*00(526.4)		449|458|483|0|9||90.0		22|49|80|15|42||270.0		TGTGCTCTATCCCTCTTTTCAGATGGCCAGAAGCTGCTCTTT	45	CALSLFSDGQKLLF	:::::::::0:-5:9:::::15:-2:42:::
4274	493.0	1.9382115457649882E-4	1	1.1548677676406051E-4	TGTGCTGTGAGAGACCCGGCAGAGATGACAAGATCATCTTT	NNNNNNNNNNNNNNNNNNNNNNNNNNNNNNNNNNNNNNNNN	TRAV3*00(629.3)		TRAJ30*00(529.8)		437|452|473|0|15||150.0		24|46|77|19|41||220.0		TGTGCTGTGAGAGACCCGGCAGAGATGACAAGATCATCTTT	45	CAVRDPA_DDKIIF	:::::::::0:-1:15:::::19:-4:41:::
4524	493.0	1.9382115457649882E-4	1	1.1548677676406051E-4	TGTGCTGGCCGTGCTGGTGGTACTAGCTATGGAAAGCTGACATTT	NNNNNNNNNNNNNNNNNNNNNNNNNNNNNNNNNNNNNNNNNNNNN	TRAV35*00(910.1)		TRAJ52*00(599.8)		588|596|620|0|8||80.0		24|58|89|11|45||340.0		TGTGCTGGCCGTGCTGGTGGTACTAGCTATGGAAAGCTGACATTT	45	CAGRAGGTSYGKLTF	:::::::::0:-4:8:::::11:-4:45:::
4977	493.0	1.9382115457649882E-4	1	1.1548677676406051E-4	TGTGCCTTTTCGGGCTCACGGGAGGAGGAAACAAACTCACCTTT	NNNNNNNNNNNNNNNNNNNNNNNNNNNNNNNNNNNNNNNNNNNN	TRAV12-2*00(363.8)		TRAJ10*00(583.9)		551|557|584|0|6||60.0		23|53|84|14|44||300.0		TGTGCCTTTTCGGGCTCACGGGAGGAGGAAACAAACTCACCTTT	45	CAFSGSR_GGNKLTF	:::::::::0:-7:6:::::14:-3:44:::
597	492.0	1.9342800821833147E-4	2	2.3097355352812103E-4	TGTGTTGTGACTCACCCCACCGGTAACCAGTTCTATTTT	[[[[[[[[[[[[[[[[[[[[[[[[[[[[[[[[[[[[[[[	TRAV8-2*00(642.4)		TRAJ49*00(519.1)		466|476|500|0|10||100.0		23|45|76|17|39||220.0		TGTGTTGTGACTCACCCCACCGGTAACCAGTTCTATTTT	58	CVVTHPTGNQFYF	:::::::::0:-4:10:::::17:-3:39:::
1789	492.0	1.9342800821833147E-4	1	1.1548677676406051E-4	TGTGTGGTGAGCGCGTGCTATTGCAGGCAACATGCTCACCTTT	NNNNNNNNNNNNNNNNNNNNNNNNNNNNNNNNNNNNNNNNNNN	TRAV10*00(968.9)		TRAJ39*00(501.3)		575|590|608|0|15||150.0		27|52|83|18|43|SA29T|221.0		TGTGTGGTGAGCGCGTGCTATTGCAGGCAACATGCTCACCTTT	45	CVVSACY_AGNMLTF	:::::::::0:2:15:::::18:-7:43:::
2853	492.0	1.9342800821833147E-4	1	1.1548677676406051E-4	TGTGCTCTGAGATCAGGGAGCCCAGAAGCTGGTATTT	NNNNNNNNNNNNNNNNNNNNNNNNNNNNNNNNNNNNN	TRAV9-2*00(727.1)		TRAJ54*00(539.6)		480|491|514|0|11||110.0		24|49|80|12|37||250.0		TGTGCTCTGAGATCAGGGAGCCCAGAAGCTGGTATTT	45	CALRSG_AQKLVF	:::::::::0:-3:11:::::12:-4:37:::
4901	492.0	1.9342800821833147E-4	1	1.1548677676406051E-4	TGTGCTACGGAGCTCTATGGAAACAAGCTGGTCTTT	NNNNNNNNNNNNNNNNNNNNNNNNNNNNNNNNNNNN	TRAV17*00(909.7)		TRAJ47*00(490.5)		490|501|523|0|11||110.0		25|46|77|15|36|SA36G|181.0		TGTGCTACGGAGCTCTATGGAAACAAGCTGGTCTTT	45	CATELYGNKLVF	:::::::::0:-2:11:::::15:-5:36:::
5665	492.0	1.9342800821833147E-4	1	1.1548677676406051E-4	TGTGCCTCCTCGCGGGCTAATAACACCGACAAGCTCATCTTT	NNNNNNNNNNNNNNNNNNNNNNNNNNNNNNNNNNNNNNNNNN	TRAV24*00(836)		TRAJ34*00(501.7)		515|522|545|0|7||70.0		21|47|78|16|42|ST23A|231.0		TGTGCCTCCTCGCGGGCTAATAACACCGACAAGCTCATCTTT	45	CASSRANNTDKLIF	:::::::::0:-3:7:::::16:-1:42:::
17650	492.0	1.9342800821833147E-4	1	1.1548677676406051E-4	TGTGCAGCAAGTTCGGGCACAGGCAAACTAATCTTT	NNNNNNNNNNNNNNNNNNNNNNNNNNNNNNNNNNNN	TRAV13-1*00(599.5)		TRAJ37*00(499.6)		511|523|544|0|12||120.0		32|51|82|17|36||190.0		TGTGCAGCAAGTTCGGGCACAGGCAAACTAATCTTT	45	CAASSGTGKLIF	:::::::::0:-1:12:::::17:-12:36:::
18310	492.0	1.9342800821833147E-4	1	1.1548677676406051E-4	TGTGCAGGAATTACCTCAGGAACCTACAAATACATCTTT	NNNNNNNNNNNNNNNNNNNNNNNNNNNNNNNNNNNNNNN	TRAV27*00(631.3)		TRAJ40*00(569.4)		552|561|582|0|9||90.0		22|50|81|11|39||280.0		TGTGCAGGAATTACCTCAGGAACCTACAAATACATCTTT	45	CAGITSGTYKYIF	:::::::::0:-1:9:::::11:-2:39:::
1939	491.0	1.9303486186016412E-4	1	1.1548677676406051E-4	TGTGTGGTGAACAACCCAATGACATGCGCTTT	NNNNNNNNNNNNNNNNNNNNNNNNNNNNNNNN	TRAV12-1*00(573.7)		TRAJ43*00(459.6)		539|552|572|0|13||130.0		27|43|74|16|32||160.0		TGTGTGGTGAACAACCCAATGACATGCGCTTT	45	CVVNN_NDMRF	:::::::::0:0:13:::::16:-7:32:::
2031	491.0	1.9303486186016412E-4	1	1.1548677676406051E-4	TGTGCTTTCATCGAATTCTTTGGAAATGAGAAATTAACCTTT	NNNNNNNNNNNNNNNNNNNNNNNNNNNNNNNNNNNNNNNNNN	TRAV38-1*00(569.7)		TRAJ48*00(559.4)		596|607|633|0|11||110.0		27|52|83|17|42||250.0		TGTGCTTTCATCGAATTCTTTGGAAATGAGAAATTAACCTTT	45	CAFIEFFGNEKLTF	:::::::::0:-6:11:::::17:-7:42:::
2214	491.0	1.9303486186016412E-4	1	1.1548677676406051E-4	TGTGCTTATAGGAGCTTTTAGAAGGCTGGTGGTACTAGCTATGGAAAGCTGACATTT	NNNNNNNNNNNNNNNNNNNNNNNNNNNNNNNNNNNNNNNNNNNNNNNNNNNNNNNNN	TRAV38-2/DV8*00(609.6)		TRAJ52*00(630.7)		602|617|638|0|15||150.0		22|58|89|21|57|ST24G|331.0		TGTGCTTATAGGAGCTTTTAGAAGGCTGGTGGTACTAGCTATGGAAAGCTGACATTT	45	CAYRSF*KAGGTSYGKLTF	:::::::::0:-1:15:::::21:-2:57:::
3038	491.0	1.9303486186016412E-4	1	1.1548677676406051E-4	TGTGCTCCTCCGGATATAACCAGGGAGGAAAGCTTATCTTC	NNNNNNNNNNNNNNNNNNNNNNNNNNNNNNNNNNNNNNNNN	TRAV1-2*00(619.8)		TRAJ23*00(540.8)		620|626|654|0|6||60.0		25|52|83|14|41||270.0		TGTGCTCCTCCGGATATAACCAGGGAGGAAAGCTTATCTTC	45	CAPPDIT_GGKLIF	:::::::::0:-8:6:::::14:-5:41:::
18191	491.0	1.9303486186016412E-4	1	1.1548677676406051E-4	TGTGCAGGGGCCCTCACGTAGCAACTATCAGTTAATCTGG	NNNNNNNNNNNNNNNNNNNNNNNNNNNNNNNNNNNNNNNN	TRAV25*00(549.9)		TRAJ33*00(509.7)		620|632|649|0|12|SC629G|91.0		24|46|77|18|40||220.0		TGTGCAGGGGCCCTCACGTAGCAACTATCAGTTAATCTGG	45	CAGALT*_NYQLIW	:::::::::0:3:12:::::18:-4:40:::
20237	491.0	1.9303486186016412E-4	1	1.1548677676406051E-4	TGCATCCTGAGACGATCGAACAGAGATGACAAGATCATCTTT	NNNNNNNNNNNNNNNNNNNNNNNNNNNNNNNNNNNNNNNNNN	TRAV26-2*00(715.9)		TRAJ30*00(555.8)		791|803|826|0|12||120.0		21|46|77|17|42||250.0		TGCATCCTGAGACGATCGAACAGAGATGACAAGATCATCTTT	45	CILRRSNRDDKIIF	:::::::::0:-3:12:::::17:-1:42:::
2823	490.0	1.926417155019968E-4	1	1.1548677676406051E-4	TGTGCTCTGAGCGACTCTGGGGCTGGGAGTTACCAACTCACTTTC	NNNNNNNNNNNNNNNNNNNNNNNNNNNNNNNNNNNNNNNNNNNNN	TRAV9-2*00(720.6)		TRAJ28*00(609.5)		480|494|514|0|14|ST491C|111.0		24|55|86|14|45||320.0		TGTGCTCTGAGCGACTCTGGGGCTGGGAGTTACCAACTCACTTTC	45	CALSDSGAGSYQLTF	:::::::::0:0:14:::::14:-4:45:::
3631	490.0	1.926417155019968E-4	1	1.1548677676406051E-4	TGTGCTGTGGGGCGACCCAAGGAGGAGGTGCTGACGGACTCACCTTT	NNNNNNNNNNNNNNNNNNNNNNNNNNNNNNNNNNNNNNNNNNNNNNN	TRAV8-3*00(600.5)		TRAJ45*00(589.5)		455|466|489|0|11||110.0		27|55|86|19|47||280.0		TGTGCTGTGGGGCGACCCAAGGAGGAGGTGCTGACGGACTCACCTTT	45	CAVGRPKE_GADGLTF	:::::::::0:-3:11:::::19:-7:47:::
3705	490.0	1.926417155019968E-4	1	1.1548677676406051E-4	TGTGCTGTGGAGGCTTCCGGTAACCAGTTCTATTTT	NNNNNNNNNNNNNNNNNNNNNNNNNNNNNNNNNNNN	TRAV36/DV7*00(670.1)		TRAJ49*00(498.9)		500|517|533|0|17|SC514T|151.0		26|45|76|17|36||200.0		TGTGCTGTGGAGGCTTCCGGTAACCAGTTCTATTTT	45	CAVEASGNQFYF	:::::::::0:4:17:::::17:-6:36:::
5020	490.0	1.926417155019968E-4	1	1.1548677676406051E-4	TGTGCCTTTAGTGATCTAACTTTGGAAATGAGAAATTAACCTTT	NNNNNNNNNNNNNNNNNNNNNNNNNNNNNNNNNNNNNNNNNNNN	TRDV3*00(979.2)		TRAJ48*00(579.6)		583|594|614|0|11||110.0		21|52|83|13|44||310.0		TGTGCCTTTAGTGATCTAACTTTGGAAATGAGAAATTAACCTTT	45	CAFSDLT_GNEKLTF	:::::::::0:0:11:::::13:-1:44:::
6433	490.0	1.926417155019968E-4	1	1.1548677676406051E-4	TGTGCCGTGAAGGCCAACCAGGCAGGAACTGCTCTGATCTTT	NNNNNNNNNNNNNNNNNNNNNNNNNNNNNNNNNNNNNNNNNN	TRAV8-1*00(580.5)		TRAJ15*00(619.5)		474|487|508|0|13|ST485G|111.0		20|49|80|13|42||310.0		TGTGCCGTGAAGGCCAACCAGGCAGGAACTGCTCTGATCTTT	45	CAVKANQAGTALIF	:::::::::0:-1:13:::::13:0:42:::
1324	488.0	1.918554227856621E-4	2	2.3097355352812103E-4	TGTGCATCCTCATCTCCAGGGAGCCCAGAAGCTGGTATTT	[[[[[[[[[[[[[[[[[[[[[[[[[[[[[[[[[[[[[[[[	TRAV29/DV5*00(489.6)		TRAJ54*00(529.7)		529|535|562|0|6||60.0		25|49|80|16|40||240.0		TGTGCATCCTCATCTCCAGGGAGCCCAGAAGCTGGTATTT	58	CASSSPG_AQKLVF	:::::::::0:-7:6:::::16:-5:40:::
1753	488.0	1.918554227856621E-4	1	1.1548677676406051E-4	TGTGTGGTGACGAGACAGACTCGCTTTT	NNNNNNNNNNNNNNNNNNNNNNNNNNNN	TRAV12-1*00(959.4)		TRAJ7*00(429.7)		539|549|572|0|10||100.0		34|48|79|14|28||140.0		TGTGTGGTGACGAGACAGACTCGCTTTT	45	CVVTR_RLAF	:::::::::0:-3:10:::::14:-14:28:::
2619	488.0	1.918554227856621E-4	1	1.1548677676406051E-4	TGTGCTCTGAGTGCACCGGGGAGCCCAGAAGCTGGTATTT	NNNNNNNNNNNNNNNNNNNNNNNNNNNNNNNNNNNNNNNN	TRAV9-2*00(747.5)		TRAJ54*00(509.5)		480|493|514|0|13||130.0		27|49|80|18|40||220.0		TGTGCTCTGAGTGCACCGGGGAGCCCAGAAGCTGGTATTT	45	CALSAPG_AQKLVF	:::::::::0:-1:13:::::18:-7:40:::
3529	488.0	1.918554227856621E-4	1	1.1548677676406051E-4	TGTGCTGTGGCGCTCCCAATAACAATGACATGCGCTTT	NNNNNNNNNNNNNNNNNNNNNNNNNNNNNNNNNNNNNN	TRAV8-3*00(547.4)		TRAJ43*00(519.7)		455|465|489|0|10||100.0		21|43|74|16|38||220.0		TGTGCTGTGGCGCTCCCAATAACAATGACATGCGCTTT	45	CAVALP_NNDMRF	:::::::::0:-4:10:::::16:-1:38:::
6071	488.0	1.918554227856621E-4	1	1.1548677676406051E-4	TGTGCCCCACTTCTCAGGAACCTACAAATACATCTTT	NNNNNNNNNNNNNNNNNNNNNNNNNNNNNNNNNNNNN	TRAV36/DV7*00(569.4)		TRAJ40*00(539.4)		500|505|533|0|5||50.0		25|50|81|12|37||250.0		TGTGCCCCACTTCTCAGGAACCTACAAATACATCTTT	45	CAPLLR_TYKYIF	:::::::::0:-8:5:::::12:-5:37:::
6212	488.0	1.918554227856621E-4	1	1.1548677676406051E-4	TGTGCCGTGGGCGGCGTCCCGATAAATAGTGGAGGTAGCAACTATAAACTGACATTT	NNNNNNNNNNNNNNNNNNNNNNNNNNNNNNNNNNNNNNNNNNNNNNNNNNNNNNNNN	TRAV39*00(719.2)		TRAJ53*00(639.3)		507|517|540|0|10||100.0		22|55|86|24|57||330.0		TGTGCCGTGGGCGGCGTCCCGATAAATAGTGGAGGTAGCAACTATAAACTGACATTT	45	CAVGGVPINSGGSNYKLTF	:::::::::0:-3:10:::::24:-2:57:::
6431	488.0	1.918554227856621E-4	1	1.1548677676406051E-4	TGTGCCGTGAAGGCCCTCACACCAATGCAGGCAAATCAACCTTT	NNNNNNNNNNNNNNNNNNNNNNNNNNNNNNNNNNNNNNNNNNNN	TRAV12-2*00(968.2)		TRAJ27*00(509.7)		551|562|584|0|11||110.0		22|48|79|18|44||260.0		TGTGCCGTGAAGGCCCTCACACCAATGCAGGCAAATCAACCTTT	45	CAVKALT_NAGKSTF	:::::::::0:-2:11:::::18:-2:44:::
18228	488.0	1.918554227856621E-4	1	1.1548677676406051E-4	TGTGCAGGACTTATGAACAGAGATGACAAGATCATCTTT	NNNNNNNNNNNNNNNNNNNNNNNNNNNNNNNNNNNNNNN	TRAV13-2*00(519.6)		TRAJ30*00(579.5)		506|513|539|0|7||70.0		19|46|77|12|39||270.0		TGTGCAGGACTTATGAACAGAGATGACAAGATCATCTTT	45	CAGLMNRDDKIIF	:::::::::0:-6:7:::::12:1:39:::
20265	488.0	1.918554227856621E-4	1	1.1548677676406051E-4	TGCATCCTGAGAGACCCTAATGCAGGCAACATGCTCACCTTT	NNNNNNNNNNNNNNNNNNNNNNNNNNNNNNNNNNNNNNNNNN	TRAV26-2*00(629.2)		TRAJ39*00(559.8)		791|806|826|0|15||150.0		27|52|83|17|42||250.0		TGCATCCTGAGAGACCCTAATGCAGGCAACATGCTCACCTTT	45	CILRDPNAGNMLTF	:::::::::0:0:15:::::17:-7:42:::
2792	487.0	1.9146227642749476E-4	1	1.1548677676406051E-4	TGTGCTCTGAGTATCAGGATAGCAACTATCAGTTAATCTGG	NNNNNNNNNNNNNNNNNNNNNNNNNNNNNNNNNNNNNNNNN	TRAV9-2*00(749.8)		TRAJ33*00(539.4)		480|492|514|0|12||120.0		21|46|77|16|41||250.0		TGTGCTCTGAGTATCAGGATAGCAACTATCAGTTAATCTGG	45	CALSIRI_NYQLIW	:::::::::0:-2:12:::::16:-1:41:::
3313	487.0	1.9146227642749476E-4	1	1.1548677676406051E-4	TGTGCTGTCAGGAGGAGGTGCTGACGGACTCACCTTT	NNNNNNNNNNNNNNNNNNNNNNNNNNNNNNNNNNNNN	TRAV41*00(789.4)		TRAJ45*00(599.6)		512|521|544|0|9||110.0		27|55|86|9|37||300.0		TGTGCTGTCAGGAGGAGGTGCTGACGGACTCACCTTT	45	CAVRRR_ADGLTF	:::::::::0:-3:9:::::9:-7:37:::
6193	487.0	1.9146227642749476E-4	1	1.1548677676406051E-4	TGTGCCGTGGTAGAGGTGGATAGCAACTATCAGTTAATCTGG	NNNNNNNNNNNNNNNNNNNNNNNNNNNNNNNNNNNNNNNNNN	TRAV39*00(739.4)		TRAJ33*00(549.1)		507|517|540|0|10||100.0		20|46|77|16|42||260.0		TGTGCCGTGGTAGAGGTGGATAGCAACTATCAGTTAATCTGG	45	CAVVEVDSNYQLIW	:::::::::0:-3:10:::::16:0:42:::
20385	487.0	1.9146227642749476E-4	1	1.1548677676406051E-4	TGCATCGTCAGAGTCCATGGTGGTGCTACAAACAAGCTCATCTTT	NNNNNNNNNNNNNNNNNNNNNNNNNNNNNNNNNNNNNNNNNNNNN	TRAV26-1*00(579.7)		TRAJ32*00(589.5)		763|778|799|0|15||150.0		26|55|86|16|45||290.0		TGCATCGTCAGAGTCCATGGTGGTGCTACAAACAAGCTCATCTTT	45	CIVRVHGGATNKLIF	:::::::::0:-1:15:::::16:-6:45:::
20484	487.0	1.9146227642749476E-4	1	1.1548677676406051E-4	TGCATCGCCAGACAGGGAGGAAAGCTTATCTTC	NNNNNNNNNNNNNNNNNNNNNNNNNNNNNNNNN	TRAV26-1*00(580.9)		TRAJ23*00(519.4)		763|775|799|0|12|ST770C|91.0		31|52|83|12|33||210.0		TGCATCGCCAGACAGGGAGGAAAGCTTATCTTC	45	CIARQGGKLIF	:::::::::0:-4:12:::::12:-11:33:::
779	486.0	1.9106913006932742E-4	2	2.3097355352812103E-4	TGTGCCGTGAACGACTACAAGCTCAGCTTT	[[[[[[[[[[[[[[[[[[[[[[[[[[[[[[	TRAV8-1*00(564.9)		TRAJ20*00(509.8)		474|484|508|0|10||110.0		26|46|77|10|30||210.0		TGTGCCGTGAACGACTACAAGCTCAGCTTT	58	CAVNDYKLSF	:::::::::0:-4:10:::::10:-6:30:::
1884	486.0	1.9106913006932742E-4	1	1.1548677676406051E-4	TGTGTGGTGAACGTCCAAGGCTTTCAGAAACTTGTATTT	NNNNNNNNNNNNNNNNNNNNNNNNNNNNNNNNNNNNNNN	TRAV12-1*00(692.7)		TRAJ8*00(506.1)		539|551|572|0|12||120.0		27|49|80|17|39||220.0		TGTGTGGTGAACGTCCAAGGCTTTCAGAAACTTGTATTT	45	CVVNVQGFQKLVF	:::::::::0:-1:12:::::17:-7:39:::
2068	486.0	1.9106913006932742E-4	1	1.1548677676406051E-4	TGTGCTTTCATGAAGCATGGCTCTAGCAACACAGGCAAACTAATCTTT	NNNNNNNNNNNNNNNNNNNNNNNNNNNNNNNNNNNNNNNNNNNNNNNN	TRAV38-1*00(649.9)		TRAJ37*00(600.7)		596|613|633|0|17||190.0		20|51|82|17|48|SG27A|301.0		TGTGCTTTCATGAAGCATGGCTCTAGCAACACAGGCAAACTAATCTTT	45	CAFMKHGSSNTGKLIF	:::::::::0:0:17:::::17:0:48:::
2522	486.0	1.9106913006932742E-4	1	1.1548677676406051E-4	TGTGCTCTGGAGTGGTACTAGCTATGGAAAGCTGACATTT	NNNNNNNNNNNNNNNNNNNNNNNNNNNNNNNNNNNNNNNN	TRAV9-2*00(709.9)		TRAJ52*00(589.6)		480|489|514|0|9||90.0		29|58|89|11|40||290.0		TGTGCTCTGGAGTGGTACTAGCTATGGAAAGCTGACATTT	45	CALEWY*_YGKLTF	:::::::::0:-5:9:::::11:-9:40:::
3622	486.0	1.9106913006932742E-4	1	1.1548677676406051E-4	TGTGCTGTGGGGTCGGGCTTTGGAAATGAGAAATTAACCTTT	NNNNNNNNNNNNNNNNNNNNNNNNNNNNNNNNNNNNNNNNNN	TRAV22*00(529.6)		TRAJ48*00(558.8)		526|536|559|0|10||100.0		27|52|83|17|42||250.0		TGTGCTGTGGGGTCGGGCTTTGGAAATGAGAAATTAACCTTT	45	CAVGSGFGNEKLTF	:::::::::0:-3:10:::::17:-7:42:::
4332	486.0	1.9106913006932742E-4	1	1.1548677676406051E-4	TGTGCTGTGAACCAGGCAGGAACTGCTCTGATCTTT	NNNNNNNNNNNNNNNNNNNNNNNNNNNNNNNNNNNN	TRAV20*00(499.7)		TRAJ15*00(578.9)		498|507|531|0|9||90.0		22|49|80|9|36||270.0		TGTGCTGTGAACCAGGCAGGAACTGCTCTGATCTTT	45	CAVNQAGTALIF	:::::::::0:-4:9:::::9:-2:36:::
6353	486.0	1.9106913006932742E-4	1	1.1548677676406051E-4	TGTGCCGTGAATGCGGGGGGTATGGAAACAAGCTGGTCTTT	NNNNNNNNNNNNNNNNNNNNNNNNNNNNNNNNNNNNNNNNN	TRAV8-1*00(619.4)		TRAJ47*00(490.7)		474|489|508|0|15||150.0		25|46|77|20|41|SA36G|181.0		TGTGCCGTGAATGCGGGGGGTATGGAAACAAGCTGGTCTTT	45	CAVNAGG_GNKLVF	:::::::::0:1:15:::::20:-5:41:::
6503	486.0	1.9106913006932742E-4	1	1.1548677676406051E-4	TGTGCCGCCGATGCTGGTGGTACTAGCTATGGAAAGCTGACATTT	NNNNNNNNNNNNNNNNNNNNNNNNNNNNNNNNNNNNNNNNNNNNN	TRAV12-2*00(928.1)		TRAJ52*00(609.5)		551|558|584|0|7||70.0		23|58|89|10|45||350.0		TGTGCCGCCGATGCTGGTGGTACTAGCTATGGAAAGCTGACATTT	45	CAADAGGTSYGKLTF	:::::::::0:-6:7:::::10:-3:45:::
17483	486.0	1.9106913006932742E-4	1	1.1548677676406051E-4	TGTGCAGCCCCCTCAGGAACCTACAAATACATCTTT	NNNNNNNNNNNNNNNNNNNNNNNNNNNNNNNNNNNN	TRAV29/DV5*00(529.9)		TRAJ40*00(549.8)		529|537|562|0|8||80.0		24|50|81|10|36||260.0		TGTGCAGCCCCCTCAGGAACCTACAAATACATCTTT	45	CAAPSGTYKYIF	:::::::::0:-5:8:::::10:-4:36:::
18168	486.0	1.9106913006932742E-4	1	1.1548677676406051E-4	TGTGCAGGGCGCGGGAGCAACTATCAGTTAATCTGG	NNNNNNNNNNNNNNNNNNNNNNNNNNNNNNNNNNNN	TRAV25*00(569.4)		TRAJ33*00(499.7)		620|630|649|0|10||100.0		25|46|77|15|36||210.0		TGTGCAGGGCGCGGGAGCAACTATCAGTTAATCTGG	45	CAGRGSNYQLIW	:::::::::0:1:10:::::15:-5:36:::
18182	486.0	1.9106913006932742E-4	1	1.1548677676406051E-4	TGTGCAGGGCAACCCTAGAGTCGTCAGTTCTATTTT	NNNNNNNNNNNNNNNNNNNNNNNNNNNNNNNNNNNN	TRAV25*00(559.7)		TRAJ49*00(419.3)		620|630|649|0|10||100.0		33|45|76|24|36||120.0		TGTGCAGGGCAACCCTAGAGTCGTCAGTTCTATTTT	45	CAGQP*SRQFYF	:::::::::0:1:10:::::24:-13:36:::
18366	486.0	1.9106913006932742E-4	1	1.1548677676406051E-4	TGTGCAGAGGCCAAGGCGGAATAACAATGCCAGACTCATGTTT	NNNNNNNNNNNNNNNNNNNNNNNNNNNNNNNNNNNNNNNNNNN	TRAV13-2*00(539.5)		TRAJ31*00(569.8)		506|515|539|0|9||90.0		19|46|77|16|43||270.0		TGTGCAGAGGCCAAGGCGGAATAACAATGCCAGACTCATGTTT	45	CAEAKAE_NNARLMF	:::::::::0:-4:9:::::16:1:43:::
19040	486.0	1.9106913006932742E-4	1	1.1548677676406051E-4	TGCCTCGTGGGTGAAATATGGGACAAGATCATCTTT	NNNNNNNNNNNNNNNNNNNNNNNNNNNNNNNNNNNN	TRAV4*00(1010.5)		TRAJ30*00(449.6)		768|785|804|0|17|SC782A|141.0		31|46|77|21|36||150.0		TGCCTCGTGGGTGAAATATGGGACAAGATCATCTTT	45	CLVGEIWDKIIF	:::::::::0:1:17:::::21:-11:36:::
20187	486.0	1.9106913006932742E-4	1	1.1548677676406051E-4	TGCATTTGCTGGTGGTACTAGCTATGGAAAGCTGACATTT	NNNNNNNNNNNNNNNNNNNNNNNNNNNNNNNNNNNNNNNN	TRAV26-2*00(630.1)		TRAJ52*00(639.9)		791|796|826|0|5||50.0		24|58|89|6|40||340.0		TGCATTTGCTGGTGGTACTAGCTATGGAAAGCTGACATTT	45	CICWWY*_YGKLTF	:::::::::0:-10:5:::::6:-4:40:::
20291	486.0	1.9106913006932742E-4	1	1.1548677676406051E-4	TGCATCCTGAGAAGTAATGCAGGCAACATGCTCACCTTT	NNNNNNNNNNNNNNNNNNNNNNNNNNNNNNNNNNNNNNN	TRAV26-2*00(889.6)		TRAJ39*00(559.3)		791|803|826|0|12||120.0		27|52|83|14|39||250.0		TGCATCCTGAGAAGTAATGCAGGCAACATGCTCACCTTT	45	CILRSNAGNMLTF	:::::::::0:-3:12:::::14:-7:39:::
3593	485.0	1.906759837111601E-4	1	1.1548677676406051E-4	TGTGCTGTGGGTGACGACACCAATGCAGGCAAATCAACCTTT	NNNNNNNNNNNNNNNNNNNNNNNNNNNNNNNNNNNNNNNNNN	TRAV8-3*00(649.5)		TRAJ27*00(549.7)		455|468|489|0|13||130.0		22|48|79|16|42||260.0		TGTGCTGTGGGTGACGACACCAATGCAGGCAAATCAACCTTT	45	CAVGDDTNAGKSTF	:::::::::0:-1:13:::::16:-2:42:::
4181	485.0	1.906759837111601E-4	1	1.1548677676406051E-4	TGTGCTGTGAGGGAACCAGGGAGGAAAGCTTATCTTC	NNNNNNNNNNNNNNNNNNNNNNNNNNNNNNNNNNNNN	TRAV1-2*00(670.8)		TRAJ23*00(549.7)		620|634|654|0|14|SA631G|111.0		29|52|83|14|37||240.0		TGTGCTGTGAGGGAACCAGGGAGGAAAGCTTATCTTC	45	CAVREP_GGKLIF	:::::::::0:0:14:::::14:-9:37:::
1359	484.0	1.9028283735299275E-4	2	2.3097355352812103E-4	TGTGGAGCTGATAGCAACACAGGCAAACTAATCTTT	[[[[[[[[[[[[[[[[[[[[[[[[[[[[[[[[[[[[	TRAV34*00(466.2)		TRAJ37*00(539.4)		603|614|636|0|11|SA611T|81.0		28|51|82|13|36||230.0		TGTGGAGCTGATAGCAACACAGGCAAACTAATCTTT	58	CGADSNTGKLIF	:::::::::0:-2:11:::::13:-8:36:::
1513	484.0	1.9028283735299275E-4	1	1.1548677676406051E-4	TGTTCGGCGAGTTATACTCTGGGGCTGGGAGTTACCAACTCACTTTC	NNNNNNNNNNNNNNNNNNNNNNNNNNNNNNNNNNNNNNNNNNNNNNN	TRAV23/DV6*00(399.8)		TRAJ28*00(629.5)		517|520|550|0|3||30.0		21|55|86|13|47||340.0		TGTTCGGCGAGTTATACTCTGGGGCTGGGAGTTACCAACTCACTTTC	45	CSASYTLG_GSYQLTF	:::::::::0:-10:3:::::13:-1:47:::
1873	484.0	1.9028283735299275E-4	1	1.1548677676406051E-4	TGTGTGGTGAACCGGGATACCGGCACTGCCAGTAAACTCACCTTT	NNNNNNNNNNNNNNNNNNNNNNNNNNNNNNNNNNNNNNNNNNNNN	TRAV12-1*00(979.4)		TRAJ44*00(559.6)		539|551|572|0|12||120.0		23|52|83|16|45||290.0		TGTGTGGTGAACCGGGATACCGGCACTGCCAGTAAACTCACCTTT	45	CVVNRDTGTASKLTF	:::::::::0:-1:12:::::16:-3:45:::
3436	484.0	1.9028283735299275E-4	1	1.1548677676406051E-4	TGTGCTGTGCAGGCCGGTTCAGGATACAGCACCCTCACCTTT	NNNNNNNNNNNNNNNNNNNNNNNNNNNNNNNNNNNNNNNNNN	TRAV20*00(559.9)		TRAJ11*00(559.6)		498|513|531|0|15||150.0		24|49|80|17|42||250.0		TGTGCTGTGCAGGCCGGTTCAGGATACAGCACCCTCACCTTT	45	CAVQAGSGYSTLTF	:::::::::0:2:15:::::17:-4:42:::
3511	484.0	1.9028283735299275E-4	1	1.1548677676406051E-4	TGTGCTGTGGCTACATCGAACACCGGTAACCAGTTCTATTTT	NNNNNNNNNNNNNNNNNNNNNNNNNNNNNNNNNNNNNNNNNN	TRAV36/DV7*00(619.7)		TRAJ49*00(569.5)		500|510|533|0|10||100.0		18|45|76|15|42||270.0		TGTGCTGTGGCTACATCGAACACCGGTAACCAGTTCTATTTT	45	CAVATSNTGNQFYF	:::::::::0:-3:10:::::15:2:42:::
6363	484.0	1.9028283735299275E-4	1	1.1548677676406051E-4	TGTGCCGTGAATGAATCCGGACTTTGGAAATGAGAAATTAACCTTT	NNNNNNNNNNNNNNNNNNNNNNNNNNNNNNNNNNNNNNNNNNNNNN	TRAV8-1*00(599.5)		TRAJ48*00(569.8)		474|487|508|0|13||130.0		26|52|83|20|46||260.0		TGTGCCGTGAATGAATCCGGACTTTGGAAATGAGAAATTAACCTTT	45	CAVNESGL_GNEKLTF	:::::::::0:-1:13:::::20:-6:46:::
18171	484.0	1.9028283735299275E-4	1	1.1548677676406051E-4	TGTGCAGGGCGGGGCTTTGGAAATGAGAAATTAACCTTT	NNNNNNNNNNNNNNNNNNNNNNNNNNNNNNNNNNNNNNN	TRAV25*00(559.7)		TRAJ48*00(559.3)		620|630|649|0|10||100.0		27|52|83|14|39||250.0		TGTGCAGGGCGGGGCTTTGGAAATGAGAAATTAACCTTT	45	CAGRGFGNEKLTF	:::::::::0:1:10:::::14:-7:39:::
18243	484.0	1.9028283735299275E-4	1	1.1548677676406051E-4	TGTGCAGGAGCTTATGGAACACCGGTAACCAGTTCTATTTT	NNNNNNNNNNNNNNNNNNNNNNNNNNNNNNNNNNNNNNNNN	TRAV27*00(637.7)		TRAJ49*00(549.3)		552|564|582|0|12||120.0		20|45|76|16|41||250.0		TGTGCAGGAGCTTATGGAACACCGGTAACCAGTTCTATTTT	45	CAGAYGT_GNQFYF	:::::::::0:2:12:::::16:0:41:::
2527	483.0	1.898896909948254E-4	1	1.1548677676406051E-4	TGTGCTCTGATTCCGAGGGGGGCTCTAGCAACACAGGCAAACTAATCTTT	NNNNNNNNNNNNNNNNNNNNNNNNNNNNNNNNNNNNNNNNNNNNNNNNNN	TRAV19*00(689.9)		TRAJ37*00(580.6)		556|566|593|0|10||100.0		21|51|82|20|50|SG27A|271.0		TGTGCTCTGATTCCGAGGGGGGCTCTAGCAACACAGGCAAACTAATCTTT	45	CALIPRGA_SNTGKLIF	:::::::::0:-7:10:::::20:-1:50:::
3003	483.0	1.898896909948254E-4	1	1.1548677676406051E-4	TGTGCTCTAAGGGCTGCAGGCAACAAGCTAACTTTT	NNNNNNNNNNNNNNNNNNNNNNNNNNNNNNNNNNNN	TRAV16*00(979.4)		TRAJ17*00(539.9)		449|460|483|0|11||110.0		28|52|83|12|36||240.0		TGTGCTCTAAGGGCTGCAGGCAACAAGCTAACTTTT	45	CALRAAGNKLTF	:::::::::0:-3:11:::::12:-8:36:::
4009	483.0	1.898896909948254E-4	1	1.1548677676406051E-4	TGTGCTGTGAGTGACGGCGGTAACCAGTTCTATTTT	NNNNNNNNNNNNNNNNNNNNNNNNNNNNNNNNNNNN	TRAV8-4*00(689.6)		TRAJ49*00(489.8)		476|490|510|0|14||140.0		26|45|76|17|36||190.0		TGTGCTGTGAGTGACGGCGGTAACCAGTTCTATTTT	45	CAVSDGGNQFYF	:::::::::0:0:14:::::17:-6:36:::
694	482.0	1.8949654463665806E-4	2	2.3097355352812103E-4	TGTGCTGCGGGGACCGGCACTGCCAGTAAACTCACCTTT	[[[[[[[[[[[[[[[[[[[[[[[[[[[[[[[[[[[[[[[	TRAV36/DV7*00(590.7)		TRAJ44*00(579.3)		500|510|533|0|10|ST507C|71.0		25|52|83|12|39||270.0		TGTGCTGCGGGGACCGGCACTGCCAGTAAACTCACCTTT	58	CAAGTGTASKLTF	:::::::::0:-3:10:::::12:-5:39:::
6178	482.0	1.8949654463665806E-4	1	1.1548677676406051E-4	TGTGCCGTGTATAAGTCGGGAGGAGGTGCTGACGGACTCACCTTT	NNNNNNNNNNNNNNNNNNNNNNNNNNNNNNNNNNNNNNNNNNNNN	TRAV39*00(719.6)		TRAJ45*00(579.3)		507|516|540|0|9||90.0		25|55|86|15|45|SA27G|271.0		TGTGCCGTGTATAAGTCGGGAGGAGGTGCTGACGGACTCACCTTT	45	CAVYKSGGGADGLTF	:::::::::0:-4:9:::::15:-5:45:::
17370	482.0	1.8949654463665806E-4	1	1.1548677676406051E-4	TGTGCATCCAATAATAATGCAGGCAACATGCTCACCTTT	NNNNNNNNNNNNNNNNNNNNNNNNNNNNNNNNNNNNNNN	TRAV36/DV7*00(540.7)		TRAJ39*00(609.6)		500|505|533|0|5||50.0		22|52|83|9|39||300.0		TGTGCATCCAATAATAATGCAGGCAACATGCTCACCTTT	45	CASNNNAGNMLTF	:::::::::0:-8:5:::::9:-2:39:::
20295	482.0	1.8949654463665806E-4	1	1.1548677676406051E-4	TGCATCCTGAACCAGGGAGGAAAGCTTATCTTC	NNNNNNNNNNNNNNNNNNNNNNNNNNNNNNNNN	TRAV26-2*00(869.6)		TRAJ23*00(549.7)		791|801|826|0|10||100.0		29|52|83|10|33||240.0		TGCATCCTGAACCAGGGAGGAAAGCTTATCTTC	45	CILNQGGKLIF	:::::::::0:-5:10:::::10:-9:33:::
1586	481.0	1.8910339827849074E-4	1	1.1548677676406051E-4	TGTGTTGTGACCGATTGTTTTATAACCAGGGAGGAAAGCTTATCTTC	NNNNNNNNNNNNNNNNNNNNNNNNNNNNNNNNNNNNNNNNNNNNNNN	TRAV8-2*00(649.6)		TRAJ23*00(561.5)		466|476|500|0|10||100.0		20|52|83|15|47|SA22T|291.0		TGTGTTGTGACCGATTGTTTTATAACCAGGGAGGAAAGCTTATCTTC	45	CVVTDCFI_QGGKLIF	:::::::::0:-4:10:::::15:0:47:::
2390	481.0	1.8910339827849074E-4	1	1.1548677676406051E-4	TGTGCTCTTGGGGAACCTTCAATGACATGCGCTTT	NNNNNNNNNNNNNNNNNNNNNNNNNNNNNNNNNNN	TRDV1*00(1029.3)		TRAJ43*00(459.7)		573|589|610|0|16||160.0		27|43|74|19|35||160.0		TGTGCTCTTGGGGAACCTTCAATGACATGCGCTTT	45	CALGEP_NDMRF	:::::::::0:-1:16:::::19:-7:35:::
2753	481.0	1.8910339827849074E-4	1	1.1548677676406051E-4	TGTGCTCTGAGTGAGGGCACCAATGCAGGCAAATCAACCTTT	NNNNNNNNNNNNNNNNNNNNNNNNNNNNNNNNNNNNNNNNNN	TRAV19*00(769.7)		TRAJ27*00(538.8)		556|572|593|0|16||160.0		23|48|79|17|42||250.0		TGTGCTCTGAGTGAGGGCACCAATGCAGGCAAATCAACCTTT	45	CALSEGTNAGKSTF	:::::::::0:-1:16:::::17:-3:42:::
2829	481.0	1.8910339827849074E-4	1	1.1548677676406051E-4	TGTGCTCTGAGGCCCCTAATTCAGGGAGCCCAGAAGCTGGTATTT	NNNNNNNNNNNNNNNNNNNNNNNNNNNNNNNNNNNNNNNNNNNNN	TRAV19*00(715.8)		TRAJ54*00(579.6)		556|567|593|0|11||110.0		20|49|80|16|45||290.0		TGTGCTCTGAGGCCCCTAATTCAGGGAGCCCAGAAGCTGGTATTT	45	CALRPLIQGAQKLVF	:::::::::0:-6:11:::::16:0:45:::
2859	481.0	1.8910339827849074E-4	1	1.1548677676406051E-4	TGTGCTCTGAGACCGGACGCACTACACACCGGTAACCAGTTCTATTTT	NNNNNNNNNNNNNNNNNNNNNNNNNNNNNNNNNNNNNNNNNNNNNNNN	TRAV9-2*00(719.6)		TRAJ49*00(529.5)		480|491|514|0|11||110.0		22|45|76|25|48||230.0		TGTGCTCTGAGACCGGACGCACTACACACCGGTAACCAGTTCTATTTT	45	CALRPDALHTGNQFYF	:::::::::0:-3:11:::::25:-2:48:::
3129	481.0	1.8910339827849074E-4	1	1.1548677676406051E-4	TGTGCTCATTAATGCTGGCAACAACCGTAAGCTGATTTGG	NNNNNNNNNNNNNNNNNNNNNNNNNNNNNNNNNNNNNNNN	TRAV16*00(939.6)		TRAJ38*00(569.4)		449|456|483|0|7||70.0		20|51|82|9|40||310.0		TGTGCTCATTAATGCTGGCAACAACCGTAAGCTGATTTGG	45	CAH*CWQ_NRKLIW	:::::::::0:-7:7:::::9:0:40:::
4440	481.0	1.8910339827849074E-4	1	1.1548677676406051E-4	TGTGCTGCCGGATAAATACCGGCACTGCCAGTAAACTCACCTTT	NNNNNNNNNNNNNNNNNNNNNNNNNNNNNNNNNNNNNNNNNNNN	TRAV41*00(741.6)		TRAJ44*00(639.4)		512|524|544|0|12|ST519CSA521G|72.0		20|52|83|12|44||330.0		TGTGCTGCCGGATAAATACCGGCACTGCCAGTAAACTCACCTTT	45	CAAG*IP_TASKLTF	:::::::::0:0:12:::::12:0:44:::
6058	481.0	1.8910339827849074E-4	1	1.1548677676406051E-4	TGTGCCCCGGCCGAGGCAGGAACTGCTCTGATCTTT	NNNNNNNNNNNNNNNNNNNNNNNNNNNNNNNNNNNN	TRAV24*00(710.2)		TRAJ15*00(423.1)		515|521|545|0|6||60.0		26|49|80|13|36||230.0		TGTGCCCCGGCCGAGGCAGGAACTGCTCTGATCTTT	45	CAPAEAGTALIF	:::::::::0:-4:6:::::13:-6:36:::
17342	481.0	1.8910339827849074E-4	1	1.1548677676406051E-4	TGTGCGGGTCCTTCCAATGCTGGTGGTACTAGCTATGGAAAGCTGACATTT	NNNNNNNNNNNNNNNNNNNNNNNNNNNNNNNNNNNNNNNNNNNNNNNNNNN	TRAV13-2*00(499.9)		TRAJ52*00(659.3)		506|511|539|0|5||50.0		22|58|89|15|51||360.0		TGTGCGGGTCCTTCCAATGCTGGTGGTACTAGCTATGGAAAGCTGACATTT	45	CAGPSNAGGTSYGKLTF	:::::::::0:-8:5:::::15:-2:51:::
17369	481.0	1.8910339827849074E-4	1	1.1548677676406051E-4	TGTGCATCCGGGTGGGACTTATAACCAGGGAGGAAAGCTTATCTTC	NNNNNNNNNNNNNNNNNNNNNNNNNNNNNNNNNNNNNNNNNNNNNN	TRAV12-3*00(302.9)		TRAJ23*00(551.6)		562|568|595|0|6||60.0		21|52|83|15|46|ST23C|281.0		TGTGCATCCGGGTGGGACTTATAACCAGGGAGGAAAGCTTATCTTC	45	CASGWDL*_QGGKLIF	:::::::::0:-7:6:::::15:-1:46:::
17808	481.0	1.8910339827849074E-4	1	1.1548677676406051E-4	TGTGCAGCAAGCCTCCCACGGGAGCCCAGAAGCTGGTATTT	NNNNNNNNNNNNNNNNNNNNNNNNNNNNNNNNNNNNNNNNN	TRAV29/DV5*00(569.9)		TRAJ54*00(509.5)		529|541|562|0|12||120.0		27|49|80|19|41||220.0		TGTGCAGCAAGCCTCCCACGGGAGCCCAGAAGCTGGTATTT	45	CAASLPR_AQKLVF	:::::::::0:-1:12:::::19:-7:41:::
18354	481.0	1.8910339827849074E-4	1	1.1548677676406051E-4	TGTGCAGAGCCTTCACAGGGAGCCCAGAAGCTGGTATTT	NNNNNNNNNNNNNNNNNNNNNNNNNNNNNNNNNNNNNNN	TRAV13-2*00(539.6)		TRAJ54*00(529.5)		506|515|539|0|9||90.0		25|49|80|15|39||240.0		TGTGCAGAGCCTTCACAGGGAGCCCAGAAGCTGGTATTT	45	CAEPSQGAQKLVF	:::::::::0:-4:9:::::15:-5:39:::
1701	480.0	1.887102519203234E-4	1	1.1548677676406051E-4	TGTGTGGTGGGTTGGTATGCTGGTGGTACTAGCTATGGAAAGCTGACATTT	NNNNNNNNNNNNNNNNNNNNNNNNNNNNNNNNNNNNNNNNNNNNNNNNNNN	TRAV12-1*00(685.1)		TRAJ52*00(632.5)		539|548|572|0|9||90.0		23|58|89|16|51||350.0		TGTGTGGTGGGTTGGTATGCTGGTGGTACTAGCTATGGAAAGCTGACATTT	45	CVVGWYAGGTSYGKLTF	:::::::::0:-4:9:::::16:-3:51:::
2474	480.0	1.887102519203234E-4	1	1.1548677676406051E-4	TGTGCTCTCGAGTAGGGGTATAACAATGCCAGACTCATGTTT	NNNNNNNNNNNNNNNNNNNNNNNNNNNNNNNNNNNNNNNNNN	TRAV16*00(949.2)		TRAJ31*00(490.7)		449|457|483|0|8||80.0		20|46|77|16|42|SA22T|231.0		TGTGCTCTCGAGTAGGGGTATAACAATGCCAGACTCATGTTT	45	CALE*GYNNARLMF	:::::::::0:-6:8:::::16:0:42:::
2719	480.0	1.887102519203234E-4	1	1.1548677676406051E-4	TGTGCTCTGAGTGAGGCGTCGAATGGAAACAAGCTGGTCTTT	NNNNNNNNNNNNNNNNNNNNNNNNNNNNNNNNNNNNNNNNNN	TRAV19*00(789.9)		TRAJ47*00(480.8)		556|574|593|0|18||180.0		26|46|77|22|42|SA36G|171.0		TGTGCTCTGAGTGAGGCGTCGAATGGAAACAAGCTGGTCTTT	45	CALSEASNGNKLVF	:::::::::0:1:18:::::22:-6:42:::
2772	480.0	1.887102519203234E-4	1	1.1548677676406051E-4	TGTGCTCTGAGTGAGAGATCTTATAACACCGACAAGCTCATCTTT	NNNNNNNNNNNNNNNNNNNNNNNNNNNNNNNNNNNNNNNNNNNNN	TRAV19*00(759.1)		TRAJ34*00(599.6)		556|571|593|0|15||150.0		17|47|78|15|45||300.0		TGTGCTCTGAGTGAGAGATCTTATAACACCGACAAGCTCATCTTT	45	CALSERSYNTDKLIF	:::::::::0:-2:15:::::15:3:45:::
3380	480.0	1.887102519203234E-4	1	1.1548677676406051E-4	TGTGCTGTGTACAATAACAATGACATGCGCTTT	NNNNNNNNNNNNNNNNNNNNNNNNNNNNNNNNN	TRAV8-3*00(598.8)		TRAJ43*00(559.4)		455|463|489|0|8||90.0		18|43|74|8|33||260.0		TGTGCTGTGTACAATAACAATGACATGCGCTTT	45	CAVYNNNDMRF	:::::::::0:-6:8:::::8:2:33:::
4342	480.0	1.887102519203234E-4	1	1.1548677676406051E-4	TGTGCTGTGAAGGGGTGGGGTAGCAACTATAAACTGACATTT	NNNNNNNNNNNNNNNNNNNNNNNNNNNNNNNNNNNNNNNNNN	TRAV21*00(734.7)		TRAJ53*00(499.8)		544|554|576|0|10||100.0		31|55|86|18|42||240.0		TGTGCTGTGAAGGGGTGGGGTAGCAACTATAAACTGACATTT	45	CAVKGWGSNYKLTF	:::::::::0:-2:10:::::18:-11:42:::
18145	480.0	1.887102519203234E-4	1	1.1548677676406051E-4	TGTGCAGGGCTGAGAGAGATACAGCACCCTCACCTTT	NNNNNNNNNNNNNNNNNNNNNNNNNNNNNNNNNNNNN	TRAV27*00(621.5)		TRAJ11*00(509.6)		552|560|582|0|8||80.0		29|49|80|17|37||200.0		TGTGCAGGGCTGAGAGAGATACAGCACCCTCACCTTT	45	CAGLRE_YSTLTF	:::::::::0:-2:8:::::17:-9:37:::
18347	480.0	1.887102519203234E-4	1	1.1548677676406051E-4	TGTGCAGAGTCCGGAGGATATAGAAACAAACTGGTCTTT	NNNNNNNNNNNNNNNNNNNNNNNNNNNNNNNNNNNNNNN	TRAV13-2*00(539.1)		TRAJ47*00(500.8)		506|515|539|0|9||90.0		24|46|77|17|39|SG28A|191.0		TGTGCAGAGTCCGGAGGATATAGAAACAAACTGGTCTTT	45	CAESGGYRNKLVF	:::::::::0:-4:9:::::17:-4:39:::
20445	480.0	1.887102519203234E-4	1	1.1548677676406051E-4	TGCATCGTCAGAGCCGTGACAACTGACAGCTGGGGGAAATTGCAGTTT	NNNNNNNNNNNNNNNNNNNNNNNNNNNNNNNNNNNNNNNNNNNNNNNN	TRAV26-1*00(631.5)		TRAJ24*00(599.4)		763|781|799|0|18|ST776CSC779T|142.0		22|52|83|18|48||320.0		TGCATCGTCAGAGCCGTGACAACTGACAGCTGGGGGAAATTGCAGTTT	45	CIVRAVTTDSWGKLQF	:::::::::0:2:18:::::18:-2:48:::
2222	479.0	1.8831710556215604E-4	1	1.1548677676406051E-4	TGTGCTTATAGGAGCCCGCCACTTCTTATTATAGTGGAGGTAGCAACTATAAACTGACATTT	NNNNNNNNNNNNNNNNNNNNNNNNNNNNNNNNNNNNNNNNNNNNNNNNNNNNNNNNNNNNNN	TRAV38-2/DV8*00(620.6)		TRAJ53*00(629.6)		602|621|638|0|19|SG617C|161.0		23|55|86|30|62||320.0		TGTGCTTATAGGAGCCCGCCACTTCTTATTATAGTGGAGGTAGCAACTATAAACTGACATTT	45	CAYRSPPLLI_SGGSNYKLTF	:::::::::0:3:19:::::30:-3:62:::
2624	479.0	1.8831710556215604E-4	1	1.1548677676406051E-4	TGTGCTCTGAGTGGCCTCTCGAACTCAAATTCCGGGTATGCACTCAACTTC	NNNNNNNNNNNNNNNNNNNNNNNNNNNNNNNNNNNNNNNNNNNNNNNNNNN	TRAV19*00(739.5)		TRAJ41*00(589.7)		556|569|593|0|13||130.0		18|51|82|18|51||330.0		TGTGCTCTGAGTGGCCTCTCGAACTCAAATTCCGGGTATGCACTCAACTTC	45	CALSGLSNSNSGYALNF	:::::::::0:-4:13:::::18:2:51:::
20278	479.0	1.8831710556215604E-4	1	1.1548677676406051E-4	TGCATCCTGAGAGACGGGGCTAATGCTGGTGGTACTAGCTATGGAAAGCTGACATTT	NNNNNNNNNNNNNNNNNNNNNNNNNNNNNNNNNNNNNNNNNNNNNNNNNNNNNNNNN	TRAV26-2*00(639.7)		TRAJ52*00(689.5)		791|807|826|0|16||160.0		19|58|89|18|57||390.0		TGCATCCTGAGAGACGGGGCTAATGCTGGTGGTACTAGCTATGGAAAGCTGACATTT	45	CILRDGANAGGTSYGKLTF	:::::::::0:1:16:::::18:1:57:::
2818	478.0	1.879239592039887E-4	1	1.1548677676406051E-4	TGTGCTCTGAGCCACCCGCCTAACACCAATGCAGGCAAATCAACCTTT	NNNNNNNNNNNNNNNNNNNNNNNNNNNNNNNNNNNNNNNNNNNNNNNN	TRAV9-2*00(719.5)		TRAJ27*00(569.8)		480|491|514|0|11||110.0		20|48|79|20|48||280.0		TGTGCTCTGAGCCACCCGCCTAACACCAATGCAGGCAAATCAACCTTT	45	CALSHPPNTNAGKSTF	:::::::::0:-3:11:::::20:0:48:::
2848	478.0	1.879239592039887E-4	1	1.1548677676406051E-4	TGTGCTCTGAGGGACTCGGGGGCCTCAGGGCGGATCTGAAAAGCTGGTCTTT	NNNNNNNNNNNNNNNNNNNNNNNNNNNNNNNNNNNNNNNNNNNNNNNNNNNN	TRAV19*00(700)		TRAJ57*00(589.7)		556|570|593|0|14|ST567G|111.0		23|52|83|23|52||290.0		TGTGCTCTGAGGGACTCGGGGGCCTCAGGGCGGATCTGAAAAGCTGGTCTTT	45	CALRDSGAS_GGSEKLVF	:::::::::0:-3:14:::::23:-3:52:::
4808	478.0	1.879239592039887E-4	1	1.1548677676406051E-4	TGTGCTACGGGTTGTCAACTGACAGCTGGGGGAAATTGCAGTTT	NNNNNNNNNNNNNNNNNNNNNNNNNNNNNNNNNNNNNNNNNNNN	TRAV17*00(899.6)		TRAJ24*00(580.3)		490|500|523|0|10||100.0		20|52|83|12|44|SA22T|291.0		TGTGCTACGGGTTGTCAACTGACAGCTGGGGGAAATTGCAGTTT	45	CATGCQL_SWGKLQF	:::::::::0:-3:10:::::12:0:44:::
4903	478.0	1.879239592039887E-4	1	1.1548677676406051E-4	TGTGCTACGGAGGGAGACAGCTGGGGGAAATTGCAGTTT	NNNNNNNNNNNNNNNNNNNNNNNNNNNNNNNNNNNNNNN	TRAV17*00(909.4)		TRAJ24*00(529.4)		490|501|523|0|11||110.0		28|52|83|15|39||240.0		TGTGCTACGGAGGGAGACAGCTGGGGGAAATTGCAGTTT	45	CATEGDSWGKLQF	:::::::::0:-2:11:::::15:-8:39:::
2246	477.0	1.8753081284582137E-4	1	1.1548677676406051E-4	TGTGCTTATAGGAGCACGAGGGGAGGAGGTGCTGACGGACTCACCTTT	NNNNNNNNNNNNNNNNNNNNNNNNNNNNNNNNNNNNNNNNNNNNNNNN	TRAV38-2/DV8*00(610.6)		TRAJ45*00(579.6)		602|620|638|0|18|SG617A|151.0		28|55|86|21|48||270.0		TGTGCTTATAGGAGCACGAGGGGAGGAGGTGCTGACGGACTCACCTTT	45	CAYRSTRGGGADGLTF	:::::::::0:2:18:::::21:-8:48:::
2681	477.0	1.8753081284582137E-4	1	1.1548677676406051E-4	TGTGCTCTGAGTGACTGTACAATAACAATGACATGCGCTTT	NNNNNNNNNNNNNNNNNNNNNNNNNNNNNNNNNNNNNNNNN	TRAV19*00(749.5)		TRAJ43*00(558.9)		556|570|593|0|14||140.0		17|43|74|15|41||260.0		TGTGCTCTGAGTGACTGTACAATAACAATGACATGCGCTTT	45	CALSDCT_NNDMRF	:::::::::0:-3:14:::::15:3:41:::
4877	477.0	1.8753081284582137E-4	1	1.1548677676406051E-4	TGTGCTACGGACGCACACCAATGCAGGCAAATCAACCTTT	NNNNNNNNNNNNNNNNNNNNNNNNNNNNNNNNNNNNNNNN	TRAV17*00(938.7)		TRAJ27*00(549.6)		490|504|523|0|14||140.0		22|48|79|14|40||260.0		TGTGCTACGGACGCACACCAATGCAGGCAAATCAACCTTT	45	CATDAHQ_AGKSTF	:::::::::0:1:14:::::14:-2:40:::
18258	477.0	1.8753081284582137E-4	1	1.1548677676406051E-4	TGTGCAGGAGCTAGGAGGGGGGATGGCCAGAAGCTGCTCTTT	NNNNNNNNNNNNNNNNNNNNNNNNNNNNNNNNNNNNNNNNNN	TRAV27*00(642.2)		TRAJ16*00(480.3)		552|564|582|0|12||120.0		28|49|80|21|42||210.0		TGTGCAGGAGCTAGGAGGGGGGATGGCCAGAAGCTGCTCTTT	45	CAGARRGDGQKLLF	:::::::::0:2:12:::::21:-8:42:::
2005	476.0	1.8713766648765403E-4	1	1.1548677676406051E-4	TGTGCTTTCTTATGGGAACAACAGACTCGCTTTT	NNNNNNNNNNNNNNNNNNNNNNNNNNNNNNNNNN	TRAV1-2*00(619.7)		TRAJ7*00(529.3)		620|626|654|0|6||60.0		24|48|79|10|34||240.0		TGTGCTTTCTTATGGGAACAACAGACTCGCTTTT	45	CAFLWE_NRLAF	:::::::::0:-8:6:::::10:-4:34:::
3943	476.0	1.8713766648765403E-4	1	1.1548677676406051E-4	TGTGCTGTGAGTGATCCCCCTAGGAGCTGGGGCTGGGAGTTACCAACTCACTTTC	NNNNNNNNNNNNNNNNNNNNNNNNNNNNNNNNNNNNNNNNNNNNNNNNNNNNNNN	TRAV8-4*00(699.8)		TRAJ28*00(579.7)		476|492|510|0|16||160.0		26|55|86|26|55||290.0		TGTGCTGTGAGTGATCCCCCTAGGAGCTGGGGCTGGGAGTTACCAACTCACTTTC	45	CAVSDPPRS_GAGSYQLTF	:::::::::0:2:16:::::26:-6:55:::
4157	476.0	1.8713766648765403E-4	1	1.1548677676406051E-4	TGTGCTGTGAGGGGTGGTACTAGCTATGGAAAGCTGACATTT	NNNNNNNNNNNNNNNNNNNNNNNNNNNNNNNNNNNNNNNNNN	TRAV8-4*00(648)		TRAJ52*00(599.6)		476|487|510|0|11||110.0		28|58|89|12|42||300.0		TGTGCTGTGAGGGGTGGTACTAGCTATGGAAAGCTGACATTT	45	CAVRGGTSYGKLTF	:::::::::0:-3:11:::::12:-8:42:::
6202	476.0	1.8713766648765403E-4	1	1.1548677676406051E-4	TGTGCCGTGGCCGGGAGCAACAACCGTAAGCTGATTTGG	NNNNNNNNNNNNNNNNNNNNNNNNNNNNNNNNNNNNNNN	TRAV39*00(739.3)		TRAJ38*00(529.2)		507|517|540|0|10||100.0		28|51|82|16|39||230.0		TGTGCCGTGGCCGGGAGCAACAACCGTAAGCTGATTTGG	45	CAVAGSNNRKLIW	:::::::::0:-3:10:::::16:-8:39:::
6267	476.0	1.8713766648765403E-4	1	1.1548677676406051E-4	TGTGCCGTGGAAACCGGCACTGCCAGTAAACTCACCTTT	NNNNNNNNNNNNNNNNNNNNNNNNNNNNNNNNNNNNNNN	TRAV39*00(749.6)		TRAJ44*00(579.6)		507|518|540|0|11||110.0		25|52|83|12|39||270.0		TGTGCCGTGGAAACCGGCACTGCCAGTAAACTCACCTTT	45	CAVETGTASKLTF	:::::::::0:-2:11:::::12:-5:39:::
20426	476.0	1.8713766648765403E-4	1	1.1548677676406051E-4	TGCATCGTCAGAGTCGAGGGAGAGAAATTAACCTTT	NNNNNNNNNNNNNNNNNNNNNNNNNNNNNNNNNNNN	TRAV26-1*00(649.6)		TRAJ48*00(459.5)		763|779|799|0|16||160.0		37|52|83|21|36||150.0		TGCATCGTCAGAGTCGAGGGAGAGAAATTAACCTTT	45	CIVRVEGEKLTF	:::::::::0:0:16:::::21:-17:36:::
2037	475.0	1.8674452012948668E-4	1	1.1548677676406051E-4	TGTGCTTTCATGGTGGGATAATGCAGGCAACATGCTCACCTTT	NNNNNNNNNNNNNNNNNNNNNNNNNNNNNNNNNNNNNNNNNNN	TRAV38-1*00(579.6)		TRAJ39*00(569.7)		596|608|633|0|12||120.0		26|52|83|17|43||260.0		TGTGCTTTCATGGTGGGATAATGCAGGCAACATGCTCACCTTT	45	CAFMVG*_AGNMLTF	:::::::::0:-5:12:::::17:-6:43:::
2735	475.0	1.8674452012948668E-4	1	1.1548677676406051E-4	TGTGCTCTGAGTGAGGCGGCAATTCAGGGAGCCCAGAAGCTGGTATTT	NNNNNNNNNNNNNNNNNNNNNNNNNNNNNNNNNNNNNNNNNNNNNNNN	TRAV19*00(788.7)		TRAJ54*00(569)		556|574|593|0|18||180.0		21|49|80|20|48||280.0		TGTGCTCTGAGTGAGGCGGCAATTCAGGGAGCCCAGAAGCTGGTATTT	45	CALSEAAIQGAQKLVF	:::::::::0:1:18:::::20:-1:48:::
4123	475.0	1.8674452012948668E-4	1	1.1548677676406051E-4	TGTGCTGTGAGGCCTCTTACCGGCACTGCCAGTAAACTCACCTTT	NNNNNNNNNNNNNNNNNNNNNNNNNNNNNNNNNNNNNNNNNNNNN	TRAV8-6*00(679.9)		TRAJ44*00(589.8)		448|459|482|0|11||110.0		24|52|83|17|45||280.0		TGTGCTGTGAGGCCTCTTACCGGCACTGCCAGTAAACTCACCTTT	45	CAVRPLTGTASKLTF	:::::::::0:-3:11:::::17:-4:45:::
4498	475.0	1.8674452012948668E-4	1	1.1548677676406051E-4	TGTGCTGCAGGCGCAAATTCCGGGTATGCACTCAACTTC	NNNNNNNNNNNNNNNNNNNNNNNNNNNNNNNNNNNNNNN	TRAV8-5*00(621.9)		TRAJ41*00(519.8)		1528|1542|1562|0|14|ST1539C|111.0		26|51|82|14|39||260.0		TGTGCTGCAGGCGCAAATTCCGGGTATGCACTCAACTTC	45	CAAGANSGYALNF	:::::::::0:0:14:::::14:-6:39:::
4790	475.0	1.8674452012948668E-4	1	1.1548677676406051E-4	TGTGCTACGGTCCCCTTTCAAAGCTGCAGGCAACAAGCTAACTTTT	NNNNNNNNNNNNNNNNNNNNNNNNNNNNNNNNNNNNNNNNNNNNNN	TRAV17*00(899.4)		TRAJ17*00(559.5)		490|500|523|0|10||100.0		23|52|83|17|46||290.0		TGTGCTACGGTCCCCTTTCAAAGCTGCAGGCAACAAGCTAACTTTT	45	CATVPFQS_AGNKLTF	:::::::::0:-3:10:::::17:-3:46:::
2685	474.0	1.8635137377131933E-4	1	1.1548677676406051E-4	TGTGCTCTGAGTGACCGGTGGTACTAGCTATGGAAAGCTGACATTT	NNNNNNNNNNNNNNNNNNNNNNNNNNNNNNNNNNNNNNNNNNNNNN	TRAV19*00(749.4)		TRAJ52*00(599.8)		556|570|593|0|14||140.0		28|58|89|16|46||300.0		TGTGCTCTGAGTGACCGGTGGTACTAGCTATGGAAAGCTGACATTT	45	CALSDRWY_SYGKLTF	:::::::::0:-3:14:::::16:-8:46:::
4313	474.0	1.8635137377131933E-4	1	1.1548677676406051E-4	TGTGCTGTGAGAATCGTTCAATAATGCAGGCAACATGCTCACCTTT	NNNNNNNNNNNNNNNNNNNNNNNNNNNNNNNNNNNNNNNNNNNNNN	TRAV3*00(599)		TRAJ39*00(579.2)		437|449|473|0|12||120.0		25|52|83|19|46||270.0		TGTGCTGTGAGAATCGTTCAATAATGCAGGCAACATGCTCACCTTT	45	CAVRIVQ*_AGNMLTF	:::::::::0:-4:12:::::19:-5:46:::
4544	474.0	1.8635137377131933E-4	1	1.1548677676406051E-4	TGTGCTGGGCTTCCCTCTAGCAACACAGGCAAACTAATCTTT	NNNNNNNNNNNNNNNNNNNNNNNNNNNNNNNNNNNNNNNNNN	TRAV35*00(489.9)		TRAJ37*00(560.4)		588|598|620|0|10||100.0		23|51|82|14|42|SG27A|251.0		TGTGCTGGGCTTCCCTCTAGCAACACAGGCAAACTAATCTTT	45	CAGLPSSNTGKLIF	:::::::::0:-2:10:::::14:-3:42:::
6141	474.0	1.8635137377131933E-4	1	1.1548677676406051E-4	TGTGCCGTCCCCCCAGGAAACCAGGGAGGAAAGCTTATCTTC	NNNNNNNNNNNNNNNNNNNNNNNNNNNNNNNNNNNNNNNNNN	TRAV12-2*00(939.3)		TRAJ23*00(509.6)		551|559|584|0|8||80.0		28|52|83|18|42||240.0		TGTGCCGTCCCCCCAGGAAACCAGGGAGGAAAGCTTATCTTC	45	CAVPPGNQGGKLIF	:::::::::0:-5:8:::::18:-8:42:::
11022	474.0	1.8635137377131933E-4	1	1.1548677676406051E-4	TGTGCCACGGGGGGGGGCTCTAGCAACACAGGCAAACTAATCTTT	NNNNNNNNNNNNNNNNNNNNNNNNNNNNNNNNNNNNNNNNNNNNN	TRAV2*00(630.5)		TRAJ37*00(568.1)		519|524|553|0|5||50.0		21|51|82|15|45|SG27A|271.0		TGTGCCACGGGGGGGGGCTCTAGCAACACAGGCAAACTAATCTTT	45	CATGGGSSNTGKLIF	:::::::::0:-9:5:::::15:-1:45:::
1327	473.0	1.8595822741315201E-4	2	2.3097355352812103E-4	TGTGCAGTCTCAAAAGTCACGGGCAGGAGAGCACTTACTTTT	[[[[[[[[[[[[[[[[[[[[[[[[[[[[[[[[[[[[[[[[[[	TRAV13-2*00(519.8)		TRAJ5*00(549.3)		506|513|539|0|7||70.0		24|49|80|17|42||250.0		TGTGCAGTCTCAAAAGTCACGGGCAGGAGAGCACTTACTTTT	58	CAVSKVTGRRALTF	:::::::::0:-6:7:::::17:-4:42:::
2294	473.0	1.8595822741315201E-4	1	1.1548677676406051E-4	TGTGCTCTTCCCTCAAAGGGGCTGGGAGTTACCAACTCACTTTC	NNNNNNNNNNNNNNNNNNNNNNNNNNNNNNNNNNNNNNNNNNNN	TRAV9-2*00(700.4)		TRAJ28*00(559.6)		480|488|514|0|8||80.0		28|55|86|17|44||270.0		TGTGCTCTTCCCTCAAAGGGGCTGGGAGTTACCAACTCACTTTC	45	CALPSKG_GSYQLTF	:::::::::0:-6:8:::::17:-8:44:::
2416	473.0	1.8595822741315201E-4	1	1.1548677676406051E-4	TGTGCTCTTGGGGAAGGCGCCAATGACATGCGCTTT	NNNNNNNNNNNNNNNNNNNNNNNNNNNNNNNNNNNN	TRDV1*00(1019.2)		TRAJ43*00(459.8)		573|588|610|0|15||150.0		27|43|74|20|36||160.0		TGTGCTCTTGGGGAAGGCGCCAATGACATGCGCTTT	45	CALGEGANDMRF	:::::::::0:-2:15:::::20:-7:36:::
2850	473.0	1.8595822741315201E-4	1	1.1548677676406051E-4	TGTGCTCTGAGGATCTATGGTCAGAATTTTGTCTTT	NNNNNNNNNNNNNNNNNNNNNNNNNNNNNNNNNNNN	TRAV19*00(719.4)		TRAJ26*00(519.6)		556|567|593|0|11||110.0		27|49|80|14|36||220.0		TGTGCTCTGAGGATCTATGGTCAGAATTTTGTCTTT	45	CALRIYGQNFVF	:::::::::0:-6:11:::::14:-7:36:::
2938	473.0	1.8595822741315201E-4	1	1.1548677676406051E-4	TGTGCTCTAGACGGGACAGGAGGAGGTGCTGACGGACTCACCTTT	NNNNNNNNNNNNNNNNNNNNNNNNNNNNNNNNNNNNNNNNNNNNN	TRAV6*00(489.9)		TRAJ45*00(599.7)		535|547|568|0|12||120.0		26|55|86|16|45||290.0		TGTGCTCTAGACGGGACAGGAGGAGGTGCTGACGGACTCACCTTT	45	CALDGTGGGADGLTF	:::::::::0:-1:12:::::16:-6:45:::
3858	473.0	1.8595822741315201E-4	1	1.1548677676406051E-4	TGTGCTGTGAGTCTCTTGGGCAGGAGGAGGTGCTGACGGACTCACCTTT	NNNNNNNNNNNNNNNNNNNNNNNNNNNNNNNNNNNNNNNNNNNNNNNNN	TRAV8-4*00(658.7)		TRAJ45*00(598.3)		476|488|510|0|12||120.0		26|55|86|20|49||290.0		TGTGCTGTGAGTCTCTTGGGCAGGAGGAGGTGCTGACGGACTCACCTTT	45	CAVSLLGR_GGADGLTF	:::::::::0:-2:12:::::20:-6:49:::
4257	473.0	1.8595822741315201E-4	1	1.1548677676406051E-4	TGTGCTGTGAGAGATGATTCCCTCACGGGAGGAGGAAACAAACTCACCTTT	NNNNNNNNNNNNNNNNNNNNNNNNNNNNNNNNNNNNNNNNNNNNNNNNNNN	TRAV3*00(619.3)		TRAJ10*00(599.5)		437|451|473|0|14||140.0		23|53|84|21|51||300.0		TGTGCTGTGAGAGATGATTCCCTCACGGGAGGAGGAAACAAACTCACCTTT	45	CAVRDDSLTGGGNKLTF	:::::::::0:-2:14:::::21:-3:51:::
4468	473.0	1.8595822741315201E-4	1	1.1548677676406051E-4	TGTGCTGCGGGAGGAAGCTACATACCTACATTT	NNNNNNNNNNNNNNNNNNNNNNNNNNNNNNNNN	TRAV1-2*00(631.7)		TRAJ6*00(540.8)		620|631|654|0|11|ST627CSA629G|72.0		29|51|82|11|33||240.0		TGTGCTGCGGGAGGAAGCTACATACCTACATTT	45	CAAGGSYIPTF	:::::::::0:-3:11:::::11:-9:33:::
4710	473.0	1.8595822741315201E-4	1	1.1548677676406051E-4	TGTGCTGGGGGGGGCTCTAGCAACACAGGCAAACTAATCTTT	NNNNNNNNNNNNNNNNNNNNNNNNNNNNNNNNNNNNNNNNNN	TRAV36/DV7*00(602.5)		TRAJ37*00(560.5)		500|515|533|0|15|ST507GSA510GSC513G|83.0		24|51|82|15|42|SG27A|271.0		TGTGCTGGGGGGGGCTCTAGCAACACAGGCAAACTAATCTTT	45	CAGGGSSNTGKLIF	:::::::::0:2:15:::::15:-4:42:::
18954	473.0	1.8595822741315201E-4	1	1.1548677676406051E-4	TGCCTCTCCGGAATACAGCACCCTCACCTTT	NNNNNNNNNNNNNNNNNNNNNNNNNNNNNNN	TRAV4*00(929.7)		TRAJ11*00(499.6)		768|774|804|0|6||60.0		30|49|80|12|31||190.0		TGCCTCTCCGGAATACAGCACCCTCACCTTT	45	CLSGI_STLTF	:::::::::0:-10:6:::::12:-10:31:::
3709	472.0	1.8556508105498467E-4	1	1.1548677676406051E-4	TGTGCTGTGGAGGCCGCAATAACAATGACATGCGCTTT	NNNNNNNNNNNNNNNNNNNNNNNNNNNNNNNNNNNNNN	TRAV36/DV7*00(640.4)		TRAJ43*00(519.1)		500|515|533|0|15||150.0		21|43|74|16|38||220.0		TGTGCTGTGGAGGCCGCAATAACAATGACATGCGCTTT	45	CAVEAA_NNDMRF	:::::::::0:2:15:::::16:-1:38:::
4737	472.0	1.8556508105498467E-4	1	1.1548677676406051E-4	TGTGCTGGAGGGGCTTTGGGCGGCACTGCCAGTAAACTCACCTTT	NNNNNNNNNNNNNNNNNNNNNNNNNNNNNNNNNNNNNNNNNNNNN	TRAV25*00(510.6)		TRAJ44*00(559.9)		620|628|649|0|8|SA625T|51.0		27|52|83|20|45||250.0		TGTGCTGGAGGGGCTTTGGGCGGCACTGCCAGTAAACTCACCTTT	45	CAGGALGGTASKLTF	:::::::::0:-1:8:::::20:-7:45:::
17955	472.0	1.8556508105498467E-4	1	1.1548677676406051E-4	TGTGCAGCAAGCGACTCTAACGACTACAAGCTCAGCTTT	NNNNNNNNNNNNNNNNNNNNNNNNNNNNNNNNNNNNNNN	TRAV23/DV6*00(488.8)		TRAJ20*00(540.7)		517|529|550|0|12||120.0		22|46|77|15|39||240.0		TGTGCAGCAAGCGACTCTAACGACTACAAGCTCAGCTTT	45	CAASDSNDYKLSF	:::::::::0:-1:12:::::15:-2:39:::
1471	471.0	1.8517193469681732E-4	2	2.3097355352812103E-4	TGAGGCAACTATCAGTTAATCTGG	[[[[[[[[[[[[[[[[[[[[[[[[	TRAV1-2*00(552.4)		TRAJ33*00(489.8)		620|622|654|0|2||20.0		26|46|77|4|24||200.0		TGAGGCAACTATCAGTTAATCTGG	58	*GNYQLIW	:::::::::0:-12:2:::::4:-6:24:::
2121	471.0	1.8517193469681732E-4	1	1.1548677676406051E-4	TGTGCTTCCTCCTTTTTATGAATTCTGGGGGTTACCAGAAAGTTACCTTT	NNNNNNNNNNNNNNNNNNNNNNNNNNNNNNNNNNNNNNNNNNNNNNNNNN	TRAV17*00(858.3)		TRAJ13*00(561.2)		490|496|523|0|6||60.0		16|52|83|14|50|SC18T|331.0		TGTGCTTCCTCCTTTTTATGAATTCTGGGGGTTACCAGAAAGTTACCTTT	45	CASSFL*I_GGYQKVTF	:::::::::0:-7:6:::::14:4:50:::
2910	471.0	1.8517193469681732E-4	1	1.1548677676406051E-4	TGTGCTCTAGTACTTCCCAAAATATAACACCGACAAGCTCATCTTT	NNNNNNNNNNNNNNNNNNNNNNNNNNNNNNNNNNNNNNNNNNNNNN	TRAV16*00(958.8)		TRAJ34*00(499.8)		449|458|483|0|9||90.0		23|47|78|22|46||240.0		TGTGCTCTAGTACTTCCCAAAATATAACACCGACAAGCTCATCTTT	45	CALVLPKI_NTDKLIF	:::::::::0:-5:9:::::22:-3:46:::
3292	471.0	1.8517193469681732E-4	1	1.1548677676406051E-4	TGTGCTGTCACCAGGGGGGGGGGAGGAGGAGGTGCTGACGGACTCACCTTT	NNNNNNNNNNNNNNNNNNNNNNNNNNNNNNNNNNNNNNNNNNNNNNNNNNN	TRAV41*00(768.9)		TRAJ45*00(589)		512|522|544|0|10||100.0		27|55|86|23|51||280.0		TGTGCTGTCACCAGGGGGGGGGGAGGAGGAGGTGCTGACGGACTCACCTTT	45	CAVTRGGGGGGADGLTF	:::::::::0:-2:10:::::23:-7:51:::
3386	471.0	1.8517193469681732E-4	1	1.1548677676406051E-4	TGTGCTGTGCTGACGGGGCGGATCTGAAAAGCTGGTCTTT	NNNNNNNNNNNNNNNNNNNNNNNNNNNNNNNNNNNNNNNN	TRAV20*00(509.6)		TRAJ57*00(559.4)		498|508|531|0|10||100.0		27|52|83|15|40||250.0		TGTGCTGTGCTGACGGGGCGGATCTGAAAAGCTGGTCTTT	45	CAVLTGR_SEKLVF	:::::::::0:-3:10:::::15:-7:40:::
4320	471.0	1.8517193469681732E-4	1	1.1548677676406051E-4	TGTGCTGTGAGAAAAGGGTCTGGAGCCAATAGTAAGCTGACATTT	NNNNNNNNNNNNNNNNNNNNNNNNNNNNNNNNNNNNNNNNNNNNN	TRAV8-4*00(619.9)		TRAJ56*00(569.9)		476|487|510|0|11||110.0		25|51|82|19|45||260.0		TGTGCTGTGAGAAAAGGGTCTGGAGCCAATAGTAAGCTGACATTT	45	CAVRKGSGANSKLTF	:::::::::0:-3:11:::::19:-5:45:::
17533	471.0	1.8517193469681732E-4	1	1.1548677676406051E-4	TGTGCAGCATCTAACTTTGGAAATGAGAAATTAACCTTT	NNNNNNNNNNNNNNNNNNNNNNNNNNNNNNNNNNNNNNN	TRAV13-1*00(949)		TRAJ48*00(589.6)		511|520|544|0|9||90.0		22|52|83|9|39||310.0		TGTGCAGCATCTAACTTTGGAAATGAGAAATTAACCTTT	45	CAASNFGNEKLTF	:::::::::0:-4:9:::::9:-2:39:::
1538	470.0	1.8477878833864997E-4	1	1.1548677676406051E-4	TGTCTTCTGGGAGACCAGGAGGAGGTGCTGACGGACTCACCTTT	NNNNNNNNNNNNNNNNNNNNNNNNNNNNNNNNNNNNNNNNNNNN	TRAV40*00(918.1)		TRAJ45*00(598.9)		436|450|470|0|14||140.0		26|55|86|15|44||290.0		TGTCTTCTGGGAGACCAGGAGGAGGTGCTGACGGACTCACCTTT	45	CLLGDQE_GADGLTF	:::::::::0:0:14:::::15:-6:44:::
2130	470.0	1.8477878833864997E-4	1	1.1548677676406051E-4	TGTGCTTCCCGAAATGCTGGTGGTACTAGCTATGGAAAGCTGACATTT	NNNNNNNNNNNNNNNNNNNNNNNNNNNNNNNNNNNNNNNNNNNNNNNN	TRAV38-2/DV8*00(529.6)		TRAJ52*00(659.9)		602|609|638|0|7||70.0		22|58|89|12|48||360.0		TGTGCTTCCCGAAATGCTGGTGGTACTAGCTATGGAAAGCTGACATTT	45	CASRNAGGTSYGKLTF	:::::::::0:-9:7:::::12:-2:48:::
2774	470.0	1.8477878833864997E-4	1	1.1548677676406051E-4	TGTGCTCTGAGTGAGAATAATGCAGGCAACATGCTCACCTTT	NNNNNNNNNNNNNNNNNNNNNNNNNNNNNNNNNNNNNNNNNN	TRAV19*00(758.8)		TRAJ39*00(579.4)		556|571|593|0|15||150.0		25|52|83|15|42||270.0		TGTGCTCTGAGTGAGAATAATGCAGGCAACATGCTCACCTTT	45	CALSENNAGNMLTF	:::::::::0:-2:15:::::15:-5:42:::
3204	470.0	1.8477878833864997E-4	1	1.1548677676406051E-4	TGTGCTGTCTTGTCGGCGATAACAATGACATGCGCTTT	NNNNNNNNNNNNNNNNNNNNNNNNNNNNNNNNNNNNNN	TRAV41*00(769.5)		TRAJ43*00(499.6)		512|521|544|0|9||90.0		23|43|74|18|38||200.0		TGTGCTGTCTTGTCGGCGATAACAATGACATGCGCTTT	45	CAVLSA_NNDMRF	:::::::::0:-3:9:::::18:-3:38:::
3310	470.0	1.8477878833864997E-4	1	1.1548677676406051E-4	TGTGCTGTCAGGGGTATTCAGGGAGCCCAGAAGCTGGTATTT	NNNNNNNNNNNNNNNNNNNNNNNNNNNNNNNNNNNNNNNNNN	TRAV41*00(789.7)		TRAJ54*00(487.2)		512|523|544|0|11||110.0		22|49|80|15|42||270.0		TGTGCTGTCAGGGGTATTCAGGGAGCCCAGAAGCTGGTATTT	45	CAVRGIQGAQKLVF	:::::::::0:-1:11:::::15:-2:42:::
3359	470.0	1.8477878833864997E-4	1	1.1548677676406051E-4	TGTGCTGTGTCTGGTGCAGGCAAATCAACCTTT	NNNNNNNNNNNNNNNNNNNNNNNNNNNNNNNNN	TRAV8-3*00(538.2)		TRAJ27*00(479.9)		455|464|489|0|9||90.0		29|48|79|14|33||190.0		TGTGCTGTGTCTGGTGCAGGCAAATCAACCTTT	45	CAVSGAGKSTF	:::::::::0:-5:9:::::14:-9:33:::
3845	470.0	1.8477878833864997E-4	1	1.1548677676406051E-4	TGTGCTGTGAGTTTGATACTCACGGGAGGAGGAAACAAACTCACCTTT	NNNNNNNNNNNNNNNNNNNNNNNNNNNNNNNNNNNNNNNNNNNNNNNN	TRAV1-2*00(669.6)		TRAJ10*00(629.8)		620|631|654|0|11||110.0		20|53|84|15|48||330.0		TGTGCTGTGAGTTTGATACTCACGGGAGGAGGAAACAAACTCACCTTT	45	CAVSLILTGGGNKLTF	:::::::::0:-3:11:::::15:0:48:::
6559	470.0	1.8477878833864997E-4	1	1.1548677676406051E-4	TGTGCCGGATGTTTTCAGATGGCCAGAAGCTGCTCTTT	NNNNNNNNNNNNNNNNNNNNNNNNNNNNNNNNNNNNNN	TRAV12-2*00(649.9)		TRAJ16*00(546.4)		551|558|584|0|7||70.0		21|49|80|10|38||280.0		TGTGCCGGATGTTTTCAGATGGCCAGAAGCTGCTCTTT	45	CAGCFQ_GQKLLF	:::::::::0:-6:7:::::10:-1:38:::
18976	470.0	1.8477878833864997E-4	1	1.1548677676406051E-4	TGCCTCGTGGGTTCCTCCGGTGCTACAAACAAGCTCATCTTT	NNNNNNNNNNNNNNNNNNNNNNNNNNNNNNNNNNNNNNNNNN	TRAV4*00(870.4)		TRAJ32*00(509.8)		768|780|804|0|12||120.0		31|55|86|18|42||240.0		TGCCTCGTGGGTTCCTCCGGTGCTACAAACAAGCTCATCTTT	45	CLVGSSGATNKLIF	:::::::::0:-4:12:::::18:-11:42:::
20386	470.0	1.8477878833864997E-4	1	1.1548677676406051E-4	TGCATCGTCAGAGTCGTTGGCTCAGGAACCTACAAATACATCTTT	NNNNNNNNNNNNNNNNNNNNNNNNNNNNNNNNNNNNNNNNNNNNN	TRAV26-1*00(649.5)		TRAJ40*00(535)		763|779|799|0|16||160.0		25|50|81|20|45||250.0		TGCATCGTCAGAGTCGTTGGCTCAGGAACCTACAAATACATCTTT	45	CIVRVVGSGTYKYIF	:::::::::0:0:16:::::20:-5:45:::
1717	469.0	1.8438564198048265E-4	1	1.1548677676406051E-4	TGTGTGGTGATCTCCTAACGACTACAAGCTCAGCTTT	NNNNNNNNNNNNNNNNNNNNNNNNNNNNNNNNNNNNN	TRAV10*00(1008.8)		TRAJ20*00(490.4)		575|585|608|0|10||100.0		23|46|77|14|37||230.0		TGTGTGGTGATCTCCTAACGACTACAAGCTCAGCTTT	45	CVVIS*_DYKLSF	:::::::::0:-3:10:::::14:-3:37:::
2464	469.0	1.8438564198048265E-4	1	1.1548677676406051E-4	TGTGCTCTCCCATCGTACAATAACAATGACATGCGCTTT	NNNNNNNNNNNNNNNNNNNNNNNNNNNNNNNNNNNNNNN	TRAV19*00(689.1)		TRAJ43*00(550.5)		556|564|593|0|8||80.0		15|43|74|11|39|ST17C|251.0		TGTGCTCTCCCATCGTACAATAACAATGACATGCGCTTT	45	CALPSYNNNDMRF	:::::::::0:-9:8:::::11:5:39:::
3221	469.0	1.8438564198048265E-4	1	1.1548677676406051E-4	TGTGCTGTCCTTGCTGGTGGTACTAGCTATGGAAAGCTGACATTT	NNNNNNNNNNNNNNNNNNNNNNNNNNNNNNNNNNNNNNNNNNNNN	TRAV20*00(489.7)		TRAJ52*00(639.4)		498|506|531|0|8||80.0		24|58|89|11|45||340.0		TGTGCTGTCCTTGCTGGTGGTACTAGCTATGGAAAGCTGACATTT	45	CAVLAGGTSYGKLTF	:::::::::0:-5:8:::::11:-4:45:::
4535	469.0	1.8438564198048265E-4	1	1.1548677676406051E-4	TGTGCTGGGTCAAATGCTGGTGGTACTAGCTATGGAAAGCTGACATTT	NNNNNNNNNNNNNNNNNNNNNNNNNNNNNNNNNNNNNNNNNNNNNNNN	TRAV35*00(914.7)		TRAJ52*00(619.7)		588|597|620|0|9||90.0		22|58|89|12|48||360.0		TGTGCTGGGTCAAATGCTGGTGGTACTAGCTATGGAAAGCTGACATTT	45	CAGSNAGGTSYGKLTF	:::::::::0:-3:9:::::12:-2:48:::
18238	469.0	1.8438564198048265E-4	1	1.1548677676406051E-4	TGTGCAGGAGTCAAGTGGGCCACCAATGCAGGCAAATCAACCTTT	NNNNNNNNNNNNNNNNNNNNNNNNNNNNNNNNNNNNNNNNNNNNN	TRAV27*00(661.2)		TRAJ27*00(539.2)		552|562|582|0|10||100.0		23|48|79|20|45||250.0		TGTGCAGGAGTCAAGTGGGCCACCAATGCAGGCAAATCAACCTTT	45	CAGVKWATNAGKSTF	:::::::::0:0:10:::::20:-3:45:::
18260	469.0	1.8438564198048265E-4	1	1.1548677676406051E-4	TGTGCAGGAGCTAAAACTGGGGCAAACAACCTCTTCTTT	NNNNNNNNNNNNNNNNNNNNNNNNNNNNNNNNNNNNNNN	TRAV27*00(652.5)		TRAJ36*00(569.7)		552|564|582|0|12||120.0		22|48|79|13|39||260.0		TGTGCAGGAGCTAAAACTGGGGCAAACAACCTCTTCTTT	45	CAGAKTGANNLFF	:::::::::0:2:12:::::13:-2:39:::
3242	468.0	1.839924956223153E-4	1	1.1548677676406051E-4	TGTGCTGTCCGTGGCAATAACAATGACATGCGCTTT	NNNNNNNNNNNNNNNNNNNNNNNNNNNNNNNNNNNN	TRAV41*00(601.2)		TRAJ43*00(519.8)		512|521|544|0|9||90.0		21|43|74|14|36||220.0		TGTGCTGTCCGTGGCAATAACAATGACATGCGCTTT	45	CAVRGNNNDMRF	:::::::::0:-3:9:::::14:-1:36:::
3375	468.0	1.839924956223153E-4	1	1.1548677676406051E-4	TGTGCTGTGTATGGGAGCAACTATCAGTTAATCTGG	NNNNNNNNNNNNNNNNNNNNNNNNNNNNNNNNNNNN	TRAV21*00(449.9)		TRAJ33*00(499.7)		544|553|576|0|9||90.0		25|46|77|15|36||210.0		TGTGCTGTGTATGGGAGCAACTATCAGTTAATCTGG	45	CAVYGSNYQLIW	:::::::::0:-3:9:::::15:-5:36:::
18225	468.0	1.839924956223153E-4	1	1.1548677676406051E-4	TGTGCAGGATCAGGAGGAACCTACAAATACATCTTT	NNNNNNNNNNNNNNNNNNNNNNNNNNNNNNNNNNNN	TRAV27*00(631.5)		TRAJ40*00(509.6)		552|561|582|0|9||90.0		28|50|81|14|36||220.0		TGTGCAGGATCAGGAGGAACCTACAAATACATCTTT	45	CAGSGGTYKYIF	:::::::::0:-1:9:::::14:-8:36:::
18247	468.0	1.839924956223153E-4	1	1.1548677676406051E-4	TGTGCAGGAGCTCATAGTGACATGCGCTTT	NNNNNNNNNNNNNNNNNNNNNNNNNNNNNN	TRAV27*00(671.9)		TRAJ43*00(429.9)		552|565|582|0|13||130.0		30|43|74|17|30||130.0		TGTGCAGGAGCTCATAGTGACATGCGCTTT	45	CAGAHSDMRF	:::::::::0:3:13:::::17:-10:30:::
18694	468.0	1.839924956223153E-4	1	1.1548677676406051E-4	TGTGCAATGAGAGCTTCGAACACCGGTAACCAGTTCTATTTT	NNNNNNNNNNNNNNNNNNNNNNNNNNNNNNNNNNNNNNNNNN	TRAV14/DV4*00(490.6)		TRAJ49*00(579.4)		517|530|554|0|13||130.0		17|45|76|14|42||280.0		TGTGCAATGAGAGCTTCGAACACCGGTAACCAGTTCTATTTT	45	CAMRASNTGNQFYF	:::::::::0:-4:13:::::14:3:42:::
20249	468.0	1.839924956223153E-4	1	1.1548677676406051E-4	TGCATCCTGAGAGGCCTAGATGTATTCAGGAGGAGGTGCTGACGGACTCACCTTT	NNNNNNNNNNNNNNNNNNNNNNNNNNNNNNNNNNNNNNNNNNNNNNNNNNNNNNN	TRAV26-2*00(899.3)		TRAJ45*00(630.7)		791|804|826|0|13||130.0		16|55|86|16|55|SC18G|361.0		TGCATCCTGAGAGGCCTAGATGTATTCAGGAGGAGGTGCTGACGGACTCACCTTT	45	CILRGLDVF_GGGADGLTF	:::::::::0:-2:13:::::16:4:55:::
20328	468.0	1.839924956223153E-4	1	1.1548677676406051E-4	TGCATCGTCGTAAGGCTTAGGAACAGAGATGACAAGATCATCTTT	NNNNNNNNNNNNNNNNNNNNNNNNNNNNNNNNNNNNNNNNNNNNN	TRAV26-1*00(579.5)		TRAJ30*00(559.7)		763|772|799|0|9||90.0		21|46|77|20|45||250.0		TGCATCGTCGTAAGGCTTAGGAACAGAGATGACAAGATCATCTTT	45	CIVVRLRNRDDKIIF	:::::::::0:-7:9:::::20:-1:45:::
21363	468.0	1.839924956223153E-4	1	1.1548677676406051E-4	CCCTCGAGCTTTGAATAGCAACTATCAGTTAATCTGG	NNNNNNNNNNNNNNNNNNNNNNNNNNNNNNNNNNNNN	TRAV21*00(664.8)		TRAJ33*00(520.7)		544|544|576|0|0||0.0		20|46|77|11|37|SG22A|231.0		CCCTCGAGCTTTGAATAGCAACTATCAGTTAATCTGG	45	PSSFE*_NYQLIW	:::::::::0:-12:0:::::11:0:37:::
3490	467.0	1.8359934926414796E-4	1	1.1548677676406051E-4	TGTGCTGTGGTCCTAACACCAATGCAGGCAAATCAACCTTT	NNNNNNNNNNNNNNNNNNNNNNNNNNNNNNNNNNNNNNNNN	TRAV1-2*00(649.6)		TRAJ27*00(569.6)		620|629|654|0|9||90.0		20|48|79|13|41||280.0		TGTGCTGTGGTCCTAACACCAATGCAGGCAAATCAACCTTT	45	CAVVLTP_AGKSTF	:::::::::0:-5:9:::::13:0:41:::
5945	467.0	1.8359934926414796E-4	1	1.1548677676406051E-4	TGTGCCTGGAATATAGAAACAAACTGGTCTTT	NNNNNNNNNNNNNNNNNNNNNNNNNNNNNNNN	TRAV1-2*00(609.7)		TRAJ47*00(540.6)		620|625|654|0|5||50.0		20|46|77|6|32|SG28A|231.0		TGTGCCTGGAATATAGAAACAAACTGGTCTTT	45	CAWNI_NKLVF	:::::::::0:-9:5:::::6:0:32:::
6473	467.0	1.8359934926414796E-4	1	1.1548677676406051E-4	TGTGCCGTAAGGGGCTGGCAGACTCATGTTT	NNNNNNNNNNNNNNNNNNNNNNNNNNNNNNN	TRAV19*00(659.5)		TRAJ31*00(430.5)		556|561|593|0|5||50.0		30|46|77|15|31|SC32G|131.0		TGTGCCGTAAGGGGCTGGCAGACTCATGTTT	45	CAVRG_GRLMF	:::::::::0:-12:5:::::15:-10:31:::
18436	467.0	1.8359934926414796E-4	1	1.1548677676406051E-4	TGTGCAGAGAGTAGGGGATGGCAACAACCGTAAGCTGATTTGG	NNNNNNNNNNNNNNNNNNNNNNNNNNNNNNNNNNNNNNNNNNN	TRAV5*00(489.8)		TRAJ38*00(549.8)		523|536|556|0|13||130.0		26|51|82|18|43||250.0		TGTGCAGAGAGTAGGGGATGGCAACAACCGTAAGCTGATTTGG	45	CAESRGW_NNRKLIW	:::::::::0:0:13:::::18:-6:43:::
20292	467.0	1.8359934926414796E-4	1	1.1548677676406051E-4	TGCATCCTGAATCATGGAGGAAGCCAAGGAAATCTCATCTTT	NNNNNNNNNNNNNNNNNNNNNNNNNNNNNNNNNNNNNNNNNN	TRAV26-2*00(579.7)		TRAJ42*00(620.6)		791|798|826|0|7||100.0		20|55|86|7|42|ST25C|322.0		TGCATCCTGAATCATGGAGGAAGCCAAGGAAATCTCATCTTT	45	CILNHGGSQGNLIF	:::::::::0:-8:7:::::7:0:42:::
2270	466.0	1.832062029059806E-4	1	1.1548677676406051E-4	TGTGCTTACCGTTCAGGAGGAGGTGCTGACGGACTCACCTTT	NNNNNNNNNNNNNNNNNNNNNNNNNNNNNNNNNNNNNNNNNN	TRAV38-2/DV8*00(539.6)		TRAJ45*00(619.5)		602|610|638|0|8||80.0		24|55|86|11|42||310.0		TGTGCTTACCGTTCAGGAGGAGGTGCTGACGGACTCACCTTT	45	CAYRSGGGADGLTF	:::::::::0:-8:8:::::11:-4:42:::
2921	466.0	1.832062029059806E-4	1	1.1548677676406051E-4	TGTGCTCTAGCAGGGTCCCGGGGAATATAGAAACAAACTGGTCTTT	NNNNNNNNNNNNNNNNNNNNNNNNNNNNNNNNNNNNNNNNNNNNNN	TRAV19*00(689.6)		TRAJ47*00(530.4)		556|564|593|0|8||80.0		21|46|77|21|46|SG28A|221.0		TGTGCTCTAGCAGGGTCCCGGGGAATATAGAAACAAACTGGTCTTT	45	CALAGSRG_YRNKLVF	:::::::::0:-9:8:::::21:-1:46:::
3672	466.0	1.832062029059806E-4	1	1.1548677676406051E-4	TGTGCTGTGGACGGTAATGCAGGCAACATGCTCACCTTT	NNNNNNNNNNNNNNNNNNNNNNNNNNNNNNNNNNNNNNN	TRAV8-4*00(616.9)		TRAJ39*00(559.6)		476|485|510|0|9||90.0		27|52|83|14|39||250.0		TGTGCTGTGGACGGTAATGCAGGCAACATGCTCACCTTT	45	CAVDGNAGNMLTF	:::::::::0:-5:9:::::14:-7:39:::
1362	465.0	1.828130565478133E-4	2	2.3097355352812103E-4	TGCCTCGTGGGTCCCAGATGGCCAGAAGCTGCTCTTT	[[[[[[[[[[[[[[[[[[[[[[[[[[[[[[[[[[[[[	TRAV4*00(857.6)		TRAJ16*00(493.5)		768|780|804|0|12||120.0		26|49|80|14|37||230.0		TGCCTCGTGGGTCCCAGATGGCCAGAAGCTGCTCTTT	58	CLVGPR_GQKLLF	:::::::::0:-4:12:::::14:-6:37:::
2584	465.0	1.828130565478133E-4	1	1.1548677676406051E-4	TGTGCTCTGAGTCTCAGCAACACAGGCAAACTAATCTTT	NNNNNNNNNNNNNNNNNNNNNNNNNNNNNNNNNNNNNNN	TRAV9-2*00(729.6)		TRAJ37*00(538.8)		480|492|514|0|12||120.0		28|51|82|16|39||230.0		TGTGCTCTGAGTCTCAGCAACACAGGCAAACTAATCTTT	45	CALSLSNTGKLIF	:::::::::0:-2:12:::::16:-8:39:::
3342	465.0	1.828130565478133E-4	1	1.1548677676406051E-4	TGTGCTGTCAAGAATATAGAAACAAACTGGTCTTT	NNNNNNNNNNNNNNNNNNNNNNNNNNNNNNNNNNN	TRAV41*00(613.2)		TRAJ47*00(491.7)		512|522|544|0|10||100.0		22|46|77|11|35|SG28A|211.0		TGTGCTGTCAAGAATATAGAAACAAACTGGTCTTT	45	CAVKNI_NKLVF	:::::::::0:-2:10:::::11:-2:35:::
3737	465.0	1.828130565478133E-4	1	1.1548677676406051E-4	TGTGCTGTGGAGGATAGGGCTAGCAACACAGGCAAACTAATCTTT	NNNNNNNNNNNNNNNNNNNNNNNNNNNNNNNNNNNNNNNNNNNNN	TRAV2*00(1048.4)		TRAJ37*00(499.8)		519|534|553|0|15||150.0		25|51|82|19|45|SG27A|231.0		TGTGCTGTGGAGGATAGGGCTAGCAACACAGGCAAACTAATCTTT	45	CAVEDRASNTGKLIF	:::::::::0:1:15:::::19:-5:45:::
3950	465.0	1.828130565478133E-4	1	1.1548677676406051E-4	TGTGCTGTGAGTGATCCGAGAACACAGGCTTTCAGAAACTTGTATTT	NNNNNNNNNNNNNNNNNNNNNNNNNNNNNNNNNNNNNNNNNNNNNNN	TRAV8-4*00(680.6)		TRAJ8*00(569.5)		476|492|510|0|16||160.0		21|49|80|19|47||280.0		TGTGCTGTGAGTGATCCGAGAACACAGGCTTTCAGAAACTTGTATTT	45	CAVSDPRT_GFQKLVF	:::::::::0:2:16:::::19:-1:47:::
4653	465.0	1.828130565478133E-4	1	1.1548677676406051E-4	TGTGCTGGGCAGCGGTCGGGGCTGGGAGTTACCAACTCACTTTC	NNNNNNNNNNNNNNNNNNNNNNNNNNNNNNNNNNNNNNNNNNNN	TRAV35*00(962)		TRAJ28*00(519.7)		588|601|620|0|13||130.0		28|55|86|17|44||270.0		TGTGCTGGGCAGCGGTCGGGGCTGGGAGTTACCAACTCACTTTC	45	CAGQRSG_GSYQLTF	:::::::::0:1:13:::::17:-8:44:::
4738	465.0	1.828130565478133E-4	1	1.1548677676406051E-4	TGTGCTGGAGATTCAGGAGGAGGTGCTGACGGACTCACCTTT	NNNNNNNNNNNNNNNNNNNNNNNNNNNNNNNNNNNNNNNNNN	TRAV41*00(739.6)		TRAJ45*00(629.6)		512|519|544|0|7||70.0		23|55|86|10|42||320.0		TGTGCTGGAGATTCAGGAGGAGGTGCTGACGGACTCACCTTT	45	CAGDSGGGADGLTF	:::::::::0:-5:7:::::10:-3:42:::
17811	465.0	1.828130565478133E-4	1	1.1548677676406051E-4	TGTGCAGCAAGCCTGTACGGGTATGCACTCAACTTC	NNNNNNNNNNNNNNNNNNNNNNNNNNNNNNNNNNNN	TRAV23/DV6*00(490.9)		TRAJ41*00(449.6)		517|532|550|0|15|SA529C|121.0		32|51|82|17|36||190.0		TGTGCAGCAAGCCTGTACGGGTATGCACTCAACTTC	45	CAASLYGYALNF	:::::::::0:2:15:::::17:-12:36:::
18081	465.0	1.828130565478133E-4	1	1.1548677676406051E-4	TGTGCAGCAAACGACCCACTCTGGGGCTGGGAGTTACCAACTCACTTTC	NNNNNNNNNNNNNNNNNNNNNNNNNNNNNNNNNNNNNNNNNNNNNNNNN	TRAV23/DV6*00(469.8)		TRAJ28*00(611.1)		517|527|550|0|10||100.0		23|55|86|17|49||320.0		TGTGCAGCAAACGACCCACTCTGGGGCTGGGAGTTACCAACTCACTTTC	45	CAANDPLW_AGSYQLTF	:::::::::0:-3:10:::::17:-3:49:::
18142	465.0	1.828130565478133E-4	1	1.1548677676406051E-4	TGTGCAGGGCTTGGCGCGGTGCTGGTGGTACTAGCTATGGAAAGCTGACATTT	NNNNNNNNNNNNNNNNNNNNNNNNNNNNNNNNNNNNNNNNNNNNNNNNNNNNN	TRAV25*00(559.6)		TRAJ52*00(639.4)		620|630|649|0|10||100.0		24|58|89|19|53||340.0		TGTGCAGGGCTTGGCGCGGTGCTGGTGGTACTAGCTATGGAAAGCTGACATTT	45	CAGLGAVLV_TSYGKLTF	:::::::::0:1:10:::::19:-4:53:::
2716	464.0	1.8241991018964595E-4	1	1.1548677676406051E-4	TGTGCTCTGAGTGAGGCCATTTCTTCTGGTTCTGCAAGGCAACTGACCTTT	NNNNNNNNNNNNNNNNNNNNNNNNNNNNNNNNNNNNNNNNNNNNNNNNNNN	TRAV19*00(758.8)		TRAJ22*00(567.4)		556|573|593|0|17||170.0		19|52|83|18|51||330.0		TGTGCTCTGAGTGAGGCCATTTCTTCTGGTTCTGCAAGGCAACTGACCTTT	45	CALSEAISSGSARQLTF	:::::::::0:0:17:::::18:1:51:::
3062	464.0	1.8241991018964595E-4	1	1.1548677676406051E-4	TGTGCTCCCCCTCCGGCAGGAAATCTCATCTTT	NNNNNNNNNNNNNNNNNNNNNNNNNNNNNNNNN	TRAV19*00(679.3)		TRAJ42*00(459.7)		556|563|593|0|7||70.0		39|55|86|17|33||160.0		TGTGCTCCCCCTCCGGCAGGAAATCTCATCTTT	45	CAPPPAGNLIF	:::::::::0:-10:7:::::17:-19:33:::
17318	464.0	1.8241991018964595E-4	1	1.1548677676406051E-4	TGTGCGTCCACGTCGGGTGGGTTTTCAGATGGCCAGAAGCTGCTCTTT	NNNNNNNNNNNNNNNNNNNNNNNNNNNNNNNNNNNNNNNNNNNNNNNN	TRAV13-2*00(499.7)		TRAJ16*00(560.7)		506|511|539|0|5||50.0		20|49|80|19|48||290.0		TGTGCGTCCACGTCGGGTGGGTTTTCAGATGGCCAGAAGCTGCTCTTT	45	CASTSGGFSDGQKLLF	:::::::::0:-8:5:::::19:0:48:::
2865	463.0	1.820267638314786E-4	1	1.1548677676406051E-4	TGTGCTCTGAGAAACTATGGTCAGAATTTTGTCTTT	NNNNNNNNNNNNNNNNNNNNNNNNNNNNNNNNNNNN	TRAV9-2*00(719.6)		TRAJ26*00(529.9)		480|491|514|0|11||110.0		25|49|80|12|36||240.0		TGTGCTCTGAGAAACTATGGTCAGAATTTTGTCTTT	45	CALRNYGQNFVF	:::::::::0:-3:11:::::12:-5:36:::
2972	463.0	1.820267638314786E-4	1	1.1548677676406051E-4	TGTGCTCTAAGTGCCTATAACACCGACAAGCTCATCTTT	NNNNNNNNNNNNNNNNNNNNNNNNNNNNNNNNNNNNNNN	TRAV16*00(999)		TRAJ34*00(509.8)		449|462|483|0|13||130.0		23|47|78|15|39||240.0		TGTGCTCTAAGTGCCTATAACACCGACAAGCTCATCTTT	45	CALSAYNTDKLIF	:::::::::0:-1:13:::::15:-3:39:::
3239	463.0	1.820267638314786E-4	1	1.1548677676406051E-4	TGTGCTGTCCCACGGAACAGAGATGACAAGATCATCTTT	NNNNNNNNNNNNNNNNNNNNNNNNNNNNNNNNNNNNNNN	TRAV41*00(769.6)		TRAJ30*00(559.5)		512|521|544|0|9||90.0		21|46|77|14|39||250.0		TGTGCTGTCCCACGGAACAGAGATGACAAGATCATCTTT	45	CAVPRNRDDKIIF	:::::::::0:-3:9:::::14:-1:39:::
4283	463.0	1.820267638314786E-4	1	1.1548677676406051E-4	TGTGCTGTGAGAGACGGGAACTATGGTCAGAATTTTGTCTTT	NNNNNNNNNNNNNNNNNNNNNNNNNNNNNNNNNNNNNNNNNN	TRAV3*00(584.3)		TRAJ26*00(467.7)		437|452|473|0|15||150.0		25|49|80|18|42||240.0		TGTGCTGTGAGAGACGGGAACTATGGTCAGAATTTTGTCTTT	45	CAVRDGNYGQNFVF	:::::::::0:-1:15:::::18:-5:42:::
18221	463.0	1.820267638314786E-4	1	1.1548677676406051E-4	TGTGCAGGATTCTTCTAACGACTACAAGCTCAGCTTT	NNNNNNNNNNNNNNNNNNNNNNNNNNNNNNNNNNNNN	TRAV25*00(522.7)		TRAJ20*00(550.9)		620|628|649|0|8||80.0		21|46|77|12|37||250.0		TGTGCAGGATTCTTCTAACGACTACAAGCTCAGCTTT	45	CAGFF*_DYKLSF	:::::::::0:-1:8:::::12:-1:37:::
21325	463.0	1.820267638314786E-4	1	1.1548677676406051E-4	TGGTATGGTCAGAATTTTGTCTTT	NNNNNNNNNNNNNNNNNNNNNNNN	TRAV17*00(829.4)		TRAJ26*00(499.5)		490|492|523|0|2||20.0		28|49|80|3|24||210.0		TGGTATGGTCAGAATTTTGTCTTT	45	WYGQNFVF	:::::::::0:-11:2:::::3:-8:24:::
667	462.0	1.8163361747331125E-4	2	2.3097355352812103E-4	TGTGCTGTGGAGACATATAACAATGCCAGACTCATGTTT	[[[[[[[[[[[[[[[[[[[[[[[[[[[[[[[[[R[[[[[	TRAV36/DV7*00(610.8)		TRAJ31*00(529.8)		500|512|533|0|12||120.0		23|46|77|16|39||230.0		TGTGCTGTGGAGACATATAACAATGCCAGACTCATGTTT	49	CAVETYNNARLMF	:::::::::0:-1:12:::::16:-3:39:::
2573	462.0	1.8163361747331125E-4	1	1.1548677676406051E-4	TGTGCTCTGACAACTGACAGCTGGGGGAAATTGCAGTTT	NNNNNNNNNNNNNNNNNNNNNNNNNNNNNNNNNNNNNNN	TRAV9-2*00(730.1)		TRAJ24*00(609.2)		480|489|514|0|9||100.0		22|52|83|9|39||320.0		TGTGCTCTGACAACTGACAGCTGGGGGAAATTGCAGTTT	45	CALTTDSWGKLQF	:::::::::0:-5:9:::::9:-2:39:::
3811	462.0	1.8163361747331125E-4	1	1.1548677676406051E-4	TGTGCTGTGACCTCGAGCGTTTCTGGTGGCTACAATAAGCTGATTTTT	NNNNNNNNNNNNNNNNNNNNNNNNNNNNNNNNNNNNNNNNNNNNNNNN	TRAV8-4*00(609.8)		TRAJ4*00(455.4)		476|486|510|0|10||100.0		23|52|83|19|48||290.0		TGTGCTGTGACCTCGAGCGTTTCTGGTGGCTACAATAAGCTGATTTTT	45	CAVTSSVSGGYNKLIF	:::::::::0:-4:10:::::19:-3:48:::
4804	462.0	1.8163361747331125E-4	1	1.1548677676406051E-4	TGTGCTACGGCCGCTAACGACTACAAGCTCAGCTTT	NNNNNNNNNNNNNNNNNNNNNNNNNNNNNNNNNNNN	TRAV17*00(910.4)		TRAJ20*00(530.5)		490|504|523|0|14|SA500C|111.0		24|46|77|14|36||230.0		TGTGCTACGGCCGCTAACGACTACAAGCTCAGCTTT	45	CATAANDYKLSF	:::::::::0:1:14:::::14:-4:36:::
17588	462.0	1.8163361747331125E-4	1	1.1548677676406051E-4	TGTGCAGCAATTCGGTACGGTAACCAGTTCTATTTT	NNNNNNNNNNNNNNNNNNNNNNNNNNNNNNNNNNNN	TRAV29/DV5*00(509.7)		TRAJ49*00(489.7)		529|539|562|0|10||100.0		26|45|76|17|36||190.0		TGTGCAGCAATTCGGTACGGTAACCAGTTCTATTTT	45	CAAIRYGNQFYF	:::::::::0:-3:10:::::17:-6:36:::
17974	462.0	1.8163361747331125E-4	1	1.1548677676406051E-4	TGTGCAGCAAGCGAAACGGACAATGACATGCGCTTT	NNNNNNNNNNNNNNNNNNNNNNNNNNNNNNNNNNNN	TRAV29/DV5*00(579.6)		TRAJ43*00(469.8)		529|542|562|0|13||130.0		26|43|74|19|36||170.0		TGTGCAGCAAGCGAAACGGACAATGACATGCGCTTT	45	CAASETDNDMRF	:::::::::0:0:13:::::19:-6:36:::
3742	461.0	1.8124047111514393E-4	1	1.1548677676406051E-4	TGTGCTGTGGAGGACGGGCTTTGGGAATGTGCTGCATTGC	NNNNNNNNNNNNNNNNNNNNNNNNNNNNNNNNNNNNNNNN	TRAV2*00(1039.3)		TRAJ35*00(497.6)		519|533|553|0|14||140.0		24|48|79|16|40||240.0		TGTGCTGTGGAGGACGGGCTTTGGGAATGTGCTGCATTGC	45	CAVEDGL_GNVLHC	:::::::::0:0:14:::::16:-4:40:::
4128	461.0	1.8124047111514393E-4	1	1.1548677676406051E-4	TGTGCTGTGAGGCCCTCAGGATACAGCACCCTCACCTTT	NNNNNNNNNNNNNNNNNNNNNNNNNNNNNNNNNNNNNNN	TRAV3*00(589.7)		TRAJ11*00(549.6)		437|448|473|0|11||110.0		25|49|80|15|39||240.0		TGTGCTGTGAGGCCCTCAGGATACAGCACCCTCACCTTT	45	CAVRPSGYSTLTF	:::::::::0:-5:11:::::15:-5:39:::
4131	461.0	1.8124047111514393E-4	1	1.1548677676406051E-4	TGTGCTGTGAGGCCCATTCAGGGAGCCCAGAAGCTGGTATTT	NNNNNNNNNNNNNNNNNNNNNNNNNNNNNNNNNNNNNNNNNN	TRAV21*00(961.8)		TRAJ54*00(523.2)		544|558|576|0|14||140.0		22|49|80|15|42||270.0		TGTGCTGTGAGGCCCATTCAGGGAGCCCAGAAGCTGGTATTT	45	CAVRPIQGAQKLVF	:::::::::0:2:14:::::15:-2:42:::
4370	461.0	1.8124047111514393E-4	1	1.1548677676406051E-4	TGTGCTGTAGGTCCCCCTAGGGGAACAACAGACTCGCTTTT	NNNNNNNNNNNNNNNNNNNNNNNNNNNNNNNNNNNNNNNNN	TRAV21*00(949.3)		TRAJ7*00(470.8)		544|552|576|0|8||80.0		23|48|79|16|41|ST26G|221.0		TGTGCTGTAGGTCCCCCTAGGGGAACAACAGACTCGCTTTT	45	CAVGPPR_NNRLAF	:::::::::0:-4:8:::::16:-3:41:::
4690	461.0	1.8124047111514393E-4	1	1.1548677676406051E-4	TGTGCTGGGCAAGGCTTTCAGAAACTTGTATTT	NNNNNNNNNNNNNNNNNNNNNNNNNNNNNNNNN	TRAV35*00(817.9)		TRAJ8*00(509.8)		588|599|620|0|11||110.0		27|49|80|11|33||220.0		TGTGCTGGGCAAGGCTTTCAGAAACTTGTATTT	45	CAGQGFQKLVF	:::::::::0:-1:11:::::11:-7:33:::
18307	461.0	1.8124047111514393E-4	1	1.1548677676406051E-4	TGTGCAGGAGAAAAGGGAGCCCAGAAGCTGGTATTT	NNNNNNNNNNNNNNNNNNNNNNNNNNNNNNNNNNNN	TRAV27*00(641.8)		TRAJ54*00(519.3)		552|562|582|0|10||100.0		26|49|80|13|36||230.0		TGTGCAGGAGAAAAGGGAGCCCAGAAGCTGGTATTT	45	CAGEKGAQKLVF	:::::::::0:0:10:::::13:-6:36:::
1678	460.0	1.8084732475697659E-4	1	1.1548677676406051E-4	TGTGTGGTGTCCAGGACACCGGTAACCAGTTCTATTTT	NNNNNNNNNNNNNNNNNNNNNNNNNNNNNNNNNNNNNN	TRAV12-1*00(489.8)		TRAJ49*00(529.7)		539|548|572|0|9||90.0		22|45|76|15|38||230.0		TGTGTGGTGTCCAGGACACCGGTAACCAGTTCTATTTT	45	CVVSRT_GNQFYF	:::::::::0:-4:9:::::15:-2:38:::
3537	460.0	1.8084732475697659E-4	1	1.1548677676406051E-4	TGTGCTGTGGCAACCAATGCAGGCAAATCAACCTTT	NNNNNNNNNNNNNNNNNNNNNNNNNNNNNNNNNNNN	TRAV36/DV7*00(590.7)		TRAJ27*00(529.9)		500|510|533|0|10||100.0		24|48|79|12|36||240.0		TGTGCTGTGGCAACCAATGCAGGCAAATCAACCTTT	45	CAVATNAGKSTF	:::::::::0:-3:10:::::12:-4:36:::
4514	460.0	1.8084732475697659E-4	1	1.1548677676406051E-4	TGTGCTGGTAGGAATAACAATGCCAGACTCATGTTT	NNNNNNNNNNNNNNNNNNNNNNNNNNNNNNNNNNNN	TRAV35*00(575.2)		TRAJ31*00(559.8)		588|596|620|0|8||80.0		20|46|77|10|36||260.0		TGTGCTGGTAGGAATAACAATGCCAGACTCATGTTT	45	CAGRNNNARLMF	:::::::::0:-4:8:::::10:0:36:::
6354	460.0	1.8084732475697659E-4	1	1.1548677676406051E-4	TGTGCCGTGAATGCGATCGGCTTTGGGAATGTGCTGCATTGC	NNNNNNNNNNNNNNNNNNNNNNNNNNNNNNNNNNNNNNNNNN	TRAV8-1*00(581.2)		TRAJ35*00(570.3)		474|488|508|0|14||150.0		20|48|79|14|42|SA23C|261.0		TGTGCCGTGAATGCGATCGGCTTTGGGAATGTGCTGCATTGC	45	CAVNAIGFGNVLHC	:::::::::0:0:14:::::14:0:42:::
17512	460.0	1.8084732475697659E-4	1	1.1548677676406051E-4	TGTGCAGCGCGCATGGGGAGGGGAGGAGGTGCTGACGGACTCACCTTT	NNNNNNNNNNNNNNNNNNNNNNNNNNNNNNNNNNNNNNNNNNNNNNNN	TRAV23/DV6*00(461.6)		TRAJ45*00(579.6)		517|532|550|0|15|SA525GSA526C|92.0		28|55|86|21|48||270.0		TGTGCAGCGCGCATGGGGAGGGGAGGAGGTGCTGACGGACTCACCTTT	45	CAARMGRGGGADGLTF	:::::::::0:2:15:::::21:-8:48:::
17807	460.0	1.8084732475697659E-4	1	1.1548677676406051E-4	TGTGCAGCAAGCCTCTCCACTACCTCAGGAACCTACAAATACATCTTT	NNNNNNNNNNNNNNNNNNNNNNNNNNNNNNNNNNNNNNNNNNNNNNNN	TRAV29/DV5*00(569.7)		TRAJ40*00(589.7)		529|541|562|0|12||120.0		20|50|81|18|48||300.0		TGTGCAGCAAGCCTCTCCACTACCTCAGGAACCTACAAATACATCTTT	45	CAASLSTTSGTYKYIF	:::::::::0:-1:12:::::18:0:48:::
17973	460.0	1.8084732475697659E-4	1	1.1548677676406051E-4	TGTGCAGCAAGCGAAGAGGTGGTGCTACAAACAAGCTCATCTTT	NNNNNNNNNNNNNNNNNNNNNNNNNNNNNNNNNNNNNNNNNNNN	TRAV23/DV6*00(489.7)		TRAJ32*00(569.6)		517|529|550|0|12||120.0		28|55|86|17|44||270.0		TGTGCAGCAAGCGAAGAGGTGGTGCTACAAACAAGCTCATCTTT	45	CAASEEV_ATNKLIF	:::::::::0:-1:12:::::17:-8:44:::
2247	459.0	1.8045417839880924E-4	1	1.1548677676406051E-4	TGTGCTTATAGGAGCAGAATTCAGGGAGCCCAGAAGCTGGTATTT	NNNNNNNNNNNNNNNNNNNNNNNNNNNNNNNNNNNNNNNNNNNNN	TRAV38-2/DV8*00(608.6)		TRAJ54*00(569.3)		602|617|638|0|15||150.0		21|49|80|17|45||280.0		TGTGCTTATAGGAGCAGAATTCAGGGAGCCCAGAAGCTGGTATTT	45	CAYRSRIQGAQKLVF	:::::::::0:-1:15:::::17:-1:45:::
3584	459.0	1.8045417839880924E-4	1	1.1548677676406051E-4	TGTGCTGTGGGTGCAAGGGCTCAACCCTGGGGAGGCTATACTTT	NNNNNNNNNNNNNNNNNNNNNNNNNNNNNNNNNNNNNNNNNNNN	TRAV8-3*00(590.5)		TRAJ18*00(579.8)		455|469|489|0|14||140.0		28|55|86|17|44||270.0		TGTGCTGTGGGTGCAAGGGCTCAACCCTGGGGAGGCTATACTTT	45	CAVGARA_TLGRLYF	:::::::::0:0:14:::::17:-8:44:::
3744	459.0	1.8045417839880924E-4	1	1.1548677676406051E-4	TGTGCTGTGGAGGACAACTATGGGAACAACAGACTCGCTTTT	NNNNNNNNNNNNNNNNNNNNNNNNNNNNNNNNNNNNNNNNNN	TRAV22*00(549.5)		TRAJ7*00(548.4)		526|538|559|0|12||120.0		22|48|79|16|42||260.0		TGTGCTGTGGAGGACAACTATGGGAACAACAGACTCGCTTTT	45	CAVEDNYGNNRLAF	:::::::::0:-1:12:::::16:-2:42:::
4674	459.0	1.8045417839880924E-4	1	1.1548677676406051E-4	TGTGCTGGGCAGGAAGCTGGTGGTACTAGCTATGGAAAGCTGACATTT	NNNNNNNNNNNNNNNNNNNNNNNNNNNNNNNNNNNNNNNNNNNNNNNN	TRAV35*00(959)		TRAJ52*00(589.4)		588|600|620|0|12||120.0		25|58|89|15|48||330.0		TGTGCTGGGCAGGAAGCTGGTGGTACTAGCTATGGAAAGCTGACATTT	45	CAGQEAGGTSYGKLTF	:::::::::0:0:12:::::15:-5:48:::
17790	459.0	1.8045417839880924E-4	1	1.1548677676406051E-4	TGTGCAGCAAGCTCGGTTGCCAGTAAACTCACCTTT	NNNNNNNNNNNNNNNNNNNNNNNNNNNNNNNNNNNN	TRAV23/DV6*00(490)		TRAJ44*00(499.5)		517|529|550|0|12||120.0		33|52|83|17|36||190.0		TGTGCAGCAAGCTCGGTTGCCAGTAAACTCACCTTT	45	CAASSVASKLTF	:::::::::0:-1:12:::::17:-13:36:::
18100	459.0	1.8045417839880924E-4	1	1.1548677676406051E-4	TGTGCAGGTTAATGCAGGCAACATGCTCACCTTT	NNNNNNNNNNNNNNNNNNNNNNNNNNNNNNNNNN	TRAV27*00(611.4)		TRAJ39*00(559.8)		552|560|582|0|8||80.0		27|52|83|9|34||250.0		TGTGCAGGTTAATGCAGGCAACATGCTCACCTTT	45	CAG*CR_NMLTF	:::::::::0:-2:8:::::9:-7:34:::
18376	459.0	1.8045417839880924E-4	1	1.1548677676406051E-4	TGTGCAGAGGGGGGGGCTCTAGCAACACAGGCAAACTAATCTTT	NNNNNNNNNNNNNNNNNNNNNNNNNNNNNNNNNNNNNNNNNNNN	TRAV5*00(450)		TRAJ37*00(580.6)		523|532|556|0|9||90.0		21|51|82|14|44|SG27A|271.0		TGTGCAGAGGGGGGGGCTCTAGCAACACAGGCAAACTAATCTTT	45	CAEGGAL_NTGKLIF	:::::::::0:-4:9:::::14:-1:44:::
20422	459.0	1.8045417839880924E-4	1	1.1548677676406051E-4	TGCATCGTCAGAGTCGACAGCTATGGTCAGAATTTTGTCTTT	NNNNNNNNNNNNNNNNNNNNNNNNNNNNNNNNNNNNNNNNNN	TRAV26-1*00(649.8)		TRAJ26*00(509.9)		763|779|799|0|16||160.0		27|49|80|20|42||220.0		TGCATCGTCAGAGTCGACAGCTATGGTCAGAATTTTGTCTTT	45	CIVRVDSYGQNFVF	:::::::::0:0:16:::::20:-7:42:::
20454	459.0	1.8045417839880924E-4	1	1.1548677676406051E-4	TGCATCGTCAGAGGAGGTGCTGACGGACTCACCTTT	NNNNNNNNNNNNNNNNNNNNNNNNNNNNNNNNNNNN	TRAV26-1*00(619.4)		TRAJ45*00(569.5)		763|775|799|0|12||130.0		31|55|86|12|36||260.0		TGCATCGTCAGAGGAGGTGCTGACGGACTCACCTTT	45	CIVRGGADGLTF	:::::::::0:-4:12:::::12:-11:36:::
1681	458.0	1.800610320406419E-4	1	1.1548677676406051E-4	TGTGTGGTGTACTATAACTATGGTCAGAATTTTGTCTTT	NNNNNNNNNNNNNNNNNNNNNNNNNNNNNNNNNNNNNNN	TRAV10*00(999.6)		TRAJ26*00(509.9)		575|584|608|0|9||90.0		23|49|80|13|39||260.0		TGTGTGGTGTACTATAACTATGGTCAGAATTTTGTCTTT	45	CVVYYNYGQNFVF	:::::::::0:-4:9:::::13:-3:39:::
3400	458.0	1.800610320406419E-4	1	1.1548677676406051E-4	TGTGCTGTGCCACCGGAGGGGACCAATGCAGGCAAATCAACCTTT	NNNNNNNNNNNNNNNNNNNNNNNNNNNNNNNNNNNNNNNNNNNNN	TRAV22*00(519.4)		TRAJ27*00(529.6)		526|535|559|0|9||90.0		24|48|79|21|45||240.0		TGTGCTGTGCCACCGGAGGGGACCAATGCAGGCAAATCAACCTTT	45	CAVPPEGTNAGKSTF	:::::::::0:-4:9:::::21:-4:45:::
17839	458.0	1.800610320406419E-4	1	1.1548677676406051E-4	TGTGCAGCAAGCCACGTTAACTACTGGTAACCAGTTCTATTTT	NNNNNNNNNNNNNNNNNNNNNNNNNNNNNNNNNNNNNNNNNNN	TRAV23/DV6*00(489.8)		TRAJ49*00(480.8)		517|529|550|0|12||120.0		24|45|76|22|43|SC26T|181.0		TGTGCAGCAAGCCACGTTAACTACTGGTAACCAGTTCTATTTT	45	CAASHVN_TGNQFYF	:::::::::0:-1:12:::::22:-4:43:::
17911	458.0	1.800610320406419E-4	1	1.1548677676406051E-4	TGTGCAGCAAGCGCAAACAATTACAATAACAATGACATGCGCTTT	NNNNNNNNNNNNNNNNNNNNNNNNNNNNNNNNNNNNNNNNNNNNN	TRAV29/DV5*00(589.2)		TRAJ43*00(539.7)		529|543|562|0|14||140.0		19|43|74|21|45||240.0		TGTGCAGCAAGCGCAAACAATTACAATAACAATGACATGCGCTTT	45	CAASANNYNNNDMRF	:::::::::0:1:14:::::21:1:45:::
18566	458.0	1.800610320406419E-4	1	1.1548677676406051E-4	TGTGCAATGGGGGTCTGGTGGGCTTTGGGAATGTGCTGCATTGC	NNNNNNNNNNNNNNNNNNNNNNNNNNNNNNNNNNNNNNNNNNNN	TRAV14/DV4*00(450.9)		TRAJ35*00(539.4)		517|526|554|0|9||90.0		24|48|79|20|44||240.0		TGTGCAATGGGGGTCTGGTGGGCTTTGGGAATGTGCTGCATTGC	45	CAMGVWW_FGNVLHC	:::::::::0:-8:9:::::20:-4:44:::
18883	458.0	1.800610320406419E-4	1	1.1548677676406051E-4	TGTGGCACAGAGAGCGGCTCTAGCAACACAGGCAAACTAATCTTT	NNNNNNNNNNNNNNNNNNNNNNNNNNNNNNNNNNNNNNNNNNNNN	TRAV30*00(470.9)		TRAJ37*00(580.6)		567|580|600|0|13|SC569T|101.0		21|51|82|15|45|SG27A|271.0		TGTGGCACAGAGAGCGGCTCTAGCAACACAGGCAAACTAATCTTT	45	CGTESGSSNTGKLIF	:::::::::0:0:13:::::15:-1:45:::
2534	457.0	1.7966788568247454E-4	1	1.1548677676406051E-4	TGTGCTCTGATCCCCGCGGGGAGGAGGAAACAAACTCACCTTT	NNNNNNNNNNNNNNNNNNNNNNNNNNNNNNNNNNNNNNNNNNN	TRAV9-2*00(709.9)		TRAJ10*00(549.6)		480|490|514|0|10||100.0		28|53|84|18|43||250.0		TGTGCTCTGATCCCCGCGGGGAGGAGGAAACAAACTCACCTTT	45	CALIPAG_GGNKLTF	:::::::::0:-4:10:::::18:-8:43:::
3061	457.0	1.7966788568247454E-4	1	1.1548677676406051E-4	TGTGCTCCCCCTCTACAAAACAATGACATGCGCTTT	NNNNNNNNNNNNNNNNNNNNNNNNNNNNNNNNNNNN	TRAV38-2/DV8*00(519.6)		TRAJ43*00(479.4)		602|608|638|0|6||60.0		25|43|74|18|36||180.0		TGTGCTCCCCCTCTACAAAACAATGACATGCGCTTT	45	CAPPLQNNDMRF	:::::::::0:-10:6:::::18:-5:36:::
4074	457.0	1.7966788568247454E-4	1	1.1548677676406051E-4	TGTGCTGTGAGCTATCTGGGGAGAGATGACAAGATCATCTTT	NNNNNNNNNNNNNNNNNNNNNNNNNNNNNNNNNNNNNNNNNN	TRAV21*00(978.7)		TRAJ30*00(479.8)		544|555|576|0|11||110.0		25|46|77|21|42||210.0		TGTGCTGTGAGCTATCTGGGGAGAGATGACAAGATCATCTTT	45	CAVSYLGRDDKIIF	:::::::::0:-1:11:::::21:-5:42:::
4589	457.0	1.7966788568247454E-4	1	1.1548677676406051E-4	TGTGCTGGGCGGGGAGGAACCTACAAATACATCTTT	NNNNNNNNNNNNNNNNNNNNNNNNNNNNNNNNNNNN	TRAV35*00(938.7)		TRAJ40*00(509.6)		588|598|620|0|10||100.0		28|50|81|14|36||220.0		TGTGCTGGGCGGGGAGGAACCTACAAATACATCTTT	45	CAGRGGTYKYIF	:::::::::0:-2:10:::::14:-8:36:::
6243	457.0	1.7966788568247454E-4	1	1.1548677676406051E-4	TGTGCCGTGGACATGAGAGGCAATAACAATGACATGCGCTTT	NNNNNNNNNNNNNNNNNNNNNNNNNNNNNNNNNNNNNNNNNN	TRAV39*00(789.6)		TRAJ43*00(519.2)		507|522|540|0|15||150.0		21|43|74|20|42||220.0		TGTGCCGTGGACATGAGAGGCAATAACAATGACATGCGCTTT	45	CAVDMRGNNNDMRF	:::::::::0:2:15:::::20:-1:42:::
18033	457.0	1.7966788568247454E-4	1	1.1548677676406051E-4	TGTGCAGCAAGGTCCCCCCCGGCACTGCCAGTAAACTCACCTTT	NNNNNNNNNNNNNNNNNNNNNNNNNNNNNNNNNNNNNNNNNNNN	TRAV13-1*00(969.6)		TRAJ44*00(529.4)		511|522|544|0|11||110.0		26|52|83|18|44||260.0		TGTGCAGCAAGGTCCCCCCCGGCACTGCCAGTAAACTCACCTTT	45	CAARSPP_TASKLTF	:::::::::0:-2:11:::::18:-6:44:::
19106	457.0	1.7966788568247454E-4	1	1.1548677676406051E-4	TGCGCTGTGTGGGATAGCAACTATCAGTTAATCTGG	NNNNNNNNNNNNNNNNNNNNNNNNNNNNNNNNNNNN	TRAV1-1*00(662.7)		TRAJ33*00(457.8)		670|683|704|0|13|SA679TSA681G|92.0		23|46|77|13|36||250.0		TGCGCTGTGTGGGATAGCAACTATCAGTTAATCTGG	45	CAVWDSNYQLIW	:::::::::0:-1:13:::::13:-3:36:::
3034	456.0	1.7927473932430722E-4	1	1.1548677676406051E-4	TGTGCTCCTTTATACCTCAGGAACCTACAAATACATCTTT	NNNNNNNNNNNNNNNNNNNNNNNNNNNNNNNNNNNNNNNN	TRAV17*00(859.6)		TRAJ40*00(568)		490|496|523|0|6||60.0		22|50|81|12|40||280.0		TGTGCTCCTTTATACCTCAGGAACCTACAAATACATCTTT	45	CAPLYLR_TYKYIF	:::::::::0:-7:6:::::12:-2:40:::
3978	456.0	1.7927473932430722E-4	1	1.1548677676406051E-4	TGTGCTGTGAGTGATCAAAATAACAATGACATGCGCTTT	NNNNNNNNNNNNNNNNNNNNNNNNNNNNNNNNNNNNNNN	TRAV8-4*00(695.1)		TRAJ43*00(509)		476|493|510|0|17||170.0		22|43|74|18|39||210.0		TGTGCTGTGAGTGATCAAAATAACAATGACATGCGCTTT	45	CAVSDQNNNDMRF	:::::::::0:3:17:::::18:-2:39:::
4006	456.0	1.7927473932430722E-4	1	1.1548677676406051E-4	TGTGCTGTGAGTGACCCCTTAGGAACCTACAAATACATCTTT	NNNNNNNNNNNNNNNNNNNNNNNNNNNNNNNNNNNNNNNNNN	TRAV8-4*00(668.3)		TRAJ40*00(520.3)		476|490|510|0|14||140.0		24|50|81|16|42|SC27T|231.0		TGTGCTGTGAGTGACCCCTTAGGAACCTACAAATACATCTTT	45	CAVSDPLGTYKYIF	:::::::::0:0:14:::::16:-4:42:::
5958	456.0	1.7927473932430722E-4	1	1.1548677676406051E-4	TGTGCCTACCTCAGAGGCTCAACCCTGGGGAGGCTATACTTT	NNNNNNNNNNNNNNNNNNNNNNNNNNNNNNNNNNNNNNNNNN	TRAV24*00(275.2)		TRAJ18*00(608.3)		515|522|545|0|7||70.0		24|55|86|11|42||310.0		TGTGCCTACCTCAGAGGCTCAACCCTGGGGAGGCTATACTTT	45	CAYLRGSTLGRLYF	:::::::::0:-3:7:::::11:-4:42:::
6190	456.0	1.7927473932430722E-4	1	1.1548677676406051E-4	TGTGCCGTGGTGGAGTAACAATGACATGCGCTTT	NNNNNNNNNNNNNNNNNNNNNNNNNNNNNNNNNN	TRAV39*00(739.4)		TRAJ43*00(417.6)		507|517|540|0|10||100.0		24|43|74|15|34||190.0		TGTGCCGTGGTGGAGTAACAATGACATGCGCTTT	45	CAVVE*_NDMRF	:::::::::0:-3:10:::::15:-4:34:::
17477	456.0	1.7927473932430722E-4	1	1.1548677676406051E-4	TGTGCAGCCTAGGGAATAATGCAGGCAACATGCTCACCTTT	NNNNNNNNNNNNNNNNNNNNNNNNNNNNNNNNNNNNNNNNN	TRAV27*00(590.6)		TRAJ39*00(579.4)		552|559|582|0|7||70.0		25|52|83|14|41||270.0		TGTGCAGCCTAGGGAATAATGCAGGCAACATGCTCACCTTT	45	CAA*GIM_GNMLTF	:::::::::0:-3:7:::::14:-5:41:::
3155	455.0	1.7888159296613988E-4	1	1.1548677676406051E-4	TGTGCTGTTTGAATTCAGGATACAGCACCCTCACCTTT	NNNNNNNNNNNNNNNNNNNNNNNNNNNNNNNNNNNNNN	TRAV1-2*00(639.9)		TRAJ11*00(599.6)		620|628|654|0|8||80.0		20|49|80|9|38||290.0		TGTGCTGTTTGAATTCAGGATACAGCACCCTCACCTTT	45	CAV*IQ_YSTLTF	:::::::::0:-6:8:::::9:0:38:::
6209	455.0	1.7888159296613988E-4	1	1.1548677676406051E-4	TGTGCCGTGGGTTCTTATAACCAGGGAGGAAAGCTTATCTTC	NNNNNNNNNNNNNNNNNNNNNNNNNNNNNNNNNNNNNNNNNN	TRAV12-2*00(671.6)		TRAJ23*00(529)		551|560|584|0|9||90.0		24|52|83|14|42||280.0		TGTGCCGTGGGTTCTTATAACCAGGGAGGAAAGCTTATCTTC	45	CAVGSYNQGGKLIF	:::::::::0:-4:9:::::14:-4:42:::
6302	455.0	1.7888159296613988E-4	1	1.1548677676406051E-4	TGTGCCGTGACCGACTTAATTCAGGGAGCCCAGAAGCTGGTATTT	NNNNNNNNNNNNNNNNNNNNNNNNNNNNNNNNNNNNNNNNNNNNN	TRAV39*00(729.7)		TRAJ54*00(579.1)		507|516|540|0|9||90.0		20|49|80|16|45||290.0		TGTGCCGTGACCGACTTAATTCAGGGAGCCCAGAAGCTGGTATTT	45	CAVTDLIQGAQKLVF	:::::::::0:-4:9:::::16:0:45:::
18704	454.0	1.7848844660797253E-4	1	1.1548677676406051E-4	TGTGCAATGAGAGGGCCTACTATAATTCAGGGAGCCCAGAAGCTGGTATTT	NNNNNNNNNNNNNNNNNNNNNNNNNNNNNNNNNNNNNNNNNNNNNNNNNNN	TRAV14/DV4*00(860.3)		TRAJ54*00(569.3)		517|530|554|0|13||130.0		18|49|80|20|51||310.0		TGTGCAATGAGAGGGCCTACTATAATTCAGGGAGCCCAGAAGCTGGTATTT	45	CAMRGPTIIQGAQKLVF	:::::::::0:-4:13:::::20:2:51:::
20169	454.0	1.7848844660797253E-4	1	1.1548677676406051E-4	TGCGGCACAGACGCCCTTGGCTGGTGGTACTAGCTATGGAAAGCTGACATTT	NNNNNNNNNNNNNNNNNNNNNNNNNNNNNNNNNNNNNNNNNNNNNNNNNNNN	TRAV30*00(479.8)		TRAJ52*00(630.9)		567|578|600|0|11||110.0		25|58|89|19|52||330.0		TGCGGCACAGACGCCCTTGGCTGGTGGTACTAGCTATGGAAAGCTGACATTT	45	CGTDALGWW_TSYGKLTF	:::::::::0:-2:11:::::19:-5:52:::
3914	453.0	1.7809530024980518E-4	1	1.1548677676406051E-4	TGTGCTGTGAGTGGCGGAGGAGGAAACAAACTCACCTTT	NNNNNNNNNNNNNNNNNNNNNNNNNNNNNNNNNNNNNNN	TRAV8-4*00(679.6)		TRAJ10*00(539.9)		476|489|510|0|13||130.0		29|53|84|15|39||240.0		TGTGCTGTGAGTGGCGGAGGAGGAAACAAACTCACCTTT	45	CAVSGGGGNKLTF	:::::::::0:-1:13:::::15:-9:39:::
4330	453.0	1.7809530024980518E-4	1	1.1548677676406051E-4	TGTGCTGTGAACCCCCCCGGTTCTGCAAGGCAACTGACCTTT	NNNNNNNNNNNNNNNNNNNNNNNNNNNNNNNNNNNNNNNNNN	TRAV8-4*00(649.4)		TRAJ22*00(549.3)		476|486|510|0|10||100.0		28|52|83|18|42||240.0		TGTGCTGTGAACCCCCCCGGTTCTGCAAGGCAACTGACCTTT	45	CAVNPPGSARQLTF	:::::::::0:-4:10:::::18:-8:42:::
4860	453.0	1.7809530024980518E-4	1	1.1548677676406051E-4	TGTGCTACGGACGCGGTCTCCTGACAGCTGGGGGAAATTGCAGTTT	NNNNNNNNNNNNNNNNNNNNNNNNNNNNNNNNNNNNNNNNNNNNNN	TRAV17*00(949.4)		TRAJ24*00(529.6)		490|505|523|0|15||150.0		26|52|83|20|46||260.0		TGTGCTACGGACGCGGTCTCCTGACAGCTGGGGGAAATTGCAGTTT	45	CATDAVS*_SWGKLQF	:::::::::0:2:15:::::20:-6:46:::
20197	453.0	1.7809530024980518E-4	1	1.1548677676406051E-4	TGCATCCTGTACCTCTGGGGCTGGGAGTTACCAACTCACTTTC	NNNNNNNNNNNNNNNNNNNNNNNNNNNNNNNNNNNNNNNNNNN	TRAV26-2*00(668.4)		TRAJ28*00(599.7)		791|800|826|0|9||90.0		24|55|86|12|43||310.0		TGCATCCTGTACCTCTGGGGCTGGGAGTTACCAACTCACTTTC	45	CILYLWG_GSYQLTF	:::::::::0:-6:9:::::12:-4:43:::
20343	453.0	1.7809530024980518E-4	1	1.1548677676406051E-4	TGCATCGTCAGTCCGAACTCAAATTCCGGGTATGCACTCAACTTC	NNNNNNNNNNNNNNNNNNNNNNNNNNNNNNNNNNNNNNNNNNNNN	TRAV26-1*00(599.5)		TRAJ41*00(590.7)		763|773|799|0|10||110.0		16|51|82|10|45|ST18C|331.0		TGCATCGTCAGTCCGAACTCAAATTCCGGGTATGCACTCAACTTC	45	CIVSPNSNSGYALNF	:::::::::0:-6:10:::::10:4:45:::
1580	452.0	1.7770215389163786E-4	1	1.1548677676406051E-4	TGTGTTGTGACTATGGATAGCAGCTATAAATTGATCTTC	NNNNNNNNNNNNNNNNNNNNNNNNNNNNNNNNNNNNNNN	TRAV8-2*00(618.6)		TRAJ12*00(539.8)		466|476|500|0|10||100.0		22|49|80|12|39||270.0		TGTGTTGTGACTATGGATAGCAGCTATAAATTGATCTTC	45	CVVTMDSSYKLIF	:::::::::0:-4:10:::::12:-2:39:::
1581	452.0	1.7770215389163786E-4	1	1.1548677676406051E-4	TGTGTTGTGACCTTCAACACCGACAAGCTCATCTTT	NNNNNNNNNNNNNNNNNNNNNNNNNNNNNNNNNNNN	TRAV8-2*00(611.8)		TRAJ34*00(509.7)		466|476|500|0|10||100.0		26|47|78|15|36||210.0		TGTGTTGTGACCTTCAACACCGACAAGCTCATCTTT	45	CVVTFNTDKLIF	:::::::::0:-4:10:::::15:-6:36:::
2289	452.0	1.7770215389163786E-4	1	1.1548677676406051E-4	TGTGCTCTTCTGGGGGGGGACACGGGCAGGAGAGCACTTACTTTT	NNNNNNNNNNNNNNNNNNNNNNNNNNNNNNNNNNNNNNNNNNNNN	TRAV9-2*00(689.4)		TRAJ5*00(579.6)		480|488|514|0|8||80.0		21|49|80|17|45||280.0		TGTGCTCTTCTGGGGGGGGACACGGGCAGGAGAGCACTTACTTTT	45	CALLGGDTGRRALTF	:::::::::0:-6:8:::::17:-1:45:::
2516	452.0	1.7770215389163786E-4	1	1.1548677676406051E-4	TGTGCTCTGGGGGGAATGGGAGGAGGTGCTGACGGACTCACCTTT	NNNNNNNNNNNNNNNNNNNNNNNNNNNNNNNNNNNNNNNNNNNNN	TRAV19*00(699.3)		TRAJ45*00(579.6)		556|565|593|0|9||90.0		28|55|86|18|45||270.0		TGTGCTCTGGGGGGAATGGGAGGAGGTGCTGACGGACTCACCTTT	45	CALGGMGGGADGLTF	:::::::::0:-8:9:::::18:-8:45:::
2727	452.0	1.7770215389163786E-4	1	1.1548677676406051E-4	TGTGCTCTGAGTGAGGCGCGATAACTATGGTCAGAATTTTGTCTTT	NNNNNNNNNNNNNNNNNNNNNNNNNNNNNNNNNNNNNNNNNNNNNN	TRAV19*00(799.2)		TRAJ26*00(560.4)		556|574|593|0|18||190.0		21|49|80|18|46|SG21C|271.0		TGTGCTCTGAGTGAGGCGCGATAACTATGGTCAGAATTTTGTCTTT	45	CALSEAR*_YGQNFVF	:::::::::0:1:18:::::18:-1:46:::
3456	452.0	1.7770215389163786E-4	1	1.1548677676406051E-4	TGTGCTGTGCAGGGTGAAACGGGCAGGAGAGCACTTACTTTT	NNNNNNNNNNNNNNNNNNNNNNNNNNNNNNNNNNNNNNNNNN	TRAV20*00(538.6)		TRAJ5*00(540.5)		498|511|531|0|13||130.0		22|49|80|15|42|SC24A|241.0		TGTGCTGTGCAGGGTGAAACGGGCAGGAGAGCACTTACTTTT	45	CAVQGETGRRALTF	:::::::::0:0:13:::::15:-2:42:::
3776	452.0	1.7770215389163786E-4	1	1.1548677676406051E-4	TGTGCTGTGGAAAGGAATAACAATGACATGCGCTTT	NNNNNNNNNNNNNNNNNNNNNNNNNNNNNNNNNNNN	TRAV2*00(674.9)		TRAJ43*00(501.8)		519|530|553|0|11||110.0		22|43|74|15|36||210.0		TGTGCTGTGGAAAGGAATAACAATGACATGCGCTTT	45	CAVERNNNDMRF	:::::::::0:-3:11:::::15:-2:36:::
4173	452.0	1.7770215389163786E-4	1	1.1548677676406051E-4	TGTGCTGTGAGGGGAGGCACCAATGCAGGCAAATCAACCTTT	NNNNNNNNNNNNNNNNNNNNNNNNNNNNNNNNNNNNNNNNNN	TRAV8-4*00(618.6)		TRAJ27*00(539.5)		476|487|510|0|11||110.0		23|48|79|17|42||250.0		TGTGCTGTGAGGGGAGGCACCAATGCAGGCAAATCAACCTTT	45	CAVRGGTNAGKSTF	:::::::::0:-3:11:::::17:-3:42:::
4713	452.0	1.7770215389163786E-4	1	1.1548677676406051E-4	TGTGCTGGGGATAAATATGGAAACAAGCTGGTCTTT	NNNNNNNNNNNNNNNNNNNNNNNNNNNNNNNNNNNN	TRAV17*00(859.3)		TRAJ47*00(510.6)		490|496|523|0|6||60.0		23|46|77|13|36|SA36G|201.0		TGTGCTGGGGATAAATATGGAAACAAGCTGGTCTTT	45	CAGDKYGNKLVF	:::::::::0:-7:6:::::13:-3:36:::
6457	452.0	1.7770215389163786E-4	1	1.1548677676406051E-4	TGTGCCGTGAAAGGGGGAATATAGAAACAAACTGGTCTTT	NNNNNNNNNNNNNNNNNNNNNNNNNNNNNNNNNNNNNNNN	TRAV12-2*00(764.2)		TRAJ47*00(508.6)		551|562|584|0|11||110.0		21|46|77|15|40|SG28A|221.0		TGTGCCGTGAAAGGGGGAATATAGAAACAAACTGGTCTTT	45	CAVKGGI_RNKLVF	:::::::::0:-2:11:::::15:-1:40:::
18278	452.0	1.7770215389163786E-4	1	1.1548677676406051E-4	TGTGCAGGAGCACTTTAAGAACACCGGTAACCAGTTCTATTTT	NNNNNNNNNNNNNNNNNNNNNNNNNNNNNNNNNNNNNNNNNNN	TRAV27*00(629.8)		TRAJ49*00(549.7)		552|563|582|0|11||110.0		20|45|76|18|43||250.0		TGTGCAGGAGCACTTTAAGAACACCGGTAACCAGTTCTATTTT	45	CAGAL*E_TGNQFYF	:::::::::0:1:11:::::18:0:43:::
18455	452.0	1.7770215389163786E-4	1	1.1548677676406051E-4	TGTGCAGAGAGATACTATGGTCAGAATTTTGTCTTT	NNNNNNNNNNNNNNNNNNNNNNNNNNNNNNNNNNNN	TRAV5*00(469.7)		TRAJ26*00(519.7)		523|534|556|0|11||110.0		26|49|80|13|36||230.0		TGTGCAGAGAGATACTATGGTCAGAATTTTGTCTTT	45	CAERYYGQNFVF	:::::::::0:-2:11:::::13:-6:36:::
19059	452.0	1.7770215389163786E-4	1	1.1548677676406051E-4	TGCCTCGTGGGGAACATGGACACGGGCAGGAGAGCACTTACTTTT	NNNNNNNNNNNNNNNNNNNNNNNNNNNNNNNNNNNNNNNNNNNNN	TRAV4*00(715.9)		TRAJ5*00(584.4)		768|784|804|0|16|ST779GSG780A|122.0		20|49|80|16|45||310.0		TGCCTCGTGGGGAACATGGACACGGGCAGGAGAGCACTTACTTTT	45	CLVGNMDTGRRALTF	:::::::::0:0:16:::::16:0:45:::
2642	451.0	1.7730900753347052E-4	1	1.1548677676406051E-4	TGTGCTCTGAGTGGAAATGCTGGTGGTACTAGCTATGGAAAGCTGACATTT	NNNNNNNNNNNNNNNNNNNNNNNNNNNNNNNNNNNNNNNNNNNNNNNNNNN	TRAV9-2*00(729.3)		TRAJ52*00(659.4)		480|493|514|0|13||130.0		22|58|89|15|51||360.0		TGTGCTCTGAGTGGAAATGCTGGTGGTACTAGCTATGGAAAGCTGACATTT	45	CALSGNAGGTSYGKLTF	:::::::::0:-1:13:::::15:-2:51:::
2695	451.0	1.7730900753347052E-4	1	1.1548677676406051E-4	TGTGCTCTGAGTGAGTGGGGCGCAGGCAAATCAACCTTT	NNNNNNNNNNNNNNNNNNNNNNNNNNNNNNNNNNNNNNN	TRAV19*00(759.7)		TRAJ27*00(469.8)		556|571|593|0|15||150.0		30|48|79|21|39||180.0		TGTGCTCTGAGTGAGTGGGGCGCAGGCAAATCAACCTTT	45	CALSEWGAGKSTF	:::::::::0:-2:15:::::21:-10:39:::
3693	451.0	1.7730900753347052E-4	1	1.1548677676406051E-4	TGTGCTGTGGAGCGGCGTAATGCAGGCAACATGCTCACCTTT	NNNNNNNNNNNNNNNNNNNNNNNNNNNNNNNNNNNNNNNNNN	TRAV22*00(569.5)		TRAJ39*00(559.1)		526|540|559|0|14||140.0		27|52|83|17|42||250.0		TGTGCTGTGGAGCGGCGTAATGCAGGCAACATGCTCACCTTT	45	CAVERRNAGNMLTF	:::::::::0:1:14:::::17:-7:42:::
4798	451.0	1.7730900753347052E-4	1	1.1548677676406051E-4	TGTGCTACGGCCCCCGTTCTAACGACTACAAGCTCAGCTTT	NNNNNNNNNNNNNNNNNNNNNNNNNNNNNNNNNNNNNNNNN	TRAV17*00(899.4)		TRAJ20*00(569.7)		490|500|523|0|10||100.0		19|46|77|14|41||270.0		TGTGCTACGGCCCCCGTTCTAACGACTACAAGCTCAGCTTT	45	CATAPVL_DYKLSF	:::::::::0:-3:10:::::14:1:41:::
6454	451.0	1.7730900753347052E-4	1	1.1548677676406051E-4	TGTGCCGTGAAACGCTTACTATGGTCAGAATTTTGTCTTT	NNNNNNNNNNNNNNNNNNNNNNNNNNNNNNNNNNNNNNNN	TRAV12-2*00(968.8)		TRAJ26*00(499.5)		551|562|584|0|11||110.0		26|49|80|17|40||230.0		TGTGCCGTGAAACGCTTACTATGGTCAGAATTTTGTCTTT	45	CAVKRLL_GQNFVF	:::::::::0:-2:11:::::17:-6:40:::
17622	451.0	1.7730900753347052E-4	1	1.1548677676406051E-4	TGTGCAGCAACCCCCTCGTTCTGGTTCTGCAAGGCAACTGACCTTT	NNNNNNNNNNNNNNNNNNNNNNNNNNNNNNNNNNNNNNNNNNNNNN	TRAV23/DV6*00(469.4)		TRAJ22*00(589.1)		517|527|550|0|10||100.0		24|52|83|18|46||280.0		TGTGCAGCAACCCCCTCGTTCTGGTTCTGCAAGGCAACTGACCTTT	45	CAATPSFW_SARQLTF	:::::::::0:-3:10:::::18:-4:46:::
18110	451.0	1.7730900753347052E-4	1	1.1548677676406051E-4	TGTGCAGGTGTCAACTTCAACAAATTTTACTTT	NNNNNNNNNNNNNNNNNNNNNNNNNNNNNNNNN	TRAV25*00(539.9)		TRAJ21*00(529.9)		620|628|649|0|8||80.0		22|44|75|11|33||220.0		TGTGCAGGTGTCAACTTCAACAAATTTTACTTT	45	CAGVNFNKFYF	:::::::::0:-1:8:::::11:-2:33:::
647	450.0	1.7691586117530317E-4	2	2.3097355352812103E-4	TGTGCTGTCATGGATAGCAACTATCAGTTAATCTGG	[[[[[[[[[[[[[[[[[[[[[[[[[[[[[[[[[[[[	TRAV1-2*00(639.8)		TRAJ33*00(569.3)		620|628|654|0|8||80.0		18|46|77|8|36||280.0		TGTGCTGTCATGGATAGCAACTATCAGTTAATCTGG	58	CAVMDSNYQLIW	:::::::::0:-6:8:::::8:2:36:::
4692	450.0	1.7691586117530317E-4	1	1.1548677676406051E-4	TGTGCTGGGCAAAAAGCAGGGAGCCCAGAAGCTGGTATTT	NNNNNNNNNNNNNNNNNNNNNNNNNNNNNNNNNNNNNNNN	TRAV35*00(949.7)		TRAJ54*00(529.6)		588|599|620|0|11||110.0		25|49|80|16|40||240.0		TGTGCTGGGCAAAAAGCAGGGAGCCCAGAAGCTGGTATTT	45	CAGQKAG_AQKLVF	:::::::::0:-1:11:::::16:-5:40:::
18167	450.0	1.7691586117530317E-4	1	1.1548677676406051E-4	TGTGCAGGGCGTATTTCGGGTGCAGGCAACATGCTCACCTTT	NNNNNNNNNNNNNNNNNNNNNNNNNNNNNNNNNNNNNNNNNN	TRAV25*00(559.7)		TRAJ39*00(529.7)		620|630|649|0|10||100.0		30|52|83|20|42||220.0		TGTGCAGGGCGTATTTCGGGTGCAGGCAACATGCTCACCTTT	45	CAGRISGAGNMLTF	:::::::::0:1:10:::::20:-10:42:::
19150	450.0	1.7691586117530317E-4	1	1.1548677676406051E-4	TGCGCTGTGAGAGATCTTAACTATGGTCAGAATTTTGTCTTT	NNNNNNNNNNNNNNNNNNNNNNNNNNNNNNNNNNNNNNNNNN	TRAV1-1*00(740.4)		TRAJ26*00(539.7)		670|687|704|0|17||170.0		24|49|80|17|42||250.0		TGCGCTGTGAGAGATCTTAACTATGGTCAGAATTTTGTCTTT	45	CAVRDLNYGQNFVF	:::::::::0:3:17:::::17:-4:42:::
3103	449.0	1.7652271481713582E-4	1	1.1548677676406051E-4	TGTGCTCCGAGGGGGACAGGCTTTCAGAAACTTGTATTT	NNNNNNNNNNNNNNNNNNNNNNNNNNNNNNNNNNNNNNN	TRAV17*00(860.3)		TRAJ8*00(529.3)		490|499|523|0|9|SA496C|61.0		25|49|80|15|39||240.0		TGTGCTCCGAGGGGGACAGGCTTTCAGAAACTTGTATTT	45	CAPRGTGFQKLVF	:::::::::0:-4:9:::::15:-5:39:::
3136	449.0	1.7652271481713582E-4	1	1.1548677676406051E-4	TGTGCTCAGATAGGGAACCAGGGAGGAAAGCTTATCTTC	NNNNNNNNNNNNNNNNNNNNNNNNNNNNNNNNNNNNNNN	TRAV17*00(859.7)		TRAJ23*00(510.5)		490|496|523|0|6||60.0		28|52|83|15|39||240.0		TGTGCTCAGATAGGGAACCAGGGAGGAAAGCTTATCTTC	45	CAQIGNQGGKLIF	:::::::::0:-7:6:::::15:-8:39:::
4766	449.0	1.7652271481713582E-4	1	1.1548677676406051E-4	TGTGCTACTCCGCA	NNNNNNNNNNNNNN	TRAV17*00(889.5)		TRAJ44*00(309.9)		490|498|523|0|8||80.0		52|52|83|14|14||0.0		TGTGCTACTCCGCA	45	CA_SA	:::::::::0:-5:8:::::14:-32:14:::
6366	449.0	1.7652271481713582E-4	1	1.1548677676406051E-4	TGTGCCGTGAATAGTGGAGGAAGCTACATACCTACATTT	NNNNNNNNNNNNNNNNNNNNNNNNNNNNNNNNNNNNNNN	TRAV8-1*00(589.3)		TRAJ6*00(549.2)		474|486|508|0|12||120.0		27|51|82|15|39||240.0		TGTGCCGTGAATAGTGGAGGAAGCTACATACCTACATTT	45	CAVNSGGSYIPTF	:::::::::0:-2:12:::::15:-7:39:::
18359	449.0	1.7652271481713582E-4	1	1.1548677676406051E-4	TGTGCAGAGGTTTGCATAGGAACACCGGTAACCAGTTCTATTTT	NNNNNNNNNNNNNNNNNNNNNNNNNNNNNNNNNNNNNNNNNNNN	TRAV13-2*00(539.9)		TRAJ49*00(549.9)		506|515|539|0|9||90.0		20|45|76|19|44||250.0		TGTGCAGAGGTTTGCATAGGAACACCGGTAACCAGTTCTATTTT	45	CAEVCIG_TGNQFYF	:::::::::0:-4:9:::::19:0:44:::
18985	449.0	1.7652271481713582E-4	1	1.1548677676406051E-4	TGCCTCGTGGGTGTAGAAATACTGGAGGCTTCAAAACTATCTTT	NNNNNNNNNNNNNNNNNNNNNNNNNNNNNNNNNNNNNNNNNNNN	TRAV4*00(998.8)		TRAJ9*00(549.6)		768|781|804|0|13||130.0		21|50|81|15|44||290.0		TGCCTCGTGGGTGTAGAAATACTGGAGGCTTCAAAACTATCTTT	45	CLVGVEI_GGFKTIF	:::::::::0:-3:13:::::15:-1:44:::
622	448.0	1.761295684589685E-4	2	2.3097355352812103E-4	TGTGCTCTTGGGGAAGACGAAGGTAGAGTAAGCTGACATTT	[[[[[[[[[[[[[[[[[[[[[[[[[[[[[[[[[[[[[[[[[	TRDV1*00(1019.7)		TRAJ56*00(420)		573|588|610|0|15||150.0		36|51|82|26|41||150.0		TGTGCTCTTGGGGAAGACGAAGGTAGAGTAAGCTGACATTT	58	CALGEDE_*SKLTF	:::::::::0:-2:15:::::26:-16:41:::
2469	448.0	1.761295684589685E-4	1	1.1548677676406051E-4	TGTGCTCTCGTATTTCTTCTGGTTCTGCAAGGCAACTGACCTTT	NNNNNNNNNNNNNNNNNNNNNNNNNNNNNNNNNNNNNNNNNNNN	TRAV16*00(948.6)		TRAJ22*00(599.7)		449|457|483|0|8||80.0		19|52|83|11|44||330.0		TGTGCTCTCGTATTTCTTCTGGTTCTGCAAGGCAACTGACCTTT	45	CALVFLL_SARQLTF	:::::::::0:-6:8:::::11:1:44:::
2688	448.0	1.761295684589685E-4	1	1.1548677676406051E-4	TGTGCTCTGAGTGACAGGGCCTATAACTCAGGGCGGATCTGAAAAGCTGGTCTTT	NNNNNNNNNNNNNNNNNNNNNNNNNNNNNNNNNNNNNNNNNNNNNNNNNNNNNNN	TRAV19*00(729.8)		TRAJ57*00(639.5)		556|570|593|0|14||140.0		18|52|83|21|55||340.0		TGTGCTCTGAGTGACAGGGCCTATAACTCAGGGCGGATCTGAAAAGCTGGTCTTT	45	CALSDRAYN_QGGSEKLVF	:::::::::0:-3:14:::::21:2:55:::
3355	448.0	1.761295684589685E-4	1	1.1548677676406051E-4	TGTGCTGTGTTACAATAACAATGACATGCGCTTT	NNNNNNNNNNNNNNNNNNNNNNNNNNNNNNNNNN	TRAV21*00(959.5)		TRAJ43*00(539.4)		544|553|576|0|9||90.0		19|43|74|10|34||240.0		TGTGCTGTGTTACAATAACAATGACATGCGCTTT	45	CAVLQ*_NDMRF	:::::::::0:-3:9:::::10:1:34:::
3821	448.0	1.761295684589685E-4	1	1.1548677676406051E-4	TGTGCTGTGACCCACCAGGGAGTACAGCAGTGCTTCCAAGATAATCTTT	NNNNNNNNNNNNNNNNNNNNNNNNNNNNNNNNNNNNNNNNNNNNNNNNN	TRAV3*00(578.9)		TRAJ3*00(580.9)		437|447|473|0|10||100.0		20|51|82|18|49|SG22A|281.0		TGTGCTGTGACCCACCAGGGAGTACAGCAGTGCTTCCAAGATAATCTTT	45	CAVTHQGV_SSASKIIF	:::::::::0:-6:10:::::18:0:49:::
17584	448.0	1.761295684589685E-4	1	1.1548677676406051E-4	TGTGCAGCAGATGGAAACAAGCTGGTCTTT	NNNNNNNNNNNNNNNNNNNNNNNNNNNNNN	TRAV13-1*00(569.9)		TRAJ47*00(480.6)		511|520|544|0|9||90.0		26|46|77|10|30|SA36G|171.0		TGTGCAGCAGATGGAAACAAGCTGGTCTTT	45	CAADGNKLVF	:::::::::0:-4:9:::::10:-6:30:::
18030	448.0	1.761295684589685E-4	1	1.1548677676406051E-4	TGTGCAGCAAGCAAAGGTAGCCAGAAGCTGGTATTT	NNNNNNNNNNNNNNNNNNNNNNNNNNNNNNNNNNNN	TRAV23/DV6*00(499.6)		TRAJ54*00(448.5)		517|530|550|0|13||130.0		33|49|80|20|36||160.0		TGTGCAGCAAGCAAAGGTAGCCAGAAGCTGGTATTT	45	CAASKGSQKLVF	:::::::::0:0:13:::::20:-13:36:::
3777	447.0	1.7573642210080116E-4	1	1.1548677676406051E-4	TGTGCTGTGGAAAGAATCAGAGATGACAAGATCATCTTT	NNNNNNNNNNNNNNNNNNNNNNNNNNNNNNNNNNNNNNN	TRAV36/DV7*00(629.8)		TRAJ30*00(529.6)		500|511|533|0|11||110.0		24|46|77|17|39||220.0		TGTGCTGTGGAAAGAATCAGAGATGACAAGATCATCTTT	45	CAVERIRDDKIIF	:::::::::0:-2:11:::::17:-4:39:::
4463	447.0	1.7573642210080116E-4	1	1.1548677676406051E-4	TGTGCTGCGGCTCAGCCTCGGGGGAGCAACTATCAGTTAATCTGG	NNNNNNNNNNNNNNNNNNNNNNNNNNNNNNNNNNNNNNNNNNNNN	TRAV21*00(429.9)		TRAJ33*00(499.4)		544|551|576|0|7||70.0		25|46|77|24|45||210.0		TGTGCTGCGGCTCAGCCTCGGGGGAGCAACTATCAGTTAATCTGG	45	CAAAQPRGSNYQLIW	:::::::::0:-5:7:::::24:-5:45:::
4661	447.0	1.7573642210080116E-4	1	1.1548677676406051E-4	TGTGCTGGGCAGGCCTCAAATTCCGGGTATGCACTCAACTTC	NNNNNNNNNNNNNNNNNNNNNNNNNNNNNNNNNNNNNNNNNN	TRAV35*00(691.6)		TRAJ41*00(539.5)		588|600|620|0|12||120.0		23|51|82|14|42||280.0		TGTGCTGGGCAGGCCTCAAATTCCGGGTATGCACTCAACTTC	45	CAGQASNSGYALNF	:::::::::0:0:12:::::14:-3:42:::
2466	446.0	1.753432757426338E-4	1	1.1548677676406051E-4	TGTGCTCTCCGAACGGGGGCAGGCAACATGCTCACCTTT	NNNNNNNNNNNNNNNNNNNNNNNNNNNNNNNNNNNNNNN	TRAV19*00(689.7)		TRAJ39*00(519.2)		556|564|593|0|8||80.0		31|52|83|18|39||210.0		TGTGCTCTCCGAACGGGGGCAGGCAACATGCTCACCTTT	45	CALRTGAGNMLTF	:::::::::0:-9:8:::::18:-11:39:::
3482	446.0	1.753432757426338E-4	1	1.1548677676406051E-4	TGTGCTGTGGTTTAGGGGCCAATAGTAAGCTGACATTT	NNNNNNNNNNNNNNNNNNNNNNNNNNNNNNNNNNNNNN	TRAV36/DV7*00(590.5)		TRAJ56*00(520.5)		500|510|533|0|10||100.0		27|51|82|14|38|SA29G|211.0		TGTGCTGTGGTTTAGGGGCCAATAGTAAGCTGACATTT	45	CAVV*G_NSKLTF	:::::::::0:-3:10:::::14:-7:38:::
3966	446.0	1.753432757426338E-4	1	1.1548677676406051E-4	TGTGCTGTGAGTGATCGACCAATGCAGGCAAATCAACCTTT	NNNNNNNNNNNNNNNNNNNNNNNNNNNNNNNNNNNNNNNNN	TRAV8-4*00(709.5)		TRAJ27*00(529.3)		476|492|510|0|16||160.0		24|48|79|17|41||240.0		TGTGCTGTGAGTGATCGACCAATGCAGGCAAATCAACCTTT	45	CAVSDRP_AGKSTF	:::::::::0:2:16:::::17:-4:41:::
4003	446.0	1.753432757426338E-4	1	1.1548677676406051E-4	TGTGCTGTGAGTGACTGGCATATGACATGCGCTTT	NNNNNNNNNNNNNNNNNNNNNNNNNNNNNNNNNNN	TRAV8-4*00(667.5)		TRAJ43*00(439.6)		476|490|510|0|14||140.0		29|43|74|21|35||140.0		TGTGCTGTGAGTGACTGGCATATGACATGCGCTTT	45	CAVSDW_YDMRF	:::::::::0:0:14:::::21:-9:35:::
4411	446.0	1.753432757426338E-4	1	1.1548677676406051E-4	TGTGCTGCCTGACCTTATGGAGGAAGCCAAGGAAATCTCATCTTT	NNNNNNNNNNNNNNNNNNNNNNNNNNNNNNNNNNNNNNNNNNNNN	TRAV22*00(499.8)		TRAJ42*00(608.4)		526|533|559|0|7||70.0		24|55|86|14|45||310.0		TGTGCTGCCTGACCTTATGGAGGAAGCCAAGGAAATCTCATCTTT	45	CAA*PYGGSQGNLIF	:::::::::0:-6:7:::::14:-4:45:::
17340	446.0	1.753432757426338E-4	1	1.1548677676406051E-4	TGTGCGGCCCGCCGAAGCAACACAGGCAAACTAATCTTT	NNNNNNNNNNNNNNNNNNNNNNNNNNNNNNNNNNNNNNN	TRAV27*00(591.6)		TRAJ37*00(539.9)		552|557|582|0|5||50.0		28|51|82|16|39||230.0		TGTGCGGCCCGCCGAAGCAACACAGGCAAACTAATCTTT	45	CAARRSNTGKLIF	:::::::::0:-5:5:::::16:-8:39:::
17417	446.0	1.753432757426338E-4	1	1.1548677676406051E-4	TGTGCAGTCCCGTACCCGGACAGAGATGACAAGATCATCTTT	NNNNNNNNNNNNNNNNNNNNNNNNNNNNNNNNNNNNNNNNNN	TRAV13-2*00(519.3)		TRAJ30*00(539.7)		506|513|539|0|7||70.0		23|46|77|19|42||230.0		TGTGCAGTCCCGTACCCGGACAGAGATGACAAGATCATCTTT	45	CAVPYPDRDDKIIF	:::::::::0:-6:7:::::19:-3:42:::
17502	446.0	1.753432757426338E-4	1	1.1548677676406051E-4	TGTGCAGCCGAGATATGGAGCTGCAGGCAACAAGCTAACTTTT	NNNNNNNNNNNNNNNNNNNNNNNNNNNNNNNNNNNNNNNNNNN	TRAV23/DV6*00(449.7)		TRAJ17*00(549.7)		517|525|550|0|8||80.0		27|52|83|18|43||250.0		TGTGCAGCCGAGATATGGAGCTGCAGGCAACAAGCTAACTTTT	45	CAAEIWS_AGNKLTF	:::::::::0:-5:8:::::18:-7:43:::
19107	446.0	1.753432757426338E-4	1	1.1548677676406051E-4	TGCGCTGTGTGGGACGACTACAAGCTCAGCTTT	NNNNNNNNNNNNNNNNNNNNNNNNNNNNNNNNN	TRAV1-1*00(660.8)		TRAJ20*00(499.6)		670|679|704|0|9||90.0		26|46|77|13|33||200.0		TGCGCTGTGTGGGACGACTACAAGCTCAGCTTT	45	CAVWDDYKLSF	:::::::::0:-5:9:::::13:-6:33:::
20285	446.0	1.753432757426338E-4	1	1.1548677676406051E-4	TGCATCCTGAGAGACAGCTACGGAGATATGCAGGCAACATGCTCACCTTT	NNNNNNNNNNNNNNNNNNNNNNNNNNNNNNNNNNNNNNNNNNNNNNNNNN	TRAV26-2*00(919.2)		TRAJ39*00(499.3)		791|806|826|0|15||150.0		29|52|83|27|50||230.0		TGCATCCTGAGAGACAGCTACGGAGATATGCAGGCAACATGCTCACCTTT	45	CILRDSYG_YAGNMLTF	:::::::::0:0:15:::::27:-9:50:::
697	445.0	1.7495012938446646E-4	2	2.3097355352812103E-4	TGTGCTGGGCTCTTTGTCGATAGCAACTATCAGTTAATCTGG	[[[[[[[[[[[[[[[[[[[[[[[[[[[[[[[[[[[[[[[[[[	TRAV35*00(939.3)		TRAJ33*00(509.8)		588|598|620|0|10||100.0		22|46|77|18|42||240.0		TGTGCTGGGCTCTTTGTCGATAGCAACTATCAGTTAATCTGG	58	CAGLFVDSNYQLIW	:::::::::0:-2:10:::::18:-2:42:::
1860	445.0	1.7495012938446646E-4	1	1.1548677676406051E-4	TGTGTGGTGAACCTCCCGCGGGGTGGAGGAAGCCAAGGAAATCTCATCTTT	NNNNNNNNNNNNNNNNNNNNNNNNNNNNNNNNNNNNNNNNNNNNNNNNNNN	TRAV12-1*00(979.1)		TRAJ42*00(539.6)		539|551|572|0|12||120.0		27|55|86|23|51||280.0		TGTGTGGTGAACCTCCCGCGGGGTGGAGGAAGCCAAGGAAATCTCATCTTT	45	CVVNLPRGGGSQGNLIF	:::::::::0:-1:12:::::23:-7:51:::
2676	445.0	1.7495012938446646E-4	1	1.1548677676406051E-4	TGTGCTCTGAGTGATAGAGGCAGCGGAGACAAGCTGACTTTT	NNNNNNNNNNNNNNNNNNNNNNNNNNNNNNNNNNNNNNNNNN	TRAV9-2*00(759.9)		TRAJ46*00(519.5)		480|495|514|0|15||150.0		29|52|83|19|42||230.0		TGTGCTCTGAGTGATAGAGGCAGCGGAGACAAGCTGACTTTT	45	CALSDRGSGDKLTF	:::::::::0:1:15:::::19:-9:42:::
4087	445.0	1.7495012938446646E-4	1	1.1548677676406051E-4	TGTGCTGTGAGCCGAAGCAACACAGGCAAACTAATCTTT	NNNNNNNNNNNNNNNNNNNNNNNNNNNNNNNNNNNNNNN	TRAV21*00(948.3)		TRAJ37*00(444.4)		544|555|576|0|11||110.0		28|51|82|16|39||230.0		TGTGCTGTGAGCCGAAGCAACACAGGCAAACTAATCTTT	45	CAVSRSNTGKLIF	:::::::::0:-1:11:::::16:-8:39:::
4182	445.0	1.7495012938446646E-4	1	1.1548677676406051E-4	TGTGCTGTGAGGGAAGACGCAACTCAGGGAGCCCAGAAGCTGGTATTT	NNNNNNNNNNNNNNNNNNNNNNNNNNNNNNNNNNNNNNNNNNNNNNNN	TRAV21*00(989.8)		TRAJ54*00(500.8)		544|556|576|0|12||120.0		21|49|80|20|48|ST23C|251.0		TGTGCTGTGAGGGAAGACGCAACTCAGGGAGCCCAGAAGCTGGTATTT	45	CAVREDATQGAQKLVF	:::::::::0:0:12:::::20:-1:48:::
18387	445.0	1.7495012938446646E-4	1	1.1548677676406051E-4	TGTGCAGAGATCTTCCCCATGGGGCTGGGAGTTACCAACTCACTTTC	NNNNNNNNNNNNNNNNNNNNNNNNNNNNNNNNNNNNNNNNNNNNNNN	TRAV13-2*00(549.8)		TRAJ28*00(569.8)		506|516|539|0|10||100.0		27|55|86|19|47||280.0		TGTGCAGAGATCTTCCCCATGGGGCTGGGAGTTACCAACTCACTTTC	45	CAEIFPMG_GSYQLTF	:::::::::0:-3:10:::::19:-7:47:::
20284	445.0	1.7495012938446646E-4	1	1.1548677676406051E-4	TGCATCCTGAGAGACACTCTGGGGCTGGGAGTTACCAACTCACTTTC	NNNNNNNNNNNNNNNNNNNNNNNNNNNNNNNNNNNNNNNNNNNNNNN	TRAV26-2*00(919.4)		TRAJ28*00(569.9)		791|806|826|0|15||150.0		23|55|86|15|47||320.0		TGCATCCTGAGAGACACTCTGGGGCTGGGAGTTACCAACTCACTTTC	45	CILRDTLG_GSYQLTF	:::::::::0:0:15:::::15:-3:47:::
2263	444.0	1.7455698302629914E-4	1	1.1548677676406051E-4	TGTGCTTATAACCCAGGAACCTACAAATACATCTTT	NNNNNNNNNNNNNNNNNNNNNNNNNNNNNNNNNNNN	TRAV38-2/DV8*00(559.4)		TRAJ40*00(519.7)		602|612|638|0|10||100.0		27|50|81|13|36||230.0		TGTGCTTATAACCCAGGAACCTACAAATACATCTTT	45	CAYNPGTYKYIF	:::::::::0:-6:10:::::13:-7:36:::
3989	444.0	1.7455698302629914E-4	1	1.1548677676406051E-4	TGTGCTGTGAGTGATGGGAGAGGAAGCTACATACCTACATTT	NNNNNNNNNNNNNNNNNNNNNNNNNNNNNNNNNNNNNNNNNN	TRAV8-4*00(680.5)		TRAJ6*00(539.4)		476|491|510|0|15||150.0		28|51|82|19|42||230.0		TGTGCTGTGAGTGATGGGAGAGGAAGCTACATACCTACATTT	45	CAVSDGRGSYIPTF	:::::::::0:1:15:::::19:-8:42:::
6497	444.0	1.7455698302629914E-4	1	1.1548677676406051E-4	TGTGCCGCCCTAACGGGGAATGTGCTGCATTGC	NNNNNNNNNNNNNNNNNNNNNNNNNNNNNNNNN	TRAV25*00(492.8)		TRAJ35*00(489.9)		620|625|649|0|5||50.0		30|48|79|15|33||180.0		TGTGCCGCCCTAACGGGGAATGTGCTGCATTGC	45	CAALTGNVLHC	:::::::::0:-4:5:::::15:-10:33:::
18235	444.0	1.7455698302629914E-4	1	1.1548677676406051E-4	TGTGCAGGACATAATAATGCAGGCAACATGCTCACCTTT	NNNNNNNNNNNNNNNNNNNNNNNNNNNNNNNNNNNNNNN	TRAV27*00(611)		TRAJ39*00(599.6)		552|561|582|0|9||90.0		23|52|83|10|39||290.0		TGTGCAGGACATAATAATGCAGGCAACATGCTCACCTTT	45	CAGHNNAGNMLTF	:::::::::0:-1:9:::::10:-3:39:::
18277	444.0	1.7455698302629914E-4	1	1.1548677676406051E-4	TGTGCAGGAGCATATTATGGAGGAAGCCAAGGAAATCTCATCTTT	NNNNNNNNNNNNNNNNNNNNNNNNNNNNNNNNNNNNNNNNNNNNN	TRAV27*00(651.5)		TRAJ42*00(619.5)		552|563|582|0|11||110.0		23|55|86|13|45||320.0		TGTGCAGGAGCATATTATGGAGGAAGCCAAGGAAATCTCATCTTT	45	CAGAYYGGSQGNLIF	:::::::::0:1:11:::::13:-3:45:::
20215	444.0	1.7455698302629914E-4	1	1.1548677676406051E-4	TGCATCCTGAGTCCCTTCAGGGCGGATCTGAAAAGCTGGTCTTT	NNNNNNNNNNNNNNNNNNNNNNNNNNNNNNNNNNNNNNNNNNNN	TRAV26-2*00(733)		TRAJ57*00(574.6)		791|802|826|0|11||110.0		24|52|83|16|44||280.0		TGCATCCTGAGTCCCTTCAGGGCGGATCTGAAAAGCTGGTCTTT	45	CILSPFR_GSEKLVF	:::::::::0:-4:11:::::16:-4:44:::
3619	443.0	1.741638366681318E-4	1	1.1548677676406051E-4	TGTGCTGTGGGCGATGGTGGTGGTACTAGCTATGGAAAGCTGACATTT	NNNNNNNNNNNNNNNNNNNNNNNNNNNNNNNNNNNNNNNNNNNNNNNN	TRAV8-6*00(661.6)		TRAJ52*00(620.6)		448|462|482|0|14|SA457GST459C|92.0		24|58|89|14|48|SC26G|321.0		TGTGCTGTGGGCGATGGTGGTGGTACTAGCTATGGAAAGCTGACATTT	45	CAVGDGGGTSYGKLTF	:::::::::0:0:14:::::14:-4:48:::
20494	443.0	1.741638366681318E-4	1	1.1548677676406051E-4	TGCATCGACGGACCAGGGAGGAAAGCTTATCTTC	NNNNNNNNNNNNNNNNNNNNNNNNNNNNNNNNNN	TRAV26-1*00(559.9)		TRAJ23*00(539.7)		763|770|799|0|7||70.0		29|52|83|11|34||230.0		TGCATCGACGGACCAGGGAGGAAAGCTTATCTTC	45	CIDGPG_GKLIF	:::::::::0:-9:7:::::11:-9:34:::
1341	442.0	1.7377069030996445E-4	2	2.3097355352812103E-4	TGTGCAGCAAGCGATGCCAGACTCATGTTT	[[[[[[[[[[[[[[[[[[[[[[[[[[[[[[	TRAV29/DV5*00(579.7)		TRAJ31*00(469.7)		529|542|562|0|13||130.0		29|46|77|13|30||170.0		TGTGCAGCAAGCGATGCCAGACTCATGTTT	58	CAASDARLMF	:::::::::0:0:13:::::13:-9:30:::
1776	442.0	1.7377069030996445E-4	1	1.1548677676406051E-4	TGTGTGGTGAGCCGTCCCCCATGGGAACAACAGACTCGCTTTT	NNNNNNNNNNNNNNNNNNNNNNNNNNNNNNNNNNNNNNNNNNN	TRAV10*00(866.1)		TRAJ7*00(497.9)		575|587|608|0|12||120.0		25|48|79|20|43||230.0		TGTGTGGTGAGCCGTCCCCCATGGGAACAACAGACTCGCTTTT	45	CVVSRPP_GNNRLAF	:::::::::0:-1:12:::::20:-5:43:::
1895	442.0	1.7377069030996445E-4	1	1.1548677676406051E-4	TGTGTGGTGAACGGGCAGCAATGCTTCCAAGATAATCTTT	NNNNNNNNNNNNNNNNNNNNNNNNNNNNNNNNNNNNNNNN	TRAV12-1*00(979.1)		TRAJ3*00(428.6)		539|551|572|0|12||120.0		26|51|82|15|40|SG31A|221.0		TGTGTGGTGAACGGGCAGCAATGCTTCCAAGATAATCTTT	45	CVVNGQQ_ASKIIF	:::::::::0:-1:12:::::15:-6:40:::
2118	442.0	1.7377069030996445E-4	1	1.1548677676406051E-4	TGTGCTTCTGTTCAGATGGATAGCAACTATCAGTTAATCTGG	NNNNNNNNNNNNNNNNNNNNNNNNNNNNNNNNNNNNNNNNNN	TRAV36/DV7*00(579.9)		TRAJ33*00(559.6)		500|506|533|0|6||60.0		19|46|77|15|42||270.0		TGTGCTTCTGTTCAGATGGATAGCAACTATCAGTTAATCTGG	45	CASVQMDSNYQLIW	:::::::::0:-7:6:::::15:1:42:::
3408	442.0	1.7377069030996445E-4	1	1.1548677676406051E-4	TGTGCTGTGCGGTATATGGTGGTGCTACAAACAAGCTCATCTTT	NNNNNNNNNNNNNNNNNNNNNNNNNNNNNNNNNNNNNNNNNNNN	TRAV20*00(509.7)		TRAJ32*00(599.5)		498|508|531|0|10||100.0		25|55|86|14|44||300.0		TGTGCTGTGCGGTATATGGTGGTGCTACAAACAAGCTCATCTTT	45	CAVRYMV_ATNKLIF	:::::::::0:-3:10:::::14:-5:44:::
3683	442.0	1.7377069030996445E-4	1	1.1548677676406051E-4	TGTGCTGTGGAGTCCTGGGGGAAATTGCAGTTT	NNNNNNNNNNNNNNNNNNNNNNNNNNNNNNNNN	TRAV2*00(1019.2)		TRAJ24*00(479.7)		519|531|553|0|12||120.0		33|52|83|14|33||190.0		TGTGCTGTGGAGTCCTGGGGGAAATTGCAGTTT	45	CAVESWGKLQF	:::::::::0:-2:12:::::14:-13:33:::
3898	442.0	1.7377069030996445E-4	1	1.1548677676406051E-4	TGTGCTGTGAGTGCCGAGGGACACCAATGCAGGCAAATCAACCTTT	NNNNNNNNNNNNNNNNNNNNNNNNNNNNNNNNNNNNNNNNNNNNNN	TRAV8-4*00(679.8)		TRAJ27*00(549.3)		476|489|510|0|13||130.0		22|48|79|20|46||260.0		TGTGCTGTGAGTGCCGAGGGACACCAATGCAGGCAAATCAACCTTT	45	CAVSAEGH_NAGKSTF	:::::::::0:-1:13:::::20:-2:46:::
4671	442.0	1.7377069030996445E-4	1	1.1548677676406051E-4	TGTGCTGGGCAGGAGGGGCAACATGCTCACCTTT	NNNNNNNNNNNNNNNNNNNNNNNNNNNNNNNNNN	TRAV35*00(745.6)		TRAJ39*00(489.9)		588|600|620|0|12||120.0		34|52|83|16|34||180.0		TGTGCTGGGCAGGAGGGGCAACATGCTCACCTTT	45	CAGQEG_NMLTF	:::::::::0:0:12:::::16:-14:34:::
5639	442.0	1.7377069030996445E-4	1	1.1548677676406051E-4	TGTGCCTTACATGGCAGCTGGGGGAAATTGCAGTTT	NNNNNNNNNNNNNNNNNNNNNNNNNNNNNNNNNNNN	TRAV12-2*00(919.7)		TRAJ24*00(510.8)		551|557|584|0|6||60.0		27|52|83|11|36|SA29G|221.0		TGTGCCTTACATGGCAGCTGGGGGAAATTGCAGTTT	45	CALHGSWGKLQF	:::::::::0:-7:6:::::11:-7:36:::
6277	442.0	1.7377069030996445E-4	1	1.1548677676406051E-4	TGTGCCGTGATCTCGAATTATGGAGGAAGCCAAGGAAATCTCATCTTT	NNNNNNNNNNNNNNNNNNNNNNNNNNNNNNNNNNNNNNNNNNNNNNNN	TRAV8-1*00(569.5)		TRAJ42*00(639.3)		474|484|508|0|10||100.0		21|55|86|14|48||340.0		TGTGCCGTGATCTCGAATTATGGAGGAAGCCAAGGAAATCTCATCTTT	45	CAVISNYGGSQGNLIF	:::::::::0:-4:10:::::14:-1:48:::
6344	442.0	1.7377069030996445E-4	1	1.1548677676406051E-4	TGTGCCGTGAATGCTTTGAATTCTGGGGGTTACCAGAAAGTTACCTTT	NNNNNNNNNNNNNNNNNNNNNNNNNNNNNNNNNNNNNNNNNNNNNNNN	TRAV8-1*00(609.8)		TRAJ13*00(590.4)		474|488|508|0|14||140.0		20|52|83|16|48||320.0		TGTGCCGTGAATGCTTTGAATTCTGGGGGTTACCAGAAAGTTACCTTT	45	CAVNALNSGGYQKVTF	:::::::::0:0:14:::::16:0:48:::
18207	442.0	1.7377069030996445E-4	1	1.1548677676406051E-4	TGTGCAGGGATTTATAACCAGGGAGGAAAGCTTATCTTC	NNNNNNNNNNNNNNNNNNNNNNNNNNNNNNNNNNNNNNN	TRAV27*00(621.5)		TRAJ23*00(580.6)		552|560|582|0|8||80.0		21|52|83|8|39||310.0		TGTGCAGGGATTTATAACCAGGGAGGAAAGCTTATCTTC	45	CAGIYNQGGKLIF	:::::::::0:-2:8:::::8:-1:39:::
18631	442.0	1.7377069030996445E-4	1	1.1548677676406051E-4	TGTGCAATGAGCGCGTTAATCTACTCAGGGTGCTGGTGGTACTAGCTATGGAAAGCTGACATTT	NNNNNNNNNNNNNNNNNNNNNNNNNNNNNNNNNNNNNNNNNNNNNNNNNNNNNNNNNNNNNNNN	TRAV12-3*00(726.3)		TRAJ52*00(622.6)		562|577|595|0|15||150.0		24|58|89|30|64||340.0		TGTGCAATGAGCGCGTTAATCTACTCAGGGTGCTGGTGGTACTAGCTATGGAAAGCTGACATTT	45	CAMSALIYSGC_GGTSYGKLTF	:::::::::0:2:15:::::30:-4:64:::
20184	442.0	1.7377069030996445E-4	1	1.1548677676406051E-4	TGCGGGGTATGCGGCTCTAGCAACACAGGCAAACTAATCTTT	NNNNNNNNNNNNNNNNNNNNNNNNNNNNNNNNNNNNNNNNNN	TRAV30*00(419.7)		TRAJ37*00(580.5)		567|572|600|0|5||50.0		21|51|82|12|42|SG27A|271.0		TGCGGGGTATGCGGCTCTAGCAACACAGGCAAACTAATCTTT	45	CGVCGSSNTGKLIF	:::::::::0:-8:5:::::12:-1:42:::
1732	441.0	1.733775439517971E-4	1	1.1548677676406051E-4	TGTGTGGTGACCCCTATGAACACAGGCTTTCAGAAACTTGTATTT	NNNNNNNNNNNNNNNNNNNNNNNNNNNNNNNNNNNNNNNNNNNNN	TRAV12-1*00(959.7)		TRAJ8*00(549.7)		539|549|572|0|10||100.0		19|49|80|15|45||300.0		TGTGTGGTGACCCCTATGAACACAGGCTTTCAGAAACTTGTATTT	45	CVVTPMNTGFQKLVF	:::::::::0:-3:10:::::15:1:45:::
2565	441.0	1.733775439517971E-4	1	1.1548677676406051E-4	TGTGCTCTGACCATAAACCAGGCAGGAACTGCTCTGATCTTT	NNNNNNNNNNNNNNNNNNNNNNNNNNNNNNNNNNNNNNNNNN	TRAV19*00(710)		TRAJ15*00(579.5)		556|566|593|0|10||100.0		22|49|80|15|42||270.0		TGTGCTCTGACCATAAACCAGGCAGGAACTGCTCTGATCTTT	45	CALTINQAGTALIF	:::::::::0:-7:10:::::15:-2:42:::
3171	441.0	1.733775439517971E-4	1	1.1548677676406051E-4	TGTGCTGTTCGCTCAGGGCGGATCTGAAAAGCTGGTCTTT	NNNNNNNNNNNNNNNNNNNNNNNNNNNNNNNNNNNNNNNN	TRAV20*00(489.4)		TRAJ57*00(589.6)		498|506|531|0|8||80.0		23|52|83|11|40||290.0		TGTGCTGTTCGCTCAGGGCGGATCTGAAAAGCTGGTCTTT	45	CAVRSGR_SEKLVF	:::::::::0:-5:8:::::11:-3:40:::
4973	441.0	1.733775439517971E-4	1	1.1548677676406051E-4	TGTGCTAAAGGGATTCAGGATACAGCACCCTCACCTTT	NNNNNNNNNNNNNNNNNNNNNNNNNNNNNNNNNNNNNN	TRAV25*00(509.8)		TRAJ11*00(569.4)		620|625|649|0|5||50.0		23|49|80|12|38||260.0		TGTGCTAAAGGGATTCAGGATACAGCACCCTCACCTTT	45	CAKGIQ_YSTLTF	:::::::::0:-4:5:::::12:-3:38:::
2276	440.0	1.7298439759362978E-4	1	1.1548677676406051E-4	TGTGCTCTTTTTCCTATGGTCAGAATTTTGTCTTT	NNNNNNNNNNNNNNNNNNNNNNNNNNNNNNNNNNN	TRAV9-2*00(689.9)		TRAJ26*00(529.9)		480|488|514|0|8||80.0		27|49|80|13|35||220.0		TGTGCTCTTTTTCCTATGGTCAGAATTTTGTCTTT	45	CALFPM_QNFVF	:::::::::0:-6:8:::::13:-7:35:::
2927	440.0	1.7298439759362978E-4	1	1.1548677676406051E-4	TGTGCTCTAGGGGAAGGCAAACTAATCTTT	NNNNNNNNNNNNNNNNNNNNNNNNNNNNNN	TRAV6*00(469.5)		TRAJ37*00(469.7)		535|545|568|0|10||100.0		35|51|82|14|30||160.0		TGTGCTCTAGGGGAAGGCAAACTAATCTTT	45	CALGEGKLIF	:::::::::0:-3:10:::::14:-15:30:::
3025	440.0	1.7298439759362978E-4	1	1.1548677676406051E-4	TGTGCTCTAAAGGAGGAATATAGAAACAAACTGGTCTTT	NNNNNNNNNNNNNNNNNNNNNNNNNNNNNNNNNNNNNNN	TRAV16*00(969.6)		TRAJ47*00(490.8)		449|459|483|0|10||100.0		21|46|77|14|39|SG28A|221.0		TGTGCTCTAAAGGAGGAATATAGAAACAAACTGGTCTTT	45	CALKEEYRNKLVF	:::::::::0:-4:10:::::14:-1:39:::
4989	440.0	1.7298439759362978E-4	1	1.1548677676406051E-4	TGTGCCTTTCCCCTATCTCAGGAGGAGGTGCTGACGGACTGAGGAGGTGCTGACGGACTCACCTTT	NNNNNNNNNNNNNNNNNNNNNNNNNNNNNNNNNNNNNNNNNNNNNNNNNNNNNNNNNNNNNNNNNN	TRAV12-3*00(449.8)		TRAJ45*00(350.2)		562|567|595|0|5||50.0		29|55|86|40|66||260.0		TGTGCCTTTCCCCTATCTCAGGAGGAGGTGCTGACGGACTGAGGAGGTGCTGACGGACTCACCTTT	45	CAFPLSQEEVLTD*GGADGLTF	:::::::::0:-8:5:::::40:-9:66:::
17448	440.0	1.7298439759362978E-4	1	1.1548677676406051E-4	TGTGCAGCTCATGGATTCAGGAGGAGGTGCTGACGGACTCACCTTT	NNNNNNNNNNNNNNNNNNNNNNNNNNNNNNNNNNNNNNNNNNNNNN	TRAV23/DV6*00(450)		TRAJ45*00(650.4)		517|525|550|0|8||80.0		18|55|86|9|46|ST22G|341.0		TGTGCAGCTCATGGATTCAGGAGGAGGTGCTGACGGACTCACCTTT	45	CAAHGFRR_GADGLTF	:::::::::0:-5:8:::::9:2:46:::
17463	440.0	1.7298439759362978E-4	1	1.1548677676406051E-4	TGTGCAGCTAACGACAGAGGCTCAACCCTGGGGAGGCTATACTTT	NNNNNNNNNNNNNNNNNNNNNNNNNNNNNNNNNNNNNNNNNNNNN	TRAV13-1*00(780.6)		TRAJ18*00(626.2)		511|519|544|0|8||80.0		21|55|86|11|45||340.0		TGTGCAGCTAACGACAGAGGCTCAACCCTGGGGAGGCTATACTTT	45	CAANDRGSTLGRLYF	:::::::::0:-5:8:::::11:-1:45:::
17780	440.0	1.7298439759362978E-4	1	1.1548677676406051E-4	TGTGCAGCAAGCTTTGGGGTGAACTTCAACAAATTTTACTTT	NNNNNNNNNNNNNNNNNNNNNNNNNNNNNNNNNNNNNNNNNN	TRAV29/DV5*00(529.8)		TRAJ21*00(519.4)		529|541|562|0|12||120.0		23|44|75|21|42||210.0		TGTGCAGCAAGCTTTGGGGTGAACTTCAACAAATTTTACTTT	45	CAASFGVNFNKFYF	:::::::::0:-1:12:::::21:-3:42:::
17835	440.0	1.7298439759362978E-4	1	1.1548677676406051E-4	TGTGCAGCAAGCCGAGGGACCGGTAACCAGTTCTATTTT	NNNNNNNNNNNNNNNNNNNNNNNNNNNNNNNNNNNNNNN	TRAV29/DV5*00(569.9)		TRAJ49*00(509.5)		529|541|562|0|12||120.0		24|45|76|18|39||210.0		TGTGCAGCAAGCCGAGGGACCGGTAACCAGTTCTATTTT	45	CAASRGTGNQFYF	:::::::::0:-1:12:::::18:-4:39:::
18513	440.0	1.7298439759362978E-4	1	1.1548677676406051E-4	TGTGCAGAGAAGTCTATCCCCCAAAATTCCGGGTATGCACTCAACTTC	NNNNNNNNNNNNNNNNNNNNNNNNNNNNNNNNNNNNNNNNNNNNNNNN	TRAV13-2*00(559.5)		TRAJ41*00(509.6)		506|517|539|0|11||110.0		26|51|82|23|48||250.0		TGTGCAGAGAAGTCTATCCCCCAAAATTCCGGGTATGCACTCAACTTC	45	CAEKSIPQNSGYALNF	:::::::::0:-2:11:::::23:-6:48:::
1888	439.0	1.7259125123546243E-4	1	1.1548677676406051E-4	TGTGTGGTGAACGCATAAACCAATGCTGGTGGTACTAGCTATGGAAAGCTGACATTT	NNNNNNNNNNNNNNNNNNNNNNNNNNNNNNNNNNNNNNNNNNNNNNNNNNNNNNNNN	TRAV12-1*00(979.4)		TRAJ52*00(622.1)		539|551|572|0|12||120.0		13|58|89|12|57|ST17ASG19AST21C|363.0		TGTGTGGTGAACGCATAAACCAATGCTGGTGGTACTAGCTATGGAAAGCTGACATTT	45	CVVNA*TNAGGTSYGKLTF	:::::::::0:-1:12:::::12:7:57:::
3277	439.0	1.7259125123546243E-4	1	1.1548677676406051E-4	TGTGCTGTCGATAGCAACTATCAGTTAATCTGG	NNNNNNNNNNNNNNNNNNNNNNNNNNNNNNNNN	TRAV41*00(769.9)		TRAJ33*00(529.2)		512|521|544|0|9||90.0		22|46|77|9|33||240.0		TGTGCTGTCGATAGCAACTATCAGTTAATCTGG	45	CAVDSNYQLIW	:::::::::0:-3:9:::::9:-2:33:::
3287	439.0	1.7259125123546243E-4	1	1.1548677676406051E-4	TGTGCTGTCATGATATACAACTTCAACAAATTTTACTTT	NNNNNNNNNNNNNNNNNNNNNNNNNNNNNNNNNNNNNNN	TRAV41*00(739.9)		TRAJ21*00(569.7)		512|522|544|0|10||100.0		18|44|75|13|39||260.0		TGTGCTGTCATGATATACAACTTCAACAAATTTTACTTT	45	CAVMIYNFNKFYF	:::::::::0:-2:10:::::13:2:39:::
3347	439.0	1.7259125123546243E-4	1	1.1548677676406051E-4	TGTGCTGTGTTTAATACTGGAGGCTTCAAAACTATCTTT	NNNNNNNNNNNNNNNNNNNNNNNNNNNNNNNNNNNNNNN	TRAV2*00(840.4)		TRAJ9*00(543)		519|528|553|0|9||90.0		23|50|81|12|39||270.0		TGTGCTGTGTTTAATACTGGAGGCTTCAAAACTATCTTT	45	CAVFNTGGFKTIF	:::::::::0:-5:9:::::12:-3:39:::
3794	439.0	1.7259125123546243E-4	1	1.1548677676406051E-4	TGTGCTGTGATCGAATATAGAAACAAACTGGTCTTT	NNNNNNNNNNNNNNNNNNNNNNNNNNNNNNNNNNNN	TRAV8-4*00(638.4)		TRAJ47*00(521.4)		476|486|510|0|10||100.0		20|46|77|10|36|SG21CSG28A|212.0		TGTGCTGTGATCGAATATAGAAACAAACTGGTCTTT	45	CAVIEYRNKLVF	:::::::::0:-4:10:::::10:0:36:::
4319	439.0	1.7259125123546243E-4	1	1.1548677676406051E-4	TGTGCTGTGAGAAACCCCCTATAACACCGACAAGCTCATCTTT	NNNNNNNNNNNNNNNNNNNNNNNNNNNNNNNNNNNNNNNNNNN	TRAV21*00(979)		TRAJ34*00(499.8)		544|555|576|0|11||110.0		23|47|78|19|43||240.0		TGTGCTGTGAGAAACCCCCTATAACACCGACAAGCTCATCTTT	45	CAVRNPL_NTDKLIF	:::::::::0:-1:11:::::19:-3:43:::
17964	439.0	1.7259125123546243E-4	1	1.1548677676406051E-4	TGTGCAGCAAGCGAGGGGAAAGCTTATCTTC	NNNNNNNNNNNNNNNNNNNNNNNNNNNNNNN	TRAV29/DV5*00(580.1)		TRAJ23*00(459.7)		529|542|562|0|13||130.0		37|52|83|16|31||150.0		TGTGCAGCAAGCGAGGGGAAAGCTTATCTTC	45	CAASE_GKLIF	:::::::::0:0:13:::::16:-17:31:::
18020	439.0	1.7259125123546243E-4	1	1.1548677676406051E-4	TGTGCAGCAAGCAACCGTGAACAGAGATGACAAGATCATCTTT	NNNNNNNNNNNNNNNNNNNNNNNNNNNNNNNNNNNNNNNNNNN	TRAV23/DV6*00(500.6)		TRAJ30*00(569.7)		517|530|550|0|13||130.0		20|46|77|17|43||260.0		TGTGCAGCAAGCAACCGTGAACAGAGATGACAAGATCATCTTT	45	CAASNRE_RDDKIIF	:::::::::0:0:13:::::17:0:43:::
18891	439.0	1.7259125123546243E-4	1	1.1548677676406051E-4	TGTGGGGGCCGGGAGGAGGAAACAAACTCACCTTT	NNNNNNNNNNNNNNNNNNNNNNNNNNNNNNNNNNN	TRAV8-2*00(577.2),TRAV8-4*00(577.2)		TRAJ10*00(559.7)		466|470|500|0|4||40.0;476|480|510|0|4||40.0		27|53|84|9|35||260.0		TGTGGGGGCCGGGAGGAGGAAACAAACTCACCTTT	45	CGGREE_NKLTF	:::::::::0:-10:4:::::9:-7:35:::
19012	439.0	1.7259125123546243E-4	1	1.1548677676406051E-4	TGCCTCGTGGGTGACGGCCAACAGCCCCTTCAAATTCCGGGTATGCACTCAACTTC	NNNNNNNNNNNNNNNNNNNNNNNNNNNNNNNNNNNNNNNNNNNNNNNNNNNNNNNN	TRAV4*00(1019.3)		TRAJ41*00(489.5)		768|783|804|0|15||150.0		24|51|82|29|56||270.0		TGCCTCGTGGGTGACGGCCAACAGCCCCTTCAAATTCCGGGTATGCACTCAACTTC	45	CLVGDGQQP_SNSGYALNF	:::::::::0:-1:15:::::29:-4:56:::
20403	439.0	1.7259125123546243E-4	1	1.1548677676406051E-4	TGCATCGTCAGAGTCGCGAGGGAGGAGGTGCTGACGGACTCACCTTT	NNNNNNNNNNNNNNNNNNNNNNNNNNNNNNNNNNNNNNNNNNNNNNN	TRAV26-1*00(679.6)		TRAJ45*00(579.4)		763|782|799|0|19||190.0		28|55|86|20|47||270.0		TGCATCGTCAGAGTCGCGAGGGAGGAGGTGCTGACGGACTCACCTTT	45	CIVRVARE_GADGLTF	:::::::::0:3:19:::::20:-8:47:::
3039	438.0	1.721981048772951E-4	1	1.1548677676406051E-4	TGTGCTCCTCATAATGCAGGCAACATGCTCACCTTT	NNNNNNNNNNNNNNNNNNNNNNNNNNNNNNNNNNNN	TRAV9-2*00(679.9)		TRAJ39*00(569.3)		480|487|514|0|7||70.0		26|52|83|10|36||260.0		TGTGCTCCTCATAATGCAGGCAACATGCTCACCTTT	45	CAPHNAGNMLTF	:::::::::0:-7:7:::::10:-6:36:::
18052	438.0	1.721981048772951E-4	1	1.1548677676406051E-4	TGTGCAGCAAGGACCCTTGGCGGGATTCAGGAGGAGGTGCTGACGGACTCACCTTT	NNNNNNNNNNNNNNNNNNNNNNNNNNNNNNNNNNNNNNNNNNNNNNNNNNNNNNNN	TRAV29/DV5*00(519.7)		TRAJ45*00(629.6)		529|540|562|0|11||110.0		23|55|86|24|56||320.0		TGTGCAGCAAGGACCCTTGGCGGGATTCAGGAGGAGGTGCTGACGGACTCACCTTT	45	CAARTLGGI_GGGADGLTF	:::::::::0:-2:11:::::24:-3:56:::
19025	438.0	1.721981048772951E-4	1	1.1548677676406051E-4	TGCCTCGTGGGTGACATGTGGACTGGTGGTACTAGCTATGGAAAGCTGACATTT	NNNNNNNNNNNNNNNNNNNNNNNNNNNNNNNNNNNNNNNNNNNNNNNNNNNNNN	TRAV4*00(1059.3)		TRAJ52*00(579.6)		768|787|804|0|19||190.0		26|58|89|22|54||320.0		TGCCTCGTGGGTGACATGTGGACTGGTGGTACTAGCTATGGAAAGCTGACATTT	45	CLVGDMWTGGTSYGKLTF	:::::::::0:3:19:::::22:-6:54:::
2944	437.0	1.7180495851912774E-4	1	1.1548677676406051E-4	TGTGCTCTAGACATGAGGAGACGACTACAAGCTCAGCTTT	NNNNNNNNNNNNNNNNNNNNNNNNNNNNNNNNNNNNNNNN	TRAV6*00(519.7)		TRAJ20*00(499.7)		535|550|568|0|15||150.0		26|46|77|20|40||200.0		TGTGCTCTAGACATGAGGAGACGACTACAAGCTCAGCTTT	45	CALDMRR_DYKLSF	:::::::::0:2:15:::::20:-6:40:::
3748	437.0	1.7180495851912774E-4	1	1.1548677676406051E-4	TGTGCTGTGGAGGAGGGCTACAACTTCAACAAATTTTACTTT	NNNNNNNNNNNNNNNNNNNNNNNNNNNNNNNNNNNNNNNNNN	TRAV2*00(1038.9)		TRAJ21*00(509.6)		519|533|553|0|14||140.0		20|44|75|18|42||240.0		TGTGCTGTGGAGGAGGGCTACAACTTCAACAAATTTTACTTT	45	CAVEEGYNFNKFYF	:::::::::0:0:14:::::18:0:42:::
3788	437.0	1.7180495851912774E-4	1	1.1548677676406051E-4	TGTGCTGTGATCCCCCTTGGGCTGGGGCAAACAACCTCTTCTTT	NNNNNNNNNNNNNNNNNNNNNNNNNNNNNNNNNNNNNNNNNNNN	TRAV3*00(579.4)		TRAJ36*00(539.4)		437|447|473|0|10||100.0		25|48|79|21|44||230.0		TGTGCTGTGATCCCCCTTGGGCTGGGGCAAACAACCTCTTCTTT	45	CAVIPLG_GANNLFF	:::::::::0:-6:10:::::21:-5:44:::
3798	437.0	1.7180495851912774E-4	1	1.1548677676406051E-4	TGTGCTGTGATAGCTGCAGGCAACAAGCTAACTTTT	NNNNNNNNNNNNNNNNNNNNNNNNNNNNNNNNNNNN	TRAV8-4*00(649.6)		TRAJ17*00(549.6)		476|486|510|0|10||100.0		27|52|83|11|36||250.0		TGTGCTGTGATAGCTGCAGGCAACAAGCTAACTTTT	45	CAVIAAGNKLTF	:::::::::0:-4:10:::::11:-7:36:::
4251	437.0	1.7180495851912774E-4	1	1.1548677676406051E-4	TGTGCTGTGAGAGATCGATAAGGGCCAGACTCATGTTT	NNNNNNNNNNNNNNNNNNNNNNNNNNNNNNNNNNNNNN	TRAV1-2*00(719.7)		TRAJ31*00(449.5)		620|636|654|0|16||160.0		31|46|77|23|38||150.0		TGTGCTGTGAGAGATCGATAAGGGCCAGACTCATGTTT	45	CAVRDR_RARLMF	:::::::::0:2:16:::::23:-11:38:::
4505	437.0	1.7180495851912774E-4	1	1.1548677676406051E-4	TGTGCTGGTCTATCCTCCGAATAACACCAATGCAGGCAAATCAACCTTT	NNNNNNNNNNNNNNNNNNNNNNNNNNNNNNNNNNNNNNNNNNNNNNNNN	TRAV35*00(469.6)		TRAJ27*00(579.9)		588|596|620|0|8||80.0		19|48|79|20|49||290.0		TGTGCTGGTCTATCCTCCGAATAACACCAATGCAGGCAAATCAACCTTT	45	CAGLSSE*_TNAGKSTF	:::::::::0:-4:8:::::20:1:49:::
4740	437.0	1.7180495851912774E-4	1	1.1548677676406051E-4	TGTGCTGGAGAGTTAATTCAGGGAGCCCAGAAGCTGGTATTT	NNNNNNNNNNNNNNNNNNNNNNNNNNNNNNNNNNNNNNNNNN	TRAV35*00(919.7)		TRAJ54*00(559.6)		588|596|620|0|8||80.0		20|49|80|13|42||290.0		TGTGCTGGAGAGTTAATTCAGGGAGCCCAGAAGCTGGTATTT	45	CAGELIQGAQKLVF	:::::::::0:-4:8:::::13:0:42:::
6224	437.0	1.7180495851912774E-4	1	1.1548677676406051E-4	TGTGCCGTGGACCTCGAGCCGATAATAATGCAGGCAACATGCTCACCTTT	NNNNNNNNNNNNNNNNNNNNNNNNNNNNNNNNNNNNNNNNNNNNNNNNNN	TRAV39*00(738.5)		TRAJ39*00(599.5)		507|519|540|0|12||120.0		23|52|83|21|50||290.0		TGTGCCGTGGACCTCGAGCCGATAATAATGCAGGCAACATGCTCACCTTT	45	CAVDLEPI_NAGNMLTF	:::::::::0:-1:12:::::21:-3:50:::
6516	437.0	1.7180495851912774E-4	1	1.1548677676406051E-4	TGTGCCGCGACGAACACCGGTAACCAGTTCTATTTT	NNNNNNNNNNNNNNNNNNNNNNNNNNNNNNNNNNNN	TRAV24*00(959.5)		TRAJ49*00(529.6)		515|521|545|0|6||60.0		19|45|76|10|36||260.0		TGTGCCGCGACGAACACCGGTAACCAGTTCTATTTT	45	CAATNTGNQFYF	:::::::::0:-4:6:::::10:1:36:::
17599	437.0	1.7180495851912774E-4	1	1.1548677676406051E-4	TGTGCAGCAATGGTGGGCGACAGACTCATGTTT	NNNNNNNNNNNNNNNNNNNNNNNNNNNNNNNNN	TRAV29/DV5*00(549.9)		TRAJ31*00(429.5)		529|539|562|0|10||100.0		33|46|77|20|33||130.0		TGTGCAGCAATGGTGGGCGACAGACTCATGTTT	45	CAAMVGDRLMF	:::::::::0:-3:10:::::20:-13:33:::
17663	437.0	1.7180495851912774E-4	1	1.1548677676406051E-4	TGTGCAGCAAGTCCCCCCTACTCAAATTCCGGGTATGCACTCAACTTC	NNNNNNNNNNNNNNNNNNNNNNNNNNNNNNNNNNNNNNNNNNNNNNNN	TRAV13-1*00(979.2)		TRAJ41*00(509.4)		511|523|544|0|12||120.0		22|51|82|19|48||290.0		TGTGCAGCAAGTCCCCCCTACTCAAATTCCGGGTATGCACTCAACTTC	45	CAASPPYSNSGYALNF	:::::::::0:-1:12:::::19:-2:48:::
17976	437.0	1.7180495851912774E-4	1	1.1548677676406051E-4	TGTGCAGCAAGCATTTATTATGGTGGTGCTACAAACAAGCTCATCTTT	NNNNNNNNNNNNNNNNNNNNNNNNNNNNNNNNNNNNNNNNNNNNNNNN	TRAV23/DV6*00(509.5)		TRAJ32*00(619.6)		517|531|550|0|14||140.0		23|55|86|16|48||320.0		TGTGCAGCAAGCATTTATTATGGTGGTGCTACAAACAAGCTCATCTTT	45	CAASIYYGGATNKLIF	:::::::::0:1:14:::::16:-3:48:::
18615	437.0	1.7180495851912774E-4	1	1.1548677676406051E-4	TGTGCAATGAGCCAAGCTAATGCTGGTGGTACTAGCTATGGAAAGCTGACATTT	NNNNNNNNNNNNNNNNNNNNNNNNNNNNNNNNNNNNNNNNNNNNNNNNNNNNNN	TRAV12-3*00(674.3)		TRAJ52*00(684.2)		562|574|595|0|12||120.0		18|58|89|14|54||400.0		TGTGCAATGAGCCAAGCTAATGCTGGTGGTACTAGCTATGGAAAGCTGACATTT	45	CAMSQANAGGTSYGKLTF	:::::::::0:-1:12:::::14:2:54:::
20157	437.0	1.7180495851912774E-4	1	1.1548677676406051E-4	TGCGGCACCCAGGGCGGATCTGAAAAGCTGGTCTTT	NNNNNNNNNNNNNNNNNNNNNNNNNNNNNNNNNNNN	TRAV30*00(449.5)		TRAJ57*00(580.2)		567|574|600|0|7||80.0		23|52|83|7|36|ST24C|271.0		TGCGGCACCCAGGGCGGATCTGAAAAGCTGGTCTTT	45	CGTQGGSEKLVF	:::::::::0:-6:7:::::7:-3:36:::
2555	436.0	1.7141181216096042E-4	1	1.1548677676406051E-4	TGTGCTCTGACCCCGTATTCAGGAGGAGGTGCTGACGGACTCACCTTT	NNNNNNNNNNNNNNNNNNNNNNNNNNNNNNNNNNNNNNNNNNNNNNNN	TRAV9-2*00(699.6)		TRAJ45*00(649.5)		480|490|514|0|10||100.0		21|55|86|14|48||340.0		TGTGCTCTGACCCCGTATTCAGGAGGAGGTGCTGACGGACTCACCTTT	45	CALTPYSGGGADGLTF	:::::::::0:-4:10:::::14:-1:48:::
2674	436.0	1.7141181216096042E-4	1	1.1548677676406051E-4	TGTGCTCTGAGTGATACGAGCTTTCAGAAACTTGTATTT	NNNNNNNNNNNNNNNNNNNNNNNNNNNNNNNNNNNNNNN	TRAV9-1*00(789.1)		TRAJ8*00(489)		482|497|516|0|15||150.0		29|49|80|19|39||200.0		TGTGCTCTGAGTGATACGAGCTTTCAGAAACTTGTATTT	45	CALSDTSFQKLVF	:::::::::0:1:15:::::19:-9:39:::
3089	436.0	1.7141181216096042E-4	1	1.1548677676406051E-4	TGTGCTCCGCTTATAACTCAGGGCGGATCTGAAAAGCTGGTCTTT	NNNNNNNNNNNNNNNNNNNNNNNNNNNNNNNNNNNNNNNNNNNNN	TRAV17*00(860.9)		TRAJ57*00(629.5)		490|499|523|0|9|SA496C|61.0		17|52|83|10|45||350.0		TGTGCTCCGCTTATAACTCAGGGCGGATCTGAAAAGCTGGTCTTT	45	CAPLITQGGSEKLVF	:::::::::0:-4:9:::::10:3:45:::
3168	436.0	1.7141181216096042E-4	1	1.1548677676406051E-4	TGTGCTGTTCCAATAATGCAGGCAACATGCTCACCTTT	NNNNNNNNNNNNNNNNNNNNNNNNNNNNNNNNNNNNNN	TRAV20*00(489.7)		TRAJ39*00(579.7)		498|506|531|0|8||80.0		25|52|83|11|38||270.0		TGTGCTGTTCCAATAATGCAGGCAACATGCTCACCTTT	45	CAVPIM_GNMLTF	:::::::::0:-5:8:::::11:-5:38:::
3881	436.0	1.7141181216096042E-4	1	1.1548677676406051E-4	TGTGCTGTGAGTGTCGAGAACAATGACATGCGCTTT	NNNNNNNNNNNNNNNNNNNNNNNNNNNNNNNNNNNN	TRAV8-4*00(656.1)		TRAJ43*00(479.7)		476|489|510|0|13||130.0		25|43|74|18|36||180.0		TGTGCTGTGAGTGTCGAGAACAATGACATGCGCTTT	45	CAVSVENNDMRF	:::::::::0:-1:13:::::18:-5:36:::
18843	436.0	1.7141181216096042E-4	1	1.1548677676406051E-4	TGTGCAATAATTCAGGGAGCCCAGAAGCTGGTATTT	NNNNNNNNNNNNNNNNNNNNNNNNNNNNNNNNNNNN	TRAV12-3*00(413.8)		TRAJ54*00(589.3)		562|569|595|0|7||80.0		20|49|80|7|36||300.0		TGTGCAATAATTCAGGGAGCCCAGAAGCTGGTATTT	45	CAIIQGAQKLVF	:::::::::0:-6:7:::::7:0:36:::
1909	435.0	1.7101866580279307E-4	1	1.1548677676406051E-4	TGTGTGGTGAACATGTCCCCTGGGAGAGATGACAAGATCATCTTT	NNNNNNNNNNNNNNNNNNNNNNNNNNNNNNNNNNNNNNNNNNNNN	TRAV12-1*00(992.6)		TRAJ30*00(479.5)		539|555|572|0|16||160.0		25|46|77|24|45||210.0		TGTGTGGTGAACATGTCCCCTGGGAGAGATGACAAGATCATCTTT	45	CVVNMSPGRDDKIIF	:::::::::0:3:16:::::24:-5:45:::
1999	435.0	1.7101866580279307E-4	1	1.1548677676406051E-4	TGTGCTTTTGACGATGCAGGCAACATGCTCACCTTT	NNNNNNNNNNNNNNNNNNNNNNNNNNNNNNNNNNNN	TRAV38-2/DV8*00(529.9)		TRAJ39*00(539.7)		602|609|638|0|7||70.0		29|52|83|13|36||230.0		TGTGCTTTTGACGATGCAGGCAACATGCTCACCTTT	45	CAFDDAGNMLTF	:::::::::0:-9:7:::::13:-9:36:::
2758	435.0	1.7101866580279307E-4	1	1.1548677676406051E-4	TGTGCTCTGAGTGAGGGAGCCCAGAAGCTGGTATTT	NNNNNNNNNNNNNNNNNNNNNNNNNNNNNNNNNNNN	TRAV19*00(769.7)		TRAJ54*00(519.3)		556|571|593|0|15||160.0		28|49|80|15|36||230.0		TGTGCTCTGAGTGAGGGAGCCCAGAAGCTGGTATTT	45	CALSEGAQKLVF	:::::::::0:-2:15:::::15:-8:36:::
4607	435.0	1.7101866580279307E-4	1	1.1548677676406051E-4	TGTGCTGGGCAGTTAAATACTGGAGCCAATAGTAAGCTGACATTT	NNNNNNNNNNNNNNNNNNNNNNNNNNNNNNNNNNNNNNNNNNNNN	TRAV35*00(509.8)		TRAJ56*00(599.9)		588|600|620|0|12||120.0		22|51|82|16|45||290.0		TGTGCTGGGCAGTTAAATACTGGAGCCAATAGTAAGCTGACATTT	45	CAGQLNTGANSKLTF	:::::::::0:0:12:::::16:-2:45:::
6170	435.0	1.7101866580279307E-4	1	1.1548677676406051E-4	TGTGCCGTGTCCTGGGTATATGTCAGGAGGAGGTGCTGACGGACTCACCTTT	NNNNNNNNNNNNNNNNNNNNNNNNNNNNNNNNNNNNNNNNNNNNNNNNNNNN	TRAV8-1*00(559.8)		TRAJ45*00(609.5)		474|483|508|0|9||90.0		25|55|86|22|52||300.0		TGTGCCGTGTCCTGGGTATATGTCAGGAGGAGGTGCTGACGGACTCACCTTT	45	CAVSWVYVR_GGADGLTF	:::::::::0:-5:9:::::22:-5:52:::
18039	435.0	1.7101866580279307E-4	1	1.1548677676406051E-4	TGTGCAGCAAGGCCCGAAACAGGAGGAGGTGCTGACGGACTCACCTTT	NNNNNNNNNNNNNNNNNNNNNNNNNNNNNNNNNNNNNNNNNNNNNNNN	TRAV23/DV6*00(479.7)		TRAJ45*00(599.7)		517|528|550|0|11||110.0		26|55|86|19|48||290.0		TGTGCAGCAAGGCCCGAAACAGGAGGAGGTGCTGACGGACTCACCTTT	45	CAARPETGGGADGLTF	:::::::::0:-2:11:::::19:-6:48:::
18827	435.0	1.7101866580279307E-4	1	1.1548677676406051E-4	TGTGCAATGAGAACAGGGTATAGCAACTATCAGTTAATCTGG	NNNNNNNNNNNNNNNNNNNNNNNNNNNNNNNNNNNNNNNNNN	TRAV12-3*00(779.2)		TRAJ33*00(496.1)		562|573|595|0|11||110.0		23|46|77|19|42||230.0		TGTGCAATGAGAACAGGGTATAGCAACTATCAGTTAATCTGG	45	CAMRTGYSNYQLIW	:::::::::0:-2:11:::::19:-3:42:::
18910	435.0	1.7101866580279307E-4	1	1.1548677676406051E-4	TGTGGAGCAGACATGTCTAGGGCTGGTGGTACTAGCTATGGAAAGCTGACATTT	NNNNNNNNNNNNNNNNNNNNNNNNNNNNNNNNNNNNNNNNNNNNNNNNNNNNNN	TRAV34*00(568.6)		TRAJ52*00(629.8)		603|621|636|0|18||180.0		25|58|89|21|54||330.0		TGTGGAGCAGACATGTCTAGGGCTGGTGGTACTAGCTATGGAAAGCTGACATTT	45	CGADMSRAGGTSYGKLTF	:::::::::0:5:18:::::21:-5:54:::
18962	435.0	1.7101866580279307E-4	1	1.1548677676406051E-4	TGCCTCGTGGTTCGACCTAACTTTGGAAATGAGAAATTAACCTTT	NNNNNNNNNNNNNNNNNNNNNNNNNNNNNNNNNNNNNNNNNNNNN	TRAV4*00(968)		TRAJ48*00(559.8)		768|778|804|0|10||100.0		23|52|83|16|45||290.0		TGCCTCGTGGTTCGACCTAACTTTGGAAATGAGAAATTAACCTTT	45	CLVVRPNFGNEKLTF	:::::::::0:-6:10:::::16:-3:45:::
19039	435.0	1.7101866580279307E-4	1	1.1548677676406051E-4	TGCCTCGTGGGTGAAGGAACCTACAAATACATCTTT	NNNNNNNNNNNNNNNNNNNNNNNNNNNNNNNNNNNN	TRAV4*00(1009.3)		TRAJ40*00(509.5)		768|782|804|0|14||140.0		28|50|81|14|36||220.0		TGCCTCGTGGGTGAAGGAACCTACAAATACATCTTT	45	CLVGEGTYKYIF	:::::::::0:-2:14:::::14:-8:36:::
20389	435.0	1.7101866580279307E-4	1	1.1548677676406051E-4	TGCATCGTCAGAGTCGCCCTCGGGACCACCGGTAACCAGTTCTATTTT	NNNNNNNNNNNNNNNNNNNNNNNNNNNNNNNNNNNNNNNNNNNNNNNN	TRAV26-1*00(659.7)		TRAJ49*00(520.7)		763|780|799|0|17||170.0		20|45|76|23|48|SA22C|221.0		TGCATCGTCAGAGTCGCCCTCGGGACCACCGGTAACCAGTTCTATTTT	45	CIVRVALGTTGNQFYF	:::::::::0:1:17:::::23:0:48:::
1734	434.0	1.7062551944462573E-4	1	1.1548677676406051E-4	TGTGTGGTGACCCCGGGTGGAGGGCTGGGAGTTACCAACTCACTTTC	NNNNNNNNNNNNNNNNNNNNNNNNNNNNNNNNNNNNNNNNNNNNNNN	TRAV10*00(811.1)		TRAJ28*00(532.2)		575|585|608|0|10||100.0		29|55|86|21|47||260.0		TGTGTGGTGACCCCGGGTGGAGGGCTGGGAGTTACCAACTCACTTTC	45	CVVTPGGG_GSYQLTF	:::::::::0:-3:10:::::21:-9:47:::
2230	434.0	1.7062551944462573E-4	1	1.1548677676406051E-4	TGTGCTTATAGGAGCGCGCGAAGTTCGGGGGGATAACAATGACATGCGCTTT	NNNNNNNNNNNNNNNNNNNNNNNNNNNNNNNNNNNNNNNNNNNNNNNNNNNN	TRAV38-2/DV8*00(649.3)		TRAJ43*00(499.3)		602|621|638|0|19||190.0		23|43|74|32|52||200.0		TGTGCTTATAGGAGCGCGCGAAGTTCGGGGGGATAACAATGACATGCGCTTT	45	CAYRSARSS_GDNNDMRF	:::::::::0:3:19:::::32:-3:52:::
2570	434.0	1.7062551944462573E-4	1	1.1548677676406051E-4	TGTGCTCTGACGAGGGGAAATGAGAAATTAACCTTT	NNNNNNNNNNNNNNNNNNNNNNNNNNNNNNNNNNNN	TRAV9-2*00(709.7)		TRAJ48*00(519.7)		480|490|514|0|10||100.0		31|52|83|15|36||210.0		TGTGCTCTGACGAGGGGAAATGAGAAATTAACCTTT	45	CALTRGNEKLTF	:::::::::0:-4:10:::::15:-11:36:::
2745	434.0	1.7062551944462573E-4	1	1.1548677676406051E-4	TGTGCTCTGAGTGAGGCATGGCCTCAGGAGGGTCAGAATTTTGTCTTT	NNNNNNNNNNNNNNNNNNNNNNNNNNNNNNNNNNNNNNNNNNNNNNNN	TRAV19*00(779.9)		TRAJ26*00(469.7)		556|573|593|0|17||170.0		31|49|80|30|48||180.0		TGTGCTCTGAGTGAGGCATGGCCTCAGGAGGGTCAGAATTTTGTCTTT	45	CALSEAWPQEGQNFVF	:::::::::0:0:17:::::30:-11:48:::
3043	434.0	1.7062551944462573E-4	1	1.1548677676406051E-4	TGTGCTCCTGGTAGCAACACAGGCAAACTAATCTTT	NNNNNNNNNNNNNNNNNNNNNNNNNNNNNNNNNNNN	TRAV38-2/DV8*00(519.7)		TRAJ37*00(539.7)		602|608|638|0|6||60.0		28|51|82|13|36||230.0		TGTGCTCCTGGTAGCAACACAGGCAAACTAATCTTT	45	CAPGSNTGKLIF	:::::::::0:-10:6:::::13:-8:36:::
6094	434.0	1.7062551944462573E-4	1	1.1548677676406051E-4	TGTGCCCGAAATACTGGAGGCTTCAAAACTATCTTT	NNNNNNNNNNNNNNNNNNNNNNNNNNNNNNNNNNNN	TRAV24*00(959.4)		TRAJ9*00(560.7)		515|520|545|0|5||60.0		19|50|81|5|36|SG20C|291.0		TGTGCCCGAAATACTGGAGGCTTCAAAACTATCTTT	45	CARNTGGFKTIF	:::::::::0:-5:5:::::5:1:36:::
17421	434.0	1.7062551944462573E-4	1	1.1548677676406051E-4	TGTGCAGTCGCTAATTATCTAACTTTGGAAATGAGAAATTAACCTTT	NNNNNNNNNNNNNNNNNNNNNNNNNNNNNNNNNNNNNNNNNNNNNNN	TRAV13-1*00(929.4)		TRAJ48*00(589.2)		511|518|544|0|7||70.0		20|52|83|15|47||320.0		TGTGCAGTCGCTAATTATCTAACTTTGGAAATGAGAAATTAACCTTT	45	CAVANYLT_GNEKLTF	:::::::::0:-6:7:::::15:0:47:::
1416	433.0	1.7023237308645838E-4	2	2.3097355352812103E-4	TGCATCGTCAGAGTCGCCGGAACTGACAGCTGGGGGAAATTGCAGTTT	[[[[[[[[[[[[[[[[[[[[[[[[[[[[[[[[[[[[[[[[[[[[[[[[	TRAV26-1*00(659.7)		TRAJ24*00(559.5)		763|780|799|0|17||170.0		24|52|83|20|48||280.0		TGCATCGTCAGAGTCGCCGGAACTGACAGCTGGGGGAAATTGCAGTTT	58	CIVRVAGTDSWGKLQF	:::::::::0:1:17:::::20:-4:48:::
1489	433.0	1.7023237308645838E-4	1	1.1548677676406051E-4	TCCCTTCTGGTTCTGCAAGGCAACTGACCTTT	NNNNNNNNNNNNNNNNNNNNNNNNNNNNNNNN	TRAV13-1*00(489.4)		TRAJ22*00(599.4)		511|512|544|0|1||10.0		23|52|83|3|32||290.0		TCCCTTCTGGTTCTGCAAGGCAACTGACCTTT	45	SLLVL_RQLTF	:::::::::0:-12:1:::::3:-3:32:::
2854	433.0	1.7023237308645838E-4	1	1.1548677676406051E-4	TGTGCTCTGAGACTACCTCAGGAACCTACAAATACATCTTT	NNNNNNNNNNNNNNNNNNNNNNNNNNNNNNNNNNNNNNNNN	TRAV9-2*00(719.5)		TRAJ40*00(589.2)		480|491|514|0|11||110.0		20|50|81|11|41||300.0		TGTGCTCTGAGACTACCTCAGGAACCTACAAATACATCTTT	45	CALRLPQ_TYKYIF	:::::::::0:-3:11:::::11:0:41:::
3620	433.0	1.7023237308645838E-4	1	1.1548677676406051E-4	TGTGCTGTGGGCAGCTGGGGGAAATTGCAGTTT	NNNNNNNNNNNNNNNNNNNNNNNNNNNNNNNNN	TRAV2*00(876.5)		TRAJ24*00(509.6)		519|529|553|0|10||100.0		30|52|83|11|33||220.0		TGTGCTGTGGGCAGCTGGGGGAAATTGCAGTTT	45	CAVGSWGKLQF	:::::::::0:-4:10:::::11:-10:33:::
4635	433.0	1.7023237308645838E-4	1	1.1548677676406051E-4	TGTGCTGGGCAGCTACGATTCAGGAGGAGGTGCTGACGGACTCACCTTT	NNNNNNNNNNNNNNNNNNNNNNNNNNNNNNNNNNNNNNNNNNNNNNNNN	TRAV35*00(935.5)		TRAJ45*00(589.6)		588|602|620|0|14||140.0		23|55|86|17|49||320.0		TGTGCTGGGCAGCTACGATTCAGGAGGAGGTGCTGACGGACTCACCTTT	45	CAGQLRFR_GGADGLTF	:::::::::0:2:14:::::17:-3:49:::
17787	433.0	1.7023237308645838E-4	1	1.1548677676406051E-4	TGTGCAGCAAGCTCTAACTGGAGGTCAGAATTTTGTCTTT	NNNNNNNNNNNNNNNNNNNNNNNNNNNNNNNNNNNNNNNN	TRAV29/DV5*00(569.7)		TRAJ26*00(469.9)		529|541|562|0|12||120.0		31|49|80|22|40||180.0		TGTGCAGCAAGCTCTAACTGGAGGTCAGAATTTTGTCTTT	45	CAASSNW_GQNFVF	:::::::::0:-1:12:::::22:-11:40:::
18374	433.0	1.7023237308645838E-4	1	1.1548677676406051E-4	TGTGCAGAGGGGCCTTCAGGATACAGCACCCTCACCTTT	NNNNNNNNNNNNNNNNNNNNNNNNNNNNNNNNNNNNNNN	TRAV13-2*00(539.6)		TRAJ11*00(559.4)		506|515|539|0|9||90.0		24|49|80|14|39||250.0		TGTGCAGAGGGGCCTTCAGGATACAGCACCCTCACCTTT	45	CAEGPSGYSTLTF	:::::::::0:-4:9:::::14:-4:39:::
18506	433.0	1.7023237308645838E-4	1	1.1548677676406051E-4	TGTGCAGAGAATAAATTGTATTCAGGAGGAGGTGCTGACGGACTCACCTTT	NNNNNNNNNNNNNNNNNNNNNNNNNNNNNNNNNNNNNNNNNNNNNNNNNNN	TRAV13-2*00(590.6)		TRAJ45*00(659.5)		506|523|539|0|17|ST519A|141.0		21|55|86|17|51||350.0		TGTGCAGAGAATAAATTGTATTCAGGAGGAGGTGCTGACGGACTCACCTTT	45	CAENKLYSGGGADGLTF	:::::::::0:4:17:::::17:-1:51:::
20177	433.0	1.7023237308645838E-4	1	1.1548677676406051E-4	TGCGGCACAGAGGGGAACTCAAATTCCGGGTATGCACTCAACTTC	NNNNNNNNNNNNNNNNNNNNNNNNNNNNNNNNNNNNNNNNNNNNN	TRAV30*00(489.7)		TRAJ41*00(569.5)		567|579|600|0|12||120.0		20|51|82|14|45||310.0		TGCGGCACAGAGGGGAACTCAAATTCCGGGTATGCACTCAACTTC	45	CGTEGNSNSGYALNF	:::::::::0:-1:12:::::14:0:45:::
650	432.0	1.6983922672829106E-4	2	2.3097355352812103E-4	TGTGCTGTGTAATCGGGGGAGGCTGCAGGCAACAAGCTAACTTTT	[[[[[[[[[[[[[[[[[[[[[[[[[[[[[[[[[[[[[[[[[[[[[	TRAV21*00(479.9)		TRAJ17*00(519.7)		544|553|576|0|9||90.0		28|52|83|21|45||240.0		TGTGCTGTGTAATCGGGGGAGGCTGCAGGCAACAAGCTAACTTTT	58	CAV*SGEAAGNKLTF	:::::::::0:-3:9:::::21:-8:45:::
17752	432.0	1.6983922672829106E-4	1	1.1548677676406051E-4	TGTGCAGCAAGTAATTCTGGTGGCTACAATAAGCTGATTTTT	NNNNNNNNNNNNNNNNNNNNNNNNNNNNNNNNNNNNNNNNNN	TRAV13-1*00(989.6)		TRAJ4*00(432.7)		511|524|544|0|13||130.0		24|52|83|14|42||280.0		TGTGCAGCAAGTAATTCTGGTGGCTACAATAAGCTGATTTTT	45	CAASNSGGYNKLIF	:::::::::0:0:13:::::14:-4:42:::
18510	432.0	1.6983922672829106E-4	1	1.1548677676406051E-4	TGTGCAGAGAACGATAGCAACTATCAGTTAATCTGG	NNNNNNNNNNNNNNNNNNNNNNNNNNNNNNNNNNNN	TRAV13-2*00(559.3)		TRAJ33*00(529.9)		506|517|539|0|11||110.0		22|46|77|12|36||240.0		TGTGCAGAGAACGATAGCAACTATCAGTTAATCTGG	45	CAENDSNYQLIW	:::::::::0:-2:11:::::12:-2:36:::
20241	432.0	1.6983922672829106E-4	1	1.1548677676406051E-4	TGCATCCTGAGAGCTTAACACCAATGCAGGCAAATCAACCTTT	NNNNNNNNNNNNNNNNNNNNNNNNNNNNNNNNNNNNNNNNNNN	TRAV26-2*00(899.3)		TRAJ27*00(569.4)		791|804|826|0|13||130.0		20|48|79|15|43||280.0		TGCATCCTGAGAGCTTAACACCAATGCAGGCAAATCAACCTTT	45	CILRA*H_NAGKSTF	:::::::::0:-2:13:::::15:0:43:::
580	431.0	1.6944608037012371E-4	3	3.4646033029218156E-4	TGTGCAATGAGAGAGGATAAAAATCTAACTTTGGAAATGAGAAATTAACCTTT	[[[[[[[[[[[[[[[[[[[[[[[[[[[[[[[[[[[[[[[[[[[[[[[[[[[[[	TRAV14/DV4*00(520.9)		TRAJ48*00(619)		517|533|554|0|16||160.0		21|52|83|22|53||310.0		TGTGCAATGAGAGAGGATAAAAATCTAACTTTGGAAATGAGAAATTAACCTTT	58	CAMREDKNL_FGNEKLTF	:::::::::0:-1:16:::::22:-1:53:::
1757	431.0	1.6944608037012371E-4	1	1.1548677676406051E-4	TGTGTGGTGAGTCTCGGAGAAGACATGCGCTTT	NNNNNNNNNNNNNNNNNNNNNNNNNNNNNNNNN	TRAV10*00(904.8)		TRAJ43*00(413.1)		575|586|608|0|11||110.0		31|43|74|21|33||120.0		TGTGTGGTGAGTCTCGGAGAAGACATGCGCTTT	45	CVVSLGEDMRF	:::::::::0:-2:11:::::21:-11:33:::
2446	431.0	1.6944608037012371E-4	1	1.1548677676406051E-4	TGTGCTCTCTTCACGGGAGGAGGAAACAAACTCACCTTT	NNNNNNNNNNNNNNNNNNNNNNNNNNNNNNNNNNNNNNN	TRAV9-2*00(689.8)		TRAJ10*00(589.1)		480|488|514|0|8||80.0		24|53|84|10|39||290.0		TGTGCTCTCTTCACGGGAGGAGGAAACAAACTCACCTTT	45	CALFTGGGNKLTF	:::::::::0:-6:8:::::10:-4:39:::
2607	431.0	1.6944608037012371E-4	1	1.1548677676406051E-4	TGTGCTCTGAGTGCTAACACCGGTAACCAGTTCTATTTT	NNNNNNNNNNNNNNNNNNNNNNNNNNNNNNNNNNNNNNN	TRAV9-2*00(739.9)		TRAJ49*00(539.3)		480|493|514|0|13||130.0		21|45|76|15|39||240.0		TGTGCTCTGAGTGCTAACACCGGTAACCAGTTCTATTTT	45	CALSANTGNQFYF	:::::::::0:-1:13:::::15:-1:39:::
2869	431.0	1.6944608037012371E-4	1	1.1548677676406051E-4	TGTGCTCTGAATCGACGGTAACCAGTTCTATTTT	NNNNNNNNNNNNNNNNNNNNNNNNNNNNNNNNNN	TRAV9-2*00(731.1)		TRAJ49*00(489.9)		480|490|514|0|10||100.0		26|45|76|15|34||190.0		TGTGCTCTGAATCGACGGTAACCAGTTCTATTTT	45	CALNRR_NQFYF	:::::::::0:-4:10:::::15:-6:34:::
2993	431.0	1.6944608037012371E-4	1	1.1548677676406051E-4	TGTGCTCTAAGTACTTGGGGTCAGAATTTTGTCTTT	NNNNNNNNNNNNNNNNNNNNNNNNNNNNNNNNNNNN	TRAV16*00(989.2)		TRAJ26*00(479.8)		449|461|483|0|12||120.0		31|49|80|18|36||180.0		TGTGCTCTAAGTACTTGGGGTCAGAATTTTGTCTTT	45	CALSTWGQNFVF	:::::::::0:-2:12:::::18:-11:36:::
3815	431.0	1.6944608037012371E-4	1	1.1548677676406051E-4	TGTGCTGTGACCCTGTCCCGTCCAGAGGGCTGGCAACAACCGTAAGCTGATTTGG	NNNNNNNNNNNNNNNNNNNNNNNNNNNNNNNNNNNNNNNNNNNNNNNNNNNNNNN	TRAV8-6*00(658.6)		TRAJ38*00(569.5)		448|458|482|0|10||100.0		24|51|82|28|55||270.0		TGTGCTGTGACCCTGTCCCGTCCAGAGGGCTGGCAACAACCGTAAGCTGATTTGG	45	CAVTLSRPE_AGNNRKLIW	:::::::::0:-4:10:::::28:-4:55:::
4346	431.0	1.6944608037012371E-4	1	1.1548677676406051E-4	TGTGCTGTGAAGGAGGGAAGCAGTGCTTCCAAGATAATCTTT	NNNNNNNNNNNNNNNNNNNNNNNNNNNNNNNNNNNNNNNNNN	TRAV2*00(1009.7)		TRAJ3*00(499.6)		519|533|553|0|14|SG528A|111.0		27|51|82|18|42||240.0		TGTGCTGTGAAGGAGGGAAGCAGTGCTTCCAAGATAATCTTT	45	CAVKEGSSASKIIF	:::::::::0:0:14:::::18:-7:42:::
17680	431.0	1.6944608037012371E-4	1	1.1548677676406051E-4	TGTGCAGCAAGTGTTTCTGGTTCTGCAAGGCAACTGACCTTT	NNNNNNNNNNNNNNNNNNNNNNNNNNNNNNNNNNNNNNNNNN	TRAV29/DV5*00(519.9)		TRAJ22*00(589.6)		529|540|562|0|11||110.0		24|52|83|14|42||280.0		TGTGCAGCAAGTGTTTCTGGTTCTGCAAGGCAACTGACCTTT	45	CAASVSGSARQLTF	:::::::::0:-2:11:::::14:-4:42:::
18944	431.0	1.6944608037012371E-4	1	1.1548677676406051E-4	TGTACAAAAGGGGGGAAACAAGCTGGTCTTT	NNNNNNNNNNNNNNNNNNNNNNNNNNNNNNN	TRAV12-2*00(626)		TRAJ47*00(460.5)		551|554|584|0|3||30.0		28|46|77|13|31|SA36G|151.0		TGTACAAAAGGGGGGAAACAAGCTGGTCTTT	45	CTKGG_NKLVF	:::::::::0:-10:3:::::13:-8:31:::
1573	430.0	1.6905293401195637E-4	1	1.1548677676406051E-4	TGTGTTGTGGGGAGGAAGCAAACTGGTCTTT	NNNNNNNNNNNNNNNNNNNNNNNNNNNNNNN	TRAV8-2*00(611.7)		TRAJ47*00(460.5)		466|475|500|0|9||90.0		28|46|77|13|31|SA32G|151.0		TGTGTTGTGGGGAGGAAGCAAACTGGTCTTT	45	CVVGR_SKLVF	:::::::::0:-5:9:::::13:-8:31:::
1622	430.0	1.6905293401195637E-4	1	1.1548677676406051E-4	TGTGTTGTGAGTAAGGGGAGTGGAGGTAGCAACTATAAACTGACATTT	NNNNNNNNNNNNNNNNNNNNNNNNNNNNNNNNNNNNNNNNNNNNNNNN	TRAV8-2*00(629.2)		TRAJ53*00(609.5)		466|478|500|0|12||120.0		25|55|86|18|48||300.0		TGTGTTGTGAGTAAGGGGAGTGGAGGTAGCAACTATAAACTGACATTT	45	CVVSKGSGGSNYKLTF	:::::::::0:-2:12:::::18:-5:48:::
1763	430.0	1.6905293401195637E-4	1	1.1548677676406051E-4	TGTGTGGTGAGCTCCATAATGCAGGCAACATGCTCACCTTT	NNNNNNNNNNNNNNNNNNNNNNNNNNNNNNNNNNNNNNNNN	TRAV10*00(1029.7)		TRAJ39*00(529.6)		575|587|608|0|12||120.0		26|52|83|15|41||260.0		TGTGTGGTGAGCTCCATAATGCAGGCAACATGCTCACCTTT	45	CVVSSIM_GNMLTF	:::::::::0:-1:12:::::15:-6:41:::
1885	430.0	1.6905293401195637E-4	1	1.1548677676406051E-4	TGTGTGGTGAACGTCGGGAATAACAATGACATGCGCTTT	NNNNNNNNNNNNNNNNNNNNNNNNNNNNNNNNNNNNNNN	TRAV12-1*00(759.2)		TRAJ43*00(499.3)		539|551|572|0|12||120.0		22|43|74|18|39||210.0		TGTGTGGTGAACGTCGGGAATAACAATGACATGCGCTTT	45	CVVNVGNNNDMRF	:::::::::0:-1:12:::::18:-2:39:::
1960	430.0	1.6905293401195637E-4	1	1.1548677676406051E-4	TGTGTGGTAGTTGTAGCTGCAGGCAACAAGCTAACTTTT	NNNNNNNNNNNNNNNNNNNNNNNNNNNNNNNNNNNNNNN	TRAV12-1*00(479.6)		TRAJ17*00(549.4)		539|547|572|0|8||80.0		27|52|83|14|39||250.0		TGTGTGGTAGTTGTAGCTGCAGGCAACAAGCTAACTTTT	45	CVVVVAAGNKLTF	:::::::::0:-5:8:::::14:-7:39:::
2092	430.0	1.6905293401195637E-4	1	1.1548677676406051E-4	TGTGCTTTCAATTCAGGAGGAGGTGCTGACGGACTCACCTTT	NNNNNNNNNNNNNNNNNNNNNNNNNNNNNNNNNNNNNNNNNN	TRAV9-2*00(691.4)		TRAJ45*00(629.5)		480|486|514|0|6||60.0		23|55|86|10|42||320.0		TGTGCTTTCAATTCAGGAGGAGGTGCTGACGGACTCACCTTT	45	CAFNSGGGADGLTF	:::::::::0:-8:6:::::10:-3:42:::
2553	430.0	1.6905293401195637E-4	1	1.1548677676406051E-4	TGTGCTCTGACCTCCGGAGGAAGCCAAGGAAATCTCATCTTT	NNNNNNNNNNNNNNNNNNNNNNNNNNNNNNNNNNNNNNNNNN	TRAV9-2*00(709.7)		TRAJ42*00(569.9)		480|490|514|0|10||100.0		28|55|86|15|42||270.0		TGTGCTCTGACCTCCGGAGGAAGCCAAGGAAATCTCATCTTT	45	CALTSGGSQGNLIF	:::::::::0:-4:10:::::15:-8:42:::
2717	430.0	1.6905293401195637E-4	1	1.1548677676406051E-4	TGTGCTCTGAGTGAGGCCACACGGGGTGCTACAAACAAGCTCATCTTT	NNNNNNNNNNNNNNNNNNNNNNNNNNNNNNNNNNNNNNNNNNNNNNNN	TRAV19*00(779.6)		TRAJ32*00(539.4)		556|573|593|0|17||170.0		31|55|86|24|48||240.0		TGTGCTCTGAGTGAGGCCACACGGGGTGCTACAAACAAGCTCATCTTT	45	CALSEATRGATNKLIF	:::::::::0:0:17:::::24:-11:48:::
3022	430.0	1.6905293401195637E-4	1	1.1548677676406051E-4	TGTGCTCTAAAGGTCCCGGGAGCCCAGAAGCTGGTATTT	NNNNNNNNNNNNNNNNNNNNNNNNNNNNNNNNNNNNNNN	TRAV16*00(658.3)		TRAJ54*00(503.2)		449|459|483|0|10||100.0		27|49|80|17|39||220.0		TGTGCTCTAAAGGTCCCGGGAGCCCAGAAGCTGGTATTT	45	CALKVPGAQKLVF	:::::::::0:-4:10:::::17:-7:39:::
3266	430.0	1.6905293401195637E-4	1	1.1548677676406051E-4	TGTGCTGTCGGGTTCTATAACCAGGGAGGAAAGCTTATCTTC	NNNNNNNNNNNNNNNNNNNNNNNNNNNNNNNNNNNNNNNNNN	TRAV8-6*00(649.8)		TRAJ23*00(579.4)		448|456|482|0|8||80.0		25|52|83|15|42||270.0		TGTGCTGTCGGGTTCTATAACCAGGGAGGAAAGCTTATCTTC	45	CAVGFYNQGGKLIF	:::::::::0:-6:8:::::15:-5:42:::
3471	430.0	1.6905293401195637E-4	1	1.1548677676406051E-4	TGTGCTGTGCAGAGTAGAACTGGGGCAAACAACCTCTTCTTT	NNNNNNNNNNNNNNNNNNNNNNNNNNNNNNNNNNNNNNNNNN	TRAV20*00(529.6)		TRAJ36*00(559.6)		498|510|531|0|12||120.0		23|48|79|17|42||250.0		TGTGCTGTGCAGAGTAGAACTGGGGCAAACAACCTCTTCTTT	45	CAVQSRTGANNLFF	:::::::::0:-1:12:::::17:-3:42:::
4417	430.0	1.6905293401195637E-4	1	1.1548677676406051E-4	TGTGCTGCCCTCCTCGCCGGGATAACTATGGTCAGAATTTTGTCTTT	NNNNNNNNNNNNNNNNNNNNNNNNNNNNNNNNNNNNNNNNNNNNNNN	TRAV41*00(409)		TRAJ26*00(599.5)		512|519|544|0|7||70.0		18|49|80|16|47||310.0		TGTGCTGCCCTCCTCGCCGGGATAACTATGGTCAGAATTTTGTCTTT	45	CAALLAGI_YGQNFVF	:::::::::0:-5:7:::::16:2:47:::
6282	430.0	1.6905293401195637E-4	1	1.1548677676406051E-4	TGTGCCGTGATCGCAATGACATGCGCTTT	NNNNNNNNNNNNNNNNNNNNNNNNNNNNN	TRAV12-2*00(839.8)		TRAJ43*00(459.7)		551|561|584|0|10||100.0		27|43|74|13|29||160.0		TGTGCCGTGATCGCAATGACATGCGCTTT	45	CAVIA_DMRF	:::::::::0:-3:10:::::13:-7:29:::
17354	430.0	1.6905293401195637E-4	1	1.1548677676406051E-4	TGTGCGGAAGGTGGTACTAGCTATGGAAAGCTGACATTT	NNNNNNNNNNNNNNNNNNNNNNNNNNNNNNNNNNNNNNN	TRAV13-1*00(909.6)		TRAJ52*00(579.8)		511|516|544|0|5||50.0		28|58|89|9|39||300.0		TGTGCGGAAGGTGGTACTAGCTATGGAAAGCTGACATTT	45	CAEGGTSYGKLTF	:::::::::0:-8:5:::::9:-8:39:::
18011	430.0	1.6905293401195637E-4	1	1.1548677676406051E-4	TGTGCAGCAAGCAGGGGTAACACCGACAAGCTCATCTTT	NNNNNNNNNNNNNNNNNNNNNNNNNNNNNNNNNNNNNNN	TRAV23/DV6*00(499.5)		TRAJ34*00(519.6)		517|530|550|0|13||130.0		25|47|78|17|39||220.0		TGTGCAGCAAGCAGGGGTAACACCGACAAGCTCATCTTT	45	CAASRGNTDKLIF	:::::::::0:0:13:::::17:-5:39:::
18473	430.0	1.6905293401195637E-4	1	1.1548677676406051E-4	TGTGCAGAGAATCCAACCCCCCCAAACCGGTAACCAGTTCTATTTT	NNNNNNNNNNNNNNNNNNNNNNNNNNNNNNNNNNNNNNNNNNNNNN	TRAV13-2*00(569.7)		TRAJ49*00(509.1)		506|518|539|0|12||120.0		24|45|76|25|46||210.0		TGTGCAGAGAATCCAACCCCCCCAAACCGGTAACCAGTTCTATTTT	45	CAENPTPP_TGNQFYF	:::::::::0:-1:12:::::25:-4:46:::
20160	430.0	1.6905293401195637E-4	1	1.1548677676406051E-4	TGCGGCACATTCTCAATTCAGGGAGCCCAGAAGCTGGTATTT	NNNNNNNNNNNNNNNNNNNNNNNNNNNNNNNNNNNNNNNNNN	TRAV30*00(460)		TRAJ54*00(569.4)		567|576|600|0|9||90.0		21|49|80|14|42||280.0		TGCGGCACATTCTCAATTCAGGGAGCCCAGAAGCTGGTATTT	45	CGTFSIQGAQKLVF	:::::::::0:-4:9:::::14:-1:42:::
3132	429.0	1.6865978765378902E-4	1	1.1548677676406051E-4	TGTGCTCACTCGTTAGTACAATAACAATGACATGCGCTTT	NNNNNNNNNNNNNNNNNNNNNNNNNNNNNNNNNNNNNNNN	TRAV19*00(679.7)		TRAJ43*00(549.2)		556|563|593|0|7||70.0		18|43|74|15|40||250.0		TGTGCTCACTCGTTAGTACAATAACAATGACATGCGCTTT	45	CAHSLVQ_NNDMRF	:::::::::0:-10:7:::::15:2:40:::
3812	429.0	1.6865978765378902E-4	1	1.1548677676406051E-4	TGTGCTGTGACCTATAACAATGACATGCGCTTT	NNNNNNNNNNNNNNNNNNNNNNNNNNNNNNNNN	TRAV8-4*00(620.6)		TRAJ43*00(500)		476|486|510|0|10||100.0		23|43|74|13|33||200.0		TGTGCTGTGACCTATAACAATGACATGCGCTTT	45	CAVTYNNDMRF	:::::::::0:-4:10:::::13:-3:33:::
3901	429.0	1.6865978765378902E-4	1	1.1548677676406051E-4	TGTGCTGTGAGTGCGAGCGGGAGTAACCAGTTCTATTTT	NNNNNNNNNNNNNNNNNNNNNNNNNNNNNNNNNNNNNNN	TRAV8-4*00(677.9)		TRAJ49*00(469.8)		476|489|510|0|13||130.0		28|45|76|22|39||170.0		TGTGCTGTGAGTGCGAGCGGGAGTAACCAGTTCTATTTT	45	CAVSASGSNQFYF	:::::::::0:-1:13:::::22:-8:39:::
4516	429.0	1.6865978765378902E-4	1	1.1548677676406051E-4	TGTGCTGGCTATGGTCAGAATTTTGTCTTT	NNNNNNNNNNNNNNNNNNNNNNNNNNNNNN	TRAV1-2*00(629.8)		TRAJ26*00(519.6)		620|627|654|0|7||70.0		27|49|80|8|30||220.0		TGTGCTGGCTATGGTCAGAATTTTGTCTTT	45	CAGYGQNFVF	:::::::::0:-7:7:::::8:-7:30:::
4637	429.0	1.6865978765378902E-4	1	1.1548677676406051E-4	TGTGCTGGGCAGCTAGGCCCGAGAATAACAATGCCAGACTCATGTTT	NNNNNNNNNNNNNNNNNNNNNNNNNNNNNNNNNNNNNNNNNNNNNNN	TRAV35*00(966.1)		TRAJ31*00(509.8)		588|602|620|0|14||140.0		21|46|77|22|47||250.0		TGTGCTGGGCAGCTAGGCCCGAGAATAACAATGCCAGACTCATGTTT	45	CAGQLGPR_NNARLMF	:::::::::0:2:14:::::22:-1:47:::
6409	429.0	1.6865978765378902E-4	1	1.1548677676406051E-4	TGTGCCGTGAACATATATACTAGCTATGGAAAGCTGACATTT	NNNNNNNNNNNNNNNNNNNNNNNNNNNNNNNNNNNNNNNNNN	TRAV12-2*00(987.2)		TRAJ52*00(509.8)		551|565|584|0|14||140.0		33|58|89|17|42||250.0		TGTGCCGTGAACATATATACTAGCTATGGAAAGCTGACATTT	45	CAVNIYTSYGKLTF	:::::::::0:1:14:::::17:-13:42:::
6554	429.0	1.6865978765378902E-4	1	1.1548677676406051E-4	TGTGCCGGGACCTCTCTAATTCAGGGAGCCCAGAAGCTGGTATTT	NNNNNNNNNNNNNNNNNNNNNNNNNNNNNNNNNNNNNNNNNNNNN	TRAV39*00(709.5)		TRAJ54*00(579.5)		507|514|540|0|7||70.0		20|49|80|16|45||290.0		TGTGCCGGGACCTCTCTAATTCAGGGAGCCCAGAAGCTGGTATTT	45	CAGTSLIQGAQKLVF	:::::::::0:-6:7:::::16:0:45:::
20176	429.0	1.6865978765378902E-4	1	1.1548677676406051E-4	TGCGGCACAGAGGGCCCCCAAACTGGTCTTT	NNNNNNNNNNNNNNNNNNNNNNNNNNNNNNN	TRAV30*00(489.9)		TRAJ47*00(439.8)		567|579|600|0|12||120.0		33|46|77|18|31||130.0		TGCGGCACAGAGGGCCCCCAAACTGGTCTTT	45	CGTEG_PKLVF	:::::::::0:-1:12:::::18:-13:31:::
2006	428.0	1.6826664129562167E-4	1	1.1548677676406051E-4	TGTGCTTTCTTAACCAGGCAGGAACTGCTCTGATCTTT	NNNNNNNNNNNNNNNNNNNNNNNNNNNNNNNNNNNNNN	TRAV38-1*00(549.7)		TRAJ15*00(579.6)		596|605|633|0|9||90.0		22|49|80|11|38||270.0		TGTGCTTTCTTAACCAGGCAGGAACTGCTCTGATCTTT	45	CAFLTR_GTALIF	:::::::::0:-8:9:::::11:-2:38:::
2080	428.0	1.6826664129562167E-4	1	1.1548677676406051E-4	TGTGCTTTCATGAAGGTAAATACCGGCACTGCCAGTAAACTCACCTTT	NNNNNNNNNNNNNNNNNNNNNNNNNNNNNNNNNNNNNNNNNNNNNNNN	TRAV38-1*00(609.5)		TRAJ44*00(629.7)		596|611|633|0|15||150.0		20|52|83|16|48||320.0		TGTGCTTTCATGAAGGTAAATACCGGCACTGCCAGTAAACTCACCTTT	45	CAFMKVNTGTASKLTF	:::::::::0:-2:15:::::16:0:48:::
2159	428.0	1.6826664129562167E-4	1	1.1548677676406051E-4	TGTGCTTATTCTGGTGGTACTAGCTATGGAAAGCTGACATTT	NNNNNNNNNNNNNNNNNNNNNNNNNNNNNNNNNNNNNNNNNN	TRAV38-2/DV8*00(549.7)		TRAJ52*00(620.6)		602|608|638|0|6||90.0		22|58|89|6|42|SA22TSG25T|332.0		TGTGCTTATTCTGGTGGTACTAGCTATGGAAAGCTGACATTT	45	CAYSGGTSYGKLTF	:::::::::0:-10:6:::::6:-2:42:::
2569	428.0	1.6826664129562167E-4	1	1.1548677676406051E-4	TGTGCTCTGACGGAGCGGGTGACAAGATCATCTTT	NNNNNNNNNNNNNNNNNNNNNNNNNNNNNNNNNNN	TRAV9-2*00(723.1)		TRAJ30*00(469.4)		480|490|514|0|10||100.0		30|46|77|19|35||160.0		TGTGCTCTGACGGAGCGGGTGACAAGATCATCTTT	45	CALTER_DKIIF	:::::::::0:-4:10:::::19:-10:35:::
2680	428.0	1.6826664129562167E-4	1	1.1548677676406051E-4	TGTGCTCTGAGTGACTCAGACACCAATGCAGGCAAATCAACCTTT	NNNNNNNNNNNNNNNNNNNNNNNNNNNNNNNNNNNNNNNNNNNNN	TRAV19*00(749.2)		TRAJ27*00(549.5)		556|570|593|0|14||140.0		22|48|79|19|45||260.0		TGTGCTCTGAGTGACTCAGACACCAATGCAGGCAAATCAACCTTT	45	CALSDSDTNAGKSTF	:::::::::0:-3:14:::::19:-2:45:::
2729	428.0	1.6826664129562167E-4	1	1.1548677676406051E-4	TGTGCTCTGAGTGAGGCGCAATACTGGAGGCTTCAAAACTATCTTT	NNNNNNNNNNNNNNNNNNNNNNNNNNNNNNNNNNNNNNNNNNNNNN	TRAV19*00(798)		TRAJ9*00(569.8)		556|575|593|0|19||190.0		23|50|81|19|46||270.0		TGTGCTCTGAGTGAGGCGCAATACTGGAGGCTTCAAAACTATCTTT	45	CALSEAQY_GGFKTIF	:::::::::0:2:19:::::19:-3:46:::
3710	428.0	1.6826664129562167E-4	1	1.1548677676406051E-4	TGTGCTGTGGAGGGTTCAGGATACAGCACCCTCACCTTT	NNNNNNNNNNNNNNNNNNNNNNNNNNNNNNNNNNNNNNN	TRAV2*00(1029.1)		TRAJ11*00(519.1)		519|532|553|0|13||130.0		24|49|80|14|39||250.0		TGTGCTGTGGAGGGTTCAGGATACAGCACCCTCACCTTT	45	CAVEGSGYSTLTF	:::::::::0:-1:13:::::14:-4:39:::
3797	428.0	1.6826664129562167E-4	1	1.1548677676406051E-4	TGTGCTGTGATACCAGGAGGAAGCTACATACCTACATTT	NNNNNNNNNNNNNNNNNNNNNNNNNNNNNNNNNNNNNNN	TRAV1-2*00(659.7)		TRAJ6*00(549.7)		620|630|654|0|10||100.0		25|51|82|13|39||260.0		TGTGCTGTGATACCAGGAGGAAGCTACATACCTACATTT	45	CAVIPGGSYIPTF	:::::::::0:-4:10:::::13:-5:39:::
3948	428.0	1.6826664129562167E-4	1	1.1548677676406051E-4	TGTGCTGTGAGTGATCCGGACACCGGTAACCAGTTCTATTTT	NNNNNNNNNNNNNNNNNNNNNNNNNNNNNNNNNNNNNNNNNN	TRAV8-6*00(729.5)		TRAJ49*00(529.7)		448|464|482|0|16||160.0		19|45|76|16|42|SA21G|231.0		TGTGCTGTGAGTGATCCGGACACCGGTAACCAGTTCTATTTT	45	CAVSDPDTGNQFYF	:::::::::0:2:16:::::16:1:42:::
3963	428.0	1.6826664129562167E-4	1	1.1548677676406051E-4	TGTGCTGTGAGTGATCGGGGAACAATAACAATGACATGCGCTTT	NNNNNNNNNNNNNNNNNNNNNNNNNNNNNNNNNNNNNNNNNNNN	TRAV8-6*00(729.8)		TRAJ43*00(529.6)		448|464|482|0|16||160.0		20|43|74|21|44||230.0		TGTGCTGTGAGTGATCGGGGAACAATAACAATGACATGCGCTTT	45	CAVSDRG_NNNDMRF	:::::::::0:2:16:::::21:0:44:::
4197	428.0	1.6826664129562167E-4	1	1.1548677676406051E-4	TGTGCTGTGAGATTTAATGCTGGCAACAACCGTAAGCTGATTTGG	NNNNNNNNNNNNNNNNNNNNNNNNNNNNNNNNNNNNNNNNNNNNN	TRAV1-2*00(631)		TRAJ38*00(609.2)		620|632|654|0|12||120.0		20|51|82|14|45||310.0		TGTGCTGTGAGATTTAATGCTGGCAACAACCGTAAGCTGATTTGG	45	CAVRFNAGNNRKLIW	:::::::::0:-2:12:::::14:0:45:::
4879	428.0	1.6826664129562167E-4	1	1.1548677676406051E-4	TGTGCTACGGACGCAGACGGTAACCAGTTCTATTTT	NNNNNNNNNNNNNNNNNNNNNNNNNNNNNNNNNNNN	TRAV17*00(939.4)		TRAJ49*00(489.1)		490|504|523|0|14||140.0		26|45|76|17|36||190.0		TGTGCTACGGACGCAGACGGTAACCAGTTCTATTTT	45	CATDADGNQFYF	:::::::::0:1:14:::::17:-6:36:::
6539	428.0	1.6826664129562167E-4	1	1.1548677676406051E-4	TGTGCCGGCGCCCTGGCTGCAGGCAACAAGCTAACTTTT	NNNNNNNNNNNNNNNNNNNNNNNNNNNNNNNNNNNNNNN	TRAV12-2*00(914.6)		TRAJ17*00(519.5)		551|558|584|0|7||70.0		28|52|83|15|39||240.0		TGTGCCGGCGCCCTGGCTGCAGGCAACAAGCTAACTTTT	45	CAGALAAGNKLTF	:::::::::0:-6:7:::::15:-8:39:::
17497	428.0	1.6826664129562167E-4	1	1.1548677676406051E-4	TGTGCAGCCGGGGGGCATAACCAGGGAGGAAAGCTTATCTTC	NNNNNNNNNNNNNNNNNNNNNNNNNNNNNNNNNNNNNNNNNN	TRAV29/DV5*00(529.8)		TRAJ23*00(569.8)		529|537|562|0|8||80.0		26|52|83|16|42||260.0		TGTGCAGCCGGGGGGCATAACCAGGGAGGAAAGCTTATCTTC	45	CAAGGHNQGGKLIF	:::::::::0:-5:8:::::16:-6:42:::
17826	428.0	1.6826664129562167E-4	1	1.1548677676406051E-4	TGTGCAGCAAGCCCCGATTTATAACCAGGGAGGAAAGCTTATCTTC	NNNNNNNNNNNNNNNNNNNNNNNNNNNNNNNNNNNNNNNNNNNNNN	TRAV29/DV5*00(570)		TRAJ23*00(580.7)		529|541|562|0|12||120.0		21|52|83|15|46||310.0		TGTGCAGCAAGCCCCGATTTATAACCAGGGAGGAAAGCTTATCTTC	45	CAASPDL*_QGGKLIF	:::::::::0:-1:12:::::15:-1:46:::
20268	428.0	1.6826664129562167E-4	1	1.1548677676406051E-4	TGCATCCTGAGAGACGTTCCCGCGTAACCAGTTCTATTTT	NNNNNNNNNNNNNNNNNNNNNNNNNNNNNNNNNNNNNNNN	TRAV26-2*00(939.5)		TRAJ49*00(469.5)		791|808|826|0|17||170.0		28|45|76|23|40||170.0		TGCATCCTGAGAGACGTTCCCGCGTAACCAGTTCTATTTT	45	CILRDVP_RNQFYF	:::::::::0:2:17:::::23:-8:40:::
2302	427.0	1.6787349493745435E-4	1	1.1548677676406051E-4	TGTGCTCTTGCTTACTGCCAGACTCATGTTT	NNNNNNNNNNNNNNNNNNNNNNNNNNNNNNN	TRAV16*00(807.5)		TRAJ31*00(459.6)		449|457|483|0|8||80.0		30|46|77|15|31||160.0		TGTGCTCTTGCTTACTGCCAGACTCATGTTT	45	CALAY_ARLMF	:::::::::0:-6:8:::::15:-10:31:::
3274	427.0	1.6787349493745435E-4	1	1.1548677676406051E-4	TGTGCTGTCGATGTCACCGGTAACCAGTTCTATTTT	NNNNNNNNNNNNNNNNNNNNNNNNNNNNNNNNNNNN	TRAV41*00(769.7)		TRAJ49*00(519.5)		512|521|544|0|9||90.0		23|45|76|14|36||220.0		TGTGCTGTCGATGTCACCGGTAACCAGTTCTATTTT	45	CAVDVTGNQFYF	:::::::::0:-3:9:::::14:-3:36:::
3326	427.0	1.6787349493745435E-4	1	1.1548677676406051E-4	TGTGCTGTCAGATAGTGGAGGTAGCAACTATAAACTGACATTT	NNNNNNNNNNNNNNNNNNNNNNNNNNNNNNNNNNNNNNNNNNN	TRAV41*00(799.1)		TRAJ53*00(629.2)		512|524|544|0|12||130.0		24|55|86|12|43||320.0		TGTGCTGTCAGATAGTGGAGGTAGCAACTATAAACTGACATTT	45	CAVR*WR_SNYKLTF	:::::::::0:0:12:::::12:-4:43:::
3713	427.0	1.6787349493745435E-4	1	1.1548677676406051E-4	TGTGCTGTGGAGGGGCTCGGCAAACTGGGGCAAACAACCTCTTCTTT	NNNNNNNNNNNNNNNNNNNNNNNNNNNNNNNNNNNNNNNNNNNNNNN	TRAV2*00(690.3)		TRAJ36*00(569.8)		519|532|553|0|13||130.0		21|48|79|20|47||270.0		TGTGCTGTGGAGGGGCTCGGCAAACTGGGGCAAACAACCTCTTCTTT	45	CAVEGLGK_GANNLFF	:::::::::0:-1:13:::::20:-1:47:::
4240	427.0	1.6787349493745435E-4	1	1.1548677676406051E-4	TGTGCTGTGAGAGGGAGGAACAATGCCAGACTCATGTTT	NNNNNNNNNNNNNNNNNNNNNNNNNNNNNNNNNNNNNNN	TRAV3*00(609.7)		TRAJ31*00(509.8)		437|450|473|0|13||130.0		25|46|77|18|39||210.0		TGTGCTGTGAGAGGGAGGAACAATGCCAGACTCATGTTT	45	CAVRGRNNARLMF	:::::::::0:-3:13:::::18:-5:39:::
6131	427.0	1.6787349493745435E-4	1	1.1548677676406051E-4	TGTGCCGTTGATCTAACTTTGGAAATGAGAAATTAACCTTT	NNNNNNNNNNNNNNNNNNNNNNNNNNNNNNNNNNNNNNNNN	TRAV12-2*00(939.8)		TRAJ48*00(579)		551|559|584|0|8||80.0		21|52|83|10|41||310.0		TGTGCCGTTGATCTAACTTTGGAAATGAGAAATTAACCTTT	45	CAVDLTL_NEKLTF	:::::::::0:-5:8:::::10:-1:41:::
17629	427.0	1.6787349493745435E-4	1	1.1548677676406051E-4	TGTGCAGCAACCGGTAACCAGTTCTATTTT	NNNNNNNNNNNNNNNNNNNNNNNNNNNNNN	TRAV23/DV6*00(469.9)		TRAJ49*00(509.6)		517|527|550|0|10||100.0		25|45|76|10|30||210.0		TGTGCAGCAACCGGTAACCAGTTCTATTTT	45	CAATGNQFYF	:::::::::0:-3:10:::::10:-5:30:::
18126	427.0	1.6787349493745435E-4	1	1.1548677676406051E-4	TGTGCAGGCACCCTCAGGAACCTACAAATACATCTTT	NNNNNNNNNNNNNNNNNNNNNNNNNNNNNNNNNNNNN	TRAV27*00(611.7)		TRAJ40*00(549.6)		552|560|582|0|8||80.0		24|50|81|11|37||260.0		TGTGCAGGCACCCTCAGGAACCTACAAATACATCTTT	45	CAGTLR_TYKYIF	:::::::::0:-2:8:::::11:-4:37:::
18649	427.0	1.6787349493745435E-4	1	1.1548677676406051E-4	TGTGCAATGAGCGCAAACGACTACAAGCTCAGCTTT	NNNNNNNNNNNNNNNNNNNNNNNNNNNNNNNNNNNN	TRAV12-3*00(650.2)		TRAJ20*00(509.9)		562|576|595|0|14||140.0		25|46|77|15|36||210.0		TGTGCAATGAGCGCAAACGACTACAAGCTCAGCTTT	45	CAMSANDYKLSF	:::::::::0:1:14:::::15:-5:36:::
18778	427.0	1.6787349493745435E-4	1	1.1548677676406051E-4	TGTGCAATGAGAGAGGGCCGGGGATAGCAGCTATAAATTGATCTTC	NNNNNNNNNNNNNNNNNNNNNNNNNNNNNNNNNNNNNNNNNNNNNN	TRAV14/DV4*00(550.5)		TRAJ12*00(519.9)		517|536|554|0|19||190.0		24|49|80|21|46||250.0		TGTGCAATGAGAGAGGGCCGGGGATAGCAGCTATAAATTGATCTTC	45	CAMREGRG_SSYKLIF	:::::::::0:2:19:::::21:-4:46:::
20375	427.0	1.6787349493745435E-4	1	1.1548677676406051E-4	TGCATCGTCAGAGTCTCAGTGCTTATAACCAGGGAGGAAAGCTTATCTTC	NNNNNNNNNNNNNNNNNNNNNNNNNNNNNNNNNNNNNNNNNNNNNNNNNN	TRAV26-1*00(639.8)		TRAJ23*00(589.9)		763|778|799|0|15||150.0		24|52|83|22|50||280.0		TGCATCGTCAGAGTCTCAGTGCTTATAACCAGGGAGGAAAGCTTATCTTC	45	CIVRVSVL_NQGGKLIF	:::::::::0:-1:15:::::22:-4:50:::
2475	426.0	1.67480348579287E-4	1	1.1548677676406051E-4	TGTGCTCTCGAAGCCCTGGAATATAGAAACAAACTGGTCTTT	NNNNNNNNNNNNNNNNNNNNNNNNNNNNNNNNNNNNNNNNNN	TRAV9-2*00(689.4)		TRAJ47*00(541.6)		480|488|514|0|8||80.0		17|46|77|13|42|SA19CSG28A|232.0		TGTGCTCTCGAAGCCCTGGAATATAGAAACAAACTGGTCTTT	45	CALEALEYRNKLVF	:::::::::0:-6:8:::::13:3:42:::
2606	426.0	1.67480348579287E-4	1	1.1548677676406051E-4	TGTGCTCTGAGTGCTATCCAGGGAGGAAAGCTTATCTTC	NNNNNNNNNNNNNNNNNNNNNNNNNNNNNNNNNNNNNNN	TRAV9-2*00(740.9)		TRAJ23*00(531.9)		480|493|514|0|13||130.0		27|52|83|14|39|SA29T|221.0		TGTGCTCTGAGTGCTATCCAGGGAGGAAAGCTTATCTTC	45	CALSAIQGGKLIF	:::::::::0:-1:13:::::14:-7:39:::
2827	426.0	1.67480348579287E-4	1	1.1548677676406051E-4	TGTGCTCTGAGGTTTTACAATAACAATGACATGCGCTTT	NNNNNNNNNNNNNNNNNNNNNNNNNNNNNNNNNNNNNNN	TRAV19*00(719.7)		TRAJ43*00(540.2)		556|567|593|0|11||110.0		16|43|74|12|39|SG18T|241.0		TGTGCTCTGAGGTTTTACAATAACAATGACATGCGCTTT	45	CALRFYNNNDMRF	:::::::::0:-6:11:::::12:4:39:::
4168	426.0	1.67480348579287E-4	1	1.1548677676406051E-4	TGTGCTGTGAGGGGGGGCAACTATCAGTTAATCTGG	NNNNNNNNNNNNNNNNNNNNNNNNNNNNNNNNNNNN	TRAV1-2*00(669.6)		TRAJ33*00(489.3)		620|631|654|0|11||110.0		26|46|77|16|36||200.0		TGTGCTGTGAGGGGGGGCAACTATCAGTTAATCTGG	45	CAVRGGNYQLIW	:::::::::0:-3:11:::::16:-6:36:::
4367	426.0	1.67480348579287E-4	1	1.1548677676406051E-4	TGTGCTGTAGTCCCGGGTATGCACTCAACTTC	NNNNNNNNNNNNNNNNNNNNNNNNNNNNNNNN	TRAV8-3*00(542.6)		TRAJ41*00(459.7)		455|463|489|0|8||80.0		31|51|82|12|32||200.0		TGTGCTGTAGTCCCGGGTATGCACTCAACTTC	45	CAVVP_YALNF	:::::::::0:-6:8:::::12:-11:32:::
4793	426.0	1.67480348579287E-4	1	1.1548677676406051E-4	TGTGCTACGGTCGGCTGGTGGTACTAGCTATGGAAAGCTGACATTT	NNNNNNNNNNNNNNNNNNNNNNNNNNNNNNNNNNNNNNNNNNNNNN	TRAV17*00(900.5)		TRAJ52*00(599.4)		490|503|523|0|13|SA500T|101.0		25|58|89|13|46||330.0		TGTGCTACGGTCGGCTGGTGGTACTAGCTATGGAAAGCTGACATTT	45	CATVGWWY_SYGKLTF	:::::::::0:0:13:::::13:-5:46:::
17791	426.0	1.67480348579287E-4	1	1.1548677676406051E-4	TGTGCAGCAAGCTCGGTCTAGCAACACAGGCAAACTAATCTTT	NNNNNNNNNNNNNNNNNNNNNNNNNNNNNNNNNNNNNNNNNNN	TRAV29/DV5*00(570.3)		TRAJ37*00(550.5)		529|544|562|0|15|SG541T|121.0		24|51|82|16|43|SG27A|241.0		TGTGCAGCAAGCTCGGTCTAGCAACACAGGCAAACTAATCTTT	45	CAASSV*_NTGKLIF	:::::::::0:2:15:::::16:-4:43:::
18541	426.0	1.67480348579287E-4	1	1.1548677676406051E-4	TGTGCAATCGTCTCGACGGAGATGGCCAGAAGCTGCTCTTT	NNNNNNNNNNNNNNNNNNNNNNNNNNNNNNNNNNNNNNNNN	TRAV12-3*00(622.6)		TRAJ16*00(476.5)		562|570|595|0|8||80.0		27|49|80|19|41||220.0		TGTGCAATCGTCTCGACGGAGATGGCCAGAAGCTGCTCTTT	45	CAIVSTE_GQKLLF	:::::::::0:-5:8:::::19:-7:41:::
2082	425.0	1.6708720222111966E-4	1	1.1548677676406051E-4	TGTGCTTTCATGAAGGGGGGGTGGTACTAGCTATGGAAAGCTGACATTT	NNNNNNNNNNNNNNNNNNNNNNNNNNNNNNNNNNNNNNNNNNNNNNNNN	TRAV38-1*00(609.5)		TRAJ52*00(599.8)		596|611|633|0|15||150.0		28|58|89|19|49||300.0		TGTGCTTTCATGAAGGGGGGGTGGTACTAGCTATGGAAAGCTGACATTT	45	CAFMKGGW_TSYGKLTF	:::::::::0:-2:15:::::19:-8:49:::
2275	425.0	1.6708720222111966E-4	1	1.1548677676406051E-4	TGTGCTTAACCGAAGGGGGGGGAAATTCAGGAGGAGGTGCTGACGGACTCACCTTT	NNNNNNNNNNNNNNNNNNNNNNNNNNNNNNNNNNNNNNNNNNNNNNNNNNNNNNNN	TRAV35*00(449.6)		TRAJ45*00(550.3)		588|594|620|0|6||60.0		23|55|86|24|56||320.0		TGTGCTTAACCGAAGGGGGGGGAAATTCAGGAGGAGGTGCTGACGGACTCACCTTT	45	CA*PKGGEI_GGGADGLTF	:::::::::0:-6:6:::::24:-3:56:::
3942	425.0	1.6708720222111966E-4	1	1.1548677676406051E-4	TGTGCTGTGAGTGATCCTAGAGCAGGCAACATGCTCACCTTT	NNNNNNNNNNNNNNNNNNNNNNNNNNNNNNNNNNNNNNNNNN	TRAV8-6*00(729.5)		TRAJ39*00(519.2)		448|464|482|0|16||160.0		31|52|83|21|42||210.0		TGTGCTGTGAGTGATCCTAGAGCAGGCAACATGCTCACCTTT	45	CAVSDPRAGNMLTF	:::::::::0:2:16:::::21:-11:42:::
6196	425.0	1.6708720222111966E-4	1	1.1548677676406051E-4	TGTGCCGTGGCCCTTGGGGGAGGAGGTGCTGACGGACTCACCTTT	NNNNNNNNNNNNNNNNNNNNNNNNNNNNNNNNNNNNNNNNNNNNN	TRAV39*00(729.2)		TRAJ45*00(578.8)		507|517|540|0|10||100.0		28|55|86|18|45||270.0		TGTGCCGTGGCCCTTGGGGGAGGAGGTGCTGACGGACTCACCTTT	45	CAVALGGGGADGLTF	:::::::::0:-3:10:::::18:-8:45:::
17902	425.0	1.6708720222111966E-4	1	1.1548677676406051E-4	TGTGCAGCAAGCGCGAACGGGGGAAGCCAAGGAAATCTCATCTTT	NNNNNNNNNNNNNNNNNNNNNNNNNNNNNNNNNNNNNNNNNNNNN	TRAV29/DV5*00(599.5)		TRAJ42*00(540.9)		529|544|562|0|15||150.0		28|55|86|18|45|SA30G|241.0		TGTGCAGCAAGCGCGAACGGGGGAAGCCAAGGAAATCTCATCTTT	45	CAASANGGSQGNLIF	:::::::::0:2:15:::::18:-8:45:::
18358	425.0	1.6708720222111966E-4	1	1.1548677676406051E-4	TGTGCAGAGCGAAACCTCAGGAACCTACAAATACATCTTT	NNNNNNNNNNNNNNNNNNNNNNNNNNNNNNNNNNNNNNNN	TRAV13-2*00(539.5)		TRAJ40*00(559.6)		506|515|539|0|9||90.0		23|50|81|13|40||270.0		TGTGCAGAGCGAAACCTCAGGAACCTACAAATACATCTTT	45	CAERNLR_TYKYIF	:::::::::0:-4:9:::::13:-3:40:::
1502	424.0	1.666940558629523E-4	1	1.1548677676406051E-4	TCACTGGGAATGTGCTGCATTGC	NNNNNNNNNNNNNNNNNNNNNNN	TRAV20*00(419.7)		TRAJ35*00(489.8)		498|499|531|0|1||10.0		29|48|79|4|23||190.0		TCACTGGGAATGTGCTGCATTGC	45	SLGM_LHC	:::::::::0:-12:1:::::4:-9:23:::
2789	424.0	1.666940558629523E-4	1	1.1548677676406051E-4	TGTGCTCTGAGTATCCGGGATAACTATGGTCAGAATTTTGTCTTT	NNNNNNNNNNNNNNNNNNNNNNNNNNNNNNNNNNNNNNNNNNNNN	TRAV9-2*00(731.2)		TRAJ26*00(609.6)		480|492|514|0|12||120.0		18|49|80|14|45||310.0		TGTGCTCTGAGTATCCGGGATAACTATGGTCAGAATTTTGTCTTT	45	CALSIRDNYGQNFVF	:::::::::0:-2:12:::::14:2:45:::
3059	424.0	1.666940558629523E-4	1	1.1548677676406051E-4	TGTGCTCCCCTGAGCAGGCAACATGCTCACCTTT	NNNNNNNNNNNNNNNNNNNNNNNNNNNNNNNNNN	TRAV6*00(439.8)		TRAJ39*00(519.9)		535|542|568|0|7||70.0		31|52|83|13|34||210.0		TGTGCTCCCCTGAGCAGGCAACATGCTCACCTTT	45	CAPLSR_NMLTF	:::::::::0:-6:7:::::13:-11:34:::
3859	424.0	1.666940558629523E-4	1	1.1548677676406051E-4	TGTGCTGTGAGTCTCCCTACGGGGAACTGGGGCAAACAACCTCTTCTTT	NNNNNNNNNNNNNNNNNNNNNNNNNNNNNNNNNNNNNNNNNNNNNNNNN	TRAV1-2*00(669.6)		TRAJ36*00(559.4)		620|631|654|0|11||110.0		23|48|79|24|49||250.0		TGTGCTGTGAGTCTCCCTACGGGGAACTGGGGCAAACAACCTCTTCTTT	45	CAVSLPTG_TGANNLFF	:::::::::0:-3:11:::::24:-3:49:::
3984	424.0	1.666940558629523E-4	1	1.1548677676406051E-4	TGTGCTGTGAGTGATGGGGCCATGAACACAGGCTTTCAGAAACTTGTATTT	NNNNNNNNNNNNNNNNNNNNNNNNNNNNNNNNNNNNNNNNNNNNNNNNNNN	TRAV8-4*00(690.3)		TRAJ8*00(599.7)		476|491|510|0|15||150.0		18|49|80|20|51||310.0		TGTGCTGTGAGTGATGGGGCCATGAACACAGGCTTTCAGAAACTTGTATTT	45	CAVSDGAMNTGFQKLVF	:::::::::0:1:15:::::20:2:51:::
4077	424.0	1.666940558629523E-4	1	1.1548677676406051E-4	TGTGCTGTGAGCCTTGGTGGTGCTACAAACAAGCTCATCTTT	NNNNNNNNNNNNNNNNNNNNNNNNNNNNNNNNNNNNNNNNNN	TRAV8-4*00(659.5)		TRAJ32*00(579.8)		476|487|510|0|11||110.0		27|55|86|14|42||280.0		TGTGCTGTGAGCCTTGGTGGTGCTACAAACAAGCTCATCTTT	45	CAVSLGGATNKLIF	:::::::::0:-3:11:::::14:-7:42:::
4609	424.0	1.666940558629523E-4	1	1.1548677676406051E-4	TGTGCTGGGCAGTCGGGAGGAAAGCTTATCTTC	NNNNNNNNNNNNNNNNNNNNNNNNNNNNNNNNN	TRAV35*00(952.1)		TRAJ23*00(499.5)		588|600|620|0|12||120.0		33|52|83|14|33||190.0		TGTGCTGGGCAGTCGGGAGGAAAGCTTATCTTC	45	CAGQSGGKLIF	:::::::::0:0:12:::::14:-13:33:::
4861	424.0	1.666940558629523E-4	1	1.1548677676406051E-4	TGTGCTACGGACGCGGTGGTGCTACAAACAAGCTCATCTTT	NNNNNNNNNNNNNNNNNNNNNNNNNNNNNNNNNNNNNNNNN	TRAV17*00(949.5)		TRAJ32*00(569.7)		490|505|523|0|15||150.0		29|55|86|15|41||270.0		TGTGCTACGGACGCGGTGGTGCTACAAACAAGCTCATCTTT	45	CATDAVV_TNKLIF	:::::::::0:2:15:::::15:-9:41:::
17686	424.0	1.666940558629523E-4	1	1.1548677676406051E-4	TGTGCAGCAAGTGGTCTAGCAACACAGGCAAACTAATCTTT	NNNNNNNNNNNNNNNNNNNNNNNNNNNNNNNNNNNNNNNNN	TRAV13-1*00(978.6)		TRAJ37*00(510.7)		511|523|544|0|12||120.0		24|51|82|14|41|SG27A|241.0		TGTGCAGCAAGTGGTCTAGCAACACAGGCAAACTAATCTTT	45	CAASGLA_TGKLIF	:::::::::0:-1:12:::::14:-4:41:::
18429	424.0	1.666940558629523E-4	1	1.1548677676406051E-4	TGTGCAGAGAGTATGGACACCGACAAGCTCATCTTT	NNNNNNNNNNNNNNNNNNNNNNNNNNNNNNNNNNNN	TRAV5*00(499.9)		TRAJ34*00(499.8)		523|537|556|0|14||140.0		27|47|78|16|36||200.0		TGTGCAGAGAGTATGGACACCGACAAGCTCATCTTT	45	CAESMDTDKLIF	:::::::::0:1:14:::::16:-7:36:::
20244	424.0	1.666940558629523E-4	1	1.1548677676406051E-4	TGCATCCTGAGAGCGTTAATTCAGGGAGCCCAGAAGAAACTACTGCATCCTGAGAGACGGTCAGGGAGCCCAGAAGCTGGTATTT	NNNNNNNNNNNNNNNNNNNNNNNNNNNNNNNNNNNNNNNNNNNNNNNNNNNNNNNNNNNNNNNNNNNNNNNNNNNNNNNNNNNNN	TRAV26-2*00(827.2)		TRAJ54*00(499.2)		791|804|826|0|13||130.0		24|49|80|60|85||250.0		TGCATCCTGAGAGCGTTAATTCAGGGAGCCCAGAAGAAACTACTGCATCCTGAGAGACGGTCAGGGAGCCCAGAAGCTGGTATTT	45	CILRALIQGAQKKL_CILRDGQGAQKLVF	:::::::::0:-2:13:::::60:-4:85:::
21349	424.0	1.666940558629523E-4	1	1.1548677676406051E-4	TACCTCATTCTGGTTCTGCAAGGCAACTGACCTTT	NNNNNNNNNNNNNNNNNNNNNNNNNNNNNNNNNNN	TRAV1-2*00(540.9)		TRAJ22*00(589.3)		620|621|654|0|1||10.0		24|52|83|7|35||280.0		TACCTCATTCTGGTTCTGCAAGGCAACTGACCTTT	45	YLILVL_RQLTF	:::::::::0:-13:1:::::7:-4:35:::
675	423.0	1.66300909504785E-4	2	2.3097355352812103E-4	TGTGCTGTGAGTCCGGAGGCTCAGGAACCTACAAATACATCTTT	[[[[[[[[[[[[[[[[[[[[[[[[[[[[[[[[[[[[[[[[[[[[	TRAV3*00(589.8)		TRAJ40*00(539.8)		437|448|473|0|11||110.0		25|50|81|19|44||250.0		TGTGCTGTGAGTCCGGAGGCTCAGGAACCTACAAATACATCTTT	58	CAVSPEA_GTYKYIF	:::::::::0:-5:11:::::19:-5:44:::
2679	423.0	1.66300909504785E-4	1	1.1548677676406051E-4	TGTGCTCTGAGTGACTCAGGAGGAGGTGCTGACGGACTCACCTTT	NNNNNNNNNNNNNNNNNNNNNNNNNNNNNNNNNNNNNNNNNNNNN	TRAV19*00(748.1)		TRAJ45*00(609)		556|570|593|0|14||140.0		25|55|86|15|45||300.0		TGTGCTCTGAGTGACTCAGGAGGAGGTGCTGACGGACTCACCTTT	45	CALSDSGGGADGLTF	:::::::::0:-3:14:::::15:-5:45:::
3196	423.0	1.66300909504785E-4	1	1.1548677676406051E-4	TGTGCTGTTAGGGGTAGCAACTATAAACTGACATTT	NNNNNNNNNNNNNNNNNNNNNNNNNNNNNNNNNNNN	TRAV36/DV7*00(570.8)		TRAJ53*00(549.9)		500|508|533|0|8||80.0		31|55|86|12|36||240.0		TGTGCTGTTAGGGGTAGCAACTATAAACTGACATTT	45	CAVRGSNYKLTF	:::::::::0:-5:8:::::12:-11:36:::
6387	423.0	1.66300909504785E-4	1	1.1548677676406051E-4	TGTGCCGTGAACCCGCCAGAGAAGGTTAGGGAGCCCAGAAGCTGGTATTT	NNNNNNNNNNNNNNNNNNNNNNNNNNNNNNNNNNNNNNNNNNNNNNNNNN	TRAV12-2*00(699.6)		TRAJ54*00(502.2)		551|563|584|0|12||120.0		26|49|80|27|50||230.0		TGTGCCGTGAACCCGCCAGAGAAGGTTAGGGAGCCCAGAAGCTGGTATTT	45	CAVNPPEK_*GAQKLVF	:::::::::0:-1:12:::::27:-6:50:::
18364	423.0	1.66300909504785E-4	1	1.1548677676406051E-4	TGTGCAGAGGCTGGTGGTACTAGCTATGGAAAGCTGACATTT	NNNNNNNNNNNNNNNNNNNNNNNNNNNNNNNNNNNNNNNNNN	TRAV27*00(605)		TRAJ52*00(629.8)		552|559|582|0|7||70.0		25|58|89|9|42||330.0		TGTGCAGAGGCTGGTGGTACTAGCTATGGAAAGCTGACATTT	45	CAEAGGTSYGKLTF	:::::::::0:-3:7:::::9:-5:42:::
18579	423.0	1.66300909504785E-4	1	1.1548677676406051E-4	TGTGCAATGATAAAGCAGTGCTTCCAAGATAATCTTT	NNNNNNNNNNNNNNNNNNNNNNNNNNNNNNNNNNNNN	TRAV12-3*00(499.8)		TRAJ3*00(540.7)		562|572|595|0|10||100.0		24|51|82|10|37|SC26A|241.0		TGTGCAATGATAAAGCAGTGCTTCCAAGATAATCTTT	45	CAMIKQ_ASKIIF	:::::::::0:-3:10:::::10:-4:37:::
19116	423.0	1.66300909504785E-4	1	1.1548677676406051E-4	TGCGCTGTGGAAGGAAGGACACGGGCAGGAGAGCACTTACTTTT	NNNNNNNNNNNNNNNNNNNNNNNNNNNNNNNNNNNNNNNNNNNN	TRAV1-1*00(660.3)		TRAJ5*00(579.9)		670|679|704|0|9||90.0		21|49|80|16|44||280.0		TGCGCTGTGGAAGGAAGGACACGGGCAGGAGAGCACTTACTTTT	45	CAVEGRT_GRRALTF	:::::::::0:-5:9:::::16:-1:44:::
1685	422.0	1.6590776314661765E-4	1	1.1548677676406051E-4	TGTGTGGTGCCTACCGTACAGCAGTGCTTCCAAGATAATCTTT	NNNNNNNNNNNNNNNNNNNNNNNNNNNNNNNNNNNNNNNNNNN	TRAV12-1*00(753.4)		TRAJ3*00(556.6)		539|548|572|0|9||90.0		23|51|82|15|43||280.0		TGTGTGGTGCCTACCGTACAGCAGTGCTTCCAAGATAATCTTT	45	CVVPTVQ_SASKIIF	:::::::::0:-4:9:::::15:-3:43:::
2618	422.0	1.6590776314661765E-4	1	1.1548677676406051E-4	TGTGCTCTGAGTGCATAATTCAGGAGGAGGTGCTGACGGACTCACCTTT	NNNNNNNNNNNNNNNNNNNNNNNNNNNNNNNNNNNNNNNNNNNNNNNNN	TRAV19*00(719.7)		TRAJ45*00(629.7)		556|569|593|0|13||130.0		23|55|86|17|49||320.0		TGTGCTCTGAGTGCATAATTCAGGAGGAGGTGCTGACGGACTCACCTTT	45	CALSA*FR_GGADGLTF	:::::::::0:-4:13:::::17:-3:49:::
2814	422.0	1.6590776314661765E-4	1	1.1548677676406051E-4	TGTGCTCTGAGCCCCTTTATGGTGGTGCTACAAACAAGCTCATCTTT	NNNNNNNNNNNNNNNNNNNNNNNNNNNNNNNNNNNNNNNNNNNNNNN	TRAV19*00(719.2)		TRAJ32*00(609.7)		556|567|593|0|11||110.0		24|55|86|16|47||310.0		TGTGCTCTGAGCCCCTTTATGGTGGTGCTACAAACAAGCTCATCTTT	45	CALSPFMV_ATNKLIF	:::::::::0:-6:11:::::16:-4:47:::
3024	422.0	1.6590776314661765E-4	1	1.1548677676406051E-4	TGTGCTCTAAAGGGGGGAGGAGGAAACAAACTCACCTTT	NNNNNNNNNNNNNNNNNNNNNNNNNNNNNNNNNNNNNNN	TRAV16*00(845.2)		TRAJ10*00(527.7)		449|459|483|0|10||100.0		28|53|84|14|39||250.0		TGTGCTCTAAAGGGGGGAGGAGGAAACAAACTCACCTTT	45	CALKGGGGNKLTF	:::::::::0:-4:10:::::14:-8:39:::
3055	422.0	1.6590776314661765E-4	1	1.1548677676406051E-4	TGTGCTCCCTACTTTGGCGGTGCTGGTGGTACTAGCTATGGAAAGCTGACATTT	NNNNNNNNNNNNNNNNNNNNNNNNNNNNNNNNNNNNNNNNNNNNNNNNNNNNNN	TRAV17*00(859.2)		TRAJ52*00(599.9)		490|496|523|0|6||60.0		24|58|89|20|54||340.0		TGTGCTCCCTACTTTGGCGGTGCTGGTGGTACTAGCTATGGAAAGCTGACATTT	45	CAPYFGGAGGTSYGKLTF	:::::::::0:-7:6:::::20:-4:54:::
3175	422.0	1.6590776314661765E-4	1	1.1548677676406051E-4	TGTGCTGTTGTCAATACCGGCACTGCCAGTAAACTCACCTTT	NNNNNNNNNNNNNNNNNNNNNNNNNNNNNNNNNNNNNNNNNN	TRAV21*00(956.5)		TRAJ44*00(545.4)		544|552|576|0|8||80.0		22|52|83|12|42||300.0		TGTGCTGTTGTCAATACCGGCACTGCCAGTAAACTCACCTTT	45	CAVVNTGTASKLTF	:::::::::0:-4:8:::::12:-2:42:::
3452	422.0	1.6590776314661765E-4	1	1.1548677676406051E-4	TGTGCTGTGCAGGCACGGACCGGTAACCAGTTCTATTTT	NNNNNNNNNNNNNNNNNNNNNNNNNNNNNNNNNNNNNNN	TRAV20*00(549.9)		TRAJ49*00(509.8)		498|512|531|0|14||140.0		24|45|76|18|39||210.0		TGTGCTGTGCAGGCACGGACCGGTAACCAGTTCTATTTT	45	CAVQARTGNQFYF	:::::::::0:1:14:::::18:-4:39:::
3759	422.0	1.6590776314661765E-4	1	1.1548677676406051E-4	TGTGCTGTGGAGAACAAAGCTGCAGGCAACAAGCTAACTTTT	NNNNNNNNNNNNNNNNNNNNNNNNNNNNNNNNNNNNNNNNNN	TRAV2*00(844.6)		TRAJ17*00(556.1)		519|531|553|0|12||120.0		22|52|83|12|42|ST23A|281.0		TGTGCTGTGGAGAACAAAGCTGCAGGCAACAAGCTAACTTTT	45	CAVENKAAGNKLTF	:::::::::0:-2:12:::::12:-2:42:::
4073	422.0	1.6590776314661765E-4	1	1.1548677676406051E-4	TGTGCTGTGAGCTGGCAACAACCGTAAGCTGATTTGG	NNNNNNNNNNNNNNNNNNNNNNNNNNNNNNNNNNNNN	TRAV1-2*00(669.8)		TRAJ38*00(569.4)		620|631|654|0|11||110.0		25|51|82|11|37||270.0		TGTGCTGTGAGCTGGCAACAACCGTAAGCTGATTTGG	45	CAVSWQ_NRKLIW	:::::::::0:-3:11:::::11:-5:37:::
4139	422.0	1.6590776314661765E-4	1	1.1548677676406051E-4	TGTGCTGTGAGGCCGATGGATAGCAACTATCAGTTAATCTGG	NNNNNNNNNNNNNNNNNNNNNNNNNNNNNNNNNNNNNNNNNN	TRAV21*00(733.8)		TRAJ33*00(541.4)		544|558|576|0|14||140.0		19|46|77|15|42||270.0		TGTGCTGTGAGGCCGATGGATAGCAACTATCAGTTAATCTGG	45	CAVRPMDSNYQLIW	:::::::::0:2:14:::::15:1:42:::
4876	422.0	1.6590776314661765E-4	1	1.1548677676406051E-4	TGTGCTACGGACGCACGGGCAGGCAACATGCTCACCTTT	NNNNNNNNNNNNNNNNNNNNNNNNNNNNNNNNNNNNNNN	TRAV17*00(939.4)		TRAJ39*00(519.5)		490|504|523|0|14||140.0		31|52|83|18|39||210.0		TGTGCTACGGACGCACGGGCAGGCAACATGCTCACCTTT	45	CATDARAGNMLTF	:::::::::0:1:14:::::18:-11:39:::
6447	422.0	1.6590776314661765E-4	1	1.1548677676406051E-4	TGTGCCGTGAAGAGGGTATGGTGGTGCTACAAACAAGCTCATCTTT	NNNNNNNNNNNNNNNNNNNNNNNNNNNNNNNNNNNNNNNNNNNNNN	TRAV12-2*00(718.1)		TRAJ32*00(580.3)		551|562|584|0|11||110.0		25|55|86|16|46||300.0		TGTGCCGTGAAGAGGGTATGGTGGTGCTACAAACAAGCTCATCTTT	45	CAVKRVWW_ATNKLIF	:::::::::0:-2:11:::::16:-5:46:::
17335	422.0	1.6590776314661765E-4	1	1.1548677676406051E-4	TGTGCGGTCAATCAGGGAGCCCAGAAGCTGGTATTT	NNNNNNNNNNNNNNNNNNNNNNNNNNNNNNNNNNNN	TRAV29/DV5*00(499.6)		TRAJ54*00(539.1)		529|534|562|0|5||50.0		24|49|80|11|36||250.0		TGTGCGGTCAATCAGGGAGCCCAGAAGCTGGTATTT	45	CAVNQGAQKLVF	:::::::::0:-8:5:::::11:-4:36:::
17822	422.0	1.6590776314661765E-4	1	1.1548677676406051E-4	TGTGCAGCAAGCCCCCGTCGATATAGAAACAAACTGGTCTTT	NNNNNNNNNNNNNNNNNNNNNNNNNNNNNNNNNNNNNNNNNN	TRAV13-1*00(969.4)		TRAJ47*00(460.3)		511|522|544|0|11||110.0		24|46|77|20|42|SG28A|191.0		TGTGCAGCAAGCCCCCGTCGATATAGAAACAAACTGGTCTTT	45	CAASPRRYRNKLVF	:::::::::0:-2:11:::::20:-4:42:::
18567	422.0	1.6590776314661765E-4	1	1.1548677676406051E-4	TGTGCAATGGGGGGTGATTCAGGAGGAGGTGCTGACGGACTCACCTTT	NNNNNNNNNNNNNNNNNNNNNNNNNNNNNNNNNNNNNNNNNNNNNNNN	TRAV12-3*00(949.5)		TRAJ45*00(589.8)		562|571|595|0|9||90.0		23|55|86|16|48||320.0		TGTGCAATGGGGGGTGATTCAGGAGGAGGTGCTGACGGACTCACCTTT	45	CAMGGDSGGGADGLTF	:::::::::0:-4:9:::::16:-3:48:::
20194	422.0	1.6590776314661765E-4	1	1.1548677676406051E-4	TGCATCCTCCTATAAAACGGGACATGGATAGCAACTATCAGTTAATCTGG	NNNNNNNNNNNNNNNNNNNNNNNNNNNNNNNNNNNNNNNNNNNNNNNNNN	TRAV26-2*00(849.4)		TRAJ33*00(529.9)		791|799|826|0|8||80.0		18|46|77|22|50||280.0		TGCATCCTCCTATAAAACGGGACATGGATAGCAACTATCAGTTAATCTGG	45	CILL*NGT_DSNYQLIW	:::::::::0:-7:8:::::22:2:50:::
20259	422.0	1.6590776314661765E-4	1	1.1548677676406051E-4	TGCATCCTGAGAGACCTCCTTTGGGCCGGTAACCAGTTCTATTTT	NNNNNNNNNNNNNNNNNNNNNNNNNNNNNNNNNNNNNNNNNNNNN	TRAV26-2*00(920.3)		TRAJ49*00(469.5)		791|809|826|0|18|SG806C|151.0		25|45|76|25|45||200.0		TGCATCCTGAGAGACCTCCTTTGGGCCGGTAACCAGTTCTATTTT	45	CILRDLLWAGNQFYF	:::::::::0:3:18:::::25:-5:45:::
20491	422.0	1.6590776314661765E-4	1	1.1548677676406051E-4	TGCATCGGGAACGGCACTGCCAGTAAACTCACCTTT	NNNNNNNNNNNNNNNNNNNNNNNNNNNNNNNNNNNN	TRAV26-1*00(559.6)		TRAJ44*00(418.9)		763|770|799|0|7||70.0		27|52|83|11|36||250.0		TGCATCGGGAACGGCACTGCCAGTAAACTCACCTTT	45	CIGNGTASKLTF	:::::::::0:-9:7:::::11:-7:36:::
21361	422.0	1.6590776314661765E-4	1	1.1548677676406051E-4	CCTTGGAGGCTTTGGGAATGTGCTGCATTGC	NNNNNNNNNNNNNNNNNNNNNNNNNNNNNNN	TRAV2*00(899.6)		TRAJ35*00(549.7)		519|519|553|0|0||0.0		23|48|79|6|31||250.0		CCTTGGAGGCTTTGGGAATGTGCTGCATTGC	45	PWRLW_NVLHC	:::::::::0:-14:0:::::6:-3:31:::
2491	421.0	1.655146167884503E-4	1	1.1548677676406051E-4	TGTGCTCTGTGGGAGAATAACAATGCCAGACTCATGTTT	NNNNNNNNNNNNNNNNNNNNNNNNNNNNNNNNNNNNNNN	TRAV19*00(701.6)		TRAJ31*00(549.2)		556|571|593|0|15|SA565TST567G|92.0		22|46|77|15|39||250.0		TGTGCTCTGTGGGAGAATAACAATGCCAGACTCATGTTT	45	CALWENNNARLMF	:::::::::0:-2:15:::::15:-2:39:::
3528	421.0	1.655146167884503E-4	1	1.1548677676406051E-4	TGTGCTGTGGCGTACAACTTCAACAAATTTTCCTTATCCAGAACTTCAACAAATTTTACTTT	NNNNNNNNNNNNNNNNNNNNNNNNNNNNNNNNNNNNNNNNNNNNNNNNNNNNNNNNNNNNNN	TRAV36/DV7*00(619.1)		TRAJ21*00(519.1)		500|510|533|0|10||100.0		23|44|75|41|62||210.0		TGTGCTGTGGCGTACAACTTCAACAAATTTTCCTTATCCAGAACTTCAACAAATTTTACTTT	45	CAVAYNFNKF_LIQNFNKFYF	:::::::::0:-3:10:::::41:-3:62:::
3691	421.0	1.655146167884503E-4	1	1.1548677676406051E-4	TGTGCTGTGGAGCGTTTAGGAGCCCAGAAGCTGGTATTT	NNNNNNNNNNNNNNNNNNNNNNNNNNNNNNNNNNNNNNN	TRAV36/DV7*00(639.6)		TRAJ54*00(498.4)		500|512|533|0|12||120.0		28|49|80|18|39||210.0		TGTGCTGTGGAGCGTTTAGGAGCCCAGAAGCTGGTATTT	45	CAVERLGAQKLVF	:::::::::0:-1:12:::::18:-8:39:::
3903	421.0	1.655146167884503E-4	1	1.1548677676406051E-4	TGTGCTGTGAGTGCAGGACAGGCAGGAACTGCTCTGATCTTT	NNNNNNNNNNNNNNNNNNNNNNNNNNNNNNNNNNNNNNNNNN	TRAV8-4*00(647.1)		TRAJ15*00(462.8)		476|489|510|0|13||130.0		25|49|80|18|42||240.0		TGTGCTGTGAGTGCAGGACAGGCAGGAACTGCTCTGATCTTT	45	CAVSAGQAGTALIF	:::::::::0:-1:13:::::18:-5:42:::
4610	421.0	1.655146167884503E-4	1	1.1548677676406051E-4	TGTGCTGGGCAGTGGCGTGGCTCTAGCAACACAGGCAAACTAATCTTT	NNNNNNNNNNNNNNNNNNNNNNNNNNNNNNNNNNNNNNNNNNNNNNNN	TRAV35*00(779.4)		TRAJ37*00(564.9)		588|600|620|0|12||120.0		20|51|82|17|48|SG27A|281.0		TGTGCTGGGCAGTGGCGTGGCTCTAGCAACACAGGCAAACTAATCTTT	45	CAGQWRGSSNTGKLIF	:::::::::0:0:12:::::17:0:48:::
4666	421.0	1.655146167884503E-4	1	1.1548677676406051E-4	TGTGCTGGGCAGGGGAATACCGGCACTGCCAGTAAACTCACCTTT	NNNNNNNNNNNNNNNNNNNNNNNNNNNNNNNNNNNNNNNNNNNNN	TRAV35*00(945.4)		TRAJ44*00(569.8)		588|600|620|0|12||120.0		22|52|83|15|45||300.0		TGTGCTGGGCAGGGGAATACCGGCACTGCCAGTAAACTCACCTTT	45	CAGQGNTGTASKLTF	:::::::::0:0:12:::::15:-2:45:::
4800	421.0	1.655146167884503E-4	1	1.1548677676406051E-4	TGTGCTACGGCCCGTGCAGGCAACAAGCTAACTTTT	NNNNNNNNNNNNNNNNNNNNNNNNNNNNNNNNNNNN	TRAV17*00(899.4)		TRAJ17*00(519.5)		490|500|523|0|10||100.0		30|52|83|14|36||220.0		TGTGCTACGGCCCGTGCAGGCAACAAGCTAACTTTT	45	CATARAGNKLTF	:::::::::0:-3:10:::::14:-10:36:::
5071	421.0	1.655146167884503E-4	1	1.1548677676406051E-4	TGTGCCTTGTTGAAGCGGCCAAACTGGGGCAAACAACCTCTTCTTT	NNNNNNNNNNNNNNNNNNNNNNNNNNNNNNNNNNNNNNNNNNNNNN	TRAV24*00(978.3)		TRAJ36*00(539.3)		515|523|545|0|8||80.0		21|48|79|19|46||270.0		TGTGCCTTGTTGAAGCGGCCAAACTGGGGCAAACAACCTCTTCTTT	45	CALLKRPN_GANNLFF	:::::::::0:-2:8:::::19:-1:46:::
17903	421.0	1.655146167884503E-4	1	1.1548677676406051E-4	TGTGCAGCAAGCGCGAACACCGGTAACCAGTTCTATTTT	NNNNNNNNNNNNNNNNNNNNNNNNNNNNNNNNNNNNNNN	TRAV29/DV5*00(599.5)		TRAJ49*00(559.6)		529|543|562|0|14||150.0		20|45|76|14|39||260.0		TGTGCAGCAAGCGCGAACACCGGTAACCAGTTCTATTTT	45	CAASANTGNQFYF	:::::::::0:1:14:::::14:0:39:::
2517	420.0	1.6512147043028295E-4	1	1.1548677676406051E-4	TGTGCTCTGGGATGAATTCAGGATACAGCACCCTCACCTTT	NNNNNNNNNNNNNNNNNNNNNNNNNNNNNNNNNNNNNNNNN	TRAV9-2*00(699.6)		TRAJ11*00(609.5)		480|489|514|0|9||90.0		19|49|80|11|41||300.0		TGTGCTCTGGGATGAATTCAGGATACAGCACCCTCACCTTT	45	CALG*IQ_YSTLTF	:::::::::0:-5:9:::::11:1:41:::
2575	420.0	1.6512147043028295E-4	1	1.1548677676406051E-4	TGTGCTCTGAGTTTATACAACTTCAACAAATTTTACTTT	NNNNNNNNNNNNNNNNNNNNNNNNNNNNNNNNNNNNNNN	TRAV9-2*00(743.6)		TRAJ21*00(569.6)		480|492|514|0|12||120.0		18|44|75|13|39||260.0		TGTGCTCTGAGTTTATACAACTTCAACAAATTTTACTTT	45	CALSLYNFNKFYF	:::::::::0:-2:12:::::13:2:39:::
2689	420.0	1.6512147043028295E-4	1	1.1548677676406051E-4	TGTGCTCTGAGTGACAAGTATTCAGGAGGAGGTGCTGACGGACTCACCTTT	NNNNNNNNNNNNNNNNNNNNNNNNNNNNNNNNNNNNNNNNNNNNNNNNNNN	TRAV9-2*00(739.8)		TRAJ45*00(660.7)		480|494|514|0|14||140.0		18|55|86|14|51|ST20A|351.0		TGTGCTCTGAGTGACAAGTATTCAGGAGGAGGTGCTGACGGACTCACCTTT	45	CALSDKYSGGGADGLTF	:::::::::0:0:14:::::14:2:51:::
3016	420.0	1.6512147043028295E-4	1	1.1548677676406051E-4	TGTGCTCTAAGAAGGTCAGGAGGAGGTGCTGACGGACTCACCTTT	NNNNNNNNNNNNNNNNNNNNNNNNNNNNNNNNNNNNNNNNNNNNN	TRAV16*00(974.6)		TRAJ45*00(569.9)		449|460|483|0|11||110.0		25|55|86|15|45||300.0		TGTGCTCTAAGAAGGTCAGGAGGAGGTGCTGACGGACTCACCTTT	45	CALRRSGGGADGLTF	:::::::::0:-3:11:::::15:-5:45:::
4602	420.0	1.6512147043028295E-4	1	1.1548677676406051E-4	TGTGCTGGGCACACGTTTATCAGGGAGCCCAGAAGCTGGTATTT	NNNNNNNNNNNNNNNNNNNNNNNNNNNNNNNNNNNNNNNNNNNN	TRAV35*00(948.1)		TRAJ54*00(500)		588|599|620|0|11||110.0		24|49|80|19|44||250.0		TGTGCTGGGCACACGTTTATCAGGGAGCCCAGAAGCTGGTATTT	45	CAGHTFI_GAQKLVF	:::::::::0:-1:11:::::19:-4:44:::
6197	420.0	1.6512147043028295E-4	1	1.1548677676406051E-4	TGTGCCGTGGCCCCTTCGAACACCGGTAACCAGTTCTATTTT	NNNNNNNNNNNNNNNNNNNNNNNNNNNNNNNNNNNNNNNNNN	TRAV39*00(739.6)		TRAJ49*00(579.1)		507|517|540|0|10||100.0		17|45|76|14|42||280.0		TGTGCCGTGGCCCCTTCGAACACCGGTAACCAGTTCTATTTT	45	CAVAPSNTGNQFYF	:::::::::0:-3:10:::::14:3:42:::
6230	420.0	1.6512147043028295E-4	1	1.1548677676406051E-4	TGTGCCGTGGACGGGGCTGGGAGTTACCAACTCACTTTC	NNNNNNNNNNNNNNNNNNNNNNNNNNNNNNNNNNNNNNN	TRAV12-2*00(931.9)		TRAJ28*00(549.6)		551|563|584|0|12|SA560G|91.0		28|55|86|12|39||270.0		TGTGCCGTGGACGGGGCTGGGAGTTACCAACTCACTTTC	45	CAVDGAGSYQLTF	:::::::::0:-1:12:::::12:-8:39:::
17630	420.0	1.6512147043028295E-4	1	1.1548677676406051E-4	TGTGCAGCAACCGGGGATGGAGGAAGCCAAGGAAATCTCATCTTT	NNNNNNNNNNNNNNNNNNNNNNNNNNNNNNNNNNNNNNNNNNNNN	TRAV29/DV5*00(550.4)		TRAJ42*00(589.6)		529|542|562|0|13|SG539C|101.0		26|55|86|16|45||290.0		TGTGCAGCAACCGGGGATGGAGGAAGCCAAGGAAATCTCATCTTT	45	CAATGDGGSQGNLIF	:::::::::0:0:13:::::16:-6:45:::
18122	420.0	1.6512147043028295E-4	1	1.1548677676406051E-4	TGTGCAGGCCCATAACACCAATGCAGGCAAATCAACCTTT	NNNNNNNNNNNNNNNNNNNNNNNNNNNNNNNNNNNNNNNN	TRAV13-2*00(519.8)		TRAJ27*00(579.4)		506|513|539|0|7||70.0		19|48|79|11|40||290.0		TGTGCAGGCCCATAACACCAATGCAGGCAAATCAACCTTT	45	CAGP*HQ_AGKSTF	:::::::::0:-6:7:::::11:1:40:::
19043	420.0	1.6512147043028295E-4	1	1.1548677676406051E-4	TGCCTCGTGGGTACCGGGACTTCTGGTTCTGCAAGGCAACTGACCTTT	NNNNNNNNNNNNNNNNNNNNNNNNNNNNNNNNNNNNNNNNNNNNNNNN	TRAV4*00(989.4)		TRAJ22*00(529.6)		768|780|804|0|12||120.0		23|52|83|19|48||290.0		TGCCTCGTGGGTACCGGGACTTCTGGTTCTGCAAGGCAACTGACCTTT	45	CLVGTGTSGSARQLTF	:::::::::0:-4:12:::::19:-3:48:::
20427	420.0	1.6512147043028295E-4	1	1.1548677676406051E-4	TGCATCGTCAGAGTCGAGAGCGGATCTGAAAAGCTGGTCTTT	NNNNNNNNNNNNNNNNNNNNNNNNNNNNNNNNNNNNNNNNNN	TRAV26-1*00(650.3)		TRAJ57*00(540.5)		763|781|799|0|18|SC779A|161.0		28|52|83|18|42|SG28A|231.0		TGCATCGTCAGAGTCGAGAGCGGATCTGAAAAGCTGGTCTTT	45	CIVRVESGSEKLVF	:::::::::0:2:18:::::18:-8:42:::
612	419.0	1.6472832407211563E-4	2	2.3097355352812103E-4	TGTGTGGTGAACACCAATGCAGGCAAATCAACCTTT	[[[[[[[[[[[[[[[[[[[[[[[[[[[[[[[[[[[[	TRAV12-1*00(989.8)		TRAJ27*00(549.6)		539|550|572|0|11||130.0		23|48|79|11|36||270.0		TGTGTGGTGAACACCAATGCAGGCAAATCAACCTTT	58	CVVNTNAGKSTF	:::::::::0:-2:11:::::11:-3:36:::
3063	419.0	1.6472832407211563E-4	1	1.1548677676406051E-4	TGTGCTCCCCCTCGACAGAGGCTCAACCCTGGGGAGGCTATACTTT	NNNNNNNNNNNNNNNNNNNNNNNNNNNNNNNNNNNNNNNNNNNNNN	TRAV21*00(686)		TRAJ18*00(628.9)		544|550|576|0|6||60.0		21|55|86|12|46||340.0		TGTGCTCCCCCTCGACAGAGGCTCAACCCTGGGGAGGCTATACTTT	45	CAPPRQRL_TLGRLYF	:::::::::0:-6:6:::::12:-1:46:::
4473	419.0	1.6472832407211563E-4	1	1.1548677676406051E-4	TGTGCTGCGACATCAGGAACCTACAAATACATCTTT	NNNNNNNNNNNNNNNNNNNNNNNNNNNNNNNNNNNN	TRAV20*00(479.6)		TRAJ40*00(530.6)		498|505|531|0|7||70.0		23|50|81|9|36|SC25A|241.0		TGTGCTGCGACATCAGGAACCTACAAATACATCTTT	45	CAATSGTYKYIF	:::::::::0:-6:7:::::9:-3:36:::
6419	419.0	1.6472832407211563E-4	1	1.1548677676406051E-4	TGTGCCGTGAACAATAACAATGACATGCGCTTT	NNNNNNNNNNNNNNNNNNNNNNNNNNNNNNNNN	TRAV12-2*00(606.8)		TRAJ43*00(529.9)		551|561|584|0|10||130.0		20|43|74|10|33||231.0		TGTGCCGTGAACAATAACAATGACATGCGCTTT	45	CAVNNNNDMRF	:::::::::0:-3:10:::::10:0:33:::
6492	419.0	1.6472832407211563E-4	1	1.1548677676406051E-4	TGTGCCGCCTCAAATTCCGGGTATGCACTCAACTTC	NNNNNNNNNNNNNNNNNNNNNNNNNNNNNNNNNNNN	TRAV39*00(709.5)		TRAJ41*00(539.3)		507|514|540|0|7||70.0		23|51|82|8|36||280.0		TGTGCCGCCTCAAATTCCGGGTATGCACTCAACTTC	45	CAASNSGYALNF	:::::::::0:-6:7:::::8:-3:36:::
18204	419.0	1.6472832407211563E-4	1	1.1548677676406051E-4	TGTGCAGGGGGAGGGAGATATGGTGGTGCTACAAACAAGCTCATCTTT	NNNNNNNNNNNNNNNNNNNNNNNNNNNNNNNNNNNNNNNNNNNNNNNN	TRAV27*00(635.8)		TRAJ32*00(599.4)		552|560|582|0|8||80.0		25|55|86|18|48||300.0		TGTGCAGGGGGAGGGAGATATGGTGGTGCTACAAACAAGCTCATCTTT	45	CAGGGRYGGATNKLIF	:::::::::0:-2:8:::::18:-5:48:::
20185	419.0	1.6472832407211563E-4	1	1.1548677676406051E-4	TGCGGATAGCAACTATCAGTTAATCTGG	NNNNNNNNNNNNNNNNNNNNNNNNNNNN	TRAV21*00(889.7)		TRAJ33*00(539.6)		544|546|576|0|2||20.0		21|46|77|3|28||250.0		TGCGGATAGCAACTATCAGTTAATCTGG	45	CG*QL_QLIW	:::::::::0:-10:2:::::3:-1:28:::
1582	418.0	1.6433517771394828E-4	1	1.1548677676406051E-4	TGTGTTGTGACCTGCTCGATTTTCTGGTTCTGCAAGGCAACTGACCTTT	NNNNNNNNNNNNNNNNNNNNNNNNNNNNNNNNNNNNNNNNNNNNNNNNN	TRAV8-2*00(636.9)		TRAJ22*00(589.2)		466|476|500|0|10||100.0		24|52|83|21|49||280.0		TGTGTTGTGACCTGCTCGATTTTCTGGTTCTGCAAGGCAACTGACCTTT	45	CVVTCSIF_GSARQLTF	:::::::::0:-4:10:::::21:-4:49:::
2483	418.0	1.6433517771394828E-4	1	1.1548677676406051E-4	TGTGCTCTCAATCCCCTTAATGCTGGTGGTACTAGCTATGGAAAGCTGACATTT	NNNNNNNNNNNNNNNNNNNNNNNNNNNNNNNNNNNNNNNNNNNNNNNNNNNNNN	TRAV29/DV5*00(500)		TRAJ52*00(669.2)		529|534|562|0|5||50.0		21|58|89|17|54||370.0		TGTGCTCTCAATCCCCTTAATGCTGGTGGTACTAGCTATGGAAAGCTGACATTT	45	CALNPLNAGGTSYGKLTF	:::::::::0:-8:5:::::17:-1:54:::
2499	418.0	1.6433517771394828E-4	1	1.1548677676406051E-4	TGTGCTCTGCGGAAGAATAGTGGAGGTAGCAACTATAAACTGACATTT	NNNNNNNNNNNNNNNNNNNNNNNNNNNNNNNNNNNNNNNNNNNNNNNN	TRAV9-2*00(689.2)		TRAJ53*00(659.4)		480|489|514|0|9||90.0		20|55|86|13|48||350.0		TGTGCTCTGCGGAAGAATAGTGGAGGTAGCAACTATAAACTGACATTT	45	CALRKNSGGSNYKLTF	:::::::::0:-5:9:::::13:0:48:::
2737	418.0	1.6433517771394828E-4	1	1.1548677676406051E-4	TGTGCTCTGAGTGAGGCGGGGGGGGGTCAGAATTTTGTCTTT	NNNNNNNNNNNNNNNNNNNNNNNNNNNNNNNNNNNNNNNNNN	TRAV19*00(787.9)		TRAJ26*00(477.3)		556|574|593|0|18||180.0		31|49|80|24|42||180.0		TGTGCTCTGAGTGAGGCGGGGGGGGGTCAGAATTTTGTCTTT	45	CALSEAGGGQNFVF	:::::::::0:1:18:::::24:-11:42:::
2874	418.0	1.6433517771394828E-4	1	1.1548677676406051E-4	TGTGCTCTGAATAGAGGCGCTGGTGGTACTAGCTATGGAAAGCTGACATTT	NNNNNNNNNNNNNNNNNNNNNNNNNNNNNNNNNNNNNNNNNNNNNNNNNNN	TRAV19*00(688.7)		TRAJ52*00(628.6)		556|566|593|0|10||100.0		25|58|89|18|51||330.0		TGTGCTCTGAATAGAGGCGCTGGTGGTACTAGCTATGGAAAGCTGACATTT	45	CALNRGAGGTSYGKLTF	:::::::::0:-7:10:::::18:-5:51:::
2926	418.0	1.6433517771394828E-4	1	1.1548677676406051E-4	TGTGCTCTAGGGGGAATACTCTGGGGCTGGGAGTTACCAACTCACTTTC	NNNNNNNNNNNNNNNNNNNNNNNNNNNNNNNNNNNNNNNNNNNNNNNNN	TRAV16*00(628.3)		TRAJ28*00(618.6)		449|458|483|0|9||90.0		21|55|86|15|49||340.0		TGTGCTCTAGGGGGAATACTCTGGGGCTGGGAGTTACCAACTCACTTTC	45	CALGGILW_AGSYQLTF	:::::::::0:-5:9:::::15:-1:49:::
4137	418.0	1.6433517771394828E-4	1	1.1548677676406051E-4	TGTGCTGTGAGGCCGGATAGCAACTATCAGTTAATCTGG	NNNNNNNNNNNNNNNNNNNNNNNNNNNNNNNNNNNNNNN	TRAV21*00(1009.5)		TRAJ33*00(519.5)		544|558|576|0|14||140.0		21|46|77|14|39||250.0		TGTGCTGTGAGGCCGGATAGCAACTATCAGTTAATCTGG	45	CAVRPDSNYQLIW	:::::::::0:2:14:::::14:-1:39:::
4147	418.0	1.6433517771394828E-4	1	1.1548677676406051E-4	TGTGCTGTGAGGCGTTAGAGGGGGAGCCCAGAAGCTGGTATTT	NNNNNNNNNNNNNNNNNNNNNNNNNNNNNNNNNNNNNNNNNNN	TRAV21*00(998.9)		TRAJ54*00(469.7)		544|557|576|0|13||130.0		27|49|80|21|43||220.0		TGTGCTGTGAGGCGTTAGAGGGGGAGCCCAGAAGCTGGTATTT	45	CAVRR*R_GAQKLVF	:::::::::0:1:13:::::21:-7:43:::
6381	418.0	1.6433517771394828E-4	1	1.1548677676406051E-4	TGTGCCGTGAACCTAACCTTCTCCCAATGCTGGTGGTACTAGCTATGGAAAGCTGACATTT	NNNNNNNNNNNNNNNNNNNNNNNNNNNNNNNNNNNNNNNNNNNNNNNNNNNNNNNNNNNNN	TRAV12-2*00(778.4)		TRAJ52*00(635.9)		551|563|584|0|12||120.0		22|58|89|25|61||360.0		TGTGCCGTGAACCTAACCTTCTCCCAATGCTGGTGGTACTAGCTATGGAAAGCTGACATTT	45	CAVNLTFSQC_GGTSYGKLTF	:::::::::0:-1:12:::::25:-2:61:::
17872	418.0	1.6433517771394828E-4	1	1.1548677676406051E-4	TGTGCAGCAAGCGCGTATGAGCCGGCACTGCCAGTAAACTCACCTTT	NNNNNNNNNNNNNNNNNNNNNNNNNNNNNNNNNNNNNNNNNNNNNNN	TRAV29/DV5*00(559.9)		TRAJ44*00(569.8)		529|544|562|0|15||150.0		26|52|83|21|47||260.0		TGTGCAGCAAGCGCGTATGAGCCGGCACTGCCAGTAAACTCACCTTT	45	CAASAYEP_TASKLTF	:::::::::0:2:15:::::21:-6:47:::
18329	418.0	1.6433517771394828E-4	1	1.1548677676406051E-4	TGTGCAGACTTGTACGACTACAAGCTCAGCTTT	NNNNNNNNNNNNNNNNNNNNNNNNNNNNNNNNN	TRAV13-2*00(529.8)		TRAJ20*00(499.5)		506|514|539|0|8||80.0		26|46|77|13|33||200.0		TGTGCAGACTTGTACGACTACAAGCTCAGCTTT	45	CADLYDYKLSF	:::::::::0:-5:8:::::13:-6:33:::
18425	418.0	1.6433517771394828E-4	1	1.1548677676406051E-4	TGTGCAGAGAGTGGAAGCAGTGCTTCCAAGATAATCTTT	NNNNNNNNNNNNNNNNNNNNNNNNNNNNNNNNNNNNNNN	TRAV5*00(480)		TRAJ3*00(539.7)		523|535|556|0|12||120.0		27|51|82|15|39||240.0		TGTGCAGAGAGTGGAAGCAGTGCTTCCAAGATAATCTTT	45	CAESGSSASKIIF	:::::::::0:-1:12:::::15:-7:39:::
1747	417.0	1.6394203135578094E-4	1	1.1548677676406051E-4	TGTGTGGTGACCACAAATGCTGGCAACAACCGTAAGCTGATTTGG	NNNNNNNNNNNNNNNNNNNNNNNNNNNNNNNNNNNNNNNNNNNNN	TRAV10*00(659.7)		TRAJ38*00(599.1)		575|585|608|0|10||100.0		21|51|82|15|45||300.0		TGTGTGGTGACCACAAATGCTGGCAACAACCGTAAGCTGATTTGG	45	CVVTTNAGNNRKLIW	:::::::::0:-3:10:::::15:-1:45:::
1986	417.0	1.6394203135578094E-4	1	1.1548677676406051E-4	TGTGTGACCTTACTGCAGGCAGGAACTGCTCTGATCTTT	NNNNNNNNNNNNNNNNNNNNNNNNNNNNNNNNNNNNNNN	TRAV12-1*00(901.2)		TRAJ15*00(403.5)		539|545|572|0|6||60.0		25|49|80|15|39||240.0		TGTGTGACCTTACTGCAGGCAGGAACTGCTCTGATCTTT	45	CVTLLQAGTALIF	:::::::::0:-7:6:::::15:-5:39:::
3406	417.0	1.6394203135578094E-4	1	1.1548677676406051E-4	TGTGCTGTGCGGTTCAGGATACAGCACCCTCACCTTT	NNNNNNNNNNNNNNNNNNNNNNNNNNNNNNNNNNNNN	TRAV20*00(509.8)		TRAJ11*00(559.8)		498|508|531|0|10||100.0		24|49|80|12|37||250.0		TGTGCTGTGCGGTTCAGGATACAGCACCCTCACCTTT	45	CAVRFR_YSTLTF	:::::::::0:-3:10:::::12:-4:37:::
3656	417.0	1.6394203135578094E-4	1	1.1548677676406051E-4	TGTGCTGTGGATTAAATAGGCTTTGGGAATGTGCTGCATTGC	NNNNNNNNNNNNNNNNNNNNNNNNNNNNNNNNNNNNNNNNNN	TRAV22*00(539.4)		TRAJ35*00(567.5)		526|537|559|0|11||110.0		21|48|79|15|42||270.0		TGTGCTGTGGATTAAATAGGCTTTGGGAATGTGCTGCATTGC	45	CAVD*IGFGNVLHC	:::::::::0:-2:11:::::15:-1:42:::
4101	417.0	1.6394203135578094E-4	1	1.1548677676406051E-4	TGTGCTGTGAGCGATAGGCTTTGGGAATGTGCTGCATTGC	NNNNNNNNNNNNNNNNNNNNNNNNNNNNNNNNNNNNNNNN	TRAV21*00(979.2)		TRAJ35*00(549.3)		544|555|576|0|11||110.0		19|48|79|11|40||290.0		TGTGCTGTGAGCGATAGGCTTTGGGAATGTGCTGCATTGC	45	CAVSDRL_GNVLHC	:::::::::0:-1:11:::::11:1:40:::
4850	417.0	1.6394203135578094E-4	1	1.1548677676406051E-4	TGTGCTACGGACGCTGGCCGGTAACCAGTTCTATTTT	NNNNNNNNNNNNNNNNNNNNNNNNNNNNNNNNNNNNN	TRAV17*00(938.8)		TRAJ49*00(499.6)		490|504|523|0|14||140.0		25|45|76|17|37||200.0		TGTGCTACGGACGCTGGCCGGTAACCAGTTCTATTTT	45	CATDAG_GNQFYF	:::::::::0:1:14:::::17:-5:37:::
18352	417.0	1.6394203135578094E-4	1	1.1548677676406051E-4	TGTGCAGAGCTCCCAAATTCCGGGTATGCACTCAACTTC	NNNNNNNNNNNNNNNNNNNNNNNNNNNNNNNNNNNNNNN	TRAV13-2*00(539.4)		TRAJ41*00(519.7)		506|515|539|0|9||90.0		25|51|82|13|39||260.0		TGTGCAGAGCTCCCAAATTCCGGGTATGCACTCAACTTC	45	CAELPNSGYALNF	:::::::::0:-4:9:::::13:-5:39:::
18967	417.0	1.6394203135578094E-4	1	1.1548677676406051E-4	TGCCTCGTGGTGGGTGGTGCTACAAACAAGCTCATCTTT	NNNNNNNNNNNNNNNNNNNNNNNNNNNNNNNNNNNNNNN	TRAV4*00(833.9)		TRAJ32*00(547.8)		768|778|804|0|10||100.0		28|55|86|12|39||270.0		TGCCTCGTGGTGGGTGGTGCTACAAACAAGCTCATCTTT	45	CLVVGGATNKLIF	:::::::::0:-6:10:::::12:-8:39:::
661	416.0	1.635488849976136E-4	2	2.3097355352812103E-4	TGTGCTGTGGAGGGTTGGATTCAGGATACAGCACCCTCACCTTT	[[[[[[[[[[[[[[[[[[[[[[[[[[[[[[[[[[[[[[[[[[[[	TRAV20*00(510.5)		TRAJ11*00(570.9)		498|511|531|0|13|SC507G|101.0		20|49|80|15|44|SA22G|261.0		TGTGCTGTGGAGGGTTGGATTCAGGATACAGCACCCTCACCTTT	58	CAVEGWI_GYSTLTF	:::::::::0:0:13:::::15:0:44:::
668	416.0	1.635488849976136E-4	2	2.3097355352812103E-4	TGTGCTGTGATGGATAGCAACTATCAGTTAATCTGG	[[[[[[[[[[[[[[[[[[[[[[[[[[[[[[[[[[[[	TRAV1-2*00(659.6)		TRAJ33*00(559.6)		620|630|654|0|10||100.0		20|46|77|10|36||270.0		TGTGCTGTGATGGATAGCAACTATCAGTTAATCTGG	58	CAVMDSNYQLIW	:::::::::0:-4:10:::::10:0:36:::
1544	416.0	1.635488849976136E-4	1	1.1548677676406051E-4	TGTCTTCCGGACCGTGTATACCGGCACTGCCAGTAAACTCACCTTT	NNNNNNNNNNNNNNNNNNNNNNNNNNNNNNNNNNNNNNNNNNNNNN	TRAV40*00(850.2)		TRAJ44*00(579.6)		436|446|470|0|10|ST443C|71.0		23|52|83|17|46||290.0		TGTCTTCCGGACCGTGTATACCGGCACTGCCAGTAAACTCACCTTT	45	CLPDRVYR_TASKLTF	:::::::::0:-4:10:::::17:-3:46:::
2879	416.0	1.635488849976136E-4	1	1.1548677676406051E-4	TGTGCTCTGAACCGGTAACCAGTTCTATTTT	NNNNNNNNNNNNNNNNNNNNNNNNNNNNNNN	TRAV9-2*00(722)		TRAJ49*00(509.5)		480|490|514|0|10||100.0		24|45|76|10|31||210.0		TGTGCTCTGAACCGGTAACCAGTTCTATTTT	45	CALNR_NQFYF	:::::::::0:-4:10:::::10:-4:31:::
4483	416.0	1.635488849976136E-4	1	1.1548677676406051E-4	TGTGCTGCACCCATTATGGTGGTGCTACAAACAAGCTCATCTTT	NNNNNNNNNNNNNNNNNNNNNNNNNNNNNNNNNNNNNNNNNNNN	TRAV8-5*00(588.3)		TRAJ32*00(619.4)		1528|1537|1562|0|9||90.0		23|55|86|12|44||320.0		TGTGCTGCACCCATTATGGTGGTGCTACAAACAAGCTCATCTTT	45	CAAPIMV_ATNKLIF	:::::::::0:-5:9:::::12:-3:44:::
6175	416.0	1.635488849976136E-4	1	1.1548677676406051E-4	TGTGCCGTGTGGGATACAACTTCAACAAATTTTACTTT	NNNNNNNNNNNNNNNNNNNNNNNNNNNNNNNNNNNNNN	TRAV12-2*00(949.2)		TRAJ21*00(539.6)		551|560|584|0|9||90.0		19|44|75|13|38||250.0		TGTGCCGTGTGGGATACAACTTCAACAAATTTTACTTT	45	CAVWDT_FNKFYF	:::::::::0:-4:9:::::13:1:38:::
17344	416.0	1.635488849976136E-4	1	1.1548677676406051E-4	TGTGCGGGGCCCGTAACCGGTTCTATTTT	NNNNNNNNNNNNNNNNNNNNNNNNNNNNN	TRAV13-2*00(499.6)		TRAJ49*00(440.7)		506|511|539|0|5||50.0		25|45|76|9|29|SG27CSA34G|142.0		TGTGCGGGGCCCGTAACCGGTTCTATTTT	45	CAGPV_RFYF	:::::::::0:-8:5:::::9:-5:29:::
17407	416.0	1.635488849976136E-4	1	1.1548677676406051E-4	TGTGCAGTTAGTACTAGCTATGGAAAGCTGACATTT	NNNNNNNNNNNNNNNNNNNNNNNNNNNNNNNNNNNN	TRAV29/DV5*00(479.9)		TRAJ52*00(559.4)		529|536|562|0|7||70.0		32|58|89|10|36||260.0		TGTGCAGTTAGTACTAGCTATGGAAAGCTGACATTT	45	CAVSTSYGKLTF	:::::::::0:-6:7:::::10:-12:36:::
18378	416.0	1.635488849976136E-4	1	1.1548677676406051E-4	TGTGCAGAGGACAGGAGGAAGCTACATACCTACATTT	NNNNNNNNNNNNNNNNNNNNNNNNNNNNNNNNNNNNN	TRAV25*00(529.5)		TRAJ6*00(569.6)		620|627|649|0|7||70.0		25|51|82|11|37||260.0		TGTGCAGAGGACAGGAGGAAGCTACATACCTACATTT	45	CAEDRR_SYIPTF	:::::::::0:-2:7:::::11:-5:37:::
18583	416.0	1.635488849976136E-4	1	1.1548677676406051E-4	TGTGCAATGACCGGCCTCACGGGAGGAGGAAACAAACTCACCTTT	NNNNNNNNNNNNNNNNNNNNNNNNNNNNNNNNNNNNNNNNNNNNN	TRAV12-3*00(962.6)		TRAJ10*00(549.5)		562|579|595|0|17|SG572CSC575GSG576C|103.0		25|53|84|17|45||300.0		TGTGCAATGACCGGCCTCACGGGAGGAGGAAACAAACTCACCTTT	45	CAMTGLTGGGNKLTF	:::::::::0:4:17:::::17:-5:45:::
18831	416.0	1.635488849976136E-4	1	1.1548677676406051E-4	TGTGCAATGAACAGGTTCCAGGCAGGAACTGCTCTGATCTTT	NNNNNNNNNNNNNNNNNNNNNNNNNNNNNNNNNNNNNNNNNN	TRAV12-3*00(959.7)		TRAJ15*00(432.8)		562|572|595|0|10||100.0		24|49|80|17|42||250.0		TGTGCAATGAACAGGTTCCAGGCAGGAACTGCTCTGATCTTT	45	CAMNRFQAGTALIF	:::::::::0:-3:10:::::17:-4:42:::
20173	416.0	1.635488849976136E-4	1	1.1548677676406051E-4	TGCGGCACAGAGTATAACGGTAACCAGTTCTATTTT	NNNNNNNNNNNNNNNNNNNNNNNNNNNNNNNNNNNN	TRAV30*00(489.7)		TRAJ49*00(489.8)		567|579|600|0|12||120.0		26|45|76|17|36||190.0		TGCGGCACAGAGTATAACGGTAACCAGTTCTATTTT	45	CGTEYNGNQFYF	:::::::::0:-1:12:::::17:-6:36:::
1474	415.0	1.6315573863944627E-4	1	1.1548677676406051E-4	TTTGAGACTCACGGGAGGAGGAAACAAACTCACCTTT	NNNNNNNNNNNNNNNNNNNNNNNNNNNNNNNNNNNNN	TRAV21*00(880.4)		TRAJ10*00(599.6)		544|548|576|0|4|SG545T|11.0		22|53|84|6|37||310.0		TTTGAGACTCACGGGAGGAGGAAACAAACTCACCTTT	45	FETHGR_GNKLTF	:::::::::0:-8:4:::::6:-2:37:::
2748	415.0	1.6315573863944627E-4	1	1.1548677676406051E-4	TGTGCTCTGAGTGAGGCAGGAAGGTCAGAATTTTGTCTTT	NNNNNNNNNNNNNNNNNNNNNNNNNNNNNNNNNNNNNNNN	TRAV19*00(779.6)		TRAJ26*00(407.3)		556|573|593|0|17||170.0		31|49|80|22|40||180.0		TGTGCTCTGAGTGAGGCAGGAAGGTCAGAATTTTGTCTTT	45	CALSEAG_GQNFVF	:::::::::0:0:17:::::22:-11:40:::
2852	415.0	1.6315573863944627E-4	1	1.1548677676406051E-4	TGTGCTCTGAGATTGAGCAGCAGTGCTTCCAAGATAATCTTT	NNNNNNNNNNNNNNNNNNNNNNNNNNNNNNNNNNNNNNNNNN	TRAV19*00(719.7)		TRAJ3*00(549.5)		556|567|593|0|11||110.0		26|51|82|17|42||250.0		TGTGCTCTGAGATTGAGCAGCAGTGCTTCCAAGATAATCTTT	45	CALRLSSSASKIIF	:::::::::0:-6:11:::::17:-6:42:::
3273	415.0	1.6315573863944627E-4	1	1.1548677676406051E-4	TGTGCTGTCGGAGGTAGGCTTTGGGAATGTGCTGCATTGC	NNNNNNNNNNNNNNNNNNNNNNNNNNNNNNNNNNNNNNNN	TRAV21*00(643.7)		TRAJ35*00(549.7)		544|552|576|0|8||80.0		22|48|79|14|40||260.0		TGTGCTGTCGGAGGTAGGCTTTGGGAATGTGCTGCATTGC	45	CAVGGRL_GNVLHC	:::::::::0:-4:8:::::14:-2:40:::
3527	415.0	1.6315573863944627E-4	1	1.1548677676406051E-4	TGTGCTGTGGCCAGCACCAATGCAGGCAAATCAACCTTT	NNNNNNNNNNNNNNNNNNNNNNNNNNNNNNNNNNNNNNN	TRAV8-3*00(590.4)		TRAJ27*00(539.2)		455|465|489|0|10||100.0		23|48|79|14|39||250.0		TGTGCTGTGGCCAGCACCAATGCAGGCAAATCAACCTTT	45	CAVASTNAGKSTF	:::::::::0:-4:10:::::14:-3:39:::
3921	415.0	1.6315573863944627E-4	1	1.1548677676406051E-4	TGTGCTGTGAGTGGGGGTTCAGGAGGAGGTGCTGACGGACTCACCTTT	NNNNNNNNNNNNNNNNNNNNNNNNNNNNNNNNNNNNNNNNNNNNNNNN	TRAV8-4*00(642.2)		TRAJ45*00(619.6)		476|489|510|0|13||130.0		24|55|86|17|48||310.0		TGTGCTGTGAGTGGGGGTTCAGGAGGAGGTGCTGACGGACTCACCTTT	45	CAVSGGSGGGADGLTF	:::::::::0:-1:13:::::17:-4:48:::
4377	415.0	1.6315573863944627E-4	1	1.1548677676406051E-4	TGTGCTGTAATGGATAGCAACTATCAGTTAATCTGG	NNNNNNNNNNNNNNNNNNNNNNNNNNNNNNNNNNNN	TRAV1-2*00(640)		TRAJ33*00(559.7)		620|628|654|0|8||80.0		19|46|77|9|36||270.0		TGTGCTGTAATGGATAGCAACTATCAGTTAATCTGG	45	CAVMDSNYQLIW	:::::::::0:-6:8:::::9:1:36:::
6246	415.0	1.6315573863944627E-4	1	1.1548677676406051E-4	TGTGCCGTGGACATAGTGGAGGTAGCAACTATAAACTGACATTT	NNNNNNNNNNNNNNNNNNNNNNNNNNNNNNNNNNNNNNNNNNNN	TRAV39*00(778.9)		TRAJ53*00(629.2)		507|520|540|0|13||140.0		24|55|86|13|44||320.0		TGTGCCGTGGACATAGTGGAGGTAGCAACTATAAACTGACATTT	45	CAVDIVE_SNYKLTF	:::::::::0:0:13:::::13:-4:44:::
17517	415.0	1.6315573863944627E-4	1	1.1548677676406051E-4	TGTGCAGCGGGGTAACTTTGGAAATGAGAAATTAACCTTT	NNNNNNNNNNNNNNNNNNNNNNNNNNNNNNNNNNNNNNNN	TRAV13-1*00(938.8)		TRAJ48*00(549.6)		511|519|544|0|8||80.0		24|52|83|12|40||280.0		TGTGCAGCGGGGTAACTTTGGAAATGAGAAATTAACCTTT	45	CAAG*LW_NEKLTF	:::::::::0:-5:8:::::12:-4:40:::
17687	415.0	1.6315573863944627E-4	1	1.1548677676406051E-4	TGTGCAGCAAGTGGTGCTACAAACAAGCTCATCTTT	NNNNNNNNNNNNNNNNNNNNNNNNNNNNNNNNNNNN	TRAV13-1*00(979.3)		TRAJ32*00(558.3)		511|522|544|0|11||120.0		30|55|86|11|36||260.0		TGTGCAGCAAGTGGTGCTACAAACAAGCTCATCTTT	45	CAASGATNKLIF	:::::::::0:-2:11:::::11:-10:36:::
18375	415.0	1.6315573863944627E-4	1	1.1548677676406051E-4	TGTGCAGAGGGGGGCGATTCAAATTCCGGGTATGCACTCAACTTC	NNNNNNNNNNNNNNNNNNNNNNNNNNNNNNNNNNNNNNNNNNNNN	TRAV13-2*00(539.5)		TRAJ41*00(529.7)		506|515|539|0|9||90.0		24|51|82|18|45||270.0		TGTGCAGAGGGGGGCGATTCAAATTCCGGGTATGCACTCAACTTC	45	CAEGGDSNSGYALNF	:::::::::0:-4:9:::::18:-4:45:::
18488	415.0	1.6315573863944627E-4	1	1.1548677676406051E-4	TGTGCAGAGAATATAAGCCAATAACAATGACATGCGCTTT	NNNNNNNNNNNNNNNNNNNNNNNNNNNNNNNNNNNNNNNN	TRAV13-2*00(599.5)		TRAJ43*00(519.9)		506|521|539|0|15||150.0		21|43|74|18|40||220.0		TGTGCAGAGAATATAAGCCAATAACAATGACATGCGCTTT	45	CAENISQ_NNDMRF	:::::::::0:2:15:::::18:-1:40:::
21335	415.0	1.6315573863944627E-4	1	1.1548677676406051E-4	TGGAGGGGCTGGGAGTTACCAACTCACTTTC	NNNNNNNNNNNNNNNNNNNNNNNNNNNNNNN	TRAV27*00(541.6)		TRAJ28*00(559.2)		552|554|582|0|2||20.0		28|55|86|4|31||270.0		TGGAGGGGCTGGGAGTTACCAACTCACTTTC	45	WRGWE_YQLTF	:::::::::0:-8:2:::::4:-8:31:::
1607	414.0	1.6276259228127892E-4	1	1.1548677676406051E-4	TGTGTTGTGAGTGATCGTAGGGCGAGGAGCAACACAGGCAAACTAATCTTT	NNNNNNNNNNNNNNNNNNNNNNNNNNNNNNNNNNNNNNNNNNNNNNNNNNN	TRAV8-2*00(670.5)		TRAJ37*00(539.6)		466|482|500|0|16||160.0		28|51|82|28|51||230.0		TGTGTTGTGAGTGATCGTAGGGCGAGGAGCAACACAGGCAAACTAATCTTT	45	CVVSDRRARSNTGKLIF	:::::::::0:2:16:::::28:-8:51:::
3067	414.0	1.6276259228127892E-4	1	1.1548677676406051E-4	TGTGCTCCCCGTACCTCAGGAACCTACAAATACATCTTT	NNNNNNNNNNNNNNNNNNNNNNNNNNNNNNNNNNNNNNN	TRAV20*00(469.6)		TRAJ40*00(569.4)		498|504|531|0|6||60.0		22|50|81|11|39||280.0		TGTGCTCCCCGTACCTCAGGAACCTACAAATACATCTTT	45	CAPRTSGTYKYIF	:::::::::0:-7:6:::::11:-2:39:::
3237	414.0	1.6276259228127892E-4	1	1.1548677676406051E-4	TGTGCTGTCCCGACGTGCTGACGGACTCACCTTT	NNNNNNNNNNNNNNNNNNNNNNNNNNNNNNNNNN	TRAV36/DV7*00(599.6)		TRAJ45*00(510.3)		500|508|533|0|8||80.0		32|55|86|11|34|SG34C|201.0		TGTGCTGTCCCGACGTGCTGACGGACTCACCTTT	45	CAVPTC_DGLTF	:::::::::0:-5:8:::::11:-12:34:::
4044	414.0	1.6276259228127892E-4	1	1.1548677676406051E-4	TGTGCTGTGAGTGAAGGGGCATCAGGAGGAAGCTACATACCTACATTT	NNNNNNNNNNNNNNNNNNNNNNNNNNNNNNNNNNNNNNNNNNNNNNNN	TRAV8-4*00(689.9)		TRAJ6*00(609.6)		476|490|510|0|14||140.0		21|51|82|18|48||300.0		TGTGCTGTGAGTGAAGGGGCATCAGGAGGAAGCTACATACCTACATTT	45	CAVSEGASGGSYIPTF	:::::::::0:0:14:::::18:-1:48:::
4462	414.0	1.6276259228127892E-4	1	1.1548677676406051E-4	TGTGCTGCGGTTACTGGAGCCAATAGTAAGCTGACATTT	NNNNNNNNNNNNNNNNNNNNNNNNNNNNNNNNNNNNNNN	TRAV21*00(939.7)		TRAJ56*00(549.6)		544|551|576|0|7||70.0		23|51|82|11|39||280.0		TGTGCTGCGGTTACTGGAGCCAATAGTAAGCTGACATTT	45	CAAVTGANSKLTF	:::::::::0:-5:7:::::11:-3:39:::
4638	414.0	1.6276259228127892E-4	1	1.1548677676406051E-4	TGTGCTGGGCAGCTAGACAATAACAATGACATGCGCTTT	NNNNNNNNNNNNNNNNNNNNNNNNNNNNNNNNNNNNNNN	TRAV35*00(966.4)		TRAJ43*00(529.4)		588|602|620|0|14||140.0		20|43|74|16|39||230.0		TGTGCTGGGCAGCTAGACAATAACAATGACATGCGCTTT	45	CAGQLDNNNDMRF	:::::::::0:2:14:::::16:0:39:::
4872	414.0	1.6276259228127892E-4	1	1.1548677676406051E-4	TGTGCTACGGACGCATGGCTGGGGCAAACAACCTCTTCTTT	NNNNNNNNNNNNNNNNNNNNNNNNNNNNNNNNNNNNNNNNN	TRAV17*00(939.3)		TRAJ36*00(539.7)		490|504|523|0|14||140.0		25|48|79|18|41||230.0		TGTGCTACGGACGCATGGCTGGGGCAAACAACCTCTTCTTT	45	CATDAWL_ANNLFF	:::::::::0:1:14:::::18:-5:41:::
6139	414.0	1.6276259228127892E-4	1	1.1548677676406051E-4	TGTGCCGTCTCGGAGGTGGTGCTACAAACAAGCTCATCTTT	NNNNNNNNNNNNNNNNNNNNNNNNNNNNNNNNNNNNNNNNN	TRAV12-2*00(646.1)		TRAJ32*00(542.1)		551|559|584|0|8||80.0		28|55|86|14|41||270.0		TGTGCCGTCTCGGAGGTGGTGCTACAAACAAGCTCATCTTT	45	CAVSEVV_TNKLIF	:::::::::0:-5:8:::::14:-8:41:::
6465	414.0	1.6276259228127892E-4	1	1.1548677676406051E-4	TGTGCCGTAGTATTTATCTCTGGGGCTGGGAGTTACCAACTCACTTTC	NNNNNNNNNNNNNNNNNNNNNNNNNNNNNNNNNNNNNNNNNNNNNNNN	TRAV12-2*00(925.7)		TRAJ28*00(559.3)		551|559|584|0|8||80.0		24|55|86|17|48||310.0		TGTGCCGTAGTATTTATCTCTGGGGCTGGGAGTTACCAACTCACTTTC	45	CAVVFISGAGSYQLTF	:::::::::0:-5:8:::::17:-4:48:::
17513	414.0	1.6276259228127892E-4	1	1.1548677676406051E-4	TGTGCAGCGCGAGAGGGTTCCGGCACTGCCAGTAAACTCACCTTT	NNNNNNNNNNNNNNNNNNNNNNNNNNNNNNNNNNNNNNNNNNNNN	TRAV23/DV6*00(449.7)		TRAJ44*00(569.8)		517|525|550|0|8||80.0		26|52|83|19|45||260.0		TGTGCAGCGCGAGAGGGTTCCGGCACTGCCAGTAAACTCACCTTT	45	CAAREGSGTASKLTF	:::::::::0:-5:8:::::19:-6:45:::
18740	414.0	1.6276259228127892E-4	1	1.1548677676406051E-4	TGTGCAATGAGAGAGGCCTGGCGCTGGCAACAACCGTAAGCTGATTTGG	NNNNNNNNNNNNNNNNNNNNNNNNNNNNNNNNNNNNNNNNNNNNNNNNN	TRAV14/DV4*00(889.9)		TRAJ38*00(549.6)		517|533|554|0|16||160.0		24|51|82|22|49||270.0		TGTGCAATGAGAGAGGCCTGGCGCTGGCAACAACCGTAAGCTGATTTGG	45	CAMREAWR_GNNRKLIW	:::::::::0:-1:16:::::22:-4:49:::
20202	414.0	1.6276259228127892E-4	1	1.1548677676406051E-4	TGCATCCTGGGGCCGGGAATGGGGCAAACAACCTCTTCTTT	NNNNNNNNNNNNNNNNNNNNNNNNNNNNNNNNNNNNNNNNN	TRAV26-2*00(569.7)		TRAJ36*00(529.9)		791|800|826|0|9||90.0		26|48|79|19|41||220.0		TGCATCCTGGGGCCGGGAATGGGGCAAACAACCTCTTCTTT	45	CILGPGM_ANNLFF	:::::::::0:-6:9:::::19:-6:41:::
1546	413.0	1.6236944592311158E-4	1	1.1548677676406051E-4	TGTCTTCGGGCCGTAGAATAGTGGAGGTAGCAACTATAAACTGACATTT	NNNNNNNNNNNNNNNNNNNNNNNNNNNNNNNNNNNNNNNNNNNNNNNNN	TRAV40*00(849)		TRAJ53*00(629.4)		436|446|470|0|10|ST443G|71.0		19|55|86|13|49||360.0		TGTCTTCGGGCCGTAGAATAGTGGAGGTAGCAACTATAAACTGACATTT	45	CLRAVE*W_GSNYKLTF	:::::::::0:-4:10:::::13:1:49:::
2202	413.0	1.6236944592311158E-4	1	1.1548677676406051E-4	TGTGCTTATAGGGATCCCTACAATAACAATGACATGCGCTTT	NNNNNNNNNNNNNNNNNNNNNNNNNNNNNNNNNNNNNNNNNN	TRAV38-2/DV8*00(579.7)		TRAJ43*00(539.6)		602|614|638|0|12||120.0		19|43|74|18|42||240.0		TGTGCTTATAGGGATCCCTACAATAACAATGACATGCGCTTT	45	CAYRDPYNNNDMRF	:::::::::0:-4:12:::::18:1:42:::
2908	413.0	1.6236944592311158E-4	1	1.1548677676406051E-4	TGTGCTCTAGTGCGGCCGAACACCAATGCAGGCAAATCAACCTTT	NNNNNNNNNNNNNNNNNNNNNNNNNNNNNNNNNNNNNNNNNNNNN	TRAV6*00(469.7)		TRAJ27*00(559.9)		535|545|568|0|10||100.0		21|48|79|18|45||270.0		TGTGCTCTAGTGCGGCCGAACACCAATGCAGGCAAATCAACCTTT	45	CALVRPNTNAGKSTF	:::::::::0:-3:10:::::18:-1:45:::
3005	413.0	1.6236944592311158E-4	1	1.1548677676406051E-4	TGTGCTCTAAGGGCAATAACAATGACATGCGCTTT	NNNNNNNNNNNNNNNNNNNNNNNNNNNNNNNNNNN	TRAV16*00(979.4)		TRAJ43*00(519.8)		449|460|483|0|11||110.0		21|43|74|13|35||220.0		TGTGCTCTAAGGGCAATAACAATGACATGCGCTTT	45	CALRAI_NDMRF	:::::::::0:-3:11:::::13:-1:35:::
3086	413.0	1.6236944592311158E-4	1	1.1548677676406051E-4	TGTGCTCCGTCGGCATGGATAGCAACTATCAGTTAATCTGG	NNNNNNNNNNNNNNNNNNNNNNNNNNNNNNNNNNNNNNNNN	TRAV9-2*00(680)		TRAJ33*00(569.7)		480|487|514|0|7||70.0		18|46|77|13|41||280.0		TGTGCTCCGTCGGCATGGATAGCAACTATCAGTTAATCTGG	45	CAPSAWI_NYQLIW	:::::::::0:-7:7:::::13:2:41:::
4749	413.0	1.6236944592311158E-4	1	1.1548677676406051E-4	TGTGCTGAATAATGCAGGCAACATGCTCACCTTT	NNNNNNNNNNNNNNNNNNNNNNNNNNNNNNNNNN	TRAV36/DV7*00(589.5)		TRAJ39*00(579.6)		500|507|533|0|7||70.0		25|52|83|7|34||270.0		TGTGCTGAATAATGCAGGCAACATGCTCACCTTT	45	CAE*CR_NMLTF	:::::::::0:-6:7:::::7:-5:34:::
4784	413.0	1.6236944592311158E-4	1	1.1548677676406051E-4	TGTGCTACGCCTGAGGACGACTACAAGCTCAGCTTT	NNNNNNNNNNNNNNNNNNNNNNNNNNNNNNNNNNNN	TRAV17*00(889.5)		TRAJ20*00(499.6)		490|499|523|0|9||90.0		26|46|77|16|36||200.0		TGTGCTACGCCTGAGGACGACTACAAGCTCAGCTTT	45	CATPEDDYKLSF	:::::::::0:-4:9:::::16:-6:36:::
6268	413.0	1.6236944592311158E-4	1	1.1548677676406051E-4	TGTGCCGTGATTTTCCTAATAATGCAGGCAACATGCTCACCTTT	NNNNNNNNNNNNNNNNNNNNNNNNNNNNNNNNNNNNNNNNNNNN	TRAV8-1*00(569.9)		TRAJ39*00(589.7)		474|484|508|0|10||100.0		24|52|83|16|44||280.0		TGTGCCGTGATTTTCCTAATAATGCAGGCAACATGCTCACCTTT	45	CAVIFLI_AGNMLTF	:::::::::0:-4:10:::::16:-4:44:::
17470	413.0	1.6236944592311158E-4	1	1.1548677676406051E-4	TGTGCAGCCTCACTATAGCAACTATCAGTTAATCTGG	NNNNNNNNNNNNNNNNNNNNNNNNNNNNNNNNNNNNN	TRAV23/DV6*00(449.7)		TRAJ33*00(519.6)		517|525|550|0|8||80.0		23|46|77|14|37||230.0		TGTGCAGCCTCACTATAGCAACTATCAGTTAATCTGG	45	CAASL*_NYQLIW	:::::::::0:-5:8:::::14:-3:37:::
17638	413.0	1.6236944592311158E-4	1	1.1548677676406051E-4	TGTGCAGCAACGCCGATACTGGAGGCTTCAAAACTATCTTT	NNNNNNNNNNNNNNNNNNNNNNNNNNNNNNNNNNNNNNNNN	TRAV24*00(285.1)		TRAJ9*00(559.8)		515|520|545|0|5||50.0		24|50|81|15|41||260.0		TGTGCAGCAACGCCGATACTGGAGGCTTCAAAACTATCTTT	45	CAATPIL_GFKTIF	:::::::::0:-5:5:::::15:-4:41:::
18411	413.0	1.6236944592311158E-4	1	1.1548677676406051E-4	TGTGCAGAGACGACGGGCAGGAGAGCACTTACTTTT	NNNNNNNNNNNNNNNNNNNNNNNNNNNNNNNNNNNN	TRAV5*00(459.7)		TRAJ5*00(539.6)		523|533|556|0|10||100.0		25|49|80|12|36||240.0		TGTGCAGAGACGACGGGCAGGAGAGCACTTACTTTT	45	CAETTGRRALTF	:::::::::0:-3:10:::::12:-5:36:::
21384	413.0	1.6236944592311158E-4	1	1.1548677676406051E-4	GGGTGCAGGCAACATGCTCACCTTT	NNNNNNNNNNNNNNNNNNNNNNNNN	TRAV2*00(643.4)		TRAJ39*00(529.4)		519|519|553|0|0||0.0		30|52|83|3|25||220.0		GGGTGCAGGCAACATGCTCACCTTT	45	GCRQ_MLTF	:::::::::0:-14:0:::::3:-10:25:::
2043	412.0	1.6197629956494423E-4	1	1.1548677676406051E-4	TGTGCTTTCATGACACCGGCACTGCCAGTAAACTCACCTTT	NNNNNNNNNNNNNNNNNNNNNNNNNNNNNNNNNNNNNNNNN	TRAV38-1*00(589.4)		TRAJ44*00(579.3)		596|609|633|0|13||130.0		25|52|83|14|41||270.0		TGTGCTTTCATGACACCGGCACTGCCAGTAAACTCACCTTT	45	CAFMTPA_ASKLTF	:::::::::0:-4:13:::::14:-5:41:::
2177	412.0	1.6197629956494423E-4	1	1.1548677676406051E-4	TGTGCTTATGAGGTTCAGGAGGAGGTGCTGACGGACTCACCTTT	NNNNNNNNNNNNNNNNNNNNNNNNNNNNNNNNNNNNNNNNNNNN	TRAV38-2/DV8*00(549.5)		TRAJ45*00(619.8)		602|611|638|0|9||90.0		24|55|86|13|44||310.0		TGTGCTTATGAGGTTCAGGAGGAGGTGCTGACGGACTCACCTTT	45	CAYEVQE_GADGLTF	:::::::::0:-7:9:::::13:-4:44:::
2213	412.0	1.6197629956494423E-4	1	1.1548677676406051E-4	TGTGCTTATAGGAGTGATGCTGGTGGTACTAGCTATGGAAAGCTGACATTT	NNNNNNNNNNNNNNNNNNNNNNNNNNNNNNNNNNNNNNNNNNNNNNNNNNN	TRAV38-2/DV8*00(599.8)		TRAJ52*00(649.5)		602|616|638|0|14||140.0		23|58|89|16|51||350.0		TGTGCTTATAGGAGTGATGCTGGTGGTACTAGCTATGGAAAGCTGACATTT	45	CAYRSDAGGTSYGKLTF	:::::::::0:-2:14:::::16:-3:51:::
2292	412.0	1.6197629956494423E-4	1	1.1548677676406051E-4	TGTGCTCTTCCTACTTGGGTGCTACAAACAAGCTCATCTTT	NNNNNNNNNNNNNNNNNNNNNNNNNNNNNNNNNNNNNNNNN	TRDV1*00(725.2)		TRAJ32*00(527.4)		573|582|610|0|9||90.0		31|55|86|17|41||240.0		TGTGCTCTTCCTACTTGGGTGCTACAAACAAGCTCATCTTT	45	CALPTWV_TNKLIF	:::::::::0:-8:9:::::17:-11:41:::
2797	412.0	1.6197629956494423E-4	1	1.1548677676406051E-4	TGTGCTCTGAGTACCCCAACAATGCCAGACTCATGTTT	NNNNNNNNNNNNNNNNNNNNNNNNNNNNNNNNNNNNNN	TRAV19*00(727.2)		TRAJ31*00(509.4)		556|568|593|0|12||120.0		25|46|77|17|38||210.0		TGTGCTCTGAGTACCCCAACAATGCCAGACTCATGTTT	45	CALSTP_NARLMF	:::::::::0:-5:12:::::17:-5:38:::
2875	412.0	1.6197629956494423E-4	1	1.1548677676406051E-4	TGTGCTCTGAATAACAATGCCAGACTCATGTTT	NNNNNNNNNNNNNNNNNNNNNNNNNNNNNNNNN	TRAV9-2*00(709.7)		TRAJ31*00(549.1)		480|489|514|0|9||100.0		22|46|77|9|33||250.0		TGTGCTCTGAATAACAATGCCAGACTCATGTTT	45	CALNNNARLMF	:::::::::0:-5:9:::::9:-2:33:::
3193	412.0	1.6197629956494423E-4	1	1.1548677676406051E-4	TGTGCTGTTACTAACAATGGATAGCAACTATCAGTTAATCTGG	NNNNNNNNNNNNNNNNNNNNNNNNNNNNNNNNNNNNNNNNNNN	TRAV20*00(489.7)		TRAJ33*00(572.9)		498|505|531|0|7||80.0		10|46|77|7|43|SG12AST16ASC18A|283.0		TGTGCTGTTACTAACAATGGATAGCAACTATCAGTTAATCTGG	45	CAVTNNG_SNYQLIW	:::::::::0:-6:7:::::7:10:43:::
3982	412.0	1.6197629956494423E-4	1	1.1548677676406051E-4	TGTGCTGTGAGTGATGGTTTAATAATGCAGGCAACATGCTCACCTTT	NNNNNNNNNNNNNNNNNNNNNNNNNNNNNNNNNNNNNNNNNNNNNNN	TRAV8-4*00(699.6)		TRAJ39*00(589.6)		476|491|510|0|15||150.0		24|52|83|19|47||280.0		TGTGCTGTGAGTGATGGTTTAATAATGCAGGCAACATGCTCACCTTT	45	CAVSDGLI_AGNMLTF	:::::::::0:1:15:::::19:-4:47:::
4673	412.0	1.6197629956494423E-4	1	1.1548677676406051E-4	TGTGCTGGGCAGGAACAAACTGGGGCAAACAACCTCTTCTTT	NNNNNNNNNNNNNNNNNNNNNNNNNNNNNNNNNNNNNNNNNN	TRAV35*00(702.5)		TRAJ36*00(561.4)		588|600|620|0|12||120.0		18|48|79|12|42|ST20A|271.0		TGTGCTGGGCAGGAACAAACTGGGGCAAACAACCTCTTCTTT	45	CAGQEQTGANNLFF	:::::::::0:0:12:::::12:2:42:::
4721	412.0	1.6197629956494423E-4	1	1.1548677676406051E-4	TGTGCTGGGATCGACAGAGGCTCAACCCTGGGGAGGCTATACTTT	NNNNNNNNNNNNNNNNNNNNNNNNNNNNNNNNNNNNNNNNNNNNN	TRAV8-3*00(589.8)		TRAJ18*00(649.6)		455|462|489|0|7||70.0		21|55|86|11|45||340.0		TGTGCTGGGATCGACAGAGGCTCAACCCTGGGGAGGCTATACTTT	45	CAGIDRGSTLGRLYF	:::::::::0:-7:7:::::11:-1:45:::
17319	412.0	1.6197629956494423E-4	1	1.1548677676406051E-4	TGTGCGTACTACCTCAGGAACCTACAAATACATCTTT	NNNNNNNNNNNNNNNNNNNNNNNNNNNNNNNNNNNNN	TRAV25*00(493)		TRAJ40*00(609.5)		620|625|649|0|5||50.0		18|50|81|5|37||320.0		TGTGCGTACTACCTCAGGAACCTACAAATACATCTTT	45	CAYYLR_TYKYIF	:::::::::0:-4:5:::::5:2:37:::
17751	412.0	1.6197629956494423E-4	1	1.1548677676406051E-4	TGTGCAGCAAGTAGAAACAAACTGGTCTTT	NNNNNNNNNNNNNNNNNNNNNNNNNNNNNN	TRAV13-1*00(609.8)		TRAJ47*00(479.5)		511|524|544|0|13||130.0		29|46|77|13|30||170.0		TGTGCAGCAAGTAGAAACAAACTGGTCTTT	45	CAASRNKLVF	:::::::::0:0:13:::::13:-9:30:::
17977	412.0	1.6197629956494423E-4	1	1.1548677676406051E-4	TGTGCAGCAAGCATTGATGGAGGAAGCCAAGGAAATCTCATCTTT	NNNNNNNNNNNNNNNNNNNNNNNNNNNNNNNNNNNNNNNNNNNNN	TRAV29/DV5*00(569.4)		TRAJ42*00(589.6)		529|541|562|0|12||120.0		26|55|86|16|45||290.0		TGTGCAGCAAGCATTGATGGAGGAAGCCAAGGAAATCTCATCTTT	45	CAASIDGGSQGNLIF	:::::::::0:-1:12:::::16:-6:45:::
18848	412.0	1.6197629956494423E-4	1	1.1548677676406051E-4	TGTGCAACCTCCCACGACATGGCATGCGCTTT	NNNNNNNNNNNNNNNNNNNNNNNNNNNNNNNN	TRAV12-3*00(929.3)		TRAJ43*00(410.7)		562|569|595|0|7||70.0		29|43|74|18|32|SA32G|111.0		TGTGCAACCTCCCACGACATGGCATGCGCTTT	45	CATSH_HGMRF	:::::::::0:-6:7:::::18:-9:32:::
773	411.0	1.615831532067769E-4	2	2.3097355352812103E-4	TGTGCCGTGGACGAGGGCTTAGTCAGGGCGGATCTGAAAAGCTGGTCTTT	[[[[[[[[[[[[[[[[[[[[[[[[[[[[[[[[[[[[[[[[[[[[[[[[[[	TRAV39*00(739.8)		TRAJ57*00(579.4)		507|519|540|0|12||120.0		24|52|83|22|50||280.0		TGTGCCGTGGACGAGGGCTTAGTCAGGGCGGATCTGAAAAGCTGGTCTTT	58	CAVDEGLV_GGSEKLVF	:::::::::0:-1:12:::::22:-4:50:::
1331	411.0	1.615831532067769E-4	2	2.3097355352812103E-4	TGTGCAGCGCCAGGAGGGACCGGTAACCAGTTCTATTTT	[[[[[[[[[[[[[[[[[[[[[[[[[[[[[[[[[[[[[[[	TRAV29/DV5*00(509.8)		TRAJ49*00(509.8)		529|537|562|0|8||80.0		24|45|76|18|39||210.0		TGTGCAGCGCCAGGAGGGACCGGTAACCAGTTCTATTTT	58	CAAPGGTGNQFYF	:::::::::0:-5:8:::::18:-4:39:::
2199	411.0	1.615831532067769E-4	1	1.1548677676406051E-4	TGTGCTTATAGGGGGGGCCCTGAAGCGGAGACAAGCTGACTTTT	NNNNNNNNNNNNNNNNNNNNNNNNNNNNNNNNNNNNNNNNNNNN	TRAV38-2/DV8*00(579.8)		TRAJ46*00(509.7)		602|614|638|0|12||120.0		31|52|83|23|44||210.0		TGTGCTTATAGGGGGGGCCCTGAAGCGGAGACAAGCTGACTTTT	45	CAYRGGP_SGDKLTF	:::::::::0:-4:12:::::23:-11:44:::
2860	411.0	1.615831532067769E-4	1	1.1548677676406051E-4	TGTGCTCTGAGACGAACGAACACCGGTAACCAGTTCTATTTT	NNNNNNNNNNNNNNNNNNNNNNNNNNNNNNNNNNNNNNNNNN	TRAV9-2*00(719.6)		TRAJ49*00(559.7)		480|491|514|0|11||110.0		19|45|76|16|42||260.0		TGTGCTCTGAGACGAACGAACACCGGTAACCAGTTCTATTTT	45	CALRRTNTGNQFYF	:::::::::0:-3:11:::::16:1:42:::
3379	411.0	1.615831532067769E-4	1	1.1548677676406051E-4	TGTGCTGTGTACGATCTGGGCACATACTCTGGGGCTGGGAGTTACCAACTCACTTTC	NNNNNNNNNNNNNNNNNNNNNNNNNNNNNNNNNNNNNNNNNNNNNNNNNNNNNNNNN	TRAV36/DV7*00(609.6)		TRAJ28*00(639.3)		500|509|533|0|9||90.0		20|55|86|22|57||350.0		TGTGCTGTGTACGATCTGGGCACATACTCTGGGGCTGGGAGTTACCAACTCACTTTC	45	CAVYDLGTYSGAGSYQLTF	:::::::::0:-4:9:::::22:0:57:::
3555	411.0	1.615831532067769E-4	1	1.1548677676406051E-4	TGTGCTGTGGGTGCTCTGGGGAACACCGACAAGCTCATCTTT	NNNNNNNNNNNNNNNNNNNNNNNNNNNNNNNNNNNNNNNNNN	TRAV8-3*00(629.3)		TRAJ34*00(509.1)		455|469|489|0|14||140.0		26|47|78|21|42||210.0		TGTGCTGTGGGTGCTCTGGGGAACACCGACAAGCTCATCTTT	45	CAVGALGNTDKLIF	:::::::::0:0:14:::::21:-6:42:::
3703	411.0	1.615831532067769E-4	1	1.1548677676406051E-4	TGTGCTGTGGAGGTATGCAGGCAACATGCTCACCTTT	NNNNNNNNNNNNNNNNNNNNNNNNNNNNNNNNNNNNN	TRAV2*00(854)		TRAJ39*00(514.9)		519|532|553|0|13||130.0		29|52|83|14|37||230.0		TGTGCTGTGGAGGTATGCAGGCAACATGCTCACCTTT	45	CAVEVC_GNMLTF	:::::::::0:-1:13:::::14:-9:37:::
6217	411.0	1.615831532067769E-4	1	1.1548677676406051E-4	TGTGCCGTGGGGGGGGCTGGGGGTTACCAGAAAGTTACCTTT	NNNNNNNNNNNNNNNNNNNNNNNNNNNNNNNNNNNNNNNNNN	TRAV12-2*00(723.9)		TRAJ13*00(508.1)		551|560|584|0|9||90.0		26|52|83|16|42||260.0		TGTGCCGTGGGGGGGGCTGGGGGTTACCAGAAAGTTACCTTT	45	CAVGGAGGYQKVTF	:::::::::0:-4:9:::::16:-6:42:::
17476	411.0	1.615831532067769E-4	1	1.1548677676406051E-4	TGTGCAGCCTACAATAATGCAGGCAACATGCTCACCTTT	NNNNNNNNNNNNNNNNNNNNNNNNNNNNNNNNNNNNNNN	TRAV29/DV5*00(489.8)		TRAJ39*00(579.2)		529|537|562|0|8||80.0		25|52|83|12|39||270.0		TGTGCAGCCTACAATAATGCAGGCAACATGCTCACCTTT	45	CAAYNNAGNMLTF	:::::::::0:-5:8:::::12:-5:39:::
17946	411.0	1.615831532067769E-4	1	1.1548677676406051E-4	TGTGCAGCAAGCGATCCCGGTTCTGCAAGGCAACTGACCTTT	NNNNNNNNNNNNNNNNNNNNNNNNNNNNNNNNNNNNNNNNNN	TRAV29/DV5*00(539.6)		TRAJ22*00(549.6)		529|542|562|0|13||130.0		28|52|83|18|42||240.0		TGTGCAGCAAGCGATCCCGGTTCTGCAAGGCAACTGACCTTT	45	CAASDPGSARQLTF	:::::::::0:0:13:::::18:-8:42:::
18676	411.0	1.615831532067769E-4	1	1.1548677676406051E-4	TGTGCAATGAGGGGAGAAAGTGGAGGTAGCAACTATAAACTGACATTT	NNNNNNNNNNNNNNNNNNNNNNNNNNNNNNNNNNNNNNNNNNNNNNNN	TRAV14/DV4*00(704.4)		TRAJ53*00(596.7)		517|528|554|0|11||110.0		25|55|86|18|48||300.0		TGTGCAATGAGGGGAGAAAGTGGAGGTAGCAACTATAAACTGACATTT	45	CAMRGESGGSNYKLTF	:::::::::0:-6:11:::::18:-5:48:::
18801	411.0	1.615831532067769E-4	1	1.1548677676406051E-4	TGTGCAATGAGAGAGGGGGGGGGGCAGGAGAGCACTTACTTTT	NNNNNNNNNNNNNNNNNNNNNNNNNNNNNNNNNNNNNNNNNNN	TRAV14/DV4*00(886.4)		TRAJ5*00(505.1)		517|534|554|0|17||170.0		27|49|80|21|43||220.0		TGTGCAATGAGAGAGGGGGGGGGGCAGGAGAGCACTTACTTTT	45	CAMREGG_GRRALTF	:::::::::0:0:17:::::21:-7:43:::
2781	410.0	1.6119000684860956E-4	1	1.1548677676406051E-4	TGTGCTCTGAGTGAAGTGAATAATAATGCAGGCAACATGCTCACCTTT	NNNNNNNNNNNNNNNNNNNNNNNNNNNNNNNNNNNNNNNNNNNNNNNN	TRAV9-2*00(738.9)		TRAJ39*00(629.5)		480|494|514|0|14||140.0		20|52|83|16|48||320.0		TGTGCTCTGAGTGAAGTGAATAATAATGCAGGCAACATGCTCACCTTT	45	CALSEVNNNAGNMLTF	:::::::::0:0:14:::::16:0:48:::
3840	410.0	1.6119000684860956E-4	1	1.1548677676406051E-4	TGTGCTGTGACATTTACAGGAGGAGGTGCTGACGGACTCACCTTT	NNNNNNNNNNNNNNNNNNNNNNNNNNNNNNNNNNNNNNNNNNNNN	TRAV8-4*00(613.8)		TRAJ45*00(599.5)		476|486|510|0|10||100.0		26|55|86|16|45||290.0		TGTGCTGTGACATTTACAGGAGGAGGTGCTGACGGACTCACCTTT	45	CAVTFTGGGADGLTF	:::::::::0:-4:10:::::16:-6:45:::
3906	410.0	1.6119000684860956E-4	1	1.1548677676406051E-4	TGTGCTGTGAGTGGTGGTACTAGCTATGGAAAGCTGACATTT	NNNNNNNNNNNNNNNNNNNNNNNNNNNNNNNNNNNNNNNNNN	TRAV8-6*00(699.1)		TRAJ52*00(609.7)		448|460|482|0|12||130.0		28|58|89|12|42||310.0		TGTGCTGTGAGTGGTGGTACTAGCTATGGAAAGCTGACATTT	45	CAVSGGTSYGKLTF	:::::::::0:-2:12:::::12:-8:42:::
6238	410.0	1.6119000684860956E-4	1	1.1548677676406051E-4	TGTGCCGTGGACATTAACAACACCGACAAGCTCATCTTT	NNNNNNNNNNNNNNNNNNNNNNNNNNNNNNNNNNNNNNN	TRAV39*00(777.7)		TRAJ34*00(508.3)		507|521|540|0|14||140.0		26|47|78|18|39||210.0		TGTGCCGTGGACATTAACAACACCGACAAGCTCATCTTT	45	CAVDINNTDKLIF	:::::::::0:1:14:::::18:-6:39:::
17542	410.0	1.6119000684860956E-4	1	1.1548677676406051E-4	TGTGCAGCATACTCTTCAGGATACAGCACCCTCACCTTT	NNNNNNNNNNNNNNNNNNNNNNNNNNNNNNNNNNNNNNN	TRAV13-1*00(949.5)		TRAJ11*00(529.9)		511|520|544|0|9||90.0		24|49|80|14|39||250.0		TGTGCAGCATACTCTTCAGGATACAGCACCCTCACCTTT	45	CAAYSSGYSTLTF	:::::::::0:-4:9:::::14:-4:39:::
18196	410.0	1.6119000684860956E-4	1	1.1548677676406051E-4	TGTGCAGGGGGTTCAGATGGCCAGAAGCTGCTCTTT	NNNNNNNNNNNNNNNNNNNNNNNNNNNNNNNNNNNN	TRAV25*00(532.9)		TRAJ16*00(520.7)		620|629|649|0|9||90.0		24|49|80|11|36||250.0		TGTGCAGGGGGTTCAGATGGCCAGAAGCTGCTCTTT	45	CAGGSDGQKLLF	:::::::::0:0:9:::::11:-4:36:::
18753	410.0	1.6119000684860956E-4	1	1.1548677676406051E-4	TGTGCAATGAGAGAGGGTGAGAAAGCAGCGGAGACAAGCTGACTTTT	NNNNNNNNNNNNNNNNNNNNNNNNNNNNNNNNNNNNNNNNNNNNNNN	TRAV14/DV4*00(900.5)		TRAJ46*00(549.6)		517|534|554|0|17||170.0		26|52|83|21|47||260.0		TGTGCAATGAGAGAGGGTGAGAAAGCAGCGGAGACAAGCTGACTTTT	45	CAMREGEK_SGDKLTF	:::::::::0:0:17:::::21:-6:47:::
20501	410.0	1.6119000684860956E-4	1	1.1548677676406051E-4	TGCACCATGAATCCCCCATAATGCTGGCAACAACCGTAAGCTGATTTGG	NNNNNNNNNNNNNNNNNNNNNNNNNNNNNNNNNNNNNNNNNNNNNNNNN	TRAV26-2*00(811.7)		TRAJ38*00(579.3)		791|801|826|0|10|ST795CSC797A|42.0		19|51|82|17|49||320.0		TGCACCATGAATCCCCCATAATGCTGGCAACAACCGTAAGCTGATTTGG	45	CTMNPP*C_GNNRKLIW	:::::::::0:-5:10:::::17:1:49:::
21378	410.0	1.6119000684860956E-4	1	1.1548677676406051E-4	CGGGAGGAGCACCAATGCAGGCAAATCAACCTTT	NNNNNNNNNNNNNNNNNNNNNNNNNNNNNNNNNN	TRAV25*00(442.7)		TRAJ27*00(539.9)		620|620|649|0|0||0.0		23|48|79|9|34||250.0		CGGGAGGAGCACCAATGCAGGCAAATCAACCTTT	45	REEHQC_GKSTF	:::::::::0:-9:0:::::9:-3:34:::
2086	409.0	1.6079686049044222E-4	1	1.1548677676406051E-4	TGTGCTTTCATGAAGATAGGAGGAGGTGCTGACGGACTCACCTTT	NNNNNNNNNNNNNNNNNNNNNNNNNNNNNNNNNNNNNNNNNNNNN	TRAV38-1*00(609.4)		TRAJ45*00(589.8)		596|611|633|0|15||150.0		27|55|86|17|45||280.0		TGTGCTTTCATGAAGATAGGAGGAGGTGCTGACGGACTCACCTTT	45	CAFMKIGGGADGLTF	:::::::::0:-2:15:::::17:-7:45:::
2572	409.0	1.6079686049044222E-4	1	1.1548677676406051E-4	TGTGCTCTGACACAGTTGGACGACTACAAGCTCAGCTTT	NNNNNNNNNNNNNNNNNNNNNNNNNNNNNNNNNNNNNNN	TRAV9-2*00(709.7)		TRAJ20*00(427.6)		480|490|514|0|10||100.0		26|46|77|19|39||200.0		TGTGCTCTGACACAGTTGGACGACTACAAGCTCAGCTTT	45	CALTQLDDYKLSF	:::::::::0:-4:10:::::19:-6:39:::
2947	409.0	1.6079686049044222E-4	1	1.1548677676406051E-4	TGTGCTCTAGACAGGGGGGCTTTGGGAATGTGCTGCATTGC	NNNNNNNNNNNNNNNNNNNNNNNNNNNNNNNNNNNNNNNNN	TRAV6*00(499.6)		TRAJ35*00(549.6)		535|548|568|0|13||130.0		24|48|79|17|41||240.0		TGTGCTCTAGACAGGGGGGCTTTGGGAATGTGCTGCATTGC	45	CALDRGA_GNVLHC	:::::::::0:0:13:::::17:-4:41:::
3552	409.0	1.6079686049044222E-4	1	1.1548677676406051E-4	TGTGCTGTGGGTGTATATATCTAACTTTGGAAATGAGAAATTAACCTTT	NNNNNNNNNNNNNNNNNNNNNNNNNNNNNNNNNNNNNNNNNNNNNNNNN	TRAV8-3*00(620.4)		TRAJ48*00(659.5)		455|468|489|0|13||130.0		17|52|83|14|49||350.0		TGTGCTGTGGGTGTATATATCTAACTTTGGAAATGAGAAATTAACCTTT	45	CAVGVYI*_FGNEKLTF	:::::::::0:-1:13:::::14:3:49:::
4778	409.0	1.6079686049044222E-4	1	1.1548677676406051E-4	TGTGCTACCAGGAACACCGGTAACCAGTTCTATTTT	NNNNNNNNNNNNNNNNNNNNNNNNNNNNNNNNNNNN	TRAV8-4*00(609.8)		TRAJ49*00(549.5)		476|482|510|0|6||60.0		20|45|76|11|36||250.0		TGTGCTACCAGGAACACCGGTAACCAGTTCTATTTT	45	CATRNTGNQFYF	:::::::::0:-8:6:::::11:0:36:::
6406	409.0	1.6079686049044222E-4	1	1.1548677676406051E-4	TGTGCCGTGAACATGTGGGGGGGAGGAGGTGCTGACGGACTCACCTTT	NNNNNNNNNNNNNNNNNNNNNNNNNNNNNNNNNNNNNNNNNNNNNNNN	TRAV12-2*00(1003.4)		TRAJ45*00(539.3)		551|567|584|0|16||160.0		28|55|86|21|48||270.0		TGTGCCGTGAACATGTGGGGGGGAGGAGGTGCTGACGGACTCACCTTT	45	CAVNMWGGGGADGLTF	:::::::::0:3:16:::::21:-8:48:::
17485	409.0	1.6079686049044222E-4	1	1.1548677676406051E-4	TGTGCAGCCCCGAGGATCCCTGCCAGTAAACTCACCTTT	NNNNNNNNNNNNNNNNNNNNNNNNNNNNNNNNNNNNNNN	TRAV23/DV6*00(452.1)		TRAJ44*00(509.5)		517|525|550|0|8||80.0		32|52|83|19|39||200.0		TGTGCAGCCCCGAGGATCCCTGCCAGTAAACTCACCTTT	45	CAAPRIPASKLTF	:::::::::0:-5:8:::::19:-12:39:::
17665	409.0	1.6079686049044222E-4	1	1.1548677676406051E-4	TGTGCAGCAAGTCCGACCCCTTTTATGGAGGAAGCCAAGGAAATCTCATCTTT	NNNNNNNNNNNNNNNNNNNNNNNNNNNNNNNNNNNNNNNNNNNNNNNNNNNNN	TRAV13-1*00(974.9)		TRAJ42*00(569.1)		511|523|544|0|12||120.0		24|55|86|22|53||310.0		TGTGCAGCAAGTCCGACCCCTTTTATGGAGGAAGCCAAGGAAATCTCATCTTT	45	CAASPTPFM_GSQGNLIF	:::::::::0:-1:12:::::22:-4:53:::
17829	409.0	1.6079686049044222E-4	1	1.1548677676406051E-4	TGTGCAGCAAGCCGTCCAGGTGGAAACAAGCTGGTCTTT	NNNNNNNNNNNNNNNNNNNNNNNNNNNNNNNNNNNNNNN	TRAV29/DV5*00(529.9)		TRAJ47*00(470.6)		529|541|562|0|12||120.0		27|46|77|20|39|SA36G|161.0		TGTGCAGCAAGCCGTCCAGGTGGAAACAAGCTGGTCTTT	45	CAASRPGGNKLVF	:::::::::0:-1:12:::::20:-7:39:::
18131	409.0	1.6079686049044222E-4	1	1.1548677676406051E-4	TGTGCAGGGTTCGTAGGCAACATGCTCACCTTT	NNNNNNNNNNNNNNNNNNNNNNNNNNNNNNNNN	TRAV25*00(572.3)		TRAJ39*00(499.6)		620|629|649|0|9||90.0		33|52|83|14|33||190.0		TGTGCAGGGTTCGTAGGCAACATGCTCACCTTT	45	CAGFVGNMLTF	:::::::::0:0:9:::::14:-13:33:::
19128	409.0	1.6079686049044222E-4	1	1.1548677676406051E-4	TGCGCTGTGAGCTCGAGGGGTGCCAGACTCATGTTT	NNNNNNNNNNNNNNNNNNNNNNNNNNNNNNNNNNNN	TRAV1-1*00(680.4)		TRAJ31*00(459.2)		670|681|704|0|11||110.0		30|46|77|20|36||160.0		TGCGCTGTGAGCTCGAGGGGTGCCAGACTCATGTTT	45	CAVSSRGARLMF	:::::::::0:-3:11:::::20:-10:36:::
20461	409.0	1.6079686049044222E-4	1	1.1548677676406051E-4	TGCATCGTCAGAGACAGAAAACCTTATAACCAGGGAGGAAAGCTTATCTTC	NNNNNNNNNNNNNNNNNNNNNNNNNNNNNNNNNNNNNNNNNNNNNNNNNNN	TRAV26-1*00(619.8)		TRAJ23*00(550.8)		763|776|799|0|13||130.0		24|52|83|23|51||280.0		TGCATCGTCAGAGACAGAAAACCTTATAACCAGGGAGGAAAGCTTATCTTC	45	CIVRDRKPYNQGGKLIF	:::::::::0:-3:13:::::23:-4:51:::
663	408.0	1.6040371413227487E-4	2	2.3097355352812103E-4	TGTGCTGTGGAGGGGTTCCGGAATAACAATGCCAGACTCATGTTT	[[[[[[[[[[[[[[[[[[[[[[[[[[[[[[[[[[[[[[[[[[[[[	TRAV2*00(1029.2)		TRAJ31*00(559.4)		519|532|553|0|13||130.0		16|46|77|15|45||300.0		TGTGCTGTGGAGGGGTTCCGGAATAACAATGCCAGACTCATGTTT	58	CAVEGFRNNNARLMF	:::::::::0:-1:13:::::15:4:45:::
2447	408.0	1.6040371413227487E-4	1	1.1548677676406051E-4	TGTGCTCTCTCTTCAGGAGGAGGTGCTGACGGACTCACCTTT	NNNNNNNNNNNNNNNNNNNNNNNNNNNNNNNNNNNNNNNNNN	TRAV9-2*00(689.7)		TRAJ45*00(619.7)		480|488|514|0|8||80.0		24|55|86|11|42||310.0		TGTGCTCTCTCTTCAGGAGGAGGTGCTGACGGACTCACCTTT	45	CALSSGGGADGLTF	:::::::::0:-6:8:::::11:-4:42:::
2613	408.0	1.6040371413227487E-4	1	1.1548677676406051E-4	TGTGCTCTGAGTGCCCCCTCGAACACCGGTAACCAGTTCTATTTT	NNNNNNNNNNNNNNNNNNNNNNNNNNNNNNNNNNNNNNNNNNNNN	TRAV9-2*00(740.9)		TRAJ49*00(569.6)		480|493|514|0|13||130.0		18|45|76|18|45||270.0		TGTGCTCTGAGTGCCCCCTCGAACACCGGTAACCAGTTCTATTTT	45	CALSAPSNTGNQFYF	:::::::::0:-1:13:::::18:2:45:::
2825	408.0	1.6040371413227487E-4	1	1.1548677676406051E-4	TGTGCTCTGAGCGAAAATTCAGGAGGAGGTGCTGACGGACTCACCTTT	NNNNNNNNNNNNNNNNNNNNNNNNNNNNNNNNNNNNNNNNNNNNNNNN	TRAV19*00(710.7)		TRAJ45*00(629.5)		556|570|593|0|14|ST567C|111.0		23|55|86|16|48||320.0		TGTGCTCTGAGCGAAAATTCAGGAGGAGGTGCTGACGGACTCACCTTT	45	CALSENSGGGADGLTF	:::::::::0:-3:14:::::16:-3:48:::
3013	408.0	1.6040371413227487E-4	1	1.1548677676406051E-4	TGTGCTCTAAGAGTTGATGGTGCTACAAACAAGCTCATCTTT	NNNNNNNNNNNNNNNNNNNNNNNNNNNNNNNNNNNNNNNNNN	TRAV16*00(828.6)		TRAJ32*00(451.9)		449|460|483|0|11||110.0		27|55|86|14|42|SG29A|251.0		TGTGCTCTAAGAGTTGATGGTGCTACAAACAAGCTCATCTTT	45	CALRVDGATNKLIF	:::::::::0:-3:11:::::14:-7:42:::
4600	408.0	1.6040371413227487E-4	1	1.1548677676406051E-4	TGTGCTGGGCATGGGCTGGGGCAAACAACCTCTTCTTT	NNNNNNNNNNNNNNNNNNNNNNNNNNNNNNNNNNNNNN	TRAV35*00(949.4)		TRAJ36*00(539.9)		588|599|620|0|11||110.0		25|48|79|15|38||230.0		TGTGCTGGGCATGGGCTGGGGCAAACAACCTCTTCTTT	45	CAGHGL_ANNLFF	:::::::::0:-1:11:::::15:-5:38:::
6546	408.0	1.6040371413227487E-4	1	1.1548677676406051E-4	TGTGCCGGGCGGGGAGGAGGTAGCAACTATAAACTGACATTT	NNNNNNNNNNNNNNNNNNNNNNNNNNNNNNNNNNNNNNNNNN	TRAV39*00(709.2)		TRAJ53*00(579.1)		507|514|540|0|7||70.0		28|55|86|15|42||270.0		TGTGCCGGGCGGGGAGGAGGTAGCAACTATAAACTGACATTT	45	CAGRGGGSNYKLTF	:::::::::0:-6:7:::::15:-8:42:::
17589	408.0	1.6040371413227487E-4	1	1.1548677676406051E-4	TGTGCAGCAATTGGTAGCAACTATCAGTTAATCTGG	NNNNNNNNNNNNNNNNNNNNNNNNNNNNNNNNNNNN	TRAV13-1*00(959.3)		TRAJ33*00(509.4)		511|521|544|0|10||100.0		24|46|77|14|36||220.0		TGTGCAGCAATTGGTAGCAACTATCAGTTAATCTGG	45	CAAIGSNYQLIW	:::::::::0:-3:10:::::14:-4:36:::
20335	408.0	1.6040371413227487E-4	1	1.1548677676406051E-4	TGCATCGTCATTCTGAGAGGCTCTAGCAACACAGGCAAACTAATCTTT	NNNNNNNNNNNNNNNNNNNNNNNNNNNNNNNNNNNNNNNNNNNNNNNN	TRAV26-1*00(589.6)		TRAJ37*00(580.8)		763|773|799|0|10||100.0		21|51|82|18|48|SG27A|271.0		TGCATCGTCATTCTGAGAGGCTCTAGCAACACAGGCAAACTAATCTTT	45	CIVILRGSSNTGKLIF	:::::::::0:-6:10:::::18:-1:48:::
2605	407.0	1.6001056777410755E-4	1	1.1548677676406051E-4	TGTGCTCTGAGTGCTTCCCGAATTCTGGGGGTTACCAGAAAGTTACCTTT	NNNNNNNNNNNNNNNNNNNNNNNNNNNNNNNNNNNNNNNNNNNNNNNNNN	TRAV19*00(719.6)		TRAJ13*00(609.6)		556|569|593|0|13||130.0		21|52|83|19|50||310.0		TGTGCTCTGAGTGCTTCCCGAATTCTGGGGGTTACCAGAAAGTTACCTTT	45	CALSASRI_GGYQKVTF	:::::::::0:-4:13:::::19:-1:50:::
2785	407.0	1.6001056777410755E-4	1	1.1548677676406051E-4	TGTGCTCTGAGTGAAACCAGCAACTATCAGTTAATCTGG	NNNNNNNNNNNNNNNNNNNNNNNNNNNNNNNNNNNNNNN	TRAV9-2*00(749.6)		TRAJ33*00(499.5)		480|494|514|0|14||140.0		25|46|77|18|39||210.0		TGTGCTCTGAGTGAAACCAGCAACTATCAGTTAATCTGG	45	CALSETSNYQLIW	:::::::::0:0:14:::::18:-5:39:::
4184	407.0	1.6001056777410755E-4	1	1.1548677676406051E-4	TGTGCTGTGAGGATACTACTTACAACTTCAACAAATTTTACTTT	NNNNNNNNNNNNNNNNNNNNNNNNNNNNNNNNNNNNNNNNNNNN	TRAV8-6*00(679.8)		TRAJ21*00(549.5)		448|459|482|0|11||110.0		20|44|75|20|44||240.0		TGTGCTGTGAGGATACTACTTACAACTTCAACAAATTTTACTTT	45	CAVRILL_NFNKFYF	:::::::::0:-3:11:::::20:0:44:::
4328	407.0	1.6001056777410755E-4	1	1.1548677676406051E-4	TGTGCTGTGAACTGACGGCACTGCCAGTAAACTCACCTTT	NNNNNNNNNNNNNNNNNNNNNNNNNNNNNNNNNNNNNNNN	TRAV21*00(459.3)		TRAJ44*00(559.7)		544|554|576|0|10||100.0		27|52|83|15|40||250.0		TGTGCTGTGAACTGACGGCACTGCCAGTAAACTCACCTTT	45	CAVN*RH_ASKLTF	:::::::::0:-2:10:::::15:-7:40:::
4775	407.0	1.6001056777410755E-4	1	1.1548677676406051E-4	TGTGCTACCCATACTCACGGGAGGAGGAAACAAACTCACCTTT	NNNNNNNNNNNNNNNNNNNNNNNNNNNNNNNNNNNNNNNNNNN	TRAV17*00(879.2)		TRAJ10*00(629.5)		490|498|523|0|8||80.0		20|53|84|10|43||330.0		TGTGCTACCCATACTCACGGGAGGAGGAAACAAACTCACCTTT	45	CATHTHG_GGNKLTF	:::::::::0:-5:8:::::10:0:43:::
17720	407.0	1.6001056777410755E-4	1	1.1548677676406051E-4	TGTGCAGCAAGTATAGGGCGCGGGCTCTGGGGCTGGGAGTTACCAACTCACTTTC	NNNNNNNNNNNNNNNNNNNNNNNNNNNNNNNNNNNNNNNNNNNNNNNNNNNNNNN	TRAV13-1*00(1008.4)		TRAJ28*00(558.7)		511|526|544|0|15||150.0		24|55|86|24|55||310.0		TGTGCAGCAAGTATAGGGCGCGGGCTCTGGGGCTGGGAGTTACCAACTCACTTTC	45	CAASIGRGL_GAGSYQLTF	:::::::::0:2:15:::::24:-4:55:::
18536	407.0	1.6001056777410755E-4	1	1.1548677676406051E-4	TGTGCAATTGGGATAGGAGGAGGTGCTGACGGACTCACCTTT	NNNNNNNNNNNNNNNNNNNNNNNNNNNNNNNNNNNNNNNNNN	TRAV12-3*00(763.9)		TRAJ45*00(564.6)		562|570|595|0|8||80.0		27|55|86|14|42||280.0		TGTGCAATTGGGATAGGAGGAGGTGCTGACGGACTCACCTTT	45	CAIGIGGGADGLTF	:::::::::0:-5:8:::::14:-7:42:::
2666	406.0	1.596174214159402E-4	1	1.1548677676406051E-4	TGTGCTCTGAGTGATCAAGTGGAATATGGAAACAAGCTGGTCTTT	NNNNNNNNNNNNNNNNNNNNNNNNNNNNNNNNNNNNNNNNNNNNN	TRAV9-2*00(779.8)		TRAJ47*00(540.4)		480|497|514|0|17||170.0		20|46|77|19|45|SA36G|231.0		TGTGCTCTGAGTGATCAAGTGGAATATGGAAACAAGCTGGTCTTT	45	CALSDQVEYGNKLVF	:::::::::0:3:17:::::19:0:45:::
2778	406.0	1.596174214159402E-4	1	1.1548677676406051E-4	TGTGCTCTGAGTGAACCGGGGACGGGAGGAAAGCTTATCTTC	NNNNNNNNNNNNNNNNNNNNNNNNNNNNNNNNNNNNNNNNNN	TRAV9-2*00(759.8)		TRAJ23*00(499.7)		480|494|514|0|14||140.0		33|52|83|23|42||190.0		TGTGCTCTGAGTGAACCGGGGACGGGAGGAAAGCTTATCTTC	45	CALSEPGTGGKLIF	:::::::::0:0:14:::::23:-13:42:::
4165	406.0	1.596174214159402E-4	1	1.1548677676406051E-4	TGTGCTGTGAGGGGCGATGCTGGCAACAACCGTAAGCTGATTTGG	NNNNNNNNNNNNNNNNNNNNNNNNNNNNNNNNNNNNNNNNNNNNN	TRAV21*00(666.9)		TRAJ38*00(573.9)		544|556|576|0|12||120.0		22|51|82|16|45||290.0		TGTGCTGTGAGGGGCGATGCTGGCAACAACCGTAAGCTGATTTGG	45	CAVRGDAGNNRKLIW	:::::::::0:0:12:::::16:-2:45:::
6245	406.0	1.596174214159402E-4	1	1.1548677676406051E-4	TGTGCCGTGGACATATAGCGGGAGCCCAGAAGCTGGTATTT	NNNNNNNNNNNNNNNNNNNNNNNNNNNNNNNNNNNNNNNNN	TRAV39*00(779.7)		TRAJ54*00(509.6)		507|521|540|0|14||140.0		27|49|80|19|41||220.0		TGTGCCGTGGACATATAGCGGGAGCCCAGAAGCTGGTATTT	45	CAVDI*R_AQKLVF	:::::::::0:1:14:::::19:-7:41:::
17362	406.0	1.596174214159402E-4	1	1.1548677676406051E-4	TGTGCATTCTCGCGAGCTAATTGGTGGTACTAGCTATGGAAAGCTGACATTT	NNNNNNNNNNNNNNNNNNNNNNNNNNNNNNNNNNNNNNNNNNNNNNNNNNNN	TRAV13-1*00(919.3)		TRAJ52*00(569.7)		511|517|544|0|6||60.0		27|58|89|21|52||310.0		TGTGCATTCTCGCGAGCTAATTGGTGGTACTAGCTATGGAAAGCTGACATTT	45	CAFSRANWW_TSYGKLTF	:::::::::0:-7:6:::::21:-7:52:::
17981	406.0	1.596174214159402E-4	1	1.1548677676406051E-4	TGTGCAGCAAGCATGCATGCTGGCAACAACCGTAAGCTGATTTGG	NNNNNNNNNNNNNNNNNNNNNNNNNNNNNNNNNNNNNNNNNNNNN	TRAV23/DV6*00(560.5)		TRAJ38*00(559.2)		517|536|550|0|19|ST533A|191.0		25|51|82|19|45||290.0		TGTGCAGCAAGCATGCATGCTGGCAACAACCGTAAGCTGATTTGG	45	CAASMHAGNNRKLIW	:::::::::0:6:19:::::19:-5:45:::
1811	405.0	1.5922427505777286E-4	1	1.1548677676406051E-4	TGTGTGGTGAGCGGTAACAATGACATGCGCTTT	NNNNNNNNNNNNNNNNNNNNNNNNNNNNNNNNN	TRAV10*00(1039.3)		TRAJ43*00(479.6)		575|588|608|0|13||130.0		24|43|74|14|33||190.0		TGTGTGGTGAGCGGTAACAATGACATGCGCTTT	45	CVVSGNNDMRF	:::::::::0:0:13:::::14:-4:33:::
1833	405.0	1.5922427505777286E-4	1	1.1548677676406051E-4	TGTGTGGTGAGAAGATCGCCACCAATGCAGGCAAATCAACCTTT	NNNNNNNNNNNNNNNNNNNNNNNNNNNNNNNNNNNNNNNNNNNN	TRAV12-1*00(647.2)		TRAJ27*00(526.7)		539|549|572|0|10||100.0		23|48|79|19|44||250.0		TGTGTGGTGAGAAGATCGCCACCAATGCAGGCAAATCAACCTTT	45	CVVRRSP_NAGKSTF	:::::::::0:-3:10:::::19:-3:44:::
2283	405.0	1.5922427505777286E-4	1	1.1548677676406051E-4	TGTGCTCTTTCGACGGGCAGGAGAGCACTTACTTTT	NNNNNNNNNNNNNNNNNNNNNNNNNNNNNNNNNNNN	TRAV16*00(490)		TRAJ5*00(539.9)		449|457|483|0|8||80.0		25|49|80|12|36||240.0		TGTGCTCTTTCGACGGGCAGGAGAGCACTTACTTTT	45	CALSTGRRALTF	:::::::::0:-6:8:::::12:-5:36:::
2836	405.0	1.5922427505777286E-4	1	1.1548677676406051E-4	TGTGCTCTGAGGGCCCAGGCAGGAACTGCTCTGATCTTT	NNNNNNNNNNNNNNNNNNNNNNNNNNNNNNNNNNNNNNN	TRAV9-2*00(719.5)		TRAJ15*00(558.9)		480|491|514|0|11||110.0		24|49|80|14|39||250.0		TGTGCTCTGAGGGCCCAGGCAGGAACTGCTCTGATCTTT	45	CALRAQAGTALIF	:::::::::0:-3:11:::::14:-4:39:::
2884	405.0	1.5922427505777286E-4	1	1.1548677676406051E-4	TGTGCTCTGAAGCATTCCGGGTATGCACTCAACTTC	NNNNNNNNNNNNNNNNNNNNNNNNNNNNNNNNNNNN	TRAV19*00(709.6)		TRAJ41*00(489.7)		556|566|593|0|10||100.0		28|51|82|13|36||230.0		TGTGCTCTGAAGCATTCCGGGTATGCACTCAACTTC	45	CALKHSGYALNF	:::::::::0:-7:10:::::13:-8:36:::
3426	405.0	1.5922427505777286E-4	1	1.1548677676406051E-4	TGTGCTGTGCAGCGTTCTAACGACTACAAGCTCAGCTTT	NNNNNNNNNNNNNNNNNNNNNNNNNNNNNNNNNNNNNNN	TRAV20*00(529.3)		TRAJ20*00(570.5)		498|510|531|0|12||120.0		19|46|77|12|39||270.0		TGTGCTGTGCAGCGTTCTAACGACTACAAGCTCAGCTTT	45	CAVQRSNDYKLSF	:::::::::0:-1:12:::::12:1:39:::
3927	405.0	1.5922427505777286E-4	1	1.1548677676406051E-4	TGTGCTGTGAGTGGGAAGCTGGCAACAACCGTAAGCTGATTTGG	NNNNNNNNNNNNNNNNNNNNNNNNNNNNNNNNNNNNNNNNNNNN	TRAV8-4*00(658.3)		TRAJ38*00(569.1)		476|489|510|0|13||130.0		24|51|82|17|44||270.0		TGTGCTGTGAGTGGGAAGCTGGCAACAACCGTAAGCTGATTTGG	45	CAVSGKL_NNRKLIW	:::::::::0:-1:13:::::17:-4:44:::
4592	405.0	1.5922427505777286E-4	1	1.1548677676406051E-4	TGTGCTGGGCGGACCGGTAACCAGTTCTATTTT	NNNNNNNNNNNNNNNNNNNNNNNNNNNNNNNNN	TRAV35*00(926.3)		TRAJ49*00(509.6)		588|598|620|0|10||100.0		24|45|76|12|33||210.0		TGTGCTGGGCGGACCGGTAACCAGTTCTATTTT	45	CAGRTGNQFYF	:::::::::0:-2:10:::::12:-4:33:::
17378	405.0	1.5922427505777286E-4	1	1.1548677676406051E-4	TGTGCACTGTGGGGTTATAACCAGGGAGGAAAGCTTATCTTC	NNNNNNNNNNNNNNNNNNNNNNNNNNNNNNNNNNNNNNNNNN	TRAV12-3*00(920.4)		TRAJ23*00(549.7)		562|571|595|0|9|SA568C|61.0		24|52|83|14|42||280.0		TGTGCACTGTGGGGTTATAACCAGGGAGGAAAGCTTATCTTC	45	CALWGYNQGGKLIF	:::::::::0:-4:9:::::14:-4:42:::
18264	405.0	1.5922427505777286E-4	1	1.1548677676406051E-4	TGTGCAGGAGCCCCTTTATGGTGGTGCTACAAACAAGCTCATCTTT	NNNNNNNNNNNNNNNNNNNNNNNNNNNNNNNNNNNNNNNNNNNNNN	TRAV27*00(662.7)		TRAJ32*00(610)		552|567|582|0|15|ST563C|121.0		24|55|86|15|46||310.0		TGTGCAGGAGCCCCTTTATGGTGGTGCTACAAACAAGCTCATCTTT	45	CAGAPLWW_ATNKLIF	:::::::::0:5:15:::::15:-4:46:::
1872	404.0	1.588311286996055E-4	1	1.1548677676406051E-4	TGTGTGGTGAACCGGCAGGCAGGAACTGCTCTGATCTTT	NNNNNNNNNNNNNNNNNNNNNNNNNNNNNNNNNNNNNNN	TRAV12-1*00(979.4)		TRAJ15*00(432.3)		539|551|572|0|12||120.0		25|49|80|15|39||240.0		TGTGTGGTGAACCGGCAGGCAGGAACTGCTCTGATCTTT	45	CVVNRQAGTALIF	:::::::::0:-1:12:::::15:-5:39:::
2544	404.0	1.588311286996055E-4	1	1.1548677676406051E-4	TGTGCTCTGATAACAATGACATGCGCTTT	NNNNNNNNNNNNNNNNNNNNNNNNNNNNN	TRAV16*00(946.7)		TRAJ43*00(498.2)		449|457|483|0|8||80.0		23|43|74|9|29||200.0		TGTGCTCTGATAACAATGACATGCGCTTT	45	CALIT_DMRF	:::::::::0:-6:8:::::9:-3:29:::
2812	404.0	1.588311286996055E-4	1	1.1548677676406051E-4	TGTGCTCTGAGCCCTCCCGGACAGAGGCTCAACCCTGGGGAGGCTATACTTT	NNNNNNNNNNNNNNNNNNNNNNNNNNNNNNNNNNNNNNNNNNNNNNNNNNNN	TRAV9-2*00(709.6)		TRAJ18*00(639.8)		480|491|514|0|11||110.0		22|55|86|19|52||330.0		TGTGCTCTGAGCCCTCCCGGACAGAGGCTCAACCCTGGGGAGGCTATACTTT	45	CALSPPGQR_STLGRLYF	:::::::::0:-3:11:::::19:-2:52:::
3265	404.0	1.588311286996055E-4	1	1.1548677676406051E-4	TGTGCTGTCGGCAATGACATGCGCTTT	NNNNNNNNNNNNNNNNNNNNNNNNNNN	TRAV41*00(611)		TRAJ43*00(459.7)		512|521|544|0|9||90.0		27|43|74|11|27||160.0		TGTGCTGTCGGCAATGACATGCGCTTT	45	CAVGNDMRF	:::::::::0:-3:9:::::11:-7:27:::
4494	404.0	1.588311286996055E-4	1	1.1548677676406051E-4	TGTGCTGCAGGTGCGGGAGACAGCAACTATCAGTTAATCTGG	NNNNNNNNNNNNNNNNNNNNNNNNNNNNNNNNNNNNNNNNNN	TRAV8-5*00(652.1)		TRAJ33*00(500.9)		1528|1543|1562|0|15||150.0		22|46|77|18|42|ST24C|211.0		TGTGCTGCAGGTGCGGGAGACAGCAACTATCAGTTAATCTGG	45	CAAGAGDSNYQLIW	:::::::::0:1:15:::::18:-2:42:::
17313	404.0	1.588311286996055E-4	1	1.1548677676406051E-4	TGTGCGTTCCTCTCGAACACCGGTAACCAGTTCTATTTT	NNNNNNNNNNNNNNNNNNNNNNNNNNNNNNNNNNNNNNN	TRAV41*00(729.4)		TRAJ49*00(569.4)		512|517|544|0|5||50.0		18|45|76|12|39||270.0		TGTGCGTTCCTCTCGAACACCGGTAACCAGTTCTATTTT	45	CAFLSNTGNQFYF	:::::::::0:-7:5:::::12:2:39:::
17681	404.0	1.588311286996055E-4	1	1.1548677676406051E-4	TGTGCAGCAAGTGTTGGTGGTACTAGCTATGGAAAGCTGACATTT	NNNNNNNNNNNNNNNNNNNNNNNNNNNNNNNNNNNNNNNNNNNNN	TRAV13-1*00(599.9)		TRAJ52*00(610.7)		511|520|544|0|9||120.0		22|58|89|9|45|SA23GSC26T|313.0		TGTGCAGCAAGTGTTGGTGGTACTAGCTATGGAAAGCTGACATTT	45	CAASVGGTSYGKLTF	:::::::::0:-4:9:::::9:-2:45:::
17864	404.0	1.588311286996055E-4	1	1.1548677676406051E-4	TGTGCAGCAAGCGCGTTACGAGGTAGCAACTATAAACTGACATTT	NNNNNNNNNNNNNNNNNNNNNNNNNNNNNNNNNNNNNNNNNNNNN	TRAV29/DV5*00(559.6)		TRAJ53*00(569)		529|544|562|0|15||150.0		29|55|86|19|45||260.0		TGTGCAGCAAGCGCGTTACGAGGTAGCAACTATAAACTGACATTT	45	CAASALRGSNYKLTF	:::::::::0:2:15:::::19:-9:45:::
18443	404.0	1.588311286996055E-4	1	1.1548677676406051E-4	TGTGCAGAGAGGTCTTTTAACACCGACAAGCTCATCTTT	NNNNNNNNNNNNNNNNNNNNNNNNNNNNNNNNNNNNNNN	TRAV5*00(469.9)		TRAJ34*00(541.6)		523|533|556|0|10||110.0		18|47|78|10|39|SA19GSA24T|242.0		TGTGCAGAGAGGTCTTTTAACACCGACAAGCTCATCTTT	45	CAERSFNTDKLIF	:::::::::0:-3:10:::::10:2:39:::
18621	404.0	1.588311286996055E-4	1	1.1548677676406051E-4	TGTGCAATGAGCGCTAAGGAGGGGCCGGGGCAAACAACCTCTTCTTT	NNNNNNNNNNNNNNNNNNNNNNNNNNNNNNNNNNNNNNNNNNNNNNN	TRAV12-3*00(889.8)		TRAJ36*00(489.1)		562|576|595|0|14||140.0		27|48|79|26|47||210.0		TGTGCAATGAGCGCTAAGGAGGGGCCGGGGCAAACAACCTCTTCTTT	45	CAMSAKEG_GANNLFF	:::::::::0:1:14:::::26:-7:47:::
2802	403.0	1.584379823414382E-4	1	1.1548677676406051E-4	TGTGCTCTGAGTAGCGCTAGCAACTATCAGTTAATCTGG	NNNNNNNNNNNNNNNNNNNNNNNNNNNNNNNNNNNNNNN	TRAV9-2*00(729.9)		TRAJ33*00(509.4)		480|492|514|0|12||120.0		24|46|77|17|39||220.0		TGTGCTCTGAGTAGCGCTAGCAACTATCAGTTAATCTGG	45	CALSSASNYQLIW	:::::::::0:-2:12:::::17:-4:39:::
3052	403.0	1.584379823414382E-4	1	1.1548677676406051E-4	TGTGCTCCCTCCGGAGGAGGAAAGCTTATCTTC	NNNNNNNNNNNNNNNNNNNNNNNNNNNNNNNNN	TRAV6*00(418.6)		TRAJ23*00(450.9)		535|542|568|0|7||70.0		34|52|83|15|33||180.0		TGTGCTCCCTCCGGAGGAGGAAAGCTTATCTTC	45	CAPSGGGKLIF	:::::::::0:-6:7:::::15:-14:33:::
3272	403.0	1.584379823414382E-4	1	1.1548677676406051E-4	TGTGCTGTCGGGAGCAACTATCAGTTAATCTGG	NNNNNNNNNNNNNNNNNNNNNNNNNNNNNNNNN	TRAV41*00(769.7)		TRAJ33*00(499.2)		512|521|544|0|9||90.0		25|46|77|12|33||210.0		TGTGCTGTCGGGAGCAACTATCAGTTAATCTGG	45	CAVGSNYQLIW	:::::::::0:-3:9:::::12:-5:33:::
4551	403.0	1.584379823414382E-4	1	1.1548677676406051E-4	TGTGCTGGGCTTAACTCAGGGCGGATCTGAAAAGCTGGTCTTT	NNNNNNNNNNNNNNNNNNNNNNNNNNNNNNNNNNNNNNNNNNN	TRAV35*00(704.8)		TRAJ57*00(603.8)		588|598|620|0|10||100.0		20|52|83|11|43||320.0		TGTGCTGGGCTTAACTCAGGGCGGATCTGAAAAGCTGGTCTTT	45	CAGLNSG_GSEKLVF	:::::::::0:-2:10:::::11:0:43:::
4769	403.0	1.584379823414382E-4	1	1.1548677676406051E-4	TGTGCTACTAATAATAATGCAGGCAACATGCTCACCTTT	NNNNNNNNNNNNNNNNNNNNNNNNNNNNNNNNNNNNNNN	TRAV17*00(879.3)		TRAJ39*00(609.1)		490|498|523|0|8||80.0		22|52|83|9|39||300.0		TGTGCTACTAATAATAATGCAGGCAACATGCTCACCTTT	45	CATNNNAGNMLTF	:::::::::0:-5:8:::::9:-2:39:::
6468	403.0	1.584379823414382E-4	1	1.1548677676406051E-4	TGTGCCGTAGGAGGTGCTACAAACAAGCTCATCTTT	NNNNNNNNNNNNNNNNNNNNNNNNNNNNNNNNNNNN	TRAV8-1*00(549.7)		TRAJ32*00(540.8)		474|482|508|0|8||80.0		28|55|86|9|36|ST30A|241.0		TGTGCCGTAGGAGGTGCTACAAACAAGCTCATCTTT	45	CAVGGATNKLIF	:::::::::0:-6:8:::::9:-8:36:::
2626	402.0	1.5804483598327084E-4	1	1.1548677676406051E-4	TGTGCTCTGAGTGGGTCCTTACCTTCATAGCAACTATCAGTTAATCTGG	NNNNNNNNNNNNNNNNNNNNNNNNNNNNNNNNNNNNNNNNNNNNNNNNN	TRAV19*00(739.5)		TRAJ33*00(519.8)		556|569|593|0|13||130.0		23|46|77|26|49||230.0		TGTGCTCTGAGTGGGTCCTTACCTTCATAGCAACTATCAGTTAATCTGG	45	CALSGSLP_HSNYQLIW	:::::::::0:-4:13:::::26:-3:49:::
3889	402.0	1.5804483598327084E-4	1	1.1548677676406051E-4	TGTGCTGTGAGTGCTCTACGGGAGGAGGAAACAAACTCACCTTT	NNNNNNNNNNNNNNNNNNNNNNNNNNNNNNNNNNNNNNNNNNNN	TRAV8-4*00(660.5)		TRAJ10*00(568.9)		476|492|510|0|16|SA489C|131.0		26|53|84|17|44||270.0		TGTGCTGTGAGTGCTCTACGGGAGGAGGAAACAAACTCACCTTT	45	CAVSALR_GGNKLTF	:::::::::0:2:16:::::17:-6:44:::
3938	402.0	1.5804483598327084E-4	1	1.1548677676406051E-4	TGTGCTGTGAGTGATCTTAACCAGGGAGGAAAGCTTATCTTC	NNNNNNNNNNNNNNNNNNNNNNNNNNNNNNNNNNNNNNNNNN	TRAV8-4*00(674)		TRAJ23*00(559.6)		476|492|510|0|16||160.0		27|52|83|17|42||250.0		TGTGCTGTGAGTGATCTTAACCAGGGAGGAAAGCTTATCTTC	45	CAVSDLNQGGKLIF	:::::::::0:2:16:::::17:-7:42:::
4368	402.0	1.5804483598327084E-4	1	1.1548677676406051E-4	TGTGCTGTAGTAACGACTACAAGCTCAGCTTT	NNNNNNNNNNNNNNNNNNNNNNNNNNNNNNNN	TRAV3*00(559.7)		TRAJ20*00(519.8)		437|445|473|0|8||80.0		24|46|77|10|32||220.0		TGTGCTGTAGTAACGACTACAAGCTCAGCTTT	45	CAVVT_YKLSF	:::::::::0:-8:8:::::10:-4:32:::
4532	402.0	1.5804483598327084E-4	1	1.1548677676406051E-4	TGTGCTGGGTTGGATAACTATGGTCAGAATTTTGTCTTT	NNNNNNNNNNNNNNNNNNNNNNNNNNNNNNNNNNNNNNN	TRAV35*00(917.5)		TRAJ26*00(569.9)		588|597|620|0|9||90.0		21|49|80|11|39||280.0		TGTGCTGGGTTGGATAACTATGGTCAGAATTTTGTCTTT	45	CAGLDNYGQNFVF	:::::::::0:-3:9:::::11:-1:39:::
4538	402.0	1.5804483598327084E-4	1	1.1548677676406051E-4	TGTGCTGGGTATACTTAACTCAGGGCGGATCTGAAAAGCTGGTCTTT	NNNNNNNNNNNNNNNNNNNNNNNNNNNNNNNNNNNNNNNNNNNNNNN	TRAV35*00(929.4)		TRAJ57*00(579.5)		588|597|620|0|9||90.0		20|52|83|15|47||320.0		TGTGCTGGGTATACTTAACTCAGGGCGGATCTGAAAAGCTGGTCTTT	45	CAGYT*LR_GSEKLVF	:::::::::0:-3:9:::::15:0:47:::
4605	402.0	1.5804483598327084E-4	1	1.1548677676406051E-4	TGTGCTGGGCAGTTCACTTACTCAGGAACCTACAAATACATCTTT	NNNNNNNNNNNNNNNNNNNNNNNNNNNNNNNNNNNNNNNNNNNNN	TRAV35*00(712.9)		TRAJ40*00(520.4)		588|600|620|0|12||120.0		25|50|81|20|45||250.0		TGTGCTGGGCAGTTCACTTACTCAGGAACCTACAAATACATCTTT	45	CAGQFTYSGTYKYIF	:::::::::0:0:12:::::20:-5:45:::
5042	402.0	1.5804483598327084E-4	1	1.1548677676406051E-4	TGTGCCTTCCTCCAGGGAGGAAAGCTTATCTTC	NNNNNNNNNNNNNNNNNNNNNNNNNNNNNNNNN	TRAV24*00(749.1)		TRAJ23*00(523.3)		515|523|545|0|8||80.0		30|52|83|11|33||220.0		TGTGCCTTCCTCCAGGGAGGAAAGCTTATCTTC	45	CAFLQGGKLIF	:::::::::0:-2:8:::::11:-10:33:::
17788	402.0	1.5804483598327084E-4	1	1.1548677676406051E-4	TGTGCAGCAAGCTCCCCTCAACGACTACAAGCTCAGCTTT	NNNNNNNNNNNNNNNNNNNNNNNNNNNNNNNNNNNNNNNN	TRAV13-1*00(969.2)		TRAJ20*00(479.2)		511|522|544|0|11||110.0		25|46|77|19|40||210.0		TGTGCAGCAAGCTCCCCTCAACGACTACAAGCTCAGCTTT	45	CAASSPQ_DYKLSF	:::::::::0:-2:11:::::19:-5:40:::
17918	402.0	1.5804483598327084E-4	1	1.1548677676406051E-4	TGTGCAGCAAGCGGTAGGATGCAGGCAACATGCTCACCTTT	NNNNNNNNNNNNNNNNNNNNNNNNNNNNNNNNNNNNNNNNN	TRAV29/DV5*00(579.8)		TRAJ39*00(539.7)		529|542|562|0|13||130.0		29|52|83|18|41||230.0		TGTGCAGCAAGCGGTAGGATGCAGGCAACATGCTCACCTTT	45	CAASGRM_GNMLTF	:::::::::0:0:13:::::18:-9:41:::
18363	402.0	1.5804483598327084E-4	1	1.1548677676406051E-4	TGTGCAGAGGCTCAACTATGGTCAGAATTTTGTCTTT	NNNNNNNNNNNNNNNNNNNNNNNNNNNNNNNNNNNNN	TRAV5*00(450)		TRAJ26*00(529.7)		523|532|556|0|9||90.0		25|49|80|13|37||240.0		TGTGCAGAGGCTCAACTATGGTCAGAATTTTGTCTTT	45	CAEAQL_GQNFVF	:::::::::0:-4:9:::::13:-5:37:::
18499	402.0	1.5804483598327084E-4	1	1.1548677676406051E-4	TGTGCAGAGAATAATGCAGGCAACATGCTCACCTTT	NNNNNNNNNNNNNNNNNNNNNNNNNNNNNNNNNNNN	TRAV5*00(460.5)		TRAJ39*00(569.3)		523|534|556|0|11|SG533A|101.0		27|52|83|11|36||270.0		TGTGCAGAGAATAATGCAGGCAACATGCTCACCTTT	45	CAENNAGNMLTF	:::::::::0:-2:11:::::11:-7:36:::
18502	402.0	1.5804483598327084E-4	1	1.1548677676406051E-4	TGTGCAGAGAATAAGTCGTCGGCTTTGGGAATGTGCTGCATTGC	NNNNNNNNNNNNNNNNNNNNNNNNNNNNNNNNNNNNNNNNNNNN	TRAV13-2*00(579.7)		TRAJ35*00(539.5)		506|519|539|0|13||130.0		24|48|79|20|44||240.0		TGTGCAGAGAATAAGTCGTCGGCTTTGGGAATGTGCTGCATTGC	45	CAENKSS_FGNVLHC	:::::::::0:0:13:::::20:-4:44:::
19101	402.0	1.5804483598327084E-4	1	1.1548677676406051E-4	TGCGCTGTCCCAGTAGGCCGTGGATAGCAACTATCAGTTAATCTGG	NNNNNNNNNNNNNNNNNNNNNNNNNNNNNNNNNNNNNNNNNNNNNN	TRAV1-1*00(650.3)		TRAJ33*00(550.3)		670|678|704|0|8||80.0		17|46|77|17|46|SA19G|261.0		TGCGCTGTCCCAGTAGGCCGTGGATAGCAACTATCAGTTAATCTGG	45	CAVPVGRG_SNYQLIW	:::::::::0:-6:8:::::17:3:46:::
21374	402.0	1.5804483598327084E-4	1	1.1548677676406051E-4	CGTGGGGTGGAGGTAGCAACTATAAACTGACATTT	NNNNNNNNNNNNNNNNNNNNNNNNNNNNNNNNNNN	TRAV21*00(880.5)		TRAJ53*00(598.7)		544|548|576|0|4|ST544C|11.0		26|55|86|6|35||290.0		CGTGGGGTGGAGGTAGCAACTATAAACTGACATTT	45	RGVEVA_YKLTF	:::::::::0:-8:4:::::6:-6:35:::
629	401.0	1.576516896251035E-4	2	2.3097355352812103E-4	TGTGCTCTGAGTGGGAAAGCTGCAGGCAACAAGCTAACTTTT	[[[[[[[[[[[[[[[[[[[[[[[[[[[[[[[[[[[[[[[[[[	TRAV9-2*00(730.9)		TRAJ17*00(569.7)		480|493|514|0|13||130.0		25|52|83|15|42||270.0		TGTGCTCTGAGTGGGAAAGCTGCAGGCAACAAGCTAACTTTT	58	CALSGKAAGNKLTF	:::::::::0:-1:13:::::15:-5:42:::
1550	401.0	1.576516896251035E-4	1	1.1548677676406051E-4	TGTCTACCTTCACTCAAATTCCGGGTATGCACTCAACTTC	NNNNNNNNNNNNNNNNNNNNNNNNNNNNNNNNNNNNNNNN	TRAV40*00(829.6)		TRAJ41*00(549.7)		436|441|470|0|5||50.0		22|51|82|11|40||290.0		TGTCTACCTTCACTCAAATTCCGGGTATGCACTCAACTTC	45	CLPSLKF_GYALNF	:::::::::0:-9:5:::::11:-2:40:::
2632	401.0	1.576516896251035E-4	1	1.1548677676406051E-4	TGTGCTCTGAGTGGGGGGAAGAATAGTGGAGGTAGCAACTATAAACTGACATTT	NNNNNNNNNNNNNNNNNNNNNNNNNNNNNNNNNNNNNNNNNNNNNNNNNNNNNN	TRAV19*00(720.4)		TRAJ53*00(659.6)		556|572|593|0|16|SA569G|131.0		20|55|86|19|54||350.0		TGTGCTCTGAGTGGGGGGAAGAATAGTGGAGGTAGCAACTATAAACTGACATTT	45	CALSGGKNSGGSNYKLTF	:::::::::0:-1:16:::::19:0:54:::
2863	401.0	1.576516896251035E-4	1	1.1548677676406051E-4	TGTGCTCTGAGAATCCCAATGCTGGTGGTACTAGCTATGGAAAGCTGACATTT	NNNNNNNNNNNNNNNNNNNNNNNNNNNNNNNNNNNNNNNNNNNNNNNNNNNNN	TRAV9-2*00(709.9)		TRAJ52*00(659.6)		480|491|514|0|11||110.0		22|58|89|17|53||360.0		TGTGCTCTGAGAATCCCAATGCTGGTGGTACTAGCTATGGAAAGCTGACATTT	45	CALRIPMLV_TSYGKLTF	:::::::::0:-3:11:::::17:-2:53:::
3290	401.0	1.576516896251035E-4	1	1.1548677676406051E-4	TGTGCTGTCATAAATACCGGCACTGCCAGTAAACTCACCTTT	NNNNNNNNNNNNNNNNNNNNNNNNNNNNNNNNNNNNNNNNNN	TRAV22*00(509.6)		TRAJ44*00(638.9)		526|534|559|0|8||80.0		19|52|83|9|42||330.0		TGTGCTGTCATAAATACCGGCACTGCCAGTAAACTCACCTTT	45	CAVINTGTASKLTF	:::::::::0:-5:8:::::9:1:42:::
3979	401.0	1.576516896251035E-4	1	1.1548677676406051E-4	TGTGCTGTGAGTGATCAAAAGAAAGCTTATCTTC	NNNNNNNNNNNNNNNNNNNNNNNNNNNNNNNNNN	TRAV8-4*00(719.8)		TRAJ23*00(410.5)		476|493|510|0|17||170.0		38|52|83|20|34||140.0		TGTGCTGTGAGTGATCAAAAGAAAGCTTATCTTC	45	CAVSDQ_RKLIF	:::::::::0:3:17:::::20:-18:34:::
4108	401.0	1.576516896251035E-4	1	1.1548677676406051E-4	TGTGCTGTGAGGTTTTACGACCAGGGAGGAAAGCTTATCTTC	NNNNNNNNNNNNNNNNNNNNNNNNNNNNNNNNNNNNNNNNNN	TRAV21*00(816.7)		TRAJ23*00(515.1)		544|556|576|0|12||120.0		23|52|83|13|42|ST27CSA28G|232.0		TGTGCTGTGAGGTTTTACGACCAGGGAGGAAAGCTTATCTTC	45	CAVRFYDQGGKLIF	:::::::::0:0:12:::::13:-3:42:::
6294	401.0	1.576516896251035E-4	1	1.1548677676406051E-4	TGTGCCGTGATAAATAACAATGACATGCGCTTT	NNNNNNNNNNNNNNNNNNNNNNNNNNNNNNNNN	TRAV12-2*00(959.1)		TRAJ43*00(509.4)		551|561|584|0|10||100.0		22|43|74|12|33||210.0		TGTGCCGTGATAAATAACAATGACATGCGCTTT	45	CAVINNNDMRF	:::::::::0:-3:10:::::12:-2:33:::
6744	401.0	1.576516896251035E-4	1	1.1548677676406051E-4	TGTGCCACTGTACAGCAGTGCTTCCAAGATAATCTTT	NNNNNNNNNNNNNNNNNNNNNNNNNNNNNNNNNNNNN	TRAV38-2/DV8*00(509.4)		TRAJ3*00(578.9)		602|607|638|0|5||50.0		23|51|82|9|37||280.0		TGTGCCACTGTACAGCAGTGCTTCCAAGATAATCTTT	45	CATVQQ_ASKIIF	:::::::::0:-11:5:::::9:-3:37:::
17750	401.0	1.576516896251035E-4	1	1.1548677676406051E-4	TGTGCAGCAAGTAGAACGGGTTCTGCAAGGCAACTGACCTTT	NNNNNNNNNNNNNNNNNNNNNNNNNNNNNNNNNNNNNNNNNN	TRAV13-1*00(989.3)		TRAJ22*00(509.7)		511|524|544|0|13||130.0		28|52|83|18|42||240.0		TGTGCAGCAAGTAGAACGGGTTCTGCAAGGCAACTGACCTTT	45	CAASRTGSARQLTF	:::::::::0:0:13:::::18:-8:42:::
20161	401.0	1.576516896251035E-4	1	1.1548677676406051E-4	TGCGGCACACATTAATGCTGGTGGTACTAGCTATGGAAAGCTGACATTT	NNNNNNNNNNNNNNNNNNNNNNNNNNNNNNNNNNNNNNNNNNNNNNNNN	TRAV30*00(459.7)		TRAJ52*00(669.2)		567|576|600|0|9||90.0		21|58|89|12|49||370.0		TGCGGCACACATTAATGCTGGTGGTACTAGCTATGGAAAGCTGACATTT	45	CGTH*CWW_TSYGKLTF	:::::::::0:-4:9:::::12:-1:49:::
20205	401.0	1.576516896251035E-4	1	1.1548677676406051E-4	TGCATCCTGGGAAATGCTGGCAACAACCGTAAGCTGATTTGG	NNNNNNNNNNNNNNNNNNNNNNNNNNNNNNNNNNNNNNNNNN	TRAV26-2*00(860.4)		TRAJ38*00(599.6)		791|803|826|0|12|SA800G|91.0		21|51|82|12|42||300.0		TGCATCCTGGGAAATGCTGGCAACAACCGTAAGCTGATTTGG	45	CILGNAGNNRKLIW	:::::::::0:-3:12:::::12:-1:42:::
660	400.0	1.5725854326693615E-4	2	2.3097355352812103E-4	TGTGCTGTGGGAGCCATGGAATATAGAAACAAACTGGTCTTT	[[[[[[[[[[[[[[[[[[[[[[[[[[[[[[[[[[[[[[[[[[	TRAV21*00(449.8)		TRAJ47*00(570.7)		544|553|576|0|9||90.0		17|46|77|13|42|SG28A|261.0		TGTGCTGTGGGAGCCATGGAATATAGAAACAAACTGGTCTTT	58	CAVGAMEYRNKLVF	:::::::::0:-3:9:::::13:3:42:::
2738	400.0	1.5725854326693615E-4	1	1.1548677676406051E-4	TGTGCTCTGAGTGAGGCGGGGACCTACAAATACATCTTT	NNNNNNNNNNNNNNNNNNNNNNNNNNNNNNNNNNNNNNN	TRAV19*00(789.3)		TRAJ40*00(471)		556|574|593|0|18||180.0		29|50|81|18|39|SA31G|181.0		TGTGCTCTGAGTGAGGCGGGGACCTACAAATACATCTTT	45	CALSEAGTYKYIF	:::::::::0:1:18:::::18:-9:39:::
3422	400.0	1.5725854326693615E-4	1	1.1548677676406051E-4	TGTGCTGTGCACCCCCAGGGCGGATCTGAAAAGCTGGTCTTT	NNNNNNNNNNNNNNNNNNNNNNNNNNNNNNNNNNNNNNNNNN	TRAV36/DV7*00(609.7)		TRAJ57*00(579.5)		500|509|533|0|9||90.0		25|52|83|15|42||270.0		TGTGCTGTGCACCCCCAGGGCGGATCTGAAAAGCTGGTCTTT	45	CAVHPQGGSEKLVF	:::::::::0:-4:9:::::15:-5:42:::
3465	400.0	1.5725854326693615E-4	1	1.1548677676406051E-4	TGTGCTGTGCAGGACCCCTGAGATGACAAGATCATCTTT	NNNNNNNNNNNNNNNNNNNNNNNNNNNNNNNNNNNNNNN	TRAV20*00(539.9)		TRAJ30*00(509.8)		498|511|531|0|13||130.0		26|46|77|19|39||200.0		TGTGCTGTGCAGGACCCCTGAGATGACAAGATCATCTTT	45	CAVQDP*DDKIIF	:::::::::0:0:13:::::19:-6:39:::
6226	400.0	1.5725854326693615E-4	1	1.1548677676406051E-4	TGTGCCGTGGACCCCAGAGAAGACATGCGCTTT	NNNNNNNNNNNNNNNNNNNNNNNNNNNNNNNNN	TRAV39*00(759.6)		TRAJ43*00(419.8)		507|519|540|0|12||120.0		31|43|74|21|33||120.0		TGTGCCGTGGACCCCAGAGAAGACATGCGCTTT	45	CAVDPREDMRF	:::::::::0:-1:12:::::21:-11:33:::
6326	400.0	1.5725854326693615E-4	1	1.1548677676406051E-4	TGTGCCGTGAGGAAGTTGAGCTCAACCCTGGGGAGGCTATACTTT	NNNNNNNNNNNNNNNNNNNNNNNNNNNNNNNNNNNNNNNNNNNNN	TRAV12-2*00(959)		TRAJ18*00(529.4)		551|561|584|0|10||100.0		29|55|86|19|45||260.0		TGTGCCGTGAGGAAGTTGAGCTCAACCCTGGGGAGGCTATACTTT	45	CAVRKLSSTLGRLYF	:::::::::0:-3:10:::::19:-9:45:::
17849	400.0	1.5725854326693615E-4	1	1.1548677676406051E-4	TGTGCAGCAAGCGTAGCCAATGACATGCGCTTT	NNNNNNNNNNNNNNNNNNNNNNNNNNNNNNNNN	TRAV29/DV5*00(539.7)		TRAJ43*00(459.8)		529|542|562|0|13||130.0		27|43|74|17|33||160.0		TGTGCAGCAAGCGTAGCCAATGACATGCGCTTT	45	CAASVANDMRF	:::::::::0:0:13:::::17:-7:33:::
18154	400.0	1.5725854326693615E-4	1	1.1548677676406051E-4	TGTGCAGGGCCCTATCAAATTCCGGGTATGCACTCAACTTC	NNNNNNNNNNNNNNNNNNNNNNNNNNNNNNNNNNNNNNNNN	TRAV25*00(572.7)		TRAJ41*00(528.7)		620|633|649|0|13||130.0		24|51|82|14|41||270.0		TGTGCAGGGCCCTATCAAATTCCGGGTATGCACTCAACTTC	45	CAGPYQI_GYALNF	:::::::::0:4:13:::::14:-4:41:::
18890	400.0	1.5725854326693615E-4	1	1.1548677676406051E-4	TGTGGGGCGCTCTGCAGGCAACATGCTCACCTTT	NNNNNNNNNNNNNNNNNNNNNNNNNNNNNNNNNN	TRAV38-1*00(499.9)		TRAJ39*00(529.9)		596|600|633|0|4||40.0		30|52|83|12|34||220.0		TGTGGGGCGCTCTGCAGGCAACATGCTCACCTTT	45	CGALCR_NMLTF	:::::::::0:-13:4:::::12:-10:34:::
19005	400.0	1.5725854326693615E-4	1	1.1548677676406051E-4	TGCCTCGTGGGTGACCCCCCGTGAGTAAGGGAGGAAAGCTTATCTTC	NNNNNNNNNNNNNNNNNNNNNNNNNNNNNNNNNNNNNNNNNNNNNNN	TRAV4*00(1019.4)		TRAJ23*00(430.8)		768|783|804|0|15||150.0		32|52|83|27|47||200.0		TGCCTCGTGGGTGACCCCCCGTGAGTAAGGGAGGAAAGCTTATCTTC	45	CLVGDPP*_KGGKLIF	:::::::::0:-1:15:::::27:-12:47:::
19019	400.0	1.5725854326693615E-4	1	1.1548677676406051E-4	TGCCTCGTGGGTGACGGAGGGGGCGACTACAAGCTCAGCTTT	NNNNNNNNNNNNNNNNNNNNNNNNNNNNNNNNNNNNNNNNNN	TRAV4*00(1019.1)		TRAJ20*00(449.6)		768|783|804|0|15||150.0		27|46|77|23|42||190.0		TGCCTCGTGGGTGACGGAGGGGGCGACTACAAGCTCAGCTTT	45	CLVGDGGGDYKLSF	:::::::::0:-1:15:::::23:-7:42:::
1494	399.0	1.5686539690876883E-4	1	1.1548677676406051E-4	TCCCCCAACTCACTTTC	NNNNNNNNNNNNNNNNN	TRAV12-1*00(878.9)		TRAJ28*00(419.3)		539|540|572|0|1||10.0		42|55|86|4|17||130.0		TCCCCCAACTCACTTTC	45	SPN_TF	:::::::::0:-12:1:::::4:-22:17:::
1545	399.0	1.5686539690876883E-4	1	1.1548677676406051E-4	TGTCTTCCACGAGGGGGGGATAGCAACTATCAGTTAATCTGG	NNNNNNNNNNNNNNNNNNNNNNNNNNNNNNNNNNNNNNNNNN	TRAV40*00(849.6)		TRAJ33*00(539.6)		436|443|470|0|7||70.0		21|46|77|17|42||250.0		TGTCTTCCACGAGGGGGGGATAGCAACTATCAGTTAATCTGG	45	CLPRGGDSNYQLIW	:::::::::0:-7:7:::::17:-1:42:::
1847	399.0	1.5686539690876883E-4	1	1.1548677676406051E-4	TGTGTGGTGAACTCCCGGGGCCGACAAGCTCATCTTT	NNNNNNNNNNNNNNNNNNNNNNNNNNNNNNNNNNNNN	TRAV12-1*00(519.8)		TRAJ34*00(405.8)		539|551|572|0|12||120.0		30|47|78|20|37||170.0		TGTGTGGTGAACTCCCGGGGCCGACAAGCTCATCTTT	45	CVVNSR_ADKLIF	:::::::::0:-1:12:::::20:-10:37:::
2261	399.0	1.5686539690876883E-4	1	1.1548677676406051E-4	TGTGCTTATAATGTAAGGGGAGCCCAGAAGCTGGTATTT	NNNNNNNNNNNNNNNNNNNNNNNNNNNNNNNNNNNNNNN	TRAV38-2/DV8*00(559.8)		TRAJ54*00(509.8)		602|612|638|0|10||100.0		27|49|80|17|39||220.0		TGTGCTTATAATGTAAGGGGAGCCCAGAAGCTGGTATTT	45	CAYNVRGAQKLVF	:::::::::0:-6:10:::::17:-7:39:::
2411	399.0	1.5686539690876883E-4	1	1.1548677676406051E-4	TGTGCTCTTGGGGAAGCTGTCCGGTAACCAGTTCTATTTT	NNNNNNNNNNNNNNNNNNNNNNNNNNNNNNNNNNNNNNNN	TRDV1*00(1019.1)		TRAJ49*00(459.8)		573|588|610|0|15||150.0		25|45|76|20|40||200.0		TGTGCTCTTGGGGAAGCTGTCCGGTAACCAGTTCTATTTT	45	CALGEAV_GNQFYF	:::::::::0:-2:15:::::20:-5:40:::
2640	399.0	1.5686539690876883E-4	1	1.1548677676406051E-4	TGTGCTCTGAGTGGAGGAAAGCTTATCTTC	NNNNNNNNNNNNNNNNNNNNNNNNNNNNNN	TRAV19*00(739.2)		TRAJ23*00(489.6)		556|569|593|0|13||130.0		35|52|83|13|30||180.0		TGTGCTCTGAGTGGAGGAAAGCTTATCTTC	45	CALSGGKLIF	:::::::::0:-4:13:::::13:-15:30:::
2881	399.0	1.5686539690876883E-4	1	1.1548677676406051E-4	TGTGCTCTGAACGCGAACACCGGTAACCAGTTCTATTTT	NNNNNNNNNNNNNNNNNNNNNNNNNNNNNNNNNNNNNNN	TRAV9-2*00(709.6)		TRAJ49*00(559.3)		480|490|514|0|10||100.0		19|45|76|13|39||260.0		TGTGCTCTGAACGCGAACACCGGTAACCAGTTCTATTTT	45	CALNANTGNQFYF	:::::::::0:-4:10:::::13:1:39:::
3992	399.0	1.5686539690876883E-4	1	1.1548677676406051E-4	TGTGCTGTGAGTGATAGTAATACCGGCACTGCCAGTAAACTCACCTTT	NNNNNNNNNNNNNNNNNNNNNNNNNNNNNNNNNNNNNNNNNNNNNNNN	TRAV8-4*00(647.3)		TRAJ44*00(609.1)		476|491|510|0|15||150.0		22|52|83|18|48||300.0		TGTGCTGTGAGTGATAGTAATACCGGCACTGCCAGTAAACTCACCTTT	45	CAVSDSNTGTASKLTF	:::::::::0:1:15:::::18:-2:48:::
4854	399.0	1.5686539690876883E-4	1	1.1548677676406051E-4	TGTGCTACGGACGCCTATATCGGGAATATGGAAACAAGCTGGTCTTT	NNNNNNNNNNNNNNNNNNNNNNNNNNNNNNNNNNNNNNNNNNNNNNN	TRAV17*00(939.6)		TRAJ47*00(490.5)		490|504|523|0|14||140.0		21|46|77|22|47|SA36G|221.0		TGTGCTACGGACGCCTATATCGGGAATATGGAAACAAGCTGGTCTTT	45	CATDAYIG_YGNKLVF	:::::::::0:1:14:::::22:-1:47:::
6448	399.0	1.5686539690876883E-4	1	1.1548677676406051E-4	TGTGCCGTGAAGAGGGAGTTTGGGGACACGGGCAGGAGAGCACTTACTTTT	NNNNNNNNNNNNNNNNNNNNNNNNNNNNNNNNNNNNNNNNNNNNNNNNNNN	TRAV12-2*00(968.8)		TRAJ5*00(539.2)		551|562|584|0|11||110.0		21|49|80|23|51||280.0		TGTGCCGTGAAGAGGGAGTTTGGGGACACGGGCAGGAGAGCACTTACTTTT	45	CAVKREFGDTGRRALTF	:::::::::0:-2:11:::::23:-1:51:::
17804	399.0	1.5686539690876883E-4	1	1.1548677676406051E-4	TGTGCAGCAAGCTAATGCTGGCAACAACCGTAAGCTGATTTGG	NNNNNNNNNNNNNNNNNNNNNNNNNNNNNNNNNNNNNNNNNNN	TRAV29/DV5*00(529.9)		TRAJ38*00(609.8)		529|541|562|0|12||120.0		20|51|82|12|43||310.0		TGTGCAGCAAGCTAATGCTGGCAACAACCGTAAGCTGATTTGG	45	CAAS*CW_NNRKLIW	:::::::::0:-1:12:::::12:0:43:::
18923	399.0	1.5686539690876883E-4	1	1.1548677676406051E-4	TGTGAGGGCCCCTAATTCAGGGAGCCCAGAAGCTGGTATTT	NNNNNNNNNNNNNNNNNNNNNNNNNNNNNNNNNNNNNNNNN	TRAV27*00(581.9)		TRAJ54*00(579.5)		552|556|582|0|4||40.0		20|49|80|12|41||290.0		TGTGAGGGCCCCTAATTCAGGGAGCCCAGAAGCTGGTATTT	45	CEGP*FR_AQKLVF	:::::::::0:-6:4:::::12:0:41:::
1363	398.0	1.5647225055060148E-4	2	2.3097355352812103E-4	TGCCTCGTGGGTGTCGCTTTATAACCAGGGAGGAAAGCTTATCTTC	[[[[[[[[[[[[[[[[[[[[[[[[[[[[[[[[[[[[[[[[[[[[[[	TRAV4*00(649.1)		TRAJ23*00(590.4)		768|781|804|0|13||130.0		23|52|83|17|46||290.0		TGCCTCGTGGGTGTCGCTTTATAACCAGGGAGGAAAGCTTATCTTC	58	CLVGVAL*_QGGKLIF	:::::::::0:-3:13:::::17:-3:46:::
1590	398.0	1.5647225055060148E-4	1	1.1548677676406051E-4	TGTGTTGTGAGTCCCCCAGCTGGAACCTACAAATACATCTTT	NNNNNNNNNNNNNNNNNNNNNNNNNNNNNNNNNNNNNNNNNN	TRAV8-2*00(653)		TRAJ40*00(499.4)		466|478|500|0|12||120.0		29|50|81|21|42||210.0		TGTGTTGTGAGTCCCCCAGCTGGAACCTACAAATACATCTTT	45	CVVSPPAGTYKYIF	:::::::::0:-2:12:::::21:-9:42:::
2831	398.0	1.5647225055060148E-4	1	1.1548677676406051E-4	TGTGCTCTGAGGCGGAGGTGGGGCAAACAACCTCTTCTTT	NNNNNNNNNNNNNNNNNNNNNNNNNNNNNNNNNNNNNNNN	TRAV19*00(719.4)		TRAJ36*00(529.3)		556|567|593|0|11||110.0		26|48|79|18|40||220.0		TGTGCTCTGAGGCGGAGGTGGGGCAAACAACCTCTTCTTT	45	CALRRRW_ANNLFF	:::::::::0:-6:11:::::18:-6:40:::
3078	398.0	1.5647225055060148E-4	1	1.1548677676406051E-4	TGTGCTCCCATGAATGCTGGTGGTACTAGCTATGGAAAGCTGACATTT	NNNNNNNNNNNNNNNNNNNNNNNNNNNNNNNNNNNNNNNNNNNNNNNN	TRAV9-2*00(679.5)		TRAJ52*00(659.9)		480|487|514|0|7||70.0		22|58|89|12|48||360.0		TGTGCTCCCATGAATGCTGGTGGTACTAGCTATGGAAAGCTGACATTT	45	CAPMNAGGTSYGKLTF	:::::::::0:-7:7:::::12:-2:48:::
3792	398.0	1.5647225055060148E-4	1	1.1548677676406051E-4	TGTGCTGTGATCGGGGGATAGCAACTATCAGTTAATCTGG	NNNNNNNNNNNNNNNNNNNNNNNNNNNNNNNNNNNNNNNN	TRAV21*00(459.8)		TRAJ33*00(539.8)		544|554|576|0|10||100.0		21|46|77|15|40||250.0		TGTGCTGTGATCGGGGGATAGCAACTATCAGTTAATCTGG	45	CAVIGG*_NYQLIW	:::::::::0:-2:10:::::15:-1:40:::
4419	398.0	1.5647225055060148E-4	1	1.1548677676406051E-4	TGTGCTGCCCTAGCTAACTTTGGAAATGAGAAATTAACCTTT	NNNNNNNNNNNNNNNNNNNNNNNNNNNNNNNNNNNNNNNNNN	TRAV8-3*00(523.4)		TRAJ48*00(600.5)		455|462|489|0|7||70.0		20|52|83|10|42|ST22G|291.0		TGTGCTGCCCTAGCTAACTTTGGAAATGAGAAATTAACCTTT	45	CAALANFGNEKLTF	:::::::::0:-7:7:::::10:0:42:::
4525	398.0	1.5647225055060148E-4	1	1.1548677676406051E-4	TGTGCTGGCCGGGTAACTGGGGCAAACAACCTCTTCTTT	NNNNNNNNNNNNNNNNNNNNNNNNNNNNNNNNNNNNNNN	TRAV35*00(904.8)		TRAJ36*00(549.7)		588|596|620|0|8||80.0		23|48|79|14|39||250.0		TGTGCTGGCCGGGTAACTGGGGCAAACAACCTCTTCTTT	45	CAGRVTGANNLFF	:::::::::0:-4:8:::::14:-3:39:::
6089	398.0	1.5647225055060148E-4	1	1.1548677676406051E-4	TGTGCCCGGGAGGAGGTGCTGACGGACTCACCTTT	NNNNNNNNNNNNNNNNNNNNNNNNNNNNNNNNNNN	TRAV8-4*00(589.8),TRAV8-2*00(579.8)		TRAJ45*00(579.2)		476|481|510|0|5||50.0;466|470|500|0|4||40.0		28|55|86|8|35||270.0		TGTGCCCGGGAGGAGGTGCTGACGGACTCACCTTT	45	CAREEV_DGLTF	:::::::::0:-9:5:::::8:-8:35:::
17602	398.0	1.5647225055060148E-4	1	1.1548677676406051E-4	TGTGCAGCAATGGGAACCTACAAATACATCTTT	NNNNNNNNNNNNNNNNNNNNNNNNNNNNNNNNN	TRAV23/DV6*00(469.6)		TRAJ40*00(499.7)		517|527|550|0|10||100.0		29|50|81|12|33||210.0		TGTGCAGCAATGGGAACCTACAAATACATCTTT	45	CAAMGTYKYIF	:::::::::0:-3:10:::::12:-9:33:::
17651	398.0	1.5647225055060148E-4	1	1.1548677676406051E-4	TGTGCAGCAAGTTCGGGAAGCACCCTCACCTTT	NNNNNNNNNNNNNNNNNNNNNNNNNNNNNNNNN	TRAV13-1*00(979.3)		TRAJ11*00(459.8)		511|523|544|0|12||120.0		34|49|80|18|33||150.0		TGTGCAGCAAGTTCGGGAAGCACCCTCACCTTT	45	CAASSGSTLTF	:::::::::0:-1:12:::::18:-14:33:::
17857	398.0	1.5647225055060148E-4	1	1.1548677676406051E-4	TGTGCAGCAAGCGCTTTAATGCTGGCAACAACCGTAAGCTGATTTGG	NNNNNNNNNNNNNNNNNNNNNNNNNNNNNNNNNNNNNNNNNNNNNNN	TRAV23/DV6*00(489.7)		TRAJ38*00(609.4)		517|529|550|0|12||120.0		20|51|82|16|47||310.0		TGTGCAGCAAGCGCTTTAATGCTGGCAACAACCGTAAGCTGATTTGG	45	CAASALML_NNRKLIW	:::::::::0:-1:12:::::16:0:47:::
18089	398.0	1.5647225055060148E-4	1	1.1548677676406051E-4	TGTGCAGCAAAGAGCCTCTCTCAGGGAGCCCAGAAGCTGGTATTT	NNNNNNNNNNNNNNNNNNNNNNNNNNNNNNNNNNNNNNNNNNNNN	TRAV13-1*00(959.7)		TRAJ54*00(499.6)		511|521|544|0|10||100.0		24|49|80|20|45||250.0		TGTGCAGCAAAGAGCCTCTCTCAGGGAGCCCAGAAGCTGGTATTT	45	CAAKSLSQGAQKLVF	:::::::::0:-3:10:::::20:-4:45:::
18476	398.0	1.5647225055060148E-4	1	1.1548677676406051E-4	TGTGCAGAGAATCAGGCGGCACTGCCAGTAAACTCACCTTT	NNNNNNNNNNNNNNNNNNNNNNNNNNNNNNNNNNNNNNNNN	TRAV13-2*00(569.9)		TRAJ44*00(559.4)		506|518|539|0|12||120.0		27|52|83|16|41||250.0		TGTGCAGAGAATCAGGCGGCACTGCCAGTAAACTCACCTTT	45	CAENQAA_ASKLTF	:::::::::0:-1:12:::::16:-7:41:::
18577	398.0	1.5647225055060148E-4	1	1.1548677676406051E-4	TGTGCAATGATATCAGGAGGAGGTGCTGACGGACTCACCTTT	NNNNNNNNNNNNNNNNNNNNNNNNNNNNNNNNNNNNNNNNNN	TRAV12-3*00(959.4)		TRAJ45*00(569.6)		562|572|595|0|10||100.0		25|55|86|12|42||300.0		TGTGCAATGATATCAGGAGGAGGTGCTGACGGACTCACCTTT	45	CAMISGGGADGLTF	:::::::::0:-3:10:::::12:-5:42:::
18971	398.0	1.5647225055060148E-4	1	1.1548677676406051E-4	TGCCTCGTGGCCCTCTCAGGAACCTACAAATACATCTTT	NNNNNNNNNNNNNNNNNNNNNNNNNNNNNNNNNNNNNNN	TRAV4*00(797.4)		TRAJ40*00(526.9)		768|778|804|0|10||100.0		25|50|81|14|39||250.0		TGCCTCGTGGCCCTCTCAGGAACCTACAAATACATCTTT	45	CLVALSGTYKYIF	:::::::::0:-6:10:::::14:-5:39:::
1585	397.0	1.5607910419243413E-4	1	1.1548677676406051E-4	TGTGTTGTGACCCGGAAGCCTCAATTTCTTCTGGTTCTGCAAGGCAACTGACCTTT	NNNNNNNNNNNNNNNNNNNNNNNNNNNNNNNNNNNNNNNNNNNNNNNNNNNNNNNN	TRAV8-2*00(636.1)		TRAJ22*00(649.2)		466|476|500|0|10||100.0		18|52|83|22|56||340.0		TGTGTTGTGACCCGGAAGCCTCAATTTCTTCTGGTTCTGCAAGGCAACTGACCTTT	45	CVVTRKPQF_SGSARQLTF	:::::::::0:-4:10:::::22:2:56:::
2197	397.0	1.5607910419243413E-4	1	1.1548677676406051E-4	TGTGCTTATAGGGGCAATAATAATGCAGGCAACATGCTCACCTTT	NNNNNNNNNNNNNNNNNNNNNNNNNNNNNNNNNNNNNNNNNNNNN	TRAV38-2/DV8*00(580.4)		TRAJ39*00(609.2)		602|617|638|0|15|SA614G|121.0		22|52|83|15|45||300.0		TGTGCTTATAGGGGCAATAATAATGCAGGCAACATGCTCACCTTT	45	CAYRGNNNAGNMLTF	:::::::::0:-1:15:::::15:-2:45:::
2849	397.0	1.5607910419243413E-4	1	1.1548677676406051E-4	TGTGCTCTGAGGGAAGCAGGAACTGCTCTGATCTTT	NNNNNNNNNNNNNNNNNNNNNNNNNNNNNNNNNNNN	TRAV19*00(721.8)		TRAJ15*00(519.5)		556|572|593|0|16|ST567GSG570A|112.0		29|49|80|16|36||210.0		TGTGCTCTGAGGGAAGCAGGAACTGCTCTGATCTTT	45	CALREAGTALIF	:::::::::0:-1:16:::::16:-9:36:::
2951	397.0	1.5607910419243413E-4	1	1.1548677676406051E-4	TGTGCTCTAATTCAGGGAGCCCAGAAGCTGGTATTT	NNNNNNNNNNNNNNNNNNNNNNNNNNNNNNNNNNNN	TRAV16*00(821.2)		TRAJ54*00(579.2)		449|458|483|0|9||100.0		22|49|80|9|36||290.0		TGTGCTCTAATTCAGGGAGCCCAGAAGCTGGTATTT	45	CALIQGAQKLVF	:::::::::0:-5:9:::::9:-2:36:::
17757	397.0	1.5607910419243413E-4	1	1.1548677676406051E-4	TGTGCAGCAAGTAATAATAACAATGACATGCGCTTT	NNNNNNNNNNNNNNNNNNNNNNNNNNNNNNNNNNNN	TRAV13-1*00(989.4)		TRAJ43*00(509.4)		511|524|544|0|13||130.0		22|43|74|15|36||210.0		TGTGCAGCAAGTAATAATAACAATGACATGCGCTTT	45	CAASNNNNDMRF	:::::::::0:0:13:::::15:-2:36:::
18199	397.0	1.5607910419243413E-4	1	1.1548677676406051E-4	TGTGCAGGGGGGTTTGGCTCTAGCAACACAGGCAAACTAATCTTT	NNNNNNNNNNNNNNNNNNNNNNNNNNNNNNNNNNNNNNNNNNNNN	TRAV27*00(621.6)		TRAJ37*00(590.2)		552|560|582|0|8||80.0		20|51|82|14|45|SG27A|281.0		TGTGCAGGGGGGTTTGGCTCTAGCAACACAGGCAAACTAATCTTT	45	CAGGFGSSNTGKLIF	:::::::::0:-2:8:::::14:0:45:::
18402	397.0	1.5607910419243413E-4	1	1.1548677676406051E-4	TGTGCAGAGACCCCTGGCATGCGCTTT	NNNNNNNNNNNNNNNNNNNNNNNNNNN	TRAV13-2*00(549.7)		TRAJ43*00(401)		506|516|539|0|10||100.0		30|43|74|14|27|SA32G|101.0		TGTGCAGAGACCCCTGGCATGCGCTTT	45	CAETPGMRF	:::::::::0:-3:10:::::14:-10:27:::
19162	397.0	1.5607910419243413E-4	1	1.1548677676406051E-4	TGCGCTGTGAAGCCCCCCGACAAGCTCATCTTT	NNNNNNNNNNNNNNNNNNNNNNNNNNNNNNNNN	TRAV1-1*00(670.4)		TRAJ34*00(469.3)		670|680|704|0|10||100.0		30|47|78|16|33||170.0		TGCGCTGTGAAGCCCCCCGACAAGCTCATCTTT	45	CAVKPPDKLIF	:::::::::0:-4:10:::::16:-10:33:::
20246	397.0	1.5607910419243413E-4	1	1.1548677676406051E-4	TGCATCCTGAGAGGTCAACAATGACATGCGCTTT	NNNNNNNNNNNNNNNNNNNNNNNNNNNNNNNNNN	TRAV26-2*00(609.5)		TRAJ43*00(479.9)		791|804|826|0|13||130.0		25|43|74|16|34||180.0		TGCATCCTGAGAGGTCAACAATGACATGCGCTTT	45	CILRGQ_NDMRF	:::::::::0:-2:13:::::16:-5:34:::
20409	397.0	1.5607910419243413E-4	1	1.1548677676406051E-4	TGCATCGTCAGAGTCGGTTCCAATGCAGGCAACATGCTCACCTTT	NNNNNNNNNNNNNNNNNNNNNNNNNNNNNNNNNNNNNNNNNNNNN	TRAV26-1*00(649.4)		TRAJ39*00(539.1)		763|779|799|0|16||160.0		28|52|83|21|45||240.0		TGCATCGTCAGAGTCGGTTCCAATGCAGGCAACATGCTCACCTTT	45	CIVRVGSNAGNMLTF	:::::::::0:0:16:::::21:-8:45:::
1503	396.0	1.556859578342668E-4	1	1.1548677676406051E-4	TCAAACCCCCGGGGAGGTGCTGACGGACTCACCTTT	NNNNNNNNNNNNNNNNNNNNNNNNNNNNNNNNNNNN	TRAV16*00(808.1)		TRAJ45*00(541.1)		449|450|483|0|1||10.0		31|55|86|12|36||240.0		TCAAACCCCCGGGGAGGTGCTGACGGACTCACCTTT	45	SNPRGGADGLTF	:::::::::0:-13:1:::::12:-11:36:::
2136	396.0	1.556859578342668E-4	1	1.1548677676406051E-4	TGTGCTTCCAAGGAAGGGGAAATGAGAAATTAACCTTT	NNNNNNNNNNNNNNNNNNNNNNNNNNNNNNNNNNNNNN	TRAV21*00(929.7)		TRAJ48*00(489.3)		544|550|576|0|6||60.0		31|52|83|17|38||210.0		TGTGCTTCCAAGGAAGGGGAAATGAGAAATTAACCTTT	45	CASKEG_NEKLTF	:::::::::0:-6:6:::::17:-11:38:::
2156	396.0	1.556859578342668E-4	1	1.1548677676406051E-4	TGTGCTTATTTGAAGAACAATGCCAGACTCATGTTT	NNNNNNNNNNNNNNNNNNNNNNNNNNNNNNNNNNNN	TRAV38-2/DV8*00(549.4)		TRAJ31*00(520.6)		602|611|638|0|9||90.0		21|46|77|11|36|ST24G|221.0		TGTGCTTATTTGAAGAACAATGCCAGACTCATGTTT	45	CAYLKNNARLMF	:::::::::0:-7:9:::::11:-1:36:::
2658	396.0	1.556859578342668E-4	1	1.1548677676406051E-4	TGTGCTCTGAGTGATCGGCCCGGTTCTGCAAGGCAACTGACCTTT	NNNNNNNNNNNNNNNNNNNNNNNNNNNNNNNNNNNNNNNNNNNNN	TRAV9-2*00(769.1)		TRAJ22*00(549.7)		480|496|514|0|16||160.0		28|52|83|21|45||240.0		TGTGCTCTGAGTGATCGGCCCGGTTCTGCAAGGCAACTGACCTTT	45	CALSDRPGSARQLTF	:::::::::0:2:16:::::21:-8:45:::
3807	396.0	1.556859578342668E-4	1	1.1548677676406051E-4	TGTGCTGTGACTATGAACACAGGCTTTCAGAAACTTGTATTT	NNNNNNNNNNNNNNNNNNNNNNNNNNNNNNNNNNNNNNNNNN	TRAV8-6*00(669.4)		TRAJ8*00(589.7)		448|458|482|0|10||100.0		19|49|80|12|42||300.0		TGTGCTGTGACTATGAACACAGGCTTTCAGAAACTTGTATTT	45	CAVTMNTGFQKLVF	:::::::::0:-4:10:::::12:1:42:::
4021	396.0	1.556859578342668E-4	1	1.1548677676406051E-4	TGTGCTGTGAGTGAGGGCTCTGGTTCTGCAAGGCAACTGACCTTT	NNNNNNNNNNNNNNNNNNNNNNNNNNNNNNNNNNNNNNNNNNNNN	TRAV8-6*00(709.6)		TRAJ22*00(579.4)		448|462|482|0|14||140.0		25|52|83|18|45||270.0		TGTGCTGTGAGTGAGGGCTCTGGTTCTGCAAGGCAACTGACCTTT	45	CAVSEGSGSARQLTF	:::::::::0:0:14:::::18:-5:45:::
4726	396.0	1.556859578342668E-4	1	1.1548677676406051E-4	TGTGCTGGGACCATGGACACGGGCAGGAGAGCACTTACTTTT	NNNNNNNNNNNNNNNNNNNNNNNNNNNNNNNNNNNNNNNNNN	TRAV8-6*00(638.7)		TRAJ5*00(618.8)		448|458|482|0|10|ST455G|71.0		17|49|80|10|42||320.0		TGTGCTGGGACCATGGACACGGGCAGGAGAGCACTTACTTTT	45	CAGTMDTGRRALTF	:::::::::0:-4:10:::::10:3:42:::
17649	396.0	1.556859578342668E-4	1	1.1548677676406051E-4	TGTGCAGCAAGTTCCAATGCAGGCAAATCAACCTTT	NNNNNNNNNNNNNNNNNNNNNNNNNNNNNNNNNNNN	TRAV29/DV5*00(559.6)		TRAJ27*00(519.6)		529|540|562|0|11||110.0		25|48|79|13|36||230.0		TGTGCAGCAAGTTCCAATGCAGGCAAATCAACCTTT	45	CAASSNAGKSTF	:::::::::0:-2:11:::::13:-5:36:::
17814	396.0	1.556859578342668E-4	1	1.1548677676406051E-4	TGTGCAGCAAGCCCTTCTGGTTCTGCAAGGCAACTGACCTTT	NNNNNNNNNNNNNNNNNNNNNNNNNNNNNNNNNNNNNNNNNN	TRAV23/DV6*00(489.6)		TRAJ22*00(599.4)		517|529|550|0|12||120.0		23|52|83|13|42||290.0		TGTGCAGCAAGCCCTTCTGGTTCTGCAAGGCAACTGACCTTT	45	CAASPSGSARQLTF	:::::::::0:-1:12:::::13:-3:42:::
18600	396.0	1.556859578342668E-4	1	1.1548677676406051E-4	TGTGCAATGAGCTCGACAGGCTTTCAGAAACTTGTATTT	NNNNNNNNNNNNNNNNNNNNNNNNNNNNNNNNNNNNNNN	TRAV12-3*00(648.6)		TRAJ8*00(526.6)		562|577|595|0|15|SG574T|121.0		25|49|80|15|39||240.0		TGTGCAATGAGCTCGACAGGCTTTCAGAAACTTGTATTT	45	CAMSSTGFQKLVF	:::::::::0:2:15:::::15:-5:39:::
20294	396.0	1.556859578342668E-4	1	1.1548677676406051E-4	TGCATCCTGAACCGACAAGCTCATCTTT	NNNNNNNNNNNNNNNNNNNNNNNNNNNN	TRAV26-2*00(869.3)		TRAJ34*00(479.5)		791|801|826|0|10||100.0		29|47|78|10|28||180.0		TGCATCCTGAACCGACAAGCTCATCTTT	45	CILNR_KLIF	:::::::::0:-5:10:::::10:-9:28:::
20367	396.0	1.556859578342668E-4	1	1.1548677676406051E-4	TGCATCGTCAGACCCAATAATGCAGGCAACATGCTCACCTTT	NNNNNNNNNNNNNNNNNNNNNNNNNNNNNNNNNNNNNNNNNN	TRAV26-1*00(609.5)		TRAJ39*00(579.5)		763|775|799|0|12||120.0		25|52|83|15|42||270.0		TGCATCGTCAGACCCAATAATGCAGGCAACATGCTCACCTTT	45	CIVRPNNAGNMLTF	:::::::::0:-4:12:::::15:-5:42:::
1497	395.0	1.5529281147609944E-4	1	1.1548677676406051E-4	TCGTTGCTGGTGGTACTAGCTATGGAAAGCTGACATTT	NNNNNNNNNNNNNNNNNNNNNNNNNNNNNNNNNNNNNN	TRAV29/DV5*00(419.9)		TRAJ52*00(639.8)		529|530|562|0|1||10.0		24|58|89|4|38||340.0		TCGTTGCTGGTGGTACTAGCTATGGAAAGCTGACATTT	45	SLLVVL_YGKLTF	:::::::::0:-12:1:::::4:-4:38:::
1571	395.0	1.5529281147609944E-4	1	1.1548677676406051E-4	TGTGTTGTGGGTCGACCCACTGGGGCAAACAACCTCTTCTTT	NNNNNNNNNNNNNNNNNNNNNNNNNNNNNNNNNNNNNNNNNN	TRAV8-2*00(606.9)		TRAJ36*00(530.4)		466|478|500|0|12|SA475G|91.0		24|48|79|18|42||240.0		TGTGTTGTGGGTCGACCCACTGGGGCAAACAACCTCTTCTTT	45	CVVGRPTGANNLFF	:::::::::0:-2:12:::::18:-4:42:::
1746	395.0	1.5529281147609944E-4	1	1.1548677676406051E-4	TGTGTGGTGACCACAAATTCCGGGTATGCACTCAACTTC	NNNNNNNNNNNNNNNNNNNNNNNNNNNNNNNNNNNNNNN	TRAV12-1*00(946.3)		TRAJ41*00(519.4)		539|552|572|0|13|SA549C|101.0		25|51|82|13|39||260.0		TGTGTGGTGACCACAAATTCCGGGTATGCACTCAACTTC	45	CVVTTNSGYALNF	:::::::::0:0:13:::::13:-5:39:::
2426	395.0	1.5529281147609944E-4	1	1.1548677676406051E-4	TGTGCTCTTGGGGAAAGGCTTTGGGAATGTGCTGCATTGC	NNNNNNNNNNNNNNNNNNNNNNNNNNNNNNNNNNNNNNNN	TRDV1*00(1019)		TRAJ35*00(510.9)		573|587|610|0|14||150.0		22|48|79|14|40|ST22A|251.0		TGTGCTCTTGGGGAAAGGCTTTGGGAATGTGCTGCATTGC	45	CALGERL_GNVLHC	:::::::::0:-3:14:::::14:-2:40:::
3623	395.0	1.5529281147609944E-4	1	1.1548677676406051E-4	TGTGCTGTGGGGTCGGATAGGCTTTGGGAATGTGCTGCATTGC	NNNNNNNNNNNNNNNNNNNNNNNNNNNNNNNNNNNNNNNNNNN	TRAV8-3*00(600.8)		TRAJ35*00(579.9)		455|466|489|0|11||110.0		20|48|79|15|43||280.0		TGTGCTGTGGGGTCGGATAGGCTTTGGGAATGTGCTGCATTGC	45	CAVGSDR_FGNVLHC	:::::::::0:-3:11:::::15:0:43:::
4572	395.0	1.5529281147609944E-4	1	1.1548677676406051E-4	TGTGCTGGGCCCAATTTACCGGTAACCAGTTCTATTTT	NNNNNNNNNNNNNNNNNNNNNNNNNNNNNNNNNNNNNN	TRAV35*00(761.1)		TRAJ49*00(509.8)		588|598|620|0|10||100.0		24|45|76|17|38||210.0		TGTGCTGGGCCCAATTTACCGGTAACCAGTTCTATTTT	45	CAGPNL_GNQFYF	:::::::::0:-2:10:::::17:-4:38:::
4782	395.0	1.5529281147609944E-4	1	1.1548677676406051E-4	TGTGCTACGTGCAGGCAACATGCTCACCTTT	NNNNNNNNNNNNNNNNNNNNNNNNNNNNNNN	TRAV17*00(889.3)		TRAJ39*00(529.5)		490|499|523|0|9||90.0		30|52|83|9|31||220.0		TGTGCTACGTGCAGGCAACATGCTCACCTTT	45	CATCR_NMLTF	:::::::::0:-4:9:::::9:-10:31:::
6301	395.0	1.5529281147609944E-4	1	1.1548677676406051E-4	TGTGCCGTGACCGCCTGGGCTGGGAGTTACCAACTCACTTTC	NNNNNNNNNNNNNNNNNNNNNNNNNNNNNNNNNNNNNNNNNN	TRAV8-1*00(569.8)		TRAJ28*00(549.7)		474|484|508|0|10||100.0		29|55|86|16|42||260.0		TGTGCCGTGACCGCCTGGGCTGGGAGTTACCAACTCACTTTC	45	CAVTAWAGSYQLTF	:::::::::0:-4:10:::::16:-9:42:::
17554	395.0	1.5529281147609944E-4	1	1.1548677676406051E-4	TGTGCAGCACCGGGAGGAGGAGGTGCTGACGGACTCACCTTT	NNNNNNNNNNNNNNNNNNNNNNNNNNNNNNNNNNNNNNNNNN	TRAV29/DV5*00(539.9)		TRAJ45*00(589.1)		529|538|562|0|9||90.0		27|55|86|14|42||280.0		TGTGCAGCACCGGGAGGAGGAGGTGCTGACGGACTCACCTTT	45	CAAPGGGGADGLTF	:::::::::0:-4:9:::::14:-7:42:::
18047	395.0	1.5529281147609944E-4	1	1.1548677676406051E-4	TGTGCAGCAAGGGGGTTTCCATGGCTCTAGCAACACAGGCAAACTAATCTTT	NNNNNNNNNNNNNNNNNNNNNNNNNNNNNNNNNNNNNNNNNNNNNNNNNNNN	TRAV29/DV5*00(559.6)		TRAJ37*00(620.1)		529|540|562|0|11||110.0		17|51|82|18|52|SG27A|311.0		TGTGCAGCAAGGGGGTTTCCATGGCTCTAGCAACACAGGCAAACTAATCTTT	45	CAARGFPWL_SNTGKLIF	:::::::::0:-2:11:::::18:3:52:::
19157	395.0	1.5529281147609944E-4	1	1.1548677676406051E-4	TGCGCTGTGAGAGATATACCCTAGCAACACAGGCAAACTAATCTTT	NNNNNNNNNNNNNNNNNNNNNNNNNNNNNNNNNNNNNNNNNNNNNN	TRAV1-1*00(720.5)		TRAJ37*00(540.7)		670|685|704|0|15||150.0		25|51|82|20|46|SG27A|231.0		TGCGCTGTGAGAGATATACCCTAGCAACACAGGCAAACTAATCTTT	45	CAVRDIP*_NTGKLIF	:::::::::0:1:15:::::20:-5:46:::
1353	394.0	1.5489966511793212E-4	2	2.3097355352812103E-4	TGTGCAATGGTTTCAGGAGGAGGTGCTGACGGACTCACCTTT	[[[[[[[[[[[[[[[[[[[[[[[[[[[[[[[[[[[[[[[[[[	TRAV14/DV4*00(679.2)		TRAJ45*00(619.2)		517|526|554|0|9||90.0		24|55|86|11|42||310.0		TGTGCAATGGTTTCAGGAGGAGGTGCTGACGGACTCACCTTT	58	CAMVSGGGADGLTF	:::::::::0:-8:9:::::11:-4:42:::
2204	394.0	1.5489966511793212E-4	1	1.1548677676406051E-4	TGTGCTTATAGGACCTTCTCCGGCACTGCCAGTAAACTCACCTTT	NNNNNNNNNNNNNNNNNNNNNNNNNNNNNNNNNNNNNNNNNNNNN	TRAV38-2/DV8*00(589.4)		TRAJ44*00(569.6)		602|615|638|0|13||130.0		26|52|83|19|45||260.0		TGTGCTTATAGGACCTTCTCCGGCACTGCCAGTAAACTCACCTTT	45	CAYRTFSGTASKLTF	:::::::::0:-3:13:::::19:-6:45:::
2652	394.0	1.5489966511793212E-4	1	1.1548677676406051E-4	TGTGCTCTGAGTGATCCGGGAGCCCAGAAGCTGGTATTT	NNNNNNNNNNNNNNNNNNNNNNNNNNNNNNNNNNNNNNN	TRAV9-2*00(769.5)		TRAJ54*00(509.9)		480|495|514|0|15||160.0		25|49|80|15|39|SA26C|221.0		TGTGCTCTGAGTGATCCGGGAGCCCAGAAGCTGGTATTT	45	CALSDPGAQKLVF	:::::::::0:1:15:::::15:-5:39:::
5047	394.0	1.5489966511793212E-4	1	1.1548677676406051E-4	TGTGCCTTCCCCCCAGGAACCTACAAATACATCTTT	NNNNNNNNNNNNNNNNNNNNNNNNNNNNNNNNNNNN	TRAV24*00(979.7)		TRAJ40*00(500.6)		515|523|545|0|8||80.0		24|50|81|10|36|ST26C|231.0		TGTGCCTTCCCCCCAGGAACCTACAAATACATCTTT	45	CAFPPGTYKYIF	:::::::::0:-2:8:::::10:-4:36:::
6020	394.0	1.5489966511793212E-4	1	1.1548677676406051E-4	TGTGCCCCCTCAAACTTTGGGAATGTGCTGCATTGC	NNNNNNNNNNNNNNNNNNNNNNNNNNNNNNNNNNNN	TRAV24*00(211.8)		TRAJ35*00(529.8)		515|521|545|0|6||60.0		26|48|79|14|36||220.0		TGTGCCCCCTCAAACTTTGGGAATGTGCTGCATTGC	45	CAPSNFGNVLHC	:::::::::0:-4:6:::::14:-6:36:::
17387	394.0	1.5489966511793212E-4	1	1.1548677676406051E-4	TGTGCACCCCTGGGGGCACTGCCAGTAAACTCACCTTT	NNNNNNNNNNNNNNNNNNNNNNNNNNNNNNNNNNNNNN	TRAV29/DV5*00(508.8)		TRAJ44*00(549.6)		529|535|562|0|6||60.0		28|52|83|14|38||240.0		TGTGCACCCCTGGGGGCACTGCCAGTAAACTCACCTTT	45	CAPLGA_ASKLTF	:::::::::0:-7:6:::::14:-8:38:::
18023	394.0	1.5489966511793212E-4	1	1.1548677676406051E-4	TGTGCAGCAAGCAAGCTTTGGAAATGAGAAATTAACCTTT	NNNNNNNNNNNNNNNNNNNNNNNNNNNNNNNNNNNNNNNN	TRAV23/DV6*00(520.9)		TRAJ48*00(559.1)		517|534|550|0|17|ST530A|151.0		29|52|83|17|40||250.0		TGTGCAGCAAGCAAGCTTTGGAAATGAGAAATTAACCTTT	45	CAASKLW_NEKLTF	:::::::::0:4:17:::::17:-9:40:::
20413	394.0	1.5489966511793212E-4	1	1.1548677676406051E-4	TGCATCGTCAGAGTCGGGGGGATTGGATCTAGCAACACAGGCAAACTAATCTTT	NNNNNNNNNNNNNNNNNNNNNNNNNNNNNNNNNNNNNNNNNNNNNNNNNNNNNN	TRAV26-1*00(649.6)		TRAJ37*00(561.5)		763|779|799|0|16||160.0		20|51|82|23|54|SC23ASG27A|252.0		TGCATCGTCAGAGTCGGGGGGATTGGATCTAGCAACACAGGCAAACTAATCTTT	45	CIVRVGGIGSSNTGKLIF	:::::::::0:0:16:::::23:0:54:::
20415	394.0	1.5489966511793212E-4	1	1.1548677676406051E-4	TGCATCGTCAGAGTCGGAGGAGGCTCAACCCTGGGGAGGCTATACTTT	NNNNNNNNNNNNNNNNNNNNNNNNNNNNNNNNNNNNNNNNNNNNNNNN	TRAV26-1*00(649.7)		TRAJ18*00(599.3)		763|779|799|0|16||160.0		26|55|86|19|48||290.0		TGCATCGTCAGAGTCGGAGGAGGCTCAACCCTGGGGAGGCTATACTTT	45	CIVRVGGGSTLGRLYF	:::::::::0:0:16:::::19:-6:48:::
1740	393.0	1.5450651875976477E-4	1	1.1548677676406051E-4	TGTGTGGTGACCCAACTGGGGCAAACAACCTCTTCTTT	NNNNNNNNNNNNNNNNNNNNNNNNNNNNNNNNNNNNNN	TRAV12-1*00(959.4)		TRAJ36*00(541.5)		539|548|572|0|9||100.0		19|48|79|9|38|ST20CSA22C|252.0		TGTGTGGTGACCCAACTGGGGCAAACAACCTCTTCTTT	45	CVVTQL_ANNLFF	:::::::::0:-4:9:::::9:1:38:::
2256	393.0	1.5450651875976477E-4	1	1.1548677676406051E-4	TGTGCTTATAGGAACCGGGTTTGGAGGGGAGCCCAGAAGCTGGTATTT	NNNNNNNNNNNNNNNNNNNNNNNNNNNNNNNNNNNNNNNNNNNNNNNN	TRAV38-2/DV8*00(589.9)		TRAJ54*00(509.5)		602|615|638|0|13||130.0		27|49|80|26|48||220.0		TGTGCTTATAGGAACCGGGTTTGGAGGGGAGCCCAGAAGCTGGTATTT	45	CAYRNRVWRGAQKLVF	:::::::::0:-3:13:::::26:-7:48:::
2386	393.0	1.5450651875976477E-4	1	1.1548677676406051E-4	TGTGCTCTTGGGGAACTAGAAGGATGGCCAGAAGCTGCTCTTT	NNNNNNNNNNNNNNNNNNNNNNNNNNNNNNNNNNNNNNNNNNN	TRDV1*00(719.5)		TRAJ16*00(480.7)		573|592|610|0|19||190.0		28|49|80|22|43||210.0		TGTGCTCTTGGGGAACTAGAAGGATGGCCAGAAGCTGCTCTTT	45	CALGELE_DGQKLLF	:::::::::0:2:19:::::22:-8:43:::
2768	393.0	1.5450651875976477E-4	1	1.1548677676406051E-4	TGTGCTCTGAGTGAGAGGCCGGGAGGAAAGCTTATCTTC	NNNNNNNNNNNNNNNNNNNNNNNNNNNNNNNNNNNNNNN	TRAV19*00(759.9)		TRAJ23*00(499.3)		556|571|593|0|15||150.0		33|52|83|20|39||190.0		TGTGCTCTGAGTGAGAGGCCGGGAGGAAAGCTTATCTTC	45	CALSERPGGKLIF	:::::::::0:-2:15:::::20:-13:39:::
3051	393.0	1.5450651875976477E-4	1	1.1548677676406051E-4	TGTGCTCCCTCCCCCAGCAACACAGGCAAACTAATCTTT	NNNNNNNNNNNNNNNNNNNNNNNNNNNNNNNNNNNNNNN	TRAV41*00(739.2)		TRAJ37*00(538.9)		512|518|544|0|6||60.0		28|51|82|16|39||230.0		TGTGCTCCCTCCCCCAGCAACACAGGCAAACTAATCTTT	45	CAPSPSNTGKLIF	:::::::::0:-6:6:::::16:-8:39:::
3081	393.0	1.5450651875976477E-4	1	1.1548677676406051E-4	TGTGCTCCCAGGGGAAATGCAGGCAACATGCTCACCTTT	NNNNNNNNNNNNNNNNNNNNNNNNNNNNNNNNNNNNNNN	TRAV6*00(439.5)		TRAJ39*00(549.7)		535|542|568|0|7||70.0		28|52|83|15|39||240.0		TGTGCTCCCAGGGGAAATGCAGGCAACATGCTCACCTTT	45	CAPRGNAGNMLTF	:::::::::0:-6:7:::::15:-8:39:::
3381	393.0	1.5450651875976477E-4	1	1.1548677676406051E-4	TGTGCTGTGTAGAAAACTATGGTCAGAATTTTGTCTTT	NNNNNNNNNNNNNNNNNNNNNNNNNNNNNNNNNNNNNN	TRAV22*00(520.8)		TRAJ26*00(550.5)		526|538|559|0|12|SG535T|91.0		23|49|80|12|38|ST24A|241.0		TGTGCTGTGTAGAAAACTATGGTCAGAATTTTGTCTTT	45	CAV*KT_GQNFVF	:::::::::0:-1:12:::::12:-3:38:::
3762	393.0	1.5450651875976477E-4	1	1.1548677676406051E-4	TGTGCTGTGGAACGGGGTGCTGGCAACAACCGTAAGCTGATTTGG	NNNNNNNNNNNNNNNNNNNNNNNNNNNNNNNNNNNNNNNNNNNNN	TRAV36/DV7*00(600.7)		TRAJ38*00(579.1)		500|511|533|0|11||110.0		23|51|82|17|45||280.0		TGTGCTGTGGAACGGGGTGCTGGCAACAACCGTAAGCTGATTTGG	45	CAVERGAGNNRKLIW	:::::::::0:-2:11:::::17:-3:45:::
3980	393.0	1.5450651875976477E-4	1	1.1548677676406051E-4	TGTGCTGTGAGTGATCAAAAAACGGGCAGGAGAGCACTTACTTTT	NNNNNNNNNNNNNNNNNNNNNNNNNNNNNNNNNNNNNNNNNNNNN	TRAV8-6*00(739.6)		TRAJ5*00(539.2)		448|465|482|0|17||170.0		25|49|80|21|45||240.0		TGTGCTGTGAGTGATCAAAAAACGGGCAGGAGAGCACTTACTTTT	45	CAVSDQKTGRRALTF	:::::::::0:3:17:::::21:-5:45:::
4112	393.0	1.5450651875976477E-4	1	1.1548677676406051E-4	TGTGCTGTGAGGTCCTAAGAGGAGAGATGACAAGATCATCTTT	NNNNNNNNNNNNNNNNNNNNNNNNNNNNNNNNNNNNNNNNNNN	TRAV21*00(989.6)		TRAJ30*00(479.5)		544|556|576|0|12||120.0		25|46|77|22|43||210.0		TGTGCTGTGAGGTCCTAAGAGGAGAGATGACAAGATCATCTTT	45	CAVRS*E_RDDKIIF	:::::::::0:0:12:::::22:-5:43:::
4133	393.0	1.5450651875976477E-4	1	1.1548677676406051E-4	TGTGCTGTGAGGCCGTATGGTCAGAATTTTGTCTTT	NNNNNNNNNNNNNNNNNNNNNNNNNNNNNNNNNNNN	TRAV1-2*00(669.9)		TRAJ26*00(500)		620|631|654|0|11||110.0		28|49|80|15|36||210.0		TGTGCTGTGAGGCCGTATGGTCAGAATTTTGTCTTT	45	CAVRPYGQNFVF	:::::::::0:-3:11:::::15:-8:36:::
6540	393.0	1.5450651875976477E-4	1	1.1548677676406051E-4	TGTGCCGGCGGTGTCAATGCTGGCAACAACCGTAAGCTGATTTGG	NNNNNNNNNNNNNNNNNNNNNNNNNNNNNNNNNNNNNNNNNNNNN	TRAV12-2*00(928.4)		TRAJ38*00(559.3)		551|558|584|0|7||70.0		21|51|82|15|45||300.0		TGTGCCGGCGGTGTCAATGCTGGCAACAACCGTAAGCTGATTTGG	45	CAGGVNAGNNRKLIW	:::::::::0:-6:7:::::15:-1:45:::
20383	393.0	1.5450651875976477E-4	1	1.1548677676406051E-4	TGCATCGTCAGAGTCCCGCTAATAATGCAGGCAACATGCTCACCTTT	NNNNNNNNNNNNNNNNNNNNNNNNNNNNNNNNNNNNNNNNNNNNNNN	TRAV26-1*00(640.9)		TRAJ39*00(589.9)		763|781|799|0|18|SG778C|151.0		24|52|83|19|47||280.0		TGCATCGTCAGAGTCCCGCTAATAATGCAGGCAACATGCTCACCTTT	45	CIVRVPLI_AGNMLTF	:::::::::0:2:18:::::19:-4:47:::
1688	392.0	1.5411337240159743E-4	1	1.1548677676406051E-4	TGTGTGGTGCGCGCCACTTTGGGGGGGCTGGGAGTTACCAACTCACTTTC	NNNNNNNNNNNNNNNNNNNNNNNNNNNNNNNNNNNNNNNNNNNNNNNNNN	TRAV12-1*00(825.1)		TRAJ28*00(530.3)		539|548|572|0|9||90.0		28|55|86|23|50||270.0		TGTGTGGTGCGCGCCACTTTGGGGGGGCTGGGAGTTACCAACTCACTTTC	45	CVVRATLG_AGSYQLTF	:::::::::0:-4:9:::::23:-8:50:::
2948	392.0	1.5411337240159743E-4	1	1.1548677676406051E-4	TGTGCTCTAGAACAAGGAGGATAGCAACTATCAGTTAATCTGG	NNNNNNNNNNNNNNNNNNNNNNNNNNNNNNNNNNNNNNNNNNN	TRAV6*00(479.6)		TRAJ33*00(539.7)		535|546|568|0|11||110.0		21|46|77|18|43||250.0		TGTGCTCTAGAACAAGGAGGATAGCAACTATCAGTTAATCTGG	45	CALEQGG_SNYQLIW	:::::::::0:-2:11:::::18:-1:43:::
3208	392.0	1.5411337240159743E-4	1	1.1548677676406051E-4	TGTGCTGTCTCTATGCGGCACTGCCAGTAAACTCACCTTT	NNNNNNNNNNNNNNNNNNNNNNNNNNNNNNNNNNNNNNNN	TRAV22*00(509.7)		TRAJ44*00(559.2)		526|534|559|0|8||80.0		27|52|83|15|40||250.0		TGTGCTGTCTCTATGCGGCACTGCCAGTAAACTCACCTTT	45	CAVSMRH_ASKLTF	:::::::::0:-5:8:::::15:-7:40:::
3343	392.0	1.5411337240159743E-4	1	1.1548677676406051E-4	TGTGCTGTCAAATGCTGGTGGTACTAGCTATGGAAAGCTGACATTT	NNNNNNNNNNNNNNNNNNNNNNNNNNNNNNNNNNNNNNNNNNNNNN	TRAV36/DV7*00(599.6)		TRAJ52*00(659.3)		500|508|533|0|8||80.0		22|58|89|10|46||360.0		TGTGCTGTCAAATGCTGGTGGTACTAGCTATGGAAAGCTGACATTT	45	CAVKCWWY_SYGKLTF	:::::::::0:-5:8:::::10:-2:46:::
3689	392.0	1.5411337240159743E-4	1	1.1548677676406051E-4	TGTGCTGTGGAGCTCCATTCAGGATACAGCACCCTCACCTTT	NNNNNNNNNNNNNNNNNNNNNNNNNNNNNNNNNNNNNNNNNN	TRAV2*00(1018.8)		TRAJ11*00(529.3)		519|531|553|0|12||120.0		23|49|80|16|42||260.0		TGTGCTGTGGAGCTCCATTCAGGATACAGCACCCTCACCTTT	45	CAVELHSGYSTLTF	:::::::::0:-2:12:::::16:-3:42:::
3869	392.0	1.5411337240159743E-4	1	1.1548677676406051E-4	TGTGCTGTGAGTCCGACAGAGGCTCAACCCTGGGGAGGCTATACTTT	NNNNNNNNNNNNNNNNNNNNNNNNNNNNNNNNNNNNNNNNNNNNNNN	TRAV1-2*00(669.7)		TRAJ18*00(659.8)		620|631|654|0|11||110.0		20|55|86|12|47||350.0		TGTGCTGTGAGTCCGACAGAGGCTCAACCCTGGGGAGGCTATACTTT	45	CAVSPTEA_TLGRLYF	:::::::::0:-3:11:::::12:0:47:::
4542	392.0	1.5411337240159743E-4	1	1.1548677676406051E-4	TGTGCTGGGTACATATAACCAGGGAGGAAAGCTTATCTTC	NNNNNNNNNNNNNNNNNNNNNNNNNNNNNNNNNNNNNNNN	TRAV35*00(918)		TRAJ23*00(530.9)		588|597|620|0|9||90.0		25|52|83|13|40||270.0		TGTGCTGGGTACATATAACCAGGGAGGAAAGCTTATCTTC	45	CAGYI*P_GGKLIF	:::::::::0:-3:9:::::13:-5:40:::
4853	392.0	1.5411337240159743E-4	1	1.1548677676406051E-4	TGTGCTACGGACGCCTCCTCGCTTACAATAACAATGACATGCGCTTT	NNNNNNNNNNNNNNNNNNNNNNNNNNNNNNNNNNNNNNNNNNNNNNN	TRAV17*00(950.3)		TRAJ43*00(499.8)		490|508|523|0|18|SG504C|151.0		19|43|74|23|47||240.0		TGTGCTACGGACGCCTCCTCGCTTACAATAACAATGACATGCGCTTT	45	CATDASSL_NNNDMRF	:::::::::0:5:18:::::23:1:47:::
6530	392.0	1.5411337240159743E-4	1	1.1548677676406051E-4	TGTGCCGGTGTACCCATGGAATATAGAAACAAACTGGTCTTT	NNNNNNNNNNNNNNNNNNNNNNNNNNNNNNNNNNNNNNNNNN	TRAV39*00(709.5)		TRAJ47*00(570)		507|514|540|0|7||70.0		17|46|77|13|42|SG28A|261.0		TGTGCCGGTGTACCCATGGAATATAGAAACAAACTGGTCTTT	45	CAGVPMEYRNKLVF	:::::::::0:-6:7:::::13:3:42:::
17331	392.0	1.5411337240159743E-4	1	1.1548677676406051E-4	TGTGCGCACGAGGTAGCAACTATAAACTGACATTT	NNNNNNNNNNNNNNNNNNNNNNNNNNNNNNNNNNN	TRAV13-2*00(499.7)		TRAJ53*00(569.6)		506|511|539|0|5||50.0		29|55|86|9|35||260.0		TGTGCGCACGAGGTAGCAACTATAAACTGACATTT	45	CAHEVA_YKLTF	:::::::::0:-8:5:::::9:-9:35:::
18312	392.0	1.5411337240159743E-4	1	1.1548677676406051E-4	TGTGCAGGAATGCCAGACTCATGTTT	NNNNNNNNNNNNNNNNNNNNNNNNNN	TRAV27*00(631.6)		TRAJ31*00(479.8)		552|561|582|0|9||90.0		29|46|77|9|26||180.0		TGTGCAGGAATGCCAGACTCATGTTT	45	CAGM_RLMF	:::::::::0:-1:9:::::9:-9:26:::
18961	392.0	1.5411337240159743E-4	1	1.1548677676406051E-4	TGCCTCGTGGTTCGGACAGGGGGGCAACTGACCTTT	NNNNNNNNNNNNNNNNNNNNNNNNNNNNNNNNNNNN	TRAV4*00(969.2)		TRAJ22*00(439.8)		768|778|804|0|10||100.0		38|52|83|22|36||140.0		TGCCTCGTGGTTCGGACAGGGGGGCAACTGACCTTT	45	CLVVRTGGQLTF	:::::::::0:-6:10:::::22:-18:36:::
20394	392.0	1.5411337240159743E-4	1	1.1548677676406051E-4	TGCATCGTCAGAGTCGCGTCAGGAACCTACAAATACATCTTT	NNNNNNNNNNNNNNNNNNNNNNNNNNNNNNNNNNNNNNNNNN	TRAV26-1*00(669.9)		TRAJ40*00(516.1)		763|781|799|0|18||180.0		26|50|81|18|42||240.0		TGCATCGTCAGAGTCGCGTCAGGAACCTACAAATACATCTTT	45	CIVRVASGTYKYIF	:::::::::0:2:18:::::18:-6:42:::
1478	391.0	1.5372022604343008E-4	1	1.1548677676406051E-4	TTCCGTTTGATTTATAGTGGAGGTAGCAACTATAAACTGACATTT	NNNNNNNNNNNNNNNNNNNNNNNNNNNNNNNNNNNNNNNNNNNNN	TRAV34*00(399.8)		TRAJ53*00(629)		603|604|636|0|1||10.0		23|55|86|13|45||320.0		TTCCGTTTGATTTATAGTGGAGGTAGCAACTATAAACTGACATTT	45	FRLIYSGGSNYKLTF	:::::::::0:-12:1:::::13:-3:45:::
1700	391.0	1.5372022604343008E-4	1	1.1548677676406051E-4	TGTGTGGTGGCAGGATACAGCACCCTCACCTTT	NNNNNNNNNNNNNNNNNNNNNNNNNNNNNNNNN	TRAV12-1*00(949.3)		TRAJ11*00(539.7)		539|548|572|0|9||90.0		26|49|80|10|33||230.0		TGTGTGGTGGCAGGATACAGCACCCTCACCTTT	45	CVVAGYSTLTF	:::::::::0:-4:9:::::10:-6:33:::
1870	391.0	1.5372022604343008E-4	1	1.1548677676406051E-4	TGTGTGGTGAACCGGCTGATTCAGGAGGAGGTGCTGACGGACTCACCTTT	NNNNNNNNNNNNNNNNNNNNNNNNNNNNNNNNNNNNNNNNNNNNNNNNNN	TRAV12-1*00(745.6)		TRAJ45*00(609.9)		539|551|572|0|12||120.0		23|55|86|18|50||320.0		TGTGTGGTGAACCGGCTGATTCAGGAGGAGGTGCTGACGGACTCACCTTT	45	CVVNRLIQ_GGADGLTF	:::::::::0:-1:12:::::18:-3:50:::
2730	391.0	1.5372022604343008E-4	1	1.1548677676406051E-4	TGTGCTCTGAGTGAGGCGGTTGGCAGCTGGGGGAAATTGCAGTTT	NNNNNNNNNNNNNNNNNNNNNNNNNNNNNNNNNNNNNNNNNNNNN	TRAV19*00(789.3)		TRAJ24*00(510.9)		556|574|593|0|18||180.0		27|52|83|20|45|SA29G|221.0		TGTGCTCTGAGTGAGGCGGTTGGCAGCTGGGGGAAATTGCAGTTT	45	CALSEAVGSWGKLQF	:::::::::0:1:18:::::20:-7:45:::
3550	391.0	1.5372022604343008E-4	1	1.1548677676406051E-4	TGTGCTGTGGGTCGTCCTTATTTCTTCTGGTTCTGCAAGGCAACTGACCTTT	NNNNNNNNNNNNNNNNNNNNNNNNNNNNNNNNNNNNNNNNNNNNNNNNNNNN	TRAV8-3*00(627)		TRAJ22*00(639.4)		455|467|489|0|12||120.0		19|52|83|19|52||330.0		TGTGCTGTGGGTCGTCCTTATTTCTTCTGGTTCTGCAAGGCAACTGACCTTT	45	CAVGRPYFF_GSARQLTF	:::::::::0:-2:12:::::19:1:52:::
3557	391.0	1.5372022604343008E-4	1	1.1548677676406051E-4	TGTGCTGTGGGTGCTGGCAACAACCGTAAGCTGATTTGG	NNNNNNNNNNNNNNNNNNNNNNNNNNNNNNNNNNNNNNN	TRAV8-3*00(651)		TRAJ38*00(579.6)		455|468|489|0|13||140.0		25|51|82|13|39||280.0		TGTGCTGTGGGTGCTGGCAACAACCGTAAGCTGATTTGG	45	CAVGAGNNRKLIW	:::::::::0:-1:13:::::13:-5:39:::
4215	391.0	1.5372022604343008E-4	1	1.1548677676406051E-4	TGTGCTGTGAGACAATGCCAGACTCATGTTT	NNNNNNNNNNNNNNNNNNNNNNNNNNNNNNN	TRAV21*00(718.7)		TRAJ31*00(499.3)		544|555|576|0|11||110.0		26|46|77|11|31||200.0		TGTGCTGTGAGACAATGCCAGACTCATGTTT	45	CAVRQ_ARLMF	:::::::::0:-1:11:::::11:-6:31:::
4890	391.0	1.5372022604343008E-4	1	1.1548677676406051E-4	TGTGCTACGGACGAGGGCCAGTTCTATTTT	NNNNNNNNNNNNNNNNNNNNNNNNNNNNNN	TRAV17*00(929.6)		TRAJ49*00(429.3)		490|503|523|0|13||130.0		32|45|76|17|30||130.0		TGTGCTACGGACGAGGGCCAGTTCTATTTT	45	CATDEGQFYF	:::::::::0:0:13:::::17:-12:30:::
6526	391.0	1.5372022604343008E-4	1	1.1548677676406051E-4	TGTGCCGGTTCTATGGATAGCAACTATCAGTTAATCTGG	NNNNNNNNNNNNNNNNNNNNNNNNNNNNNNNNNNNNNNN	TRAV39*00(709.6)		TRAJ33*00(559.5)		507|514|540|0|7||70.0		16|46|77|9|39|SC18T|271.0		TGTGCCGGTTCTATGGATAGCAACTATCAGTTAATCTGG	45	CAGSMDSNYQLIW	:::::::::0:-6:7:::::9:4:39:::
17601	391.0	1.5372022604343008E-4	1	1.1548677676406051E-4	TGTGCAGCAATGGGGGCTGGTGGTACTAGCTATGGAAAGCTGACATTT	NNNNNNNNNNNNNNNNNNNNNNNNNNNNNNNNNNNNNNNNNNNNNNNN	TRAV29/DV5*00(509.7)		TRAJ52*00(629.9)		529|539|562|0|10||100.0		25|58|89|15|48||330.0		TGTGCAGCAATGGGGGCTGGTGGTACTAGCTATGGAAAGCTGACATTT	45	CAAMGAGGTSYGKLTF	:::::::::0:-3:10:::::15:-5:48:::
17904	391.0	1.5372022604343008E-4	1	1.1548677676406051E-4	TGTGCAGCAAGCGCATGAACAGAGATGACAAGATCATCTTT	NNNNNNNNNNNNNNNNNNNNNNNNNNNNNNNNNNNNNNNNN	TRAV29/DV5*00(589.9)		TRAJ30*00(589.4)		529|543|562|0|14||140.0		19|46|77|14|41||280.0		TGTGCAGCAAGCGCATGAACAGAGATGACAAGATCATCTTT	45	CAASA*T_DDKIIF	:::::::::0:1:14:::::14:1:41:::
17971	391.0	1.5372022604343008E-4	1	1.1548677676406051E-4	TGTGCAGCAAGCGAAGGCTTTGGGAATGTGCTGCATTGC	NNNNNNNNNNNNNNNNNNNNNNNNNNNNNNNNNNNNNNN	TRAV23/DV6*00(489.6)		TRAJ35*00(549.6)		517|529|550|0|12||120.0		23|48|79|14|39||250.0		TGTGCAGCAAGCGAAGGCTTTGGGAATGTGCTGCATTGC	45	CAASEGFGNVLHC	:::::::::0:-1:12:::::14:-3:39:::
1919	390.0	1.5332707968526276E-4	1	1.1548677676406051E-4	TGTGTGGTGAACATAGACTTAGGGGCGACTACAAGCTCAGCTTT	NNNNNNNNNNNNNNNNNNNNNNNNNNNNNNNNNNNNNNNNNNNN	TRAV12-1*00(986.6)		TRAJ20*00(459.5)		539|553|572|0|14||140.0		27|46|77|25|44||190.0		TGTGTGGTGAACATAGACTTAGGGGCGACTACAAGCTCAGCTTT	45	CVVNIDL_GDYKLSF	:::::::::0:1:14:::::25:-7:44:::
1949	390.0	1.5332707968526276E-4	1	1.1548677676406051E-4	TGTGTGGTGAAGAGGGAATATGGAAACAAGCTGGTCTTT	NNNNNNNNNNNNNNNNNNNNNNNNNNNNNNNNNNNNNNN	TRAV12-1*00(617.9)		TRAJ47*00(523.5)		539|550|572|0|11||110.0		21|46|77|14|39|SA36G|221.0		TGTGTGGTGAAGAGGGAATATGGAAACAAGCTGGTCTTT	45	CVVKREYGNKLVF	:::::::::0:-2:11:::::14:-1:39:::
2800	390.0	1.5332707968526276E-4	1	1.1548677676406051E-4	TGTGCTCTGAGTAGTCCCAATGCAGGCAAATCAACCTTT	NNNNNNNNNNNNNNNNNNNNNNNNNNNNNNNNNNNNNNN	TRAV19*00(729.7)		TRAJ27*00(519.7)		556|568|593|0|12||120.0		25|48|79|16|39||230.0		TGTGCTCTGAGTAGTCCCAATGCAGGCAAATCAACCTTT	45	CALSSPNAGKSTF	:::::::::0:-5:12:::::16:-5:39:::
3369	390.0	1.5332707968526276E-4	1	1.1548677676406051E-4	TGTGCTGTGTGGGTTCAGGGCGGATCTGAAAAGCTGGTCTTT	NNNNNNNNNNNNNNNNNNNNNNNNNNNNNNNNNNNNNNNNNN	TRAV21*00(678)		TRAJ57*00(567)		544|556|576|0|12|SA553T|91.0		24|52|83|14|42||280.0		TGTGCTGTGTGGGTTCAGGGCGGATCTGAAAAGCTGGTCTTT	45	CAVWVQGGSEKLVF	:::::::::0:0:12:::::14:-4:42:::
3637	390.0	1.5332707968526276E-4	1	1.1548677676406051E-4	TGTGCTGTGGGGGCGGATGGTGGTGCTACAAACAAGCTCATCTTT	NNNNNNNNNNNNNNNNNNNNNNNNNNNNNNNNNNNNNNNNNNNNN	TRAV1-2*00(649.8)		TRAJ32*00(589)		620|629|654|0|9||90.0		26|55|86|16|45||290.0		TGTGCTGTGGGGGCGGATGGTGGTGCTACAAACAAGCTCATCTTT	45	CAVGADGGATNKLIF	:::::::::0:-5:9:::::16:-6:45:::
5961	390.0	1.5332707968526276E-4	1	1.1548677676406051E-4	TGTGCCTACGGGGGGGCCGGAGGAAGCCAAGGAAATCTCATCTTT	NNNNNNNNNNNNNNNNNNNNNNNNNNNNNNNNNNNNNNNNNNNNN	TRAV24*00(969.2)		TRAJ42*00(529.3)		515|522|545|0|7||70.0		28|55|86|18|45||270.0		TGTGCCTACGGGGGGGCCGGAGGAAGCCAAGGAAATCTCATCTTT	45	CAYGGAGGSQGNLIF	:::::::::0:-3:7:::::18:-8:45:::
18539	390.0	1.5332707968526276E-4	1	1.1548677676406051E-4	TGTGCAATTAGGGGCTGGGGGAAATTGCAGTTT	NNNNNNNNNNNNNNNNNNNNNNNNNNNNNNNNN	TRAV12-3*00(940.2)		TRAJ24*00(489.4)		562|573|595|0|11|SG570T|81.0		32|52|83|13|33||200.0		TGTGCAATTAGGGGCTGGGGGAAATTGCAGTTT	45	CAIRGWGKLQF	:::::::::0:-2:11:::::13:-12:33:::
18780	390.0	1.5332707968526276E-4	1	1.1548677676406051E-4	TGTGCAATGAGAGAGGGCCGGAGCAACACAGGCAAACTAATCTTT	NNNNNNNNNNNNNNNNNNNNNNNNNNNNNNNNNNNNNNNNNNNNN	TRAV14/DV4*00(920.4)		TRAJ37*00(539.6)		517|536|554|0|19||190.0		28|51|82|22|45||230.0		TGTGCAATGAGAGAGGGCCGGAGCAACACAGGCAAACTAATCTTT	45	CAMREGRSNTGKLIF	:::::::::0:2:19:::::22:-8:45:::
18838	390.0	1.5332707968526276E-4	1	1.1548677676406051E-4	TGTGCAATGAAAATGCTTGCAGGCAACATGCTCACCTTT	NNNNNNNNNNNNNNNNNNNNNNNNNNNNNNNNNNNNNNN	TRAV12-3*00(761.5)		TRAJ39*00(512.5)		562|572|595|0|10||100.0		30|52|83|17|39||220.0		TGTGCAATGAAAATGCTTGCAGGCAACATGCTCACCTTT	45	CAMKMLAGNMLTF	:::::::::0:-3:10:::::17:-10:39:::
18918	390.0	1.5332707968526276E-4	1	1.1548677676406051E-4	TGTGATGACATGCGCTTT	NNNNNNNNNNNNNNNNNN	TRAV35*00(873.1)		TRAJ43*00(439.8)		588|594|620|0|6|SC592A|41.0		31|43|74|6|18||140.0		TGTGATGACATGCGCTTT	45	CDDMRF	:::::::::0:-6:6:::::6:-11:18:::
1627	389.0	1.529339333270954E-4	1	1.1548677676406051E-4	TGTGTTGTGAGGGGGTCCAATGCTGGTGGTACTAGCTATGGAAAGCTGACATTT	NNNNNNNNNNNNNNNNNNNNNNNNNNNNNNNNNNNNNNNNNNNNNNNNNNNNNN	TRAV8-2*00(647.2)		TRAJ52*00(659.2)		466|477|500|0|11||110.0		22|58|89|18|54||360.0		TGTGTTGTGAGGGGGTCCAATGCTGGTGGTACTAGCTATGGAAAGCTGACATTT	45	CVVRGSNAGGTSYGKLTF	:::::::::0:-3:11:::::18:-2:54:::
3498	389.0	1.529339333270954E-4	1	1.1548677676406051E-4	TGTGCTGTGGTGGACCTGAACACAGGCTTTCAGAAACTTGTATTT	NNNNNNNNNNNNNNNNNNNNNNNNNNNNNNNNNNNNNNNNNNNNN	TRAV8-3*00(550.1)		TRAJ8*00(579.8)		455|465|489|0|10||100.0		20|49|80|16|45||290.0		TGTGCTGTGGTGGACCTGAACACAGGCTTTCAGAAACTTGTATTT	45	CAVVDLNTGFQKLVF	:::::::::0:-4:10:::::16:0:45:::
3526	389.0	1.529339333270954E-4	1	1.1548677676406051E-4	TGTGCTGTGGCCACGAACACCGGTAACCAGTTCTATTTT	NNNNNNNNNNNNNNNNNNNNNNNNNNNNNNNNNNNNNNN	TRAV8-3*00(619.5)		TRAJ49*00(559.6)		455|465|489|0|10||100.0		19|45|76|13|39||260.0		TGTGCTGTGGCCACGAACACCGGTAACCAGTTCTATTTT	45	CAVATNTGNQFYF	:::::::::0:-4:10:::::13:1:39:::
4548	389.0	1.529339333270954E-4	1	1.1548677676406051E-4	TGTGCTGGGCTTGGTAACCAGTTCTATTTT	NNNNNNNNNNNNNNNNNNNNNNNNNNNNNN	TRAV35*00(938.4)		TRAJ49*00(479.8)		588|598|620|0|10||100.0		27|45|76|12|30||180.0		TGTGCTGGGCTTGGTAACCAGTTCTATTTT	45	CAGLGNQFYF	:::::::::0:-2:10:::::12:-7:30:::
18270	389.0	1.529339333270954E-4	1	1.1548677676406051E-4	TGTGCAGGAGCGGTGGACTCAGGAACCTACAAATACATCTTT	NNNNNNNNNNNNNNNNNNNNNNNNNNNNNNNNNNNNNNNNNN	TRAV27*00(651)		TRAJ40*00(539.5)		552|563|582|0|11||110.0		25|50|81|17|42||250.0		TGTGCAGGAGCGGTGGACTCAGGAACCTACAAATACATCTTT	45	CAGAVDSGTYKYIF	:::::::::0:1:11:::::17:-5:42:::
18554	389.0	1.529339333270954E-4	1	1.1548677676406051E-4	TGTGCAATGCGTGGGAACAACAGACTCGCTTTT	NNNNNNNNNNNNNNNNNNNNNNNNNNNNNNNNN	TRAV12-3*00(658)		TRAJ7*00(509.8)		562|571|595|0|9||90.0		26|48|79|11|33||220.0		TGTGCAATGCGTGGGAACAACAGACTCGCTTTT	45	CAMRGNNRLAF	:::::::::0:-4:9:::::11:-6:33:::
18672	389.0	1.529339333270954E-4	1	1.1548677676406051E-4	TGTGCAATGAGGGTCCTTTAGGGCTCTGGGGCTGGGAGTTACCAACTCACTTTC	NNNNNNNNNNNNNNNNNNNNNNNNNNNNNNNNNNNNNNNNNNNNNNNNNNNNNN	TRAV12-3*00(726.4)		TRAJ28*00(585)		562|573|595|0|11||110.0		24|55|86|23|54||310.0		TGTGCAATGAGGGTCCTTTAGGGCTCTGGGGCTGGGAGTTACCAACTCACTTTC	45	CAMRVL*GSGAGSYQLTF	:::::::::0:-2:11:::::23:-4:54:::
19123	389.0	1.529339333270954E-4	1	1.1548677676406051E-4	TGCGCTGTGACAGCGTTGGGATACAGCACCCTCACCTTT	NNNNNNNNNNNNNNNNNNNNNNNNNNNNNNNNNNNNNNN	TRAV1-1*00(671.8)		TRAJ11*00(519.8)		670|683|704|0|13|SG680C|101.0		28|49|80|18|39||210.0		TGCGCTGTGACAGCGTTGGGATACAGCACCCTCACCTTT	45	CAVTALGYSTLTF	:::::::::0:-1:13:::::18:-8:39:::
1760	388.0	1.5254078696892807E-4	1	1.1548677676406051E-4	TGTGTGGTGAGTCCCCCCGGCAGCGGAGACAAGCTGACTTTT	NNNNNNNNNNNNNNNNNNNNNNNNNNNNNNNNNNNNNNNNNN	TRAV12-1*00(959.1)		TRAJ46*00(479.5)		539|549|572|0|10||100.0		29|52|83|19|42||230.0		TGTGTGGTGAGTCCCCCCGGCAGCGGAGACAAGCTGACTTTT	45	CVVSPPGSGDKLTF	:::::::::0:-3:10:::::19:-9:42:::
1932	388.0	1.5254078696892807E-4	1	1.1548677676406051E-4	TGTGTGGTGAACAGGATCCGGCCAGGCAGGAACTGCTCTGATCTTT	NNNNNNNNNNNNNNNNNNNNNNNNNNNNNNNNNNNNNNNNNNNNNN	TRAV12-1*00(970.4)		TRAJ15*00(403.5)		539|552|572|0|13||130.0		24|49|80|21|46||250.0		TGTGTGGTGAACAGGATCCGGCCAGGCAGGAACTGCTCTGATCTTT	45	CVVNRIRP_AGTALIF	:::::::::0:0:13:::::21:-4:46:::
3388	388.0	1.5254078696892807E-4	1	1.1548677676406051E-4	TGTGCTGTGCTACCCGGTGGTGCTACAAACAAGCTCATCTTT	NNNNNNNNNNNNNNNNNNNNNNNNNNNNNNNNNNNNNNNNNN	TRAV2*00(989.5)		TRAJ32*00(529.6)		519|528|553|0|9||90.0		28|55|86|15|42||270.0		TGTGCTGTGCTACCCGGTGGTGCTACAAACAAGCTCATCTTT	45	CAVLPGGATNKLIF	:::::::::0:-5:9:::::15:-8:42:::
3389	388.0	1.5254078696892807E-4	1	1.1548677676406051E-4	TGTGCTGTGCTAGGCTTTGGGAATGTGCTGCATTGC	NNNNNNNNNNNNNNNNNNNNNNNNNNNNNNNNNNNN	TRAV8-3*00(580.6)		TRAJ35*00(569.9)		455|464|489|0|9||90.0		22|48|79|10|36||260.0		TGTGCTGTGCTAGGCTTTGGGAATGTGCTGCATTGC	45	CAVLGFGNVLHC	:::::::::0:-5:9:::::10:-2:36:::
3613	388.0	1.5254078696892807E-4	1	1.1548677676406051E-4	TGTGCTGTGGGCGCGCAAGAGGAAGATACTCACGGGAGGAGGAAACAAACTCACCTTT	NNNNNNNNNNNNNNNNNNNNNNNNNNNNNNNNNNNNNNNNNNNNNNNNNNNNNNNNNN	TRAV8-3*00(581.4)		TRAJ10*00(629.6)		455|472|489|0|17|ST466C|141.0		20|53|84|25|58||330.0		TGTGCTGTGGGCGCGCAAGAGGAAGATACTCACGGGAGGAGGAAACAAACTCACCTTT	45	CAVGAQEEDT_TGGGNKLTF	:::::::::0:3:17:::::25:0:58:::
3665	388.0	1.5254078696892807E-4	1	1.1548677676406051E-4	TGTGCTGTGGACTCAGTTATAATTCAGGGAGCCCAGAAGCTGGTATTT	NNNNNNNNNNNNNNNNNNNNNNNNNNNNNNNNNNNNNNNNNNNNNNNN	TRAV36/DV7*00(629.3)		TRAJ54*00(605.2)		500|511|533|0|11||110.0		17|49|80|16|48||320.0		TGTGCTGTGGACTCAGTTATAATTCAGGGAGCCCAGAAGCTGGTATTT	45	CAVDSVIIQGAQKLVF	:::::::::0:-2:11:::::16:3:48:::
4536	388.0	1.5254078696892807E-4	1	1.1548677676406051E-4	TGTGCTGGGTGGCCTCAGGAACCTACAAATACATCTTT	NNNNNNNNNNNNNNNNNNNNNNNNNNNNNNNNNNNNNN	TRAV35*00(929.6)		TRAJ40*00(549.8)		588|597|620|0|9||90.0		24|50|81|12|38||260.0		TGTGCTGGGTGGCCTCAGGAACCTACAAATACATCTTT	45	CAGWPQ_TYKYIF	:::::::::0:-3:9:::::12:-4:38:::
4663	388.0	1.5254078696892807E-4	1	1.1548677676406051E-4	TGTGCTGGGCAGGGGTTCCATCAACCAGGCAGGAACTGCTCTGATCTTT	NNNNNNNNNNNNNNNNNNNNNNNNNNNNNNNNNNNNNNNNNNNNNNNNN	TRAV35*00(941.7)		TRAJ15*00(462.6)		588|600|620|0|12||120.0		21|49|80|21|49||280.0		TGTGCTGGGCAGGGGTTCCATCAACCAGGCAGGAACTGCTCTGATCTTT	45	CAGQGFHQ_QAGTALIF	:::::::::0:0:12:::::21:-1:49:::
4753	388.0	1.5254078696892807E-4	1	1.1548677676406051E-4	TGTGCTATTAAGAAGTCCGGGGCTGGGAGTTACCAACTCACTTTC	NNNNNNNNNNNNNNNNNNNNNNNNNNNNNNNNNNNNNNNNNNNNN	TRAV8-6*00(629.6)		TRAJ28*00(560.2)		448|454|482|0|6||60.0		25|55|86|15|45|ST27C|271.0		TGTGCTATTAAGAAGTCCGGGGCTGGGAGTTACCAACTCACTTTC	45	CAIKKSGAGSYQLTF	:::::::::0:-8:6:::::15:-5:45:::
18025	388.0	1.5254078696892807E-4	1	1.1548677676406051E-4	TGTGCAGCAAGCAAGGGCCTGCTAATGCTGGTGGTACTAGCTATGGAAAGCTGACATTT	NNNNNNNNNNNNNNNNNNNNNNNNNNNNNNNNNNNNNNNNNNNNNNNNNNNNNNNNNNN	TRAV23/DV6*00(499.8)		TRAJ52*00(689.5)		517|530|550|0|13||130.0		19|58|89|20|59||390.0		TGTGCAGCAAGCAAGGGCCTGCTAATGCTGGTGGTACTAGCTATGGAAAGCTGACATTT	45	CAASKGLLML_GTSYGKLTF	:::::::::0:0:13:::::20:1:59:::
2125	387.0	1.5214764061076072E-4	1	1.1548677676406051E-4	TGTGCTTCCCCCATGTATTCAGGAGGAGGTGCTGACGGACTCACCTTT	NNNNNNNNNNNNNNNNNNNNNNNNNNNNNNNNNNNNNNNNNNNNNNNN	TRAV38-1*00(529.6)		TRAJ45*00(679.5)		596|603|633|0|7||70.0		18|55|86|11|48||370.0		TGTGCTTCCCCCATGTATTCAGGAGGAGGTGCTGACGGACTCACCTTT	45	CASPMYSGGGADGLTF	:::::::::0:-10:7:::::11:2:48:::
2221	387.0	1.5214764061076072E-4	1	1.1548677676406051E-4	TGTGCTTATAGGAGCCCCAGTGCCTCAGGAACCTACAAATACATCTTT	NNNNNNNNNNNNNNNNNNNNNNNNNNNNNNNNNNNNNNNNNNNNNNNN	TRAV38-2/DV8*00(609.8)		TRAJ40*00(549.5)		602|617|638|0|15||150.0		24|50|81|22|48||260.0		TGTGCTTATAGGAGCCCCAGTGCCTCAGGAACCTACAAATACATCTTT	45	CAYRSPSASGTYKYIF	:::::::::0:-1:15:::::22:-4:48:::
2978	387.0	1.5214764061076072E-4	1	1.1548677676406051E-4	TGTGCTCTAAGTGGCCGCACCAATGCAGGCAAATCAACCTTT	NNNNNNNNNNNNNNNNNNNNNNNNNNNNNNNNNNNNNNNNNN	TRAV16*00(1029.6)		TRAJ27*00(499.6)		449|465|483|0|16||160.0		23|48|79|17|42||250.0		TGTGCTCTAAGTGGCCGCACCAATGCAGGCAAATCAACCTTT	45	CALSGRTNAGKSTF	:::::::::0:2:16:::::17:-3:42:::
3250	387.0	1.5214764061076072E-4	1	1.1548677676406051E-4	TGTGCTGTCCACGAGTATGGTCAGAATTTTGTCTTT	NNNNNNNNNNNNNNNNNNNNNNNNNNNNNNNNNNNN	TRAV41*00(605.9)		TRAJ26*00(499.9)		512|521|544|0|9||90.0		28|49|80|15|36||210.0		TGTGCTGTCCACGAGTATGGTCAGAATTTTGTCTTT	45	CAVHEYGQNFVF	:::::::::0:-3:9:::::15:-8:36:::
3626	387.0	1.5214764061076072E-4	1	1.1548677676406051E-4	TGTGCTGTGGGGCTGCTGGTGGTACTAGCTATGGAAAGCTGACATTT	NNNNNNNNNNNNNNNNNNNNNNNNNNNNNNNNNNNNNNNNNNNNNNN	TRAV8-3*00(566.7)		TRAJ52*00(639.6)		455|466|489|0|11||110.0		24|58|89|13|47||340.0		TGTGCTGTGGGGCTGCTGGTGGTACTAGCTATGGAAAGCTGACATTT	45	CAVGLLVV_SYGKLTF	:::::::::0:-3:11:::::13:-4:47:::
6477	387.0	1.5214764061076072E-4	1	1.1548677676406051E-4	TGTGCCGCTCTCCTCGGGGCTGGGAGTTACCAACTCACTTTC	NNNNNNNNNNNNNNNNNNNNNNNNNNNNNNNNNNNNNNNNNN	TRAV12-2*00(442.1)		TRAJ28*00(540.7)		551|558|584|0|7||70.0		28|55|86|15|42||270.0		TGTGCCGCTCTCCTCGGGGCTGGGAGTTACCAACTCACTTTC	45	CAALLGAGSYQLTF	:::::::::0:-6:7:::::15:-8:42:::
17316	387.0	1.5214764061076072E-4	1	1.1548677676406051E-4	TGTGCGTCTCGGGCAGGAGGAGGTGCTGACGGACTCACCTTT	NNNNNNNNNNNNNNNNNNNNNNNNNNNNNNNNNNNNNNNNNN	TRAV41*00(551.6)		TRAJ45*00(599.2)		512|517|544|0|5||50.0		26|55|86|13|42||290.0		TGTGCGTCTCGGGCAGGAGGAGGTGCTGACGGACTCACCTTT	45	CASRAGGGADGLTF	:::::::::0:-7:5:::::13:-6:42:::
17693	387.0	1.5214764061076072E-4	1	1.1548677676406051E-4	TGTGCAGCAAGTGGATATGCAGGCAACATGCTCACCTTT	NNNNNNNNNNNNNNNNNNNNNNNNNNNNNNNNNNNNNNN	TRAV13-1*00(979.5)		TRAJ39*00(509.7)		511|523|544|0|12||120.0		29|52|83|16|39||230.0		TGTGCAGCAAGTGGATATGCAGGCAACATGCTCACCTTT	45	CAASGYAGNMLTF	:::::::::0:-1:12:::::16:-9:39:::
17730	387.0	1.5214764061076072E-4	1	1.1548677676406051E-4	TGTGCAGCAAGTACAAATAACAGAGATGACAAGATCATCTTT	NNNNNNNNNNNNNNNNNNNNNNNNNNNNNNNNNNNNNNNNNN	TRAV13-1*00(989.4)		TRAJ30*00(509.6)		511|524|544|0|13||130.0		22|46|77|18|42||240.0		TGTGCAGCAAGTACAAATAACAGAGATGACAAGATCATCTTT	45	CAASTNNRDDKIIF	:::::::::0:0:13:::::18:-2:42:::
17889	387.0	1.5214764061076072E-4	1	1.1548677676406051E-4	TGTGCAGCAAGCGCGGACGATAACTATGGTCAGAATTTTGTCTTT	NNNNNNNNNNNNNNNNNNNNNNNNNNNNNNNNNNNNNNNNNNNNN	TRAV29/DV5*00(559.7)		TRAJ26*00(579.6)		529|544|562|0|15||150.0		22|49|80|18|45||270.0		TGTGCAGCAAGCGCGGACGATAACTATGGTCAGAATTTTGTCTTT	45	CAASADDNYGQNFVF	:::::::::0:2:15:::::18:-2:45:::
18256	387.0	1.5214764061076072E-4	1	1.1548677676406051E-4	TGTGCAGGAGCTACAGGCTTTCAGAAACTTGTATTT	NNNNNNNNNNNNNNNNNNNNNNNNNNNNNNNNNNNN	TRAV27*00(661.4)		TRAJ8*00(529.7)		552|564|582|0|12||120.0		25|49|80|12|36||240.0		TGTGCAGGAGCTACAGGCTTTCAGAAACTTGTATTT	45	CAGATGFQKLVF	:::::::::0:2:12:::::12:-5:36:::
18665	387.0	1.5214764061076072E-4	1	1.1548677676406051E-4	TGTGCAATGAGCAGTCAGGGCGGATCTGAAAAGCTGGTCTTT	NNNNNNNNNNNNNNNNNNNNNNNNNNNNNNNNNNNNNNNNNN	TRAV12-3*00(979.5)		TRAJ57*00(539.4)		562|574|595|0|12||120.0		24|52|83|14|42||280.0		TGTGCAATGAGCAGTCAGGGCGGATCTGAAAAGCTGGTCTTT	45	CAMSSQGGSEKLVF	:::::::::0:-1:12:::::14:-4:42:::
20255	387.0	1.5214764061076072E-4	1	1.1548677676406051E-4	TGCATCCTGAGAGATTTTAATACCGGCACTGCCAGTAAACTCACCTTT	NNNNNNNNNNNNNNNNNNNNNNNNNNNNNNNNNNNNNNNNNNNNNNNN	TRAV26-2*00(789.7)		TRAJ44*00(585.8)		791|805|826|0|14||140.0		22|52|83|18|48||300.0		TGCATCCTGAGAGATTTTAATACCGGCACTGCCAGTAAACTCACCTTT	45	CILRDFNTGTASKLTF	:::::::::0:-1:14:::::18:-2:48:::
1850	386.0	1.517544942525934E-4	1	1.1548677676406051E-4	TGTGTGGTGAACTCGAACAGAGATGACAAGATCATCTTT	NNNNNNNNNNNNNNNNNNNNNNNNNNNNNNNNNNNNNNN	TRAV12-1*00(979.2)		TRAJ30*00(529.4)		539|551|572|0|12||120.0		21|46|77|14|39||250.0		TGTGTGGTGAACTCGAACAGAGATGACAAGATCATCTTT	45	CVVNSNRDDKIIF	:::::::::0:-1:12:::::14:-1:39:::
2096	386.0	1.517544942525934E-4	1	1.1548677676406051E-4	TGTGCTTTGTTAACTGACAGCTGGGGGAAATTGCAGTTT	NNNNNNNNNNNNNNNNNNNNNNNNNNNNNNNNNNNNNNN	TRAV21*00(930.3)		TRAJ24*00(549.4)		544|553|576|0|9|SG550T|61.0		24|52|83|11|39||280.0		TGTGCTTTGTTAACTGACAGCTGGGGGAAATTGCAGTTT	45	CALLTDSWGKLQF	:::::::::0:-3:9:::::11:-4:39:::
2384	386.0	1.517544942525934E-4	1	1.1548677676406051E-4	TGTGCTCTTGGGGAACTAGAATACTAAAAACAATGACATGCGCTTT	NNNNNNNNNNNNNNNNNNNNNNNNNNNNNNNNNNNNNNNNNNNNNN	TRDV1*00(1059)		TRAJ43*00(440.5)		573|592|610|0|19||190.0		22|43|74|25|46|ST24A|181.0		TGTGCTCTTGGGGAACTAGAATACTAAAAACAATGACATGCGCTTT	45	CALGELEY_KNNDMRF	:::::::::0:2:19:::::25:-2:46:::
2935	386.0	1.517544942525934E-4	1	1.1548677676406051E-4	TGTGCTCTAGACCCCCCCCAGCAACACAGGCAAACTAATCTTT	NNNNNNNNNNNNNNNNNNNNNNNNNNNNNNNNNNNNNNNNNNN	TRAV6*00(489.7)		TRAJ37*00(539.4)		535|547|568|0|12||120.0		28|51|82|20|43||230.0		TGTGCTCTAGACCCCCCCCAGCAACACAGGCAAACTAATCTTT	45	CALDPPQ_NTGKLIF	:::::::::0:-1:12:::::20:-8:43:::
3487	386.0	1.517544942525934E-4	1	1.1548677676406051E-4	TGTGCTGTGGTCTCAAATTCCGGGTATGCACTCAACTTC	NNNNNNNNNNNNNNNNNNNNNNNNNNNNNNNNNNNNNNN	TRAV36/DV7*00(590.5)		TRAJ41*00(539.7)		500|510|533|0|10||100.0		23|51|82|11|39||280.0		TGTGCTGTGGTCTCAAATTCCGGGTATGCACTCAACTTC	45	CAVVSNSGYALNF	:::::::::0:-3:10:::::11:-3:39:::
4295	386.0	1.517544942525934E-4	1	1.1548677676406051E-4	TGTGCTGTGAGAGACAGTAATGCAGGCAACATGCTCACCTTT	NNNNNNNNNNNNNNNNNNNNNNNNNNNNNNNNNNNNNNNNNN	TRAV3*00(639.3)		TRAJ39*00(559.5)		437|453|473|0|16||160.0		27|52|83|17|42||250.0		TGTGCTGTGAGAGACAGTAATGCAGGCAACATGCTCACCTTT	45	CAVRDSNAGNMLTF	:::::::::0:0:16:::::17:-7:42:::
4429	386.0	1.517544942525934E-4	1	1.1548677676406051E-4	TGTGCTGCCCGAACAGAGATGACAAGATCATCTTT	NNNNNNNNNNNNNNNNNNNNNNNNNNNNNNNNNNN	TRAV36/DV7*00(589.8)		TRAJ30*00(559.9)		500|507|533|0|7||70.0		21|46|77|10|35||250.0		TGTGCTGCCCGAACAGAGATGACAAGATCATCTTT	45	CAARTE_DKIIF	:::::::::0:-6:7:::::10:-1:35:::
4761	386.0	1.517544942525934E-4	1	1.1548677676406051E-4	TGTGCTATATGGACACGGGCAGGAGAGCACTTACTTTT	NNNNNNNNNNNNNNNNNNNNNNNNNNNNNNNNNNNNNN	TRAV1-2*00(619.7)		TRAJ5*00(599.5)		620|626|654|0|6||60.0		19|49|80|8|38||300.0		TGTGCTATATGGACACGGGCAGGAGAGCACTTACTTTT	45	CAIWTR_RRALTF	:::::::::0:-8:6:::::8:1:38:::
4883	386.0	1.517544942525934E-4	1	1.1548677676406051E-4	TGTGCTACGGACGGAGGCTATGGTCAGAATTTTGTCTTT	NNNNNNNNNNNNNNNNNNNNNNNNNNNNNNNNNNNNNNN	TRAV17*00(929)		TRAJ26*00(509.2)		490|503|523|0|13||130.0		27|49|80|17|39||220.0		TGTGCTACGGACGGAGGCTATGGTCAGAATTTTGTCTTT	45	CATDGGYGQNFVF	:::::::::0:0:13:::::17:-7:39:::
6051	386.0	1.517544942525934E-4	1	1.1548677676406051E-4	TGTGCCCCCAAAGGAGTGGATAGCAGCTATAAATTGATCTTC	NNNNNNNNNNNNNNNNNNNNNNNNNNNNNNNNNNNNNNNNNN	TRAV12-3*00(325.1)		TRAJ12*00(522)		562|567|595|0|5||50.0		23|49|80|16|42||260.0		TGTGCCCCCAAAGGAGTGGATAGCAGCTATAAATTGATCTTC	45	CAPKGVDSSYKLIF	:::::::::0:-8:5:::::16:-3:42:::
17921	386.0	1.517544942525934E-4	1	1.1548677676406051E-4	TGTGCAGCAAGCGGCGAAACACCGACAAGCTCATCTTT	NNNNNNNNNNNNNNNNNNNNNNNNNNNNNNNNNNNNNN	TRAV29/DV5*00(579.7)		TRAJ34*00(509.6)		529|542|562|0|13||130.0		26|47|78|17|38||210.0		TGTGCAGCAAGCGGCGAAACACCGACAAGCTCATCTTT	45	CAASGE_TDKLIF	:::::::::0:0:13:::::17:-6:38:::
19061	386.0	1.517544942525934E-4	1	1.1548677676406051E-4	TGCCTCGTGGATAATGAATTCAGGATACAGCACCCTCACCTTT	NNNNNNNNNNNNNNNNNNNNNNNNNNNNNNNNNNNNNNNNNNN	TRAV4*00(607.1)		TRAJ11*00(601.7)		768|778|804|0|10||100.0		19|49|80|13|43||300.0		TGCCTCGTGGATAATGAATTCAGGATACAGCACCCTCACCTTT	45	CLVDNEF_GYSTLTF	:::::::::0:-6:10:::::13:1:43:::
709	385.0	1.5136134789442605E-4	2	2.3097355352812103E-4	TGTGCTACGGACAAAACTGGGGCAAACAACCTCTTCTTT	[[[[[[[[[[[[[[[[[[[[[[[[[[[[[[[[[[[[[[[	TRAV17*00(919.8)		TRAJ36*00(569.7)		490|502|523|0|12||120.0		22|48|79|13|39||260.0		TGTGCTACGGACAAAACTGGGGCAAACAACCTCTTCTTT	58	CATDKTGANNLFF	:::::::::0:-1:12:::::13:-2:39:::
2471	385.0	1.5136134789442605E-4	1	1.1548677676406051E-4	TGTGCTCTCGTACAGAACACTCCCGGTAACCAGTTCTATTTT	NNNNNNNNNNNNNNNNNNNNNNNNNNNNNNNNNNNNNNNNNN	TRAV8-4*00(594.8)		TRAJ49*00(499.5)		476|482|510|0|6||60.0		25|45|76|22|42||200.0		TGTGCTCTCGTACAGAACACTCCCGGTAACCAGTTCTATTTT	45	CALVQNTPGNQFYF	:::::::::0:-8:6:::::22:-5:42:::
2733	385.0	1.5136134789442605E-4	1	1.1548677676406051E-4	TGTGCTCTGAGTGAGGCGGCCCTCAGGAACCTACAAATACATCTTT	NNNNNNNNNNNNNNNNNNNNNNNNNNNNNNNNNNNNNNNNNNNNNN	TRAV19*00(789.2)		TRAJ40*00(549.7)		556|574|593|0|18||180.0		24|50|81|20|46||260.0		TGTGCTCTGAGTGAGGCGGCCCTCAGGAACCTACAAATACATCTTT	45	CALSEAAL_GTYKYIF	:::::::::0:1:18:::::20:-4:46:::
3694	385.0	1.5136134789442605E-4	1	1.1548677676406051E-4	TGTGCTGTGGAGCGGCGGGGAGGTGCTGACGGACTCACCTTT	NNNNNNNNNNNNNNNNNNNNNNNNNNNNNNNNNNNNNNNNNN	TRAV22*00(569.6)		TRAJ45*00(548.9)		526|540|559|0|14||140.0		31|55|86|18|42||240.0		TGTGCTGTGGAGCGGCGGGGAGGTGCTGACGGACTCACCTTT	45	CAVERRGGADGLTF	:::::::::0:1:14:::::18:-11:42:::
4550	385.0	1.5136134789442605E-4	1	1.1548677676406051E-4	TGTGCTGGGCTTAATAATGCAGGCAACATGCTCACCTTT	NNNNNNNNNNNNNNNNNNNNNNNNNNNNNNNNNNNNNNN	TRAV35*00(728.9)		TRAJ39*00(583.7)		588|598|620|0|10||100.0		24|52|83|11|39||280.0		TGTGCTGGGCTTAATAATGCAGGCAACATGCTCACCTTT	45	CAGLNNAGNMLTF	:::::::::0:-2:10:::::11:-4:39:::
4599	385.0	1.5136134789442605E-4	1	1.1548677676406051E-4	TGTGCTGGGCATGGTGGTACTAGCTATGGAAAGCTGACATTT	NNNNNNNNNNNNNNNNNNNNNNNNNNNNNNNNNNNNNNNNNN	TRAV35*00(935.3)		TRAJ52*00(579.5)		588|599|620|0|11||110.0		27|58|89|11|42||310.0		TGTGCTGGGCATGGTGGTACTAGCTATGGAAAGCTGACATTT	45	CAGHGGTSYGKLTF	:::::::::0:-1:11:::::11:-7:42:::
6046	385.0	1.5136134789442605E-4	1	1.1548677676406051E-4	TGTGCCCCCATGCAGCCGGGAGGAGGAAACAAACTCACCTTT	NNNNNNNNNNNNNNNNNNNNNNNNNNNNNNNNNNNNNNNNNN	TRAV24*00(959.3)		TRAJ10*00(519.6)		515|521|545|0|6||60.0		27|53|84|16|42||260.0		TGTGCCCCCATGCAGCCGGGAGGAGGAAACAAACTCACCTTT	45	CAPMQPGGGNKLTF	:::::::::0:-4:6:::::16:-7:42:::
6086	385.0	1.5136134789442605E-4	1	1.1548677676406051E-4	TGTGCCCGCCCCTAACTTTGGAAATGAGAAATTAACCTTT	NNNNNNNNNNNNNNNNNNNNNNNNNNNNNNNNNNNNNNNN	TRAV38-2/DV8*00(509.8)		TRAJ48*00(599.6)		602|607|638|0|5||50.0		23|52|83|11|40||290.0		TGTGCCCGCCCCTAACTTTGGAAATGAGAAATTAACCTTT	45	CARP*LW_NEKLTF	:::::::::0:-11:5:::::11:-3:40:::
6348	385.0	1.5136134789442605E-4	1	1.1548677676406051E-4	TGTGCCGTGAATGCCCCATGGGGAACTGCTCTGATCTTT	NNNNNNNNNNNNNNNNNNNNNNNNNNNNNNNNNNNNNNN	TRAV8-1*00(609.6)		TRAJ15*00(489.8)		474|488|508|0|14||140.0		31|49|80|21|39||180.0		TGTGCCGTGAATGCCCCATGGGGAACTGCTCTGATCTTT	45	CAVNAPWGTALIF	:::::::::0:0:14:::::21:-11:39:::
6428	385.0	1.5136134789442605E-4	1	1.1548677676406051E-4	TGTGCCGTGAAGCACAGAAGCAACACAGGCAAACTAATCTTT	NNNNNNNNNNNNNNNNNNNNNNNNNNNNNNNNNNNNNNNNNN	TRAV8-1*00(579.9)		TRAJ37*00(539.2)		474|485|508|0|11||110.0		28|51|82|19|42||230.0		TGTGCCGTGAAGCACAGAAGCAACACAGGCAAACTAATCTTT	45	CAVKHRSNTGKLIF	:::::::::0:-3:11:::::19:-8:42:::
17516	385.0	1.5136134789442605E-4	1	1.1548677676406051E-4	TGTGCAGCGGGTCTTTATGGTGGTGCTACAAACAAGCTCATCTTT	NNNNNNNNNNNNNNNNNNNNNNNNNNNNNNNNNNNNNNNNNNNNN	TRAV29/DV5*00(489.8)		TRAJ32*00(609.6)		529|537|562|0|8||80.0		24|55|86|14|45||310.0		TGTGCAGCGGGTCTTTATGGTGGTGCTACAAACAAGCTCATCTTT	45	CAAGLYGGATNKLIF	:::::::::0:-5:8:::::14:-4:45:::
17708	385.0	1.5136134789442605E-4	1	1.1548677676406051E-4	TGTGCAGCAAGTATCGGAGGAAGCCAAGGAAATCTCATCTTT	NNNNNNNNNNNNNNNNNNNNNNNNNNNNNNNNNNNNNNNNNN	TRAV13-1*00(999.6)		TRAJ42*00(529.7)		511|525|544|0|14||140.0		28|55|86|15|42||270.0		TGTGCAGCAAGTATCGGAGGAAGCCAAGGAAATCTCATCTTT	45	CAASIGGSQGNLIF	:::::::::0:1:14:::::15:-8:42:::
18528	385.0	1.5136134789442605E-4	1	1.1548677676406051E-4	TGTGCAGAATCCGATGGCCAGAAGCTGCTCTTT	NNNNNNNNNNNNNNNNNNNNNNNNNNNNNNNNN	TRAV13-2*00(529.4)		TRAJ16*00(481.8)		506|514|539|0|8||80.0		25|49|80|9|33|SA27C|211.0		TGTGCAGAATCCGATGGCCAGAAGCTGCTCTTT	45	CAESDGQKLLF	:::::::::0:-5:8:::::9:-5:33:::
18609	385.0	1.5136134789442605E-4	1	1.1548677676406051E-4	TGTGCAATGAGCCCTAACGACTACAAGCTCAGCTTT	NNNNNNNNNNNNNNNNNNNNNNNNNNNNNNNNNNNN	TRAV12-3*00(978.5)		TRAJ20*00(531.4)		562|574|595|0|12||120.0		23|46|77|13|36||230.0		TGTGCAATGAGCCCTAACGACTACAAGCTCAGCTTT	45	CAMSPNDYKLSF	:::::::::0:-1:12:::::13:-3:36:::
19148	385.0	1.5136134789442605E-4	1	1.1548677676406051E-4	TGCGCTGTGAGAGATTACTCTGGGGCTGGGAGTTACCAACTCACTTTC	NNNNNNNNNNNNNNNNNNNNNNNNNNNNNNNNNNNNNNNNNNNNNNNN	TRAV1-1*00(690.8)		TRAJ28*00(619.2)		670|685|704|0|15||150.0		22|55|86|15|48||330.0		TGCGCTGTGAGAGATTACTCTGGGGCTGGGAGTTACCAACTCACTTTC	45	CAVRDYSGAGSYQLTF	:::::::::0:1:15:::::15:-2:48:::
606	384.0	1.509682015362587E-4	2	2.3097355352812103E-4	TGTGTGGTGAACCCTACAGCAGTGCTTCCAAGATAATCTTT	[[[[[[[[[[[[[[[[[[[[[[[[[[[[[[[[[[[[[[[[[	TRAV12-1*00(748)		TRAJ3*00(549.8)		539|551|572|0|12||120.0		24|51|82|14|41||270.0		TGTGTGGTGAACCCTACAGCAGTGCTTCCAAGATAATCTTT	58	CVVNPTA_ASKIIF	:::::::::0:-1:12:::::14:-4:41:::
1846	384.0	1.509682015362587E-4	1	1.1548677676406051E-4	TGTGTGGTGAACTTGGAGGGGATTAACCAATGCAGGCAAATCAACCTTT	NNNNNNNNNNNNNNNNNNNNNNNNNNNNNNNNNNNNNNNNNNNNNNNNN	TRAV12-1*00(962.1)		TRAJ27*00(489.8)		539|554|572|0|15|SA551T|121.0		24|48|79|25|49||240.0		TGTGTGGTGAACTTGGAGGGGATTAACCAATGCAGGCAAATCAACCTTT	45	CVVNLEGI_TNAGKSTF	:::::::::0:2:15:::::25:-4:49:::
2044	384.0	1.509682015362587E-4	1	1.1548677676406051E-4	TGTGCTTTCATGACAACTGACAGCTGGGGGAAATTGCAGTTT	NNNNNNNNNNNNNNNNNNNNNNNNNNNNNNNNNNNNNNNNNN	TRAV38-1*00(590.3)		TRAJ24*00(610.7)		596|606|633|0|10||130.0		20|52|83|10|42||350.0		TGTGCTTTCATGACAACTGACAGCTGGGGGAAATTGCAGTTT	45	CAFMTTDSWGKLQF	:::::::::0:-7:10:::::10:0:42:::
2207	384.0	1.509682015362587E-4	1	1.1548677676406051E-4	TGTGCTTATAGGAGTTATAACCAGGGAGGAAAGCTTATCTTC	NNNNNNNNNNNNNNNNNNNNNNNNNNNNNNNNNNNNNNNNNN	TRAV38-2/DV8*00(601.2)		TRAJ23*00(551.9)		602|615|638|0|13||140.0		23|52|83|13|42|ST23G|281.0		TGTGCTTATAGGAGTTATAACCAGGGAGGAAAGCTTATCTTC	45	CAYRSYNQGGKLIF	:::::::::0:-3:13:::::13:-3:42:::
2227	384.0	1.509682015362587E-4	1	1.1548677676406051E-4	TGTGCTTATAGGAGCGCGTGCGGAGCGGTCAGAATTTTGTCTTT	NNNNNNNNNNNNNNNNNNNNNNNNNNNNNNNNNNNNNNNNNNNN	TRAV38-2/DV8*00(639.6)		TRAJ26*00(469.8)		602|620|638|0|18||180.0		31|49|80|26|44||180.0		TGTGCTTATAGGAGCGCGTGCGGAGCGGTCAGAATTTTGTCTTT	45	CAYRSAC_SGQNFVF	:::::::::0:2:18:::::26:-11:44:::
2503	384.0	1.509682015362587E-4	1	1.1548677676406051E-4	TGTGCTCTGGCCTGTATAGCAACTATCAGTTAATCTGG	NNNNNNNNNNNNNNNNNNNNNNNNNNNNNNNNNNNNNN	TRAV6*00(450)		TRAJ33*00(520.6)		535|543|568|0|8||80.0		20|46|77|12|38|SG22T|231.0		TGTGCTCTGGCCTGTATAGCAACTATCAGTTAATCTGG	45	CALACI_NYQLIW	:::::::::0:-5:8:::::12:0:38:::
2808	384.0	1.509682015362587E-4	1	1.1548677676406051E-4	TGTGCTCTGAGTAAAGGCTTTGGGAATGTGCTGCATTGC	NNNNNNNNNNNNNNNNNNNNNNNNNNNNNNNNNNNNNNN	TRAV9-2*00(729.8)		TRAJ35*00(549.3)		480|492|514|0|12||120.0		23|48|79|14|39||250.0		TGTGCTCTGAGTAAAGGCTTTGGGAATGTGCTGCATTGC	45	CALSKGFGNVLHC	:::::::::0:-2:12:::::14:-3:39:::
2826	384.0	1.509682015362587E-4	1	1.1548677676406051E-4	TGTGCTCTGAGCACGGATACAGCACCCTCACCTTT	NNNNNNNNNNNNNNNNNNNNNNNNNNNNNNNNNNN	TRAV19*00(719.6)		TRAJ11*00(519.8)		556|567|593|0|11||110.0		28|49|80|14|35||210.0		TGTGCTCTGAGCACGGATACAGCACCCTCACCTTT	45	CALSTD_STLTF	:::::::::0:-6:11:::::14:-8:35:::
2857	384.0	1.509682015362587E-4	1	1.1548677676406051E-4	TGTGCTCTGAGACCGGTAACCAGTTCTATTTT	NNNNNNNNNNNNNNNNNNNNNNNNNNNNNNNN	TRAV9-2*00(719.6)		TRAJ49*00(509.4)		480|491|514|0|11||110.0		24|45|76|11|32||210.0		TGTGCTCTGAGACCGGTAACCAGTTCTATTTT	45	CALRP_NQFYF	:::::::::0:-3:11:::::11:-4:32:::
3935	384.0	1.509682015362587E-4	1	1.1548677676406051E-4	TGTGCTGTGAGTGATTGGGCCCTTTCTGGTTCTGCAAGGCAACTGACCTTT	NNNNNNNNNNNNNNNNNNNNNNNNNNNNNNNNNNNNNNNNNNNNNNNNNNN	TRAV8-4*00(697.7)		TRAJ22*00(589.2)		476|491|510|0|15||150.0		24|52|83|23|51||280.0		TGTGCTGTGAGTGATTGGGCCCTTTCTGGTTCTGCAAGGCAACTGACCTTT	45	CAVSDWALSGSARQLTF	:::::::::0:1:15:::::23:-4:51:::
4256	384.0	1.509682015362587E-4	1	1.1548677676406051E-4	TGTGCTGTGAGAGATGGATAGCAACTATCAGTTAATCTGG	NNNNNNNNNNNNNNNNNNNNNNNNNNNNNNNNNNNNNNNN	TRAV1-2*00(709.5)		TRAJ33*00(559.7)		620|634|654|0|14||150.0		20|46|77|14|40||270.0		TGTGCTGTGAGAGATGGATAGCAACTATCAGTTAATCTGG	45	CAVRDG*_NYQLIW	:::::::::0:0:14:::::14:0:40:::
4910	384.0	1.509682015362587E-4	1	1.1548677676406051E-4	TGTGCTACGATTGAGGCTGCAGGCAACAAGCTAACTTTT	NNNNNNNNNNNNNNNNNNNNNNNNNNNNNNNNNNNNNNN	TRAV17*00(889.8)		TRAJ17*00(539.7)		490|499|523|0|9||90.0		28|52|83|15|39||240.0		TGTGCTACGATTGAGGCTGCAGGCAACAAGCTAACTTTT	45	CATIEAAGNKLTF	:::::::::0:-4:9:::::15:-8:39:::
6342	384.0	1.509682015362587E-4	1	1.1548677676406051E-4	TGTGCCGTGAATCCTCCTCTATAACCAGGGAGGAAAGCTTATCTTC	NNNNNNNNNNNNNNNNNNNNNNNNNNNNNNNNNNNNNNNNNNNNNN	TRAV8-1*00(589.7)		TRAJ23*00(540.7)		474|486|508|0|12||120.0		25|52|83|19|46||270.0		TGTGCCGTGAATCCTCCTCTATAACCAGGGAGGAAAGCTTATCTTC	45	CAVNPPL*_QGGKLIF	:::::::::0:-2:12:::::19:-5:46:::
6446	384.0	1.509682015362587E-4	1	1.1548677676406051E-4	TGTGCCGTGAAGAGTGACATGCGCTTT	NNNNNNNNNNNNNNNNNNNNNNNNNNN	TRAV12-2*00(509.3)		TRAJ43*00(429.8)		551|562|584|0|11||110.0		30|43|74|14|27||130.0		TGTGCCGTGAAGAGTGACATGCGCTTT	45	CAVKSDMRF	:::::::::0:-2:11:::::14:-10:27:::
18227	384.0	1.509682015362587E-4	1	1.1548677676406051E-4	TGTGCAGGATAAAGGAATGCATGAATAATAATGCAGGCAACATGCTCACCTTT	NNNNNNNNNNNNNNNNNNNNNNNNNNNNNNNNNNNNNNNNNNNNNNNNNNNNN	TRAV27*00(591.1)		TRAJ39*00(650.5)		552|561|582|0|9||90.0		15|52|83|16|53|ST17G|341.0		TGTGCAGGATAAAGGAATGCATGAATAATAATGCAGGCAACATGCTCACCTTT	45	CAG*RNA*I_NAGNMLTF	:::::::::0:-1:9:::::16:5:53:::
18326	384.0	1.509682015362587E-4	1	1.1548677676406051E-4	TGTGCAGATGAGGCGGGTAACTATGGTCAGAATTTTGTCTTT	NNNNNNNNNNNNNNNNNNNNNNNNNNNNNNNNNNNNNNNNNN	TRAV5*00(439.6)		TRAJ26*00(560.6)		523|531|556|0|8||80.0		21|49|80|14|42|SA23G|251.0		TGTGCAGATGAGGCGGGTAACTATGGTCAGAATTTTGTCTTT	45	CADEAGNYGQNFVF	:::::::::0:-5:8:::::14:-1:42:::
18487	384.0	1.509682015362587E-4	1	1.1548677676406051E-4	TGTGCAGAGAATATACCGGCAAACAGGGAGGAAAGCTTATCTTC	NNNNNNNNNNNNNNNNNNNNNNNNNNNNNNNNNNNNNNNNNNNN	TRAV13-2*00(599.6)		TRAJ23*00(520.8)		506|521|539|0|15||150.0		28|52|83|20|44|SC30A|211.0		TGTGCAGAGAATATACCGGCAAACAGGGAGGAAAGCTTATCTTC	45	CAENIPA_QGGKLIF	:::::::::0:2:15:::::20:-8:44:::
18501	384.0	1.509682015362587E-4	1	1.1548677676406051E-4	TGTGCAGAGAATAATAATGCAGGCAACATGCTCACCTTT	NNNNNNNNNNNNNNNNNNNNNNNNNNNNNNNNNNNNNNN	TRAV13-2*00(579.7)		TRAJ39*00(599.1)		506|517|539|0|11||130.0		24|52|83|11|39||310.0		TGTGCAGAGAATAATAATGCAGGCAACATGCTCACCTTT	45	CAENNNAGNMLTF	:::::::::0:-2:11:::::11:-4:39:::
1862	383.0	1.5057505517809136E-4	1	1.1548677676406051E-4	TGTGTGGTGAACCTAAGCTTTGGAAATGAGAAATTAACCTTT	NNNNNNNNNNNNNNNNNNNNNNNNNNNNNNNNNNNNNNNNNN	TRAV12-1*00(979.3)		TRAJ48*00(519.5)		539|551|572|0|12||120.0		27|52|83|17|42||250.0		TGTGTGGTGAACCTAAGCTTTGGAAATGAGAAATTAACCTTT	45	CVVNLSFGNEKLTF	:::::::::0:-1:12:::::17:-7:42:::
2226	383.0	1.5057505517809136E-4	1	1.1548677676406051E-4	TGTGCTTATAGGAGCGCGTTAAGGTGAATTCTGGGGGTTACCAGAAAGTTACCTTT	NNNNNNNNNNNNNNNNNNNNNNNNNNNNNNNNNNNNNNNNNNNNNNNNNNNNNNNN	TRAV38-2/DV8*00(639.5)		TRAJ13*00(590.3)		602|620|638|0|18||180.0		20|52|83|24|56||320.0		TGTGCTTATAGGAGCGCGTTAAGGTGAATTCTGGGGGTTACCAGAAAGTTACCTTT	45	CAYRSALR*_SGGYQKVTF	:::::::::0:2:18:::::24:0:56:::
2370	383.0	1.5057505517809136E-4	1	1.1548677676406051E-4	TGTGCTCTTGGGGAACTGTCCGGCACTGCCAGTAAACTCACCTTT	NNNNNNNNNNNNNNNNNNNNNNNNNNNNNNNNNNNNNNNNNNNNN	TRDV1*00(1039.5)		TRAJ44*00(529.8)		573|590|610|0|17||170.0		26|52|83|19|45||260.0		TGTGCTCTTGGGGAACTGTCCGGCACTGCCAGTAAACTCACCTTT	45	CALGELSGTASKLTF	:::::::::0:0:17:::::19:-6:45:::
3192	383.0	1.5057505517809136E-4	1	1.1548677676406051E-4	TGTGCTGTTACTAACGACTACAAGCTCAGCTTT	NNNNNNNNNNNNNNNNNNNNNNNNNNNNNNNNN	TRAV1-2*00(639.5)		TRAJ20*00(457.9)		620|628|654|0|8||80.0		23|46|77|10|33||230.0		TGTGCTGTTACTAACGACTACAAGCTCAGCTTT	45	CAVTNDYKLSF	:::::::::0:-6:8:::::10:-3:33:::
4717	383.0	1.5057505517809136E-4	1	1.1548677676406051E-4	TGTGCTGGGGAAAATAATGCAGGCAACATGCTCACCTTT	NNNNNNNNNNNNNNNNNNNNNNNNNNNNNNNNNNNNNNN	TRAV8-6*00(639.7)		TRAJ39*00(579.7)		448|455|482|0|7||70.0		25|52|83|12|39||270.0		TGTGCTGGGGAAAATAATGCAGGCAACATGCTCACCTTT	45	CAGENNAGNMLTF	:::::::::0:-7:7:::::12:-5:39:::
17505	383.0	1.5057505517809136E-4	1	1.1548677676406051E-4	TGTGCAGCCAACCGAGGAGCAGGAGGAGGTGCTGACGGACTCACCTTT	NNNNNNNNNNNNNNNNNNNNNNNNNNNNNNNNNNNNNNNNNNNNNNNN	TRAV13-1*00(939.8)		TRAJ45*00(559.4)		511|519|544|0|8||80.0		26|55|86|19|48||290.0		TGTGCAGCCAACCGAGGAGCAGGAGGAGGTGCTGACGGACTCACCTTT	45	CAANRGAGGGADGLTF	:::::::::0:-5:8:::::19:-6:48:::
17557	383.0	1.5057505517809136E-4	1	1.1548677676406051E-4	TGTGCAGCACGGTTTGGAAATGAGAAATTAACCTTT	NNNNNNNNNNNNNNNNNNNNNNNNNNNNNNNNNNNN	TRAV13-1*00(569.7)		TRAJ48*00(549.7)		511|520|544|0|9||90.0		28|52|83|12|36||240.0		TGTGCAGCACGGTTTGGAAATGAGAAATTAACCTTT	45	CAARFGNEKLTF	:::::::::0:-4:9:::::12:-8:36:::
17692	383.0	1.5057505517809136E-4	1	1.1548677676406051E-4	TGTGCAGCAAGTGGGAACACCGGTAACCAGTTCTATTTT	NNNNNNNNNNNNNNNNNNNNNNNNNNNNNNNNNNNNNNN	TRAV23/DV6*00(479.6)		TRAJ49*00(549.4)		517|528|550|0|11||110.0		20|45|76|14|39||250.0		TGTGCAGCAAGTGGGAACACCGGTAACCAGTTCTATTTT	45	CAASGNTGNQFYF	:::::::::0:-2:11:::::14:0:39:::
18385	383.0	1.5057505517809136E-4	1	1.1548677676406051E-4	TGTGCAGAGATTAGAGGCCCCGGTGGTAACGACTACAAGCTCAGCTTT	NNNNNNNNNNNNNNNNNNNNNNNNNNNNNNNNNNNNNNNNNNNNNNNN	TRAV13-2*00(550.8)		TRAJ20*00(521.1)		506|519|539|0|13|SA516T|101.0		24|46|77|26|48||220.0		TGTGCAGAGATTAGAGGCCCCGGTGGTAACGACTACAAGCTCAGCTTT	45	CAEIRGPGGNDYKLSF	:::::::::0:0:13:::::26:-4:48:::
20178	383.0	1.5057505517809136E-4	1	1.1548677676406051E-4	TGCGGCACAGAGGATCGAGGACTCTGGGGCTGGGAGTTACCAACTCACTTTC	NNNNNNNNNNNNNNNNNNNNNNNNNNNNNNNNNNNNNNNNNNNNNNNNNNNN	TRAV30*00(489.7)		TRAJ28*00(609.5)		567|579|600|0|12||120.0		23|55|86|20|52||320.0		TGCGGCACAGAGGATCGAGGACTCTGGGGCTGGGAGTTACCAACTCACTTTC	45	CGTEDRGLW_AGSYQLTF	:::::::::0:-1:12:::::20:-3:52:::
20316	383.0	1.5057505517809136E-4	1	1.1548677676406051E-4	TGCATCGTTCAATGCTGGTGGTACTAGCTATGGAAAGCTGACATTT	NNNNNNNNNNNNNNNNNNNNNNNNNNNNNNNNNNNNNNNNNNNNNN	TRAV26-1*00(569.6)		TRAJ52*00(659.5)		763|771|799|0|8||80.0		22|58|89|10|46||360.0		TGCATCGTTCAATGCTGGTGGTACTAGCTATGGAAAGCTGACATTT	45	CIVQCWWY_SYGKLTF	:::::::::0:-8:8:::::10:-2:46:::
1593	382.0	1.5018190881992404E-4	1	1.1548677676406051E-4	TGTGTTGTGAGTGTCTTCTTATATACTCACGGGAGGAGGAAACAAACTCACCTTT	NNNNNNNNNNNNNNNNNNNNNNNNNNNNNNNNNNNNNNNNNNNNNNNNNNNNNNN	TRAV8-2*00(662.4)		TRAJ10*00(659.5)		466|479|500|0|13||130.0		17|53|84|19|55||360.0		TGTGTTGTGAGTGTCTTCTTATATACTCACGGGAGGAGGAAACAAACTCACCTTT	45	CVVSVFLYT_TGGGNKLTF	:::::::::0:-1:13:::::19:3:55:::
2590	382.0	1.5018190881992404E-4	1	1.1548677676406051E-4	TGTGCTCTGAGTCCCAATGCAGGCAAATCAACCTTT	NNNNNNNNNNNNNNNNNNNNNNNNNNNNNNNNNNNN	TRAV19*00(729.6)		TRAJ27*00(519.7)		556|568|593|0|12||120.0		25|48|79|13|36||230.0		TGTGCTCTGAGTCCCAATGCAGGCAAATCAACCTTT	45	CALSPNAGKSTF	:::::::::0:-5:12:::::13:-5:36:::
2855	382.0	1.5018190881992404E-4	1	1.1548677676406051E-4	TGTGCTCTGAGACCGTCAGGAGGAAGCTACATACCTACATTT	NNNNNNNNNNNNNNNNNNNNNNNNNNNNNNNNNNNNNNNNNN	TRAV9-2*00(719.4)		TRAJ6*00(579.7)		480|491|514|0|11||110.0		24|51|82|15|42||270.0		TGTGCTCTGAGACCGTCAGGAGGAAGCTACATACCTACATTT	45	CALRPSGGSYIPTF	:::::::::0:-3:11:::::15:-4:42:::
3161	382.0	1.5018190881992404E-4	1	1.1548677676406051E-4	TGTGCTGTTTAAATTCAGGGAGCCCAGAAGCTGGTATTT	NNNNNNNNNNNNNNNNNNNNNNNNNNNNNNNNNNNNNNN	TRAV36/DV7*00(599.5)		TRAJ54*00(568.9)		500|508|533|0|8||80.0		21|49|80|11|39||280.0		TGTGCTGTTTAAATTCAGGGAGCCCAGAAGCTGGTATTT	45	CAV*IQGAQKLVF	:::::::::0:-5:8:::::11:-1:39:::
4054	382.0	1.5018190881992404E-4	1	1.1548677676406051E-4	TGTGCTGTGAGTGAAACGGGGGGAGGTGCTGACGGACTCACCTTT	NNNNNNNNNNNNNNNNNNNNNNNNNNNNNNNNNNNNNNNNNNNNN	TRAV8-4*00(689.7)		TRAJ45*00(550.2)		476|490|510|0|14||140.0		28|55|86|18|45|SA30G|241.0		TGTGCTGTGAGTGAAACGGGGGGAGGTGCTGACGGACTCACCTTT	45	CAVSETGGGADGLTF	:::::::::0:0:14:::::18:-8:45:::
6009	382.0	1.5018190881992404E-4	1	1.1548677676406051E-4	TGTGCCCCTGACACTAATGCAGGCAACATGCTCACCTTT	NNNNNNNNNNNNNNNNNNNNNNNNNNNNNNNNNNNNNNN	TRAV6*00(419.4)		TRAJ39*00(559.5)		535|540|568|0|5||50.0		27|52|83|14|39||250.0		TGTGCCCCTGACACTAATGCAGGCAACATGCTCACCTTT	45	CAPDTNAGNMLTF	:::::::::0:-8:5:::::14:-7:39:::
17386	382.0	1.5018190881992404E-4	1	1.1548677676406051E-4	TGTGCACCCTTCAGGATACAGCACCCTCACCTTT	NNNNNNNNNNNNNNNNNNNNNNNNNNNNNNNNNN	TRAV13-1*00(919.3)		TRAJ11*00(559.6)		511|517|544|0|6||60.0		24|49|80|9|34||250.0		TGTGCACCCTTCAGGATACAGCACCCTCACCTTT	45	CAPFRI_STLTF	:::::::::0:-7:6:::::9:-4:34:::
2467	381.0	1.497887624617567E-4	1	1.1548677676406051E-4	TGTGCTCTCCACCCTATAATTCAGGGAGCCCAGAAGCTGGTATTT	NNNNNNNNNNNNNNNNNNNNNNNNNNNNNNNNNNNNNNNNNNNNN	TRAV19*00(657.4)		TRAJ54*00(598.9)		556|564|593|0|8||80.0		18|49|80|14|45||310.0		TGTGCTCTCCACCCTATAATTCAGGGAGCCCAGAAGCTGGTATTT	45	CALHPIIQGAQKLVF	:::::::::0:-9:8:::::14:2:45:::
2612	381.0	1.497887624617567E-4	1	1.1548677676406051E-4	TGTGCTCTGAGTGCCCCTCCTGAATAATGCAGGCAACATGCTCACCTTT	NNNNNNNNNNNNNNNNNNNNNNNNNNNNNNNNNNNNNNNNNNNNNNNNN	TRAV9-2*00(729)		TRAJ39*00(579.5)		480|493|514|0|13||130.0		25|52|83|22|49||270.0		TGTGCTCTGAGTGCCCCTCCTGAATAATGCAGGCAACATGCTCACCTTT	45	CALSAPPE_NAGNMLTF	:::::::::0:-1:13:::::22:-5:49:::
2791	381.0	1.497887624617567E-4	1	1.1548677676406051E-4	TGTGCTCTGAGTATCGGTGGTGCTACAAACAAGCTCATCTTT	NNNNNNNNNNNNNNNNNNNNNNNNNNNNNNNNNNNNNNNNNN	TRAV9-2*00(744.1)		TRAJ32*00(569.7)		480|492|514|0|12||120.0		28|55|86|15|42||270.0		TGTGCTCTGAGTATCGGTGGTGCTACAAACAAGCTCATCTTT	45	CALSIGGATNKLIF	:::::::::0:-2:12:::::15:-8:42:::
3050	381.0	1.497887624617567E-4	1	1.1548677676406051E-4	TGTGCTCCCTCTAATCATGGAGGAAGCCAAGGAAATCTCATCTTT	NNNNNNNNNNNNNNNNNNNNNNNNNNNNNNNNNNNNNNNNNNNNN	TRAV16*00(939.4)		TRAJ42*00(560.4)		449|456|483|0|7||70.0		22|55|86|12|45|ST25C|301.0		TGTGCTCCCTCTAATCATGGAGGAAGCCAAGGAAATCTCATCTTT	45	CAPSNHGGSQGNLIF	:::::::::0:-7:7:::::12:-2:45:::
3134	381.0	1.497887624617567E-4	1	1.1548677676406051E-4	TGTGCTCACATCGAGTATAGTGGAGGTAGCAACTATAAACTGACATTT	NNNNNNNNNNNNNNNNNNNNNNNNNNNNNNNNNNNNNNNNNNNNNNNN	TRAV38-2/DV8*00(519.6)		TRAJ53*00(631.6)		602|608|638|0|6||60.0		17|55|86|10|48|ST19GSA22T|322.0		TGTGCTCACATCGAGTATAGTGGAGGTAGCAACTATAAACTGACATTT	45	CAHIEYSGGSNYKLTF	:::::::::0:-10:6:::::10:3:48:::
3430	381.0	1.497887624617567E-4	1	1.1548677676406051E-4	TGTGCTGTGCAGGCTTGATGCTGGTGGTACTAGCTATGGAAAGCTGACATTT	NNNNNNNNNNNNNNNNNNNNNNNNNNNNNNNNNNNNNNNNNNNNNNNNNNNN	TRAV20*00(506.4)		TRAJ52*00(649.6)		498|515|531|0|17|SC512T|141.0		23|58|89|17|52||350.0		TGTGCTGTGCAGGCTTGATGCTGGTGGTACTAGCTATGGAAAGCTGACATTT	45	CAVQA*CWW_TSYGKLTF	:::::::::0:4:17:::::17:-3:52:::
3488	381.0	1.497887624617567E-4	1	1.1548677676406051E-4	TGTGCTGTGGTCCTCCTAACTGGGGCAAACAACCTCTTCTTT	NNNNNNNNNNNNNNNNNNNNNNNNNNNNNNNNNNNNNNNNNN	TRAV2*00(792)		TRAJ36*00(537.9)		519|529|553|0|10||100.0		23|48|79|17|42||250.0		TGTGCTGTGGTCCTCCTAACTGGGGCAAACAACCTCTTCTTT	45	CAVVLLTGANNLFF	:::::::::0:-4:10:::::17:-3:42:::
3708	381.0	1.497887624617567E-4	1	1.1548677676406051E-4	TGTGCTGTGGAGGCCGTATCTAACTTTGGAAATGAGAAATTAACCTTT	NNNNNNNNNNNNNNNNNNNNNNNNNNNNNNNNNNNNNNNNNNNNNNNN	TRAV21*00(959.2)		TRAJ48*00(589.3)		544|553|576|0|9||90.0		20|52|83|16|48||320.0		TGTGCTGTGGAGGCCGTATCTAACTTTGGAAATGAGAAATTAACCTTT	45	CAVEAVSNFGNEKLTF	:::::::::0:-3:9:::::16:0:48:::
3728	381.0	1.497887624617567E-4	1	1.1548677676406051E-4	TGTGCTGTGGAGGATCGATCAATGCCAGACTCATGTTT	NNNNNNNNNNNNNNNNNNNNNNNNNNNNNNNNNNNNNN	TRAV2*00(1059.1)		TRAJ31*00(449.5)		519|535|553|0|16||160.0		27|46|77|19|38||190.0		TGTGCTGTGGAGGATCGATCAATGCCAGACTCATGTTT	45	CAVEDR_NARLMF	:::::::::0:2:16:::::19:-7:38:::
3752	381.0	1.497887624617567E-4	1	1.1548677676406051E-4	TGTGCTGTGGAGGAAGTCCCGGCAGAGGCTCAACCCTGGGGAGGCTATACTTT	NNNNNNNNNNNNNNNNNNNNNNNNNNNNNNNNNNNNNNNNNNNNNNNNNNNNN	TRAV2*00(1038.6)		TRAJ18*00(589.7)		519|533|553|0|14||140.0		20|55|86|18|53|SA23G|321.0		TGTGCTGTGGAGGAAGTCCCGGCAGAGGCTCAACCCTGGGGAGGCTATACTTT	45	CAVEEVPAE_STLGRLYF	:::::::::0:0:14:::::18:0:53:::
4132	381.0	1.497887624617567E-4	1	1.1548677676406051E-4	TGTGCTGTGAGGCCGTCGTTGAGGGAATATAGAAACAAACTGGTCTTT	NNNNNNNNNNNNNNNNNNNNNNNNNNNNNNNNNNNNNNNNNNNNNNNN	TRAV8-4*00(660)		TRAJ47*00(530.7)		476|487|510|0|11||110.0		21|46|77|23|48|SG28A|221.0		TGTGCTGTGAGGCCGTCGTTGAGGGAATATAGAAACAAACTGGTCTTT	45	CAVRPSLREYRNKLVF	:::::::::0:-3:11:::::23:-1:48:::
4725	381.0	1.497887624617567E-4	1	1.1548677676406051E-4	TGTGCTGGGACCCATGGCTCTAGCAACACAGGCAAACTAATCTTT	NNNNNNNNNNNNNNNNNNNNNNNNNNNNNNNNNNNNNNNNNNNNN	TRAV35*00(916.9)		TRAJ37*00(581.8)		588|597|620|0|9||90.0		15|51|82|9|45|SG16CSG27A|312.0		TGTGCTGGGACCCATGGCTCTAGCAACACAGGCAAACTAATCTTT	45	CAGTHGSSNTGKLIF	:::::::::0:-3:9:::::9:5:45:::
4847	381.0	1.497887624617567E-4	1	1.1548677676406051E-4	TGTGCTACGGACGTCTCTGGTTCTGCAAGGCAACTGACCTTT	NNNNNNNNNNNNNNNNNNNNNNNNNNNNNNNNNNNNNNNNNN	TRAV17*00(929.2)		TRAJ22*00(552.6)		490|503|523|0|13||130.0		25|52|83|15|42||270.0		TGTGCTACGGACGTCTCTGGTTCTGCAAGGCAACTGACCTTT	45	CATDVSGSARQLTF	:::::::::0:0:13:::::15:-5:42:::
6026	381.0	1.497887624617567E-4	1	1.1548677676406051E-4	TGTGCCCCCCTCGGGAGGGGTGGTGCTACAAACAAGCTCATCTTT	NNNNNNNNNNNNNNNNNNNNNNNNNNNNNNNNNNNNNNNNNNNNN	TRAV22*00(479.7)		TRAJ32*00(569)		526|531|559|0|5||50.0		28|55|86|18|45||270.0		TGTGCCCCCCTCGGGAGGGGTGGTGCTACAAACAAGCTCATCTTT	45	CAPLGRGGATNKLIF	:::::::::0:-8:5:::::18:-8:45:::
6456	381.0	1.497887624617567E-4	1	1.1548677676406051E-4	TGTGCCGTGAAAGGTAGCAACTATAAACTGACATTT	NNNNNNNNNNNNNNNNNNNNNNNNNNNNNNNNNNNN	TRAV12-2*00(735.8)		TRAJ53*00(559.4)		551|562|584|0|11||110.0		30|55|86|11|36||250.0		TGTGCCGTGAAAGGTAGCAACTATAAACTGACATTT	45	CAVKGSNYKLTF	:::::::::0:-2:11:::::11:-10:36:::
6556	381.0	1.497887624617567E-4	1	1.1548677676406051E-4	TGTGCCGGGAACTCAGGGCGGATCTGAAAAGCTGGTCTTT	NNNNNNNNNNNNNNNNNNNNNNNNNNNNNNNNNNNNNNNN	TRAV39*00(709.3)		TRAJ57*00(609.3)		507|514|540|0|7||70.0		21|52|83|9|40||310.0		TGTGCCGGGAACTCAGGGCGGATCTGAAAAGCTGGTCTTT	45	CAGNSGR_SEKLVF	:::::::::0:-6:7:::::9:-1:40:::
17749	381.0	1.497887624617567E-4	1	1.1548677676406051E-4	TGTGCAGCAAGTAGAGGAGGATACAGCACCCTCACCTTT	NNNNNNNNNNNNNNNNNNNNNNNNNNNNNNNNNNNNNNN	TRAV13-1*00(989.5)		TRAJ11*00(499.8)		511|524|544|0|13||130.0		27|49|80|17|39||220.0		TGTGCAGCAAGTAGAGGAGGATACAGCACCCTCACCTTT	45	CAASRGGYSTLTF	:::::::::0:0:13:::::17:-7:39:::
17846	381.0	1.497887624617567E-4	1	1.1548677676406051E-4	TGTGCAGCAAGCGTCACGGGGAATTCCGGGTATGCACTCAACTTC	NNNNNNNNNNNNNNNNNNNNNNNNNNNNNNNNNNNNNNNNNNNNN	TRAV29/DV5*00(539.3)		TRAJ41*00(499.1)		529|542|562|0|13||130.0		27|51|82|21|45||240.0		TGTGCAGCAAGCGTCACGGGGAATTCCGGGTATGCACTCAACTTC	45	CAASVTGNSGYALNF	:::::::::0:0:13:::::21:-7:45:::
18213	381.0	1.497887624617567E-4	1	1.1548677676406051E-4	TGTGCAGGGAGCGGCACAGGCTTTCAGAAACTTGTATTT	NNNNNNNNNNNNNNNNNNNNNNNNNNNNNNNNNNNNNNN	TRAV25*00(545.7)		TRAJ8*00(520.1)		620|637|649|0|17|SC629ASC630GST632G|103.0		27|49|80|17|39||250.0		TGTGCAGGGAGCGGCACAGGCTTTCAGAAACTTGTATTT	45	CAGSGTGFQKLVF	:::::::::0:8:17:::::17:-7:39:::
1715	380.0	1.4939561610358934E-4	1	1.1548677676406051E-4	TGTGTGGTGATTGGGGATAACCAGGGAGGAAAGCTTATCTTC	NNNNNNNNNNNNNNNNNNNNNNNNNNNNNNNNNNNNNNNNNN	TRAV12-1*00(959.2)		TRAJ23*00(529.7)		539|549|572|0|10||100.0		26|52|83|16|42||260.0		TGTGTGGTGATTGGGGATAACCAGGGAGGAAAGCTTATCTTC	45	CVVIGDNQGGKLIF	:::::::::0:-3:10:::::16:-6:42:::
2561	380.0	1.4939561610358934E-4	1	1.1548677676406051E-4	TGTGCTCTGACCCACTCTAGCAACACAGGCAAACTAATCTTT	NNNNNNNNNNNNNNNNNNNNNNNNNNNNNNNNNNNNNNNNNN	TRAV9-2*00(709.7)		TRAJ37*00(560.6)		480|490|514|0|10||100.0		23|51|82|14|42|SG27A|251.0		TGTGCTCTGACCCACTCTAGCAACACAGGCAAACTAATCTTT	45	CALTHSSNTGKLIF	:::::::::0:-4:10:::::14:-3:42:::
2844	380.0	1.4939561610358934E-4	1	1.1548677676406051E-4	TGTGCTCTGAGGGGGAATTATGGAGGAAGCCAAGGAAATCTCATCTTT	NNNNNNNNNNNNNNNNNNNNNNNNNNNNNNNNNNNNNNNNNNNNNNNN	TRAV19*00(719.6)		TRAJ42*00(639.4)		556|567|593|0|11||110.0		21|55|86|14|48||340.0		TGTGCTCTGAGGGGGAATTATGGAGGAAGCCAAGGAAATCTCATCTTT	45	CALRGNYGGSQGNLIF	:::::::::0:-6:11:::::14:-1:48:::
2939	380.0	1.4939561610358934E-4	1	1.1548677676406051E-4	TGTGCTCTAGACGAGACACCAATGCAGGCAAATCAACCTTT	NNNNNNNNNNNNNNNNNNNNNNNNNNNNNNNNNNNNNNNNN	TRAV6*00(489.7)		TRAJ27*00(520.6)		535|547|568|0|12||120.0		22|48|79|15|41||260.0		TGTGCTCTAGACGAGACACCAATGCAGGCAAATCAACCTTT	45	CALDETP_AGKSTF	:::::::::0:-1:12:::::15:-2:41:::
3455	380.0	1.4939561610358934E-4	1	1.1548677676406051E-4	TGTGCTGTGCAGGCAAGTGGTACTAGCTATGGAAAGCTGACATTT	NNNNNNNNNNNNNNNNNNNNNNNNNNNNNNNNNNNNNNNNNNNNN	TRAV20*00(549.8)		TRAJ52*00(589.9)		498|512|531|0|14||140.0		29|58|89|16|45||290.0		TGTGCTGTGCAGGCAAGTGGTACTAGCTATGGAAAGCTGACATTT	45	CAVQASGTSYGKLTF	:::::::::0:1:14:::::16:-9:45:::
3847	380.0	1.4939561610358934E-4	1	1.1548677676406051E-4	TGTGCTGTGAGTTCTTCAGATGGCCAGAAGCTGCTCTTT	NNNNNNNNNNNNNNNNNNNNNNNNNNNNNNNNNNNNNNN	TRAV8-4*00(636.7)		TRAJ16*00(520.7)		476|488|510|0|12||120.0		24|49|80|14|39||250.0		TGTGCTGTGAGTTCTTCAGATGGCCAGAAGCTGCTCTTT	45	CAVSSSDGQKLLF	:::::::::0:-2:12:::::14:-4:39:::
4594	380.0	1.4939561610358934E-4	1	1.1548677676406051E-4	TGTGCTGGGCGGAACACCGGTAACCAGTTCTATTTT	NNNNNNNNNNNNNNNNNNNNNNNNNNNNNNNNNNNN	TRAV35*00(489.4)		TRAJ49*00(549.9)		588|598|620|0|10||100.0		20|45|76|11|36||250.0		TGTGCTGGGCGGAACACCGGTAACCAGTTCTATTTT	45	CAGRNTGNQFYF	:::::::::0:-2:10:::::11:0:36:::
4613	380.0	1.4939561610358934E-4	1	1.1548677676406051E-4	TGTGCTGGGCAGCTTTCTGGGGGTTACCAGAAAGTTACCTTT	NNNNNNNNNNNNNNNNNNNNNNNNNNNNNNNNNNNNNNNNNN	TRAV35*00(965.4)		TRAJ13*00(521)		588|602|620|0|14||140.0		24|52|83|14|42||280.0		TGTGCTGGGCAGCTTTCTGGGGGTTACCAGAAAGTTACCTTT	45	CAGQLSGGYQKVTF	:::::::::0:2:14:::::14:-4:42:::
5055	380.0	1.4939561610358934E-4	1	1.1548677676406051E-4	TGTGCCTTCGCCGATAACACCAATGCAGGCAAATCAACCTTT	NNNNNNNNNNNNNNNNNNNNNNNNNNNNNNNNNNNNNNNNNN	TRAV24*00(753.2)		TRAJ27*00(557.2)		515|523|545|0|8||80.0		19|48|79|13|42||290.0		TGTGCCTTCGCCGATAACACCAATGCAGGCAAATCAACCTTT	45	CAFADNTNAGKSTF	:::::::::0:-2:8:::::13:1:42:::
17428	380.0	1.4939561610358934E-4	1	1.1548677676406051E-4	TGTGCAGTGGTACAATAACAATGACATGCGCTTT	NNNNNNNNNNNNNNNNNNNNNNNNNNNNNNNNNN	TRAV13-2*00(519.8)		TRAJ43*00(549.9)		506|513|539|0|7||70.0		18|43|74|9|34||250.0		TGTGCAGTGGTACAATAACAATGACATGCGCTTT	45	CAVVQ*_NDMRF	:::::::::0:-6:7:::::9:2:34:::
17459	380.0	1.4939561610358934E-4	1	1.1548677676406051E-4	TGTGCAGCTACGACGGGAAGCAACTATCAGTTAATCTGG	NNNNNNNNNNNNNNNNNNNNNNNNNNNNNNNNNNNNNNN	TRAV13-1*00(939.2)		TRAJ33*00(489.8)		511|519|544|0|8||80.0		25|46|77|18|39||210.0		TGTGCAGCTACGACGGGAAGCAACTATCAGTTAATCTGG	45	CAATTGSNYQLIW	:::::::::0:-5:8:::::18:-5:39:::
18027	380.0	1.4939561610358934E-4	1	1.1548677676406051E-4	TGTGCAGCAAGCAAGGGACGGAACAATGACATGCGCTTT	NNNNNNNNNNNNNNNNNNNNNNNNNNNNNNNNNNNNNNN	TRAV23/DV6*00(499.6)		TRAJ43*00(479.8)		517|530|550|0|13||130.0		25|43|74|21|39||180.0		TGTGCAGCAAGCAAGGGACGGAACAATGACATGCGCTTT	45	CAASKGRNNDMRF	:::::::::0:0:13:::::21:-5:39:::
18533	380.0	1.4939561610358934E-4	1	1.1548677676406051E-4	TGTGCAGAAAACGGGTACCGGCACTGCCAGTAAACTCACCTTT	NNNNNNNNNNNNNNNNNNNNNNNNNNNNNNNNNNNNNNNNNNN	TRAV13-2*00(531.7)		TRAJ44*00(589.8)		506|517|539|0|11|SG514A|81.0		24|52|83|15|43||280.0		TGTGCAGAAAACGGGTACCGGCACTGCCAGTAAACTCACCTTT	45	CAENGYR_TASKLTF	:::::::::0:-2:11:::::15:-4:43:::
1577	379.0	1.49002469745422E-4	1	1.1548677676406051E-4	TGTGTTGTGATGACCGCCGGCACTGCCAGTAAACTCACCTTT	NNNNNNNNNNNNNNNNNNNNNNNNNNNNNNNNNNNNNNNNNN	TRAV8-2*00(635.7)		TRAJ44*00(569.7)		466|476|500|0|10||100.0		26|52|83|16|42||260.0		TGTGTTGTGATGACCGCCGGCACTGCCAGTAAACTCACCTTT	45	CVVMTAGTASKLTF	:::::::::0:-4:10:::::16:-6:42:::
1666	379.0	1.49002469745422E-4	1	1.1548677676406051E-4	TGTGTGGTCCTAAGCCAGGCAGGAACTGCTCTGATCTTT	NNNNNNNNNNNNNNNNNNNNNNNNNNNNNNNNNNNNNNN	TRAV12-1*00(939.6)		TRAJ15*00(442.8)		539|547|572|0|8||80.0		24|49|80|14|39||250.0		TGTGTGGTCCTAAGCCAGGCAGGAACTGCTCTGATCTTT	45	CVVLSQAGTALIF	:::::::::0:-5:8:::::14:-4:39:::
1903	379.0	1.49002469745422E-4	1	1.1548677676406051E-4	TGTGTGGTGAACGATGGGTGACATGCGCTTT	NNNNNNNNNNNNNNNNNNNNNNNNNNNNNNN	TRAV12-1*00(979.7)		TRAJ43*00(429.8)		539|551|572|0|12||120.0		30|43|74|18|31||130.0		TGTGTGGTGAACGATGGGTGACATGCGCTTT	45	CVVND_GDMRF	:::::::::0:-1:12:::::18:-10:31:::
1972	379.0	1.49002469745422E-4	1	1.1548677676406051E-4	TGTGTGGCCAAGGGACTCACGGGAGGAGGAAACAAACTCACCTTT	NNNNNNNNNNNNNNNNNNNNNNNNNNNNNNNNNNNNNNNNNNNNN	TRAV12-1*00(302.1)		TRAJ10*00(597.2)		539|546|572|0|7||70.0		22|53|84|14|45||310.0		TGTGTGGCCAAGGGACTCACGGGAGGAGGAAACAAACTCACCTTT	45	CVAKGLTGGGNKLTF	:::::::::0:-6:7:::::14:-2:45:::
2017	379.0	1.49002469745422E-4	1	1.1548677676406051E-4	TGTGCTTTCCATGGCTCTAGCAACACAGGCAAACTAATCTTT	NNNNNNNNNNNNNNNNNNNNNNNNNNNNNNNNNNNNNNNNNN	TRAV38-2/DV8*00(529.6)		TRAJ37*00(620.3)		602|609|638|0|7||70.0		17|51|82|8|42|SG27A|311.0		TGTGCTTTCCATGGCTCTAGCAACACAGGCAAACTAATCTTT	45	CAFHGSSNTGKLIF	:::::::::0:-9:7:::::8:3:42:::
2140	379.0	1.49002469745422E-4	1	1.1548677676406051E-4	TGTGCTTCGAATGACATGCGCTTT	NNNNNNNNNNNNNNNNNNNNNNNN	TRAV38-1*00(529.6)		TRAJ43*00(377.8)		596|603|633|0|7||70.0		28|43|74|9|24||150.0		TGTGCTTCGAATGACATGCGCTTT	45	CASNDMRF	:::::::::0:-10:7:::::9:-8:24:::
2473	379.0	1.49002469745422E-4	1	1.1548677676406051E-4	TGTGCTCTCGGAGCGGCGGGCAACAACCGTAAGCTGATTTGG	NNNNNNNNNNNNNNNNNNNNNNNNNNNNNNNNNNNNNNNNNN	TRAV19*00(689.2)		TRAJ38*00(540.4)		556|564|593|0|8||80.0		24|51|82|15|42|ST26G|241.0		TGTGCTCTCGGAGCGGCGGGCAACAACCGTAAGCTGATTTGG	45	CALGAAGNNRKLIW	:::::::::0:-9:8:::::15:-4:42:::
2700	379.0	1.49002469745422E-4	1	1.1548677676406051E-4	TGTGCTCTGAGTGAGCCCCCTGGTTCTGCAAGGCAACTGACCTTT	NNNNNNNNNNNNNNNNNNNNNNNNNNNNNNNNNNNNNNNNNNNNN	TRAV19*00(761.8)		TRAJ22*00(569.6)		556|576|593|0|20|SG571CSG573C|152.0		27|52|83|20|45||260.0		TGTGCTCTGAGTGAGCCCCCTGGTTCTGCAAGGCAACTGACCTTT	45	CALSEPPGSARQLTF	:::::::::0:3:20:::::20:-7:45:::
2742	379.0	1.49002469745422E-4	1	1.1548677676406051E-4	TGTGCTCTGAGTGAGGCGAGGGGATATGGTGGTGCTACAAACAAGCTCATCTTT	NNNNNNNNNNNNNNNNNNNNNNNNNNNNNNNNNNNNNNNNNNNNNNNNNNNNNN	TRAV19*00(769.3)		TRAJ32*00(599.7)		556|574|593|0|18||180.0		25|55|86|24|54||300.0		TGTGCTCTGAGTGAGGCGAGGGGATATGGTGGTGCTACAAACAAGCTCATCTTT	45	CALSEARGYGGATNKLIF	:::::::::0:1:18:::::24:-5:54:::
3539	379.0	1.49002469745422E-4	1	1.1548677676406051E-4	TGTGCTGTGGGTTCTTTTCTTCTGGTTCTGCAAGGCAACTGACCTTT	NNNNNNNNNNNNNNNNNNNNNNNNNNNNNNNNNNNNNNNNNNNNNNN	TRAV8-3*00(623.6)		TRAJ22*00(625.6)		455|467|489|0|12||120.0		20|52|83|15|47||320.0		TGTGCTGTGGGTTCTTTTCTTCTGGTTCTGCAAGGCAACTGACCTTT	45	CAVGSFLL_SARQLTF	:::::::::0:-2:12:::::15:0:47:::
3722	379.0	1.49002469745422E-4	1	1.1548677676406051E-4	TGTGCTGTGGAGGATTTTATGACAGGCTTTCAGAAACTTGTATTT	NNNNNNNNNNNNNNNNNNNNNNNNNNNNNNNNNNNNNNNNNNNNN	TRAV2*00(849.9)		TRAJ8*00(506.9)		519|534|553|0|15||150.0		25|49|80|21|45||240.0		TGTGCTGTGGAGGATTTTATGACAGGCTTTCAGAAACTTGTATTT	45	CAVEDFMTGFQKLVF	:::::::::0:1:15:::::21:-5:45:::
3860	379.0	1.49002469745422E-4	1	1.1548677676406051E-4	TGTGCTGTGAGTCTGGGGGAATATAGAAACAAACTGGTCTTT	NNNNNNNNNNNNNNNNNNNNNNNNNNNNNNNNNNNNNNNNNN	TRAV8-4*00(655.2)		TRAJ47*00(530.4)		476|488|510|0|12||120.0		21|46|77|17|42|SG28A|221.0		TGTGCTGTGAGTCTGGGGGAATATAGAAACAAACTGGTCTTT	45	CAVSLGEYRNKLVF	:::::::::0:-2:12:::::17:-1:42:::
3955	379.0	1.49002469745422E-4	1	1.1548677676406051E-4	TGTGCTGTGAGTGATCGGGGTTCTGCAAGGCAACTGACCTTT	NNNNNNNNNNNNNNNNNNNNNNNNNNNNNNNNNNNNNNNNNN	TRAV8-4*00(692.4)		TRAJ22*00(549.5)		476|492|510|0|16||160.0		28|52|83|18|42||240.0		TGTGCTGTGAGTGATCGGGGTTCTGCAAGGCAACTGACCTTT	45	CAVSDRGSARQLTF	:::::::::0:2:16:::::18:-8:42:::
4619	379.0	1.49002469745422E-4	1	1.1548677676406051E-4	TGTGCTGGGCAGCTTACCGATACCTCAGGAACCTACAAATACATCTTT	NNNNNNNNNNNNNNNNNNNNNNNNNNNNNNNNNNNNNNNNNNNNNNNN	TRAV35*00(741.8)		TRAJ40*00(548.8)		588|602|620|0|14||140.0		22|50|81|20|48||280.0		TGTGCTGGGCAGCTTACCGATACCTCAGGAACCTACAAATACATCTTT	45	CAGQLTDTSGTYKYIF	:::::::::0:2:14:::::20:-2:48:::
17524	379.0	1.49002469745422E-4	1	1.1548677676406051E-4	TGTGCAGCGACTCTGGGGCTGGGAGTTACCAACTCACTTTC	NNNNNNNNNNNNNNNNNNNNNNNNNNNNNNNNNNNNNNNNN	TRAV13-1*00(559.7)		TRAJ28*00(609.8)		511|519|544|0|8||80.0		23|55|86|9|41||320.0		TGTGCAGCGACTCTGGGGCTGGGAGTTACCAACTCACTTTC	45	CAATLGL_SYQLTF	:::::::::0:-5:8:::::9:-3:41:::
18048	379.0	1.49002469745422E-4	1	1.1548677676406051E-4	TGTGCAGCAAGGGGGGGTGCTGACGGACTCACCTTT	NNNNNNNNNNNNNNNNNNNNNNNNNNNNNNNNNNNN	TRAV29/DV5*00(519.6)		TRAJ45*00(520.8)		529|540|562|0|11||110.0		31|55|86|12|36|SA33G|211.0		TGTGCAGCAAGGGGGGGTGCTGACGGACTCACCTTT	45	CAARGGADGLTF	:::::::::0:-2:11:::::12:-11:36:::
18147	379.0	1.49002469745422E-4	1	1.1548677676406051E-4	TGTGCAGGGCTAGGGGGCGGATCTGAAAAGCTGGTCTTT	NNNNNNNNNNNNNNNNNNNNNNNNNNNNNNNNNNNNNNN	TRAV25*00(559.8)		TRAJ57*00(559.8)		620|630|649|0|10||100.0		27|52|83|14|39||250.0		TGTGCAGGGCTAGGGGGCGGATCTGAAAAGCTGGTCTTT	45	CAGLGGGSEKLVF	:::::::::0:1:10:::::14:-7:39:::
19079	379.0	1.49002469745422E-4	1	1.1548677676406051E-4	TGCCCCCCGGGGGGAGGCAAACTAATCTTT	NNNNNNNNNNNNNNNNNNNNNNNNNNNNNN	TRAV4*00(909.2)		TRAJ37*00(469.5)		768|772|804|0|4||40.0		35|51|82|14|30||160.0		TGCCCCCCGGGGGGAGGCAAACTAATCTTT	45	CPPGGGKLIF	:::::::::0:-12:4:::::14:-15:30:::
19167	379.0	1.49002469745422E-4	1	1.1548677676406051E-4	TGCGCTGCTTAGGGGAACAGAGATGACAAGATCATCTTT	NNNNNNNNNNNNNNNNNNNNNNNNNNNNNNNNNNNNNNN	TRAV1-1*00(640.3)		TRAJ30*00(559.6)		670|677|704|0|7||70.0		21|46|77|14|39||250.0		TGCGCTGCTTAGGGGAACAGAGATGACAAGATCATCTTT	45	CAA*GNRDDKIIF	:::::::::0:-7:7:::::14:-1:39:::
1337	378.0	1.4860932338725468E-4	2	2.3097355352812103E-4	TGTGCAGCAAGCGCGTGGGACAAGATCATCTTT	[[[[[[[[[[[[[[[[[[[[[[[[[[[[[[[[[	TRAV29/DV5*00(559.7)		TRAJ30*00(459.8)		529|544|562|0|15||150.0		31|46|77|18|33||150.0		TGTGCAGCAAGCGCGTGGGACAAGATCATCTTT	58	CAASAWDKIIF	:::::::::0:2:15:::::18:-11:33:::
1948	378.0	1.4860932338725468E-4	1	1.1548677676406051E-4	TGTGTGGTGAAGAGGGGAAGCTACATACCTACATTT	NNNNNNNNNNNNNNNNNNNNNNNNNNNNNNNNNNNN	TRAV12-1*00(969.1)		TRAJ6*00(519.5)		539|550|572|0|11||110.0		30|51|82|15|36||210.0		TGTGTGGTGAAGAGGGGAAGCTACATACCTACATTT	45	CVVKRGSYIPTF	:::::::::0:-2:11:::::15:-10:36:::
1953	378.0	1.4860932338725468E-4	1	1.1548677676406051E-4	TGTGTGGTGAAACCCCGGAACGACTACAAGCTCAGCTTT	NNNNNNNNNNNNNNNNNNNNNNNNNNNNNNNNNNNNNNN	TRAV12-1*00(968.7)		TRAJ20*00(489)		539|550|572|0|11||110.0		25|46|77|18|39||210.0		TGTGTGGTGAAACCCCGGAACGACTACAAGCTCAGCTTT	45	CVVKPRNDYKLSF	:::::::::0:-2:11:::::18:-5:39:::
2269	378.0	1.4860932338725468E-4	1	1.1548677676406051E-4	TGTGCTTACCCCGGTCCGGGAGGAGGTGCTGACGGACTCACCTTT	NNNNNNNNNNNNNNNNNNNNNNNNNNNNNNNNNNNNNNNNNNNNN	TRAV38-2/DV8*00(539.5)		TRAJ45*00(579.7)		602|610|638|0|8||80.0		28|55|86|18|45||270.0		TGTGCTTACCCCGGTCCGGGAGGAGGTGCTGACGGACTCACCTTT	45	CAYPGPGGGADGLTF	:::::::::0:-8:8:::::18:-8:45:::
2412	378.0	1.4860932338725468E-4	1	1.1548677676406051E-4	TGTGCTCTTGGGGAAGCCCTCGGGGAAGCAGGCAACATGCTCACCTTT	NNNNNNNNNNNNNNNNNNNNNNNNNNNNNNNNNNNNNNNNNNNNNNNN	TRDV1*00(1019.5)		TRAJ39*00(479.8)		573|588|610|0|15||150.0		31|52|83|27|48||210.0		TGTGCTCTTGGGGAAGCCCTCGGGGAAGCAGGCAACATGCTCACCTTT	45	CALGEALGEAGNMLTF	:::::::::0:-2:15:::::27:-11:48:::
3298	378.0	1.4860932338725468E-4	1	1.1548677676406051E-4	TGTGCTGTCAGTCCCCTCCATAAATATAGAAACAAACTGGTCTTT	NNNNNNNNNNNNNNNNNNNNNNNNNNNNNNNNNNNNNNNNNNNNN	TRAV41*00(623.3)		TRAJ47*00(510.1)		512|523|544|0|11||110.0		23|46|77|22|45|SG28A|201.0		TGTGCTGTCAGTCCCCTCCATAAATATAGAAACAAACTGGTCTTT	45	CAVSPLHKYRNKLVF	:::::::::0:-1:11:::::22:-3:45:::
3867	378.0	1.4860932338725468E-4	1	1.1548677676406051E-4	TGTGCTGTGAGTCCCCGGGGTGCAGGCAACATGCTCACCTTT	NNNNNNNNNNNNNNNNNNNNNNNNNNNNNNNNNNNNNNNNNN	TRAV8-6*00(689.7)		TRAJ39*00(529.1)		448|460|482|0|12||120.0		30|52|83|20|42||220.0		TGTGCTGTGAGTCCCCGGGGTGCAGGCAACATGCTCACCTTT	45	CAVSPRGAGNMLTF	:::::::::0:-2:12:::::20:-10:42:::
3912	378.0	1.4860932338725468E-4	1	1.1548677676406051E-4	TGTGCTGTGAGTGGCTCCGGTAACCAGTTCTATTTT	NNNNNNNNNNNNNNNNNNNNNNNNNNNNNNNNNNNN	TRAV8-4*00(679.6)		TRAJ49*00(499.6)		476|489|510|0|13||130.0		25|45|76|16|36||200.0		TGTGCTGTGAGTGGCTCCGGTAACCAGTTCTATTTT	45	CAVSGSGNQFYF	:::::::::0:-1:13:::::16:-5:36:::
4448	378.0	1.4860932338725468E-4	1	1.1548677676406051E-4	TGTGCTGCCAGGGTTGGGGGAGCCCAGAAGCTGGTATTT	NNNNNNNNNNNNNNNNNNNNNNNNNNNNNNNNNNNNNNN	TRAV36/DV7*00(560.3)		TRAJ54*00(509.1)		500|507|533|0|7||70.0		27|49|80|17|39||220.0		TGTGCTGCCAGGGTTGGGGGAGCCCAGAAGCTGGTATTT	45	CAARVGGAQKLVF	:::::::::0:-6:7:::::17:-7:39:::
4478	378.0	1.4860932338725468E-4	1	1.1548677676406051E-4	TGTGCTGCGAAGAGAACGGGAAGCCAAGGAAATCTCATCTTT	NNNNNNNNNNNNNNNNNNNNNNNNNNNNNNNNNNNNNNNNNN	TRAV8-4*00(620.7)		TRAJ42*00(539.8)		476|486|510|0|10|ST483C|71.0		31|55|86|18|42||240.0		TGTGCTGCGAAGAGAACGGGAAGCCAAGGAAATCTCATCTTT	45	CAAKRTGSQGNLIF	:::::::::0:-4:10:::::18:-11:42:::
6379	378.0	1.4860932338725468E-4	1	1.1548677676406051E-4	TGTGCCGTGAACCTGTATGGTAGCAACACAGGCAAACTAATCTTT	NNNNNNNNNNNNNNNNNNNNNNNNNNNNNNNNNNNNNNNNNNNNN	TRAV12-2*00(518.6)		TRAJ37*00(539.4)		551|567|584|0|16|SA563C|131.0		28|51|82|22|45||230.0		TGTGCCGTGAACCTGTATGGTAGCAACACAGGCAAACTAATCTTT	45	CAVNLYGSNTGKLIF	:::::::::0:3:16:::::22:-8:45:::
18222	378.0	1.4860932338725468E-4	1	1.1548677676406051E-4	TGTGCAGGATCTGGAGGCTCAACCCTGGGGAGGCTATACTTT	NNNNNNNNNNNNNNNNNNNNNNNNNNNNNNNNNNNNNNNNNN	TRAV5*00(429.8)		TRAJ18*00(599.7)		523|530|556|0|7||70.0		26|55|86|13|42||290.0		TGTGCAGGATCTGGAGGCTCAACCCTGGGGAGGCTATACTTT	45	CAGSGGSTLGRLYF	:::::::::0:-6:7:::::13:-6:42:::
18457	378.0	1.4860932338725468E-4	1	1.1548677676406051E-4	TGTGCAGAGAGAGTGGGCTTTGGGAATGTGCTGCATTGC	NNNNNNNNNNNNNNNNNNNNNNNNNNNNNNNNNNNNNNN	TRAV13-2*00(550)		TRAJ35*00(539.9)		506|516|539|0|10||100.0		24|48|79|15|39||240.0		TGTGCAGAGAGAGTGGGCTTTGGGAATGTGCTGCATTGC	45	CAERVGFGNVLHC	:::::::::0:-3:10:::::15:-4:39:::
18987	378.0	1.4860932338725468E-4	1	1.1548677676406051E-4	TGCCTCGTGGGTGCCCTGATCAAACTGGGGCAAACAACCTCTTCTTT	NNNNNNNNNNNNNNNNNNNNNNNNNNNNNNNNNNNNNNNNNNNNNNN	TRAV4*00(818.1)		TRAJ36*00(595.2)		768|781|804|0|13||130.0		17|48|79|16|47||310.0		TGCCTCGTGGGTGCCCTGATCAAACTGGGGCAAACAACCTCTTCTTT	45	CLVGALIK_GANNLFF	:::::::::0:-3:13:::::16:3:47:::
20430	378.0	1.4860932338725468E-4	1	1.1548677676406051E-4	TGCATCGTCAGAGTCATCGGTGGAGGTAGCAACTATAAACTGACATTT	NNNNNNNNNNNNNNNNNNNNNNNNNNNNNNNNNNNNNNNNNNNNNNNN	TRAV26-1*00(639.3)		TRAJ53*00(599.8)		763|778|799|0|15||150.0		26|55|86|19|48||290.0		TGCATCGTCAGAGTCATCGGTGGAGGTAGCAACTATAAACTGACATTT	45	CIVRVIGGGSNYKLTF	:::::::::0:-1:15:::::19:-6:48:::
1351	377.0	1.4821617702908733E-4	2	2.3097355352812103E-4	TGTGCAGAGAATACGAATGCAGGCAACATGCTCACCTTT	[[[[[[[[[[[[[[[[[[[[[[[[[[[[[[[[[[[[[[[	TRAV13-2*00(579.8)		TRAJ39*00(549.8)		506|517|539|0|11||130.0		24|52|83|11|39|SA26CST27G|252.0		TGTGCAGAGAATACGAATGCAGGCAACATGCTCACCTTT	58	CAENTNAGNMLTF	:::::::::0:-2:11:::::11:-4:39:::
2071	377.0	1.4821617702908733E-4	1	1.1548677676406051E-4	TGTGCTTTCATGAAGCATGATAAGGAGCTAACTATGGTCAGAATTTTGTCTTT	NNNNNNNNNNNNNNNNNNNNNNNNNNNNNNNNNNNNNNNNNNNNNNNNNNNNN	TRAV38-1*00(649.3)		TRAJ26*00(549.6)		596|615|633|0|19||190.0		24|49|80|28|53||250.0		TGTGCTTTCATGAAGCATGATAAGGAGCTAACTATGGTCAGAATTTTGTCTTT	45	CAFMKHDKE_NYGQNFVF	:::::::::0:2:19:::::28:-4:53:::
2453	377.0	1.4821617702908733E-4	1	1.1548677676406051E-4	TGTGCTCTCTATTCAGGAGGAGGTGCTGACGGACTCACCTTT	NNNNNNNNNNNNNNNNNNNNNNNNNNNNNNNNNNNNNNNNNN	TRAV9-2*00(705.5)		TRAJ45*00(639.4)		480|488|514|0|8||80.0		22|55|86|9|42||330.0		TGTGCTCTCTATTCAGGAGGAGGTGCTGACGGACTCACCTTT	45	CALYSGGGADGLTF	:::::::::0:-6:8:::::9:-2:42:::
2645	377.0	1.4821617702908733E-4	1	1.1548677676406051E-4	TGTGCTCTGAGTGATCTTGCTGGTAACACCGACAAGCTCATCTTT	NNNNNNNNNNNNNNNNNNNNNNNNNNNNNNNNNNNNNNNNNNNNN	TRAV9-2*00(769.4)		TRAJ34*00(519)		480|496|514|0|16||160.0		25|47|78|23|45||220.0		TGTGCTCTGAGTGATCTTGCTGGTAACACCGACAAGCTCATCTTT	45	CALSDLAGNTDKLIF	:::::::::0:2:16:::::23:-5:45:::
3107	377.0	1.4821617702908733E-4	1	1.1548677676406051E-4	TGTGCTCCACCCCTTGAACTCAAATTCCGGGTATGCACTCAACTTC	NNNNNNNNNNNNNNNNNNNNNNNNNNNNNNNNNNNNNNNNNNNNNN	TRAV8-6*00(629.8)		TRAJ41*00(569.6)		448|454|482|0|6||60.0		20|51|82|15|46||310.0		TGTGCTCCACCCCTTGAACTCAAATTCCGGGTATGCACTCAACTTC	45	CAPPLELK_SGYALNF	:::::::::0:-8:6:::::15:0:46:::
3371	377.0	1.4821617702908733E-4	1	1.1548677676406051E-4	TGTGCTGTGTGGGGCGGTGGTGCTACAAACAAGCTCATCTTT	NNNNNNNNNNNNNNNNNNNNNNNNNNNNNNNNNNNNNNNNNN	TRAV20*00(499.7)		TRAJ32*00(569.4)		498|507|531|0|9||90.0		28|55|86|15|42||270.0		TGTGCTGTGTGGGGCGGTGGTGCTACAAACAAGCTCATCTTT	45	CAVWGGGATNKLIF	:::::::::0:-4:9:::::15:-8:42:::
3669	377.0	1.4821617702908733E-4	1	1.1548677676406051E-4	TGTGCTGTGGACCCCCTAACACCAATGCAGGCAAATCAACCTTT	NNNNNNNNNNNNNNNNNNNNNNNNNNNNNNNNNNNNNNNNNNNN	TRAV22*00(539.8)		TRAJ27*00(570)		526|537|559|0|11||110.0		20|48|79|16|44||280.0		TGTGCTGTGGACCCCCTAACACCAATGCAGGCAAATCAACCTTT	45	CAVDPLT_NAGKSTF	:::::::::0:-2:11:::::16:0:44:::
4341	377.0	1.4821617702908733E-4	1	1.1548677676406051E-4	TGTGCTGTGAAGGGCAACTATCAGTTAATCTGG	NNNNNNNNNNNNNNNNNNNNNNNNNNNNNNNNN	TRAV21*00(969.8)		TRAJ33*00(489.2)		544|554|576|0|10||100.0		26|46|77|13|33||200.0		TGTGCTGTGAAGGGCAACTATCAGTTAATCTGG	45	CAVKGNYQLIW	:::::::::0:-2:10:::::13:-6:33:::
4383	377.0	1.4821617702908733E-4	1	1.1548677676406051E-4	TGTGCTGTAAGATAAAATGCAGGCAACATGCTCACCTTT	NNNNNNNNNNNNNNNNNNNNNNNNNNNNNNNNNNNNNNN	TRAV21*00(766.3)		TRAJ39*00(523.9)		544|555|576|0|11|SG552A|81.0		28|52|83|15|39||240.0		TGTGCTGTAAGATAAAATGCAGGCAACATGCTCACCTTT	45	CAVR*NAGNMLTF	:::::::::0:-1:11:::::15:-8:39:::
4519	377.0	1.4821617702908733E-4	1	1.1548677676406051E-4	TGTGCTGGCTAGGGGGGGGGATAGCAACTATCAGTTAATCTGG	NNNNNNNNNNNNNNNNNNNNNNNNNNNNNNNNNNNNNNNNNNN	TRAV41*00(748.8)		TRAJ33*00(538.6)		512|519|544|0|7||70.0		21|46|77|18|43||250.0		TGTGCTGGCTAGGGGGGGGGATAGCAACTATCAGTTAATCTGG	45	CAG*GGG_SNYQLIW	:::::::::0:-5:7:::::18:-1:43:::
6257	377.0	1.4821617702908733E-4	1	1.1548677676406051E-4	TGTGCCGTGGACAAGAGAGGTCGGGATATGGAGGAAGCCAAGGAAATCTCATCTTT	NNNNNNNNNNNNNNNNNNNNNNNNNNNNNNNNNNNNNNNNNNNNNNNNNNNNNNNN	TRAV39*00(749.2)		TRAJ42*00(598.8)		507|520|540|0|13||130.0		25|55|86|26|56||300.0		TGTGCCGTGGACAAGAGAGGTCGGGATATGGAGGAAGCCAAGGAAATCTCATCTTT	45	CAVDKRGRD_GGSQGNLIF	:::::::::0:0:13:::::26:-5:56:::
17813	377.0	1.4821617702908733E-4	1	1.1548677676406051E-4	TGTGCAGCAAGCCCTTTAAAGGAGGAAGCCAAGGAAATCTCATCTTT	NNNNNNNNNNNNNNNNNNNNNNNNNNNNNNNNNNNNNNNNNNNNNNN	TRAV29/DV5*00(530)		TRAJ42*00(569.8)		529|541|562|0|12||120.0		28|55|86|20|47||270.0		TGTGCAGCAAGCCCTTTAAAGGAGGAAGCCAAGGAAATCTCATCTTT	45	CAASPLKE_SQGNLIF	:::::::::0:-1:12:::::20:-8:47:::
18104	377.0	1.4821617702908733E-4	1	1.1548677676406051E-4	TGTGCAGGTCTACTTACCGGCACTGCCAGTAAACTCACCTTT	NNNNNNNNNNNNNNNNNNNNNNNNNNNNNNNNNNNNNNNNNN	TRAV27*00(605.8)		TRAJ44*00(589.2)		552|560|582|0|8||80.0		24|52|83|14|42||280.0		TGTGCAGGTCTACTTACCGGCACTGCCAGTAAACTCACCTTT	45	CAGLLTGTASKLTF	:::::::::0:-2:8:::::14:-4:42:::
18983	377.0	1.4821617702908733E-4	1	1.1548677676406051E-4	TGCCTCGTGGGTGTGCTGCTGGCAACAACCGTAAGCTGATTTGG	NNNNNNNNNNNNNNNNNNNNNNNNNNNNNNNNNNNNNNNNNNNN	TRAV4*00(999.3)		TRAJ38*00(539.7)		768|781|804|0|13||130.0		23|51|82|16|44||280.0		TGCCTCGTGGGTGTGCTGCTGGCAACAACCGTAAGCTGATTTGG	45	CLVGVLL_NNRKLIW	:::::::::0:-3:13:::::16:-3:44:::
2408	376.0	1.4782303067091998E-4	1	1.1548677676406051E-4	TGTGCTCTTGGGGAAGTTCGGAACCAATGCAGGCAAATCAACCTTT	NNNNNNNNNNNNNNNNNNNNNNNNNNNNNNNNNNNNNNNNNNNNNN	TRDV1*00(1019.2)		TRAJ27*00(489.1)		573|588|610|0|15||150.0		24|48|79|22|46||240.0		TGTGCTCTTGGGGAAGTTCGGAACCAATGCAGGCAAATCAACCTTT	45	CALGEVRN_NAGKSTF	:::::::::0:-2:15:::::22:-4:46:::
2502	376.0	1.4782303067091998E-4	1	1.1548677676406051E-4	TGTGCTCTGGCTCGCTAATGCTGGCAACAACCGTAAGCTGATTTGG	NNNNNNNNNNNNNNNNNNNNNNNNNNNNNNNNNNNNNNNNNNNNNN	TRAV9-2*00(699.7)		TRAJ38*00(609.8)		480|489|514|0|9||90.0		20|51|82|15|46||310.0		TGTGCTCTGGCTCGCTAATGCTGGCAACAACCGTAAGCTGATTTGG	45	CALAR*CW_NNRKLIW	:::::::::0:-5:9:::::15:0:46:::
2644	376.0	1.4782303067091998E-4	1	1.1548677676406051E-4	TGTGCTCTGAGTGATTGATTCAGGGAGCCCAGAAGCTGGTATTT	NNNNNNNNNNNNNNNNNNNNNNNNNNNNNNNNNNNNNNNNNNNN	TRAV9-2*00(759.4)		TRAJ54*00(559.7)		480|495|514|0|15||150.0		22|49|80|17|44||270.0		TGTGCTCTGAGTGATTGATTCAGGGAGCCCAGAAGCTGGTATTT	45	CALSD*F_GAQKLVF	:::::::::0:1:15:::::17:-2:44:::
2919	376.0	1.4782303067091998E-4	1	1.1548677676406051E-4	TGTGCTCTAGCGGTAGCACCGACAAGCTCATCTTT	NNNNNNNNNNNNNNNNNNNNNNNNNNNNNNNNNNN	TRAV6*00(469.5)		TRAJ34*00(490.8)		535|545|568|0|10||100.0		25|47|78|13|35|SA27G|191.0		TGTGCTCTAGCGGTAGCACCGACAAGCTCATCTTT	45	CALAVA_DKLIF	:::::::::0:-3:10:::::13:-5:35:::
3154	376.0	1.4782303067091998E-4	1	1.1548677676406051E-4	TGTGCTGTTTGAGAACACCGGTAACCAGTTCTATTTT	NNNNNNNNNNNNNNNNNNNNNNNNNNNNNNNNNNNNN	TRAV21*00(805.7)		TRAJ49*00(542.4)		544|552|576|0|8||80.0		20|45|76|12|37||250.0		TGTGCTGTTTGAGAACACCGGTAACCAGTTCTATTTT	45	CAV*EH_GNQFYF	:::::::::0:-4:8:::::12:0:37:::
3271	376.0	1.4782303067091998E-4	1	1.1548677676406051E-4	TGTGCTGTCGGGACCTCAGGAACCTACAAATACATCTTT	NNNNNNNNNNNNNNNNNNNNNNNNNNNNNNNNNNNNNNN	TRAV41*00(769.5)		TRAJ40*00(559.7)		512|521|544|0|9||90.0		23|50|81|12|39||270.0		TGTGCTGTCGGGACCTCAGGAACCTACAAATACATCTTT	45	CAVGTSGTYKYIF	:::::::::0:-3:9:::::12:-3:39:::
3307	376.0	1.4782303067091998E-4	1	1.1548677676406051E-4	TGTGCTGTCAGGCGTTGTTAGGGGGAATGTGCTGCATTGC	NNNNNNNNNNNNNNNNNNNNNNNNNNNNNNNNNNNNNNNN	TRAV41*00(626.1)		TRAJ35*00(479.9)		512|523|544|0|11||110.0		30|48|79|22|40||180.0		TGTGCTGTCAGGCGTTGTTAGGGGGAATGTGCTGCATTGC	45	CAVRRC*_GNVLHC	:::::::::0:-1:11:::::22:-10:40:::
3803	376.0	1.4782303067091998E-4	1	1.1548677676406051E-4	TGTGCTGTGACTTTGTACAATAACAATGACATGCGCTTT	NNNNNNNNNNNNNNNNNNNNNNNNNNNNNNNNNNNNNNN	TRAV8-4*00(632.3)		TRAJ43*00(569.4)		476|486|510|0|10||100.0		16|43|74|12|39||270.0		TGTGCTGTGACTTTGTACAATAACAATGACATGCGCTTT	45	CAVTLYNNNDMRF	:::::::::0:-4:10:::::12:4:39:::
4363	376.0	1.4782303067091998E-4	1	1.1548677676406051E-4	TGTGCTGTACTTATCAGGAGGAGGTGCTGACGGACTCACCTTT	NNNNNNNNNNNNNNNNNNNNNNNNNNNNNNNNNNNNNNNNNNN	TRAV8-4*00(593.6)		TRAJ45*00(609.5)		476|484|510|0|8||80.0		25|55|86|13|43||300.0		TGTGCTGTACTTATCAGGAGGAGGTGCTGACGGACTCACCTTT	45	CAVLIRR_GADGLTF	:::::::::0:-6:8:::::13:-5:43:::
4869	376.0	1.4782303067091998E-4	1	1.1548677676406051E-4	TGTGCTACGGACGCGAGGGTCACGGGAGGAGGAAACAAACTCACCTTT	NNNNNNNNNNNNNNNNNNNNNNNNNNNNNNNNNNNNNNNNNNNNNNNN	TRAV17*00(949.3)		TRAJ10*00(549.5)		490|505|523|0|15||150.0		24|53|84|19|48||290.0		TGTGCTACGGACGCGAGGGTCACGGGAGGAGGAAACAAACTCACCTTT	45	CATDARVTGGGNKLTF	:::::::::0:2:15:::::19:-4:48:::
6300	376.0	1.4782303067091998E-4	1	1.1548677676406051E-4	TGTGCCGTGACCCAGAGTGGGAATGTGCTGCATTGC	NNNNNNNNNNNNNNNNNNNNNNNNNNNNNNNNNNNN	TRAV12-2*00(787.1)		TRAJ35*00(489.5)		551|561|584|0|10||100.0		29|48|79|17|36||190.0		TGTGCCGTGACCCAGAGTGGGAATGTGCTGCATTGC	45	CAVTQSGNVLHC	:::::::::0:-3:10:::::17:-9:36:::
17314	376.0	1.4782303067091998E-4	1	1.1548677676406051E-4	TGTGCGTTCGACGATAATGCAGGCAACATGCTCACCTTT	NNNNNNNNNNNNNNNNNNNNNNNNNNNNNNNNNNNNNNN	TRAV13-2*00(499.3)		TRAJ39*00(569.7)		506|511|539|0|5||50.0		26|52|83|13|39||260.0		TGTGCGTTCGACGATAATGCAGGCAACATGCTCACCTTT	45	CAFDDNAGNMLTF	:::::::::0:-8:5:::::13:-6:39:::
18037	376.0	1.4782303067091998E-4	1	1.1548677676406051E-4	TGTGCAGCAAGGTGGGGAGCCCAGAAGCTGGTATTT	NNNNNNNNNNNNNNNNNNNNNNNNNNNNNNNNNNNN	TRAV13-1*00(969.5)		TRAJ54*00(506.4)		511|522|544|0|11||110.0		27|49|80|14|36||220.0		TGTGCAGCAAGGTGGGGAGCCCAGAAGCTGGTATTT	45	CAARWGAQKLVF	:::::::::0:-2:11:::::14:-7:36:::
18226	376.0	1.4782303067091998E-4	1	1.1548677676406051E-4	TGTGCAGGATGTATCGGGCACACCGGTAACCAGTTCTATTTT	NNNNNNNNNNNNNNNNNNNNNNNNNNNNNNNNNNNNNNNNNN	TRAV27*00(631.7)		TRAJ49*00(529.9)		552|561|582|0|9||90.0		22|45|76|19|42||230.0		TGTGCAGGATGTATCGGGCACACCGGTAACCAGTTCTATTTT	45	CAGCIGHTGNQFYF	:::::::::0:-1:9:::::19:-2:42:::
18311	376.0	1.4782303067091998E-4	1	1.1548677676406051E-4	TGTGCAGGAATCACGCAACAATGACATGCGCTTT	NNNNNNNNNNNNNNNNNNNNNNNNNNNNNNNNNN	TRAV25*00(539.9)		TRAJ43*00(479.8)		620|628|649|0|8||80.0		25|43|74|16|34||180.0		TGTGCAGGAATCACGCAACAATGACATGCGCTTT	45	CAGITQ_NDMRF	:::::::::0:-1:8:::::16:-5:34:::
19031	376.0	1.4782303067091998E-4	1	1.1548677676406051E-4	TGCCTCGTGGGTGACAGCGACTACAAGCTCAGCTTT	NNNNNNNNNNNNNNNNNNNNNNNNNNNNNNNNNNNN	TRAV4*00(779.6)		TRAJ20*00(489.6)		768|784|804|0|16||160.0		27|46|77|17|36||190.0		TGCCTCGTGGGTGACAGCGACTACAAGCTCAGCTTT	45	CLVGDSDYKLSF	:::::::::0:0:16:::::17:-7:36:::
21326	376.0	1.4782303067091998E-4	1	1.1548677676406051E-4	TGGCTTTGGAAATGAGAAATTAACCTTT	NNNNNNNNNNNNNNNNNNNNNNNNNNNN	TRAV29/DV5*00(429.8)		TRAJ48*00(559.5)		529|531|562|0|2||20.0		27|52|83|3|28||250.0		TGGCTTTGGAAATGAGAAATTAACCTTT	45	WLWK*_KLTF	:::::::::0:-11:2:::::3:-7:28:::
1479	375.0	1.4742988431275264E-4	1	1.1548677676406051E-4	TTCGATAACCAGGGAGGAAAGCTTATATTC	NNNNNNNNNNNNNNNNNNNNNNNNNNNNNN	TRAV12-1*00(855)		TRAJ23*00(540.7)		539|540|572|0|1||10.0		26|52|83|4|30|SC48A|231.0		TTCGATAACCAGGGAGGAAAGCTTATATTC	45	FDNQGGKLIF	:::::::::0:-12:1:::::4:-6:30:::
1826	375.0	1.4742988431275264E-4	1	1.1548677676406051E-4	TGTGTGGTGAGGGGCCCCAAGGAACCAATGCAGGCAAATCAACCTTT	NNNNNNNNNNNNNNNNNNNNNNNNNNNNNNNNNNNNNNNNNNNNNNN	TRAV10*00(1018.4)		TRAJ27*00(489.5)		575|586|608|0|11||110.0		24|48|79|23|47||240.0		TGTGTGGTGAGGGGCCCCAAGGAACCAATGCAGGCAAATCAACCTTT	45	CVVRGPKE_NAGKSTF	:::::::::0:-2:11:::::23:-4:47:::
2072	375.0	1.4742988431275264E-4	1	1.1548677676406051E-4	TGTGCTTTCATGAAGCATGACCTACCTCAGGAACCTACAAATACATCTTT	NNNNNNNNNNNNNNNNNNNNNNNNNNNNNNNNNNNNNNNNNNNNNNNNNN	TRAV38-1*00(649.8)		TRAJ40*00(579.6)		596|615|633|0|19||190.0		21|50|81|21|50||290.0		TGTGCTTTCATGAAGCATGACCTACCTCAGGAACCTACAAATACATCTTT	45	CAFMKHDL_SGTYKYIF	:::::::::0:2:19:::::21:-1:50:::
2564	375.0	1.4742988431275264E-4	1	1.1548677676406051E-4	TGTGCTCTGACCGAGAGGGACTGGGGCAAACAACCTCTTCTTT	NNNNNNNNNNNNNNNNNNNNNNNNNNNNNNNNNNNNNNNNNNN	TRAV19*00(709.8)		TRAJ36*00(549.3)		556|566|593|0|10||100.0		24|48|79|19|43||240.0		TGTGCTCTGACCGAGAGGGACTGGGGCAAACAACCTCTTCTTT	45	CALTERD_GANNLFF	:::::::::0:-7:10:::::19:-4:43:::
2741	375.0	1.4742988431275264E-4	1	1.1548677676406051E-4	TGTGCTCTGAGTGAGGCGAGGCAAACAACCTCTTCTTT	NNNNNNNNNNNNNNNNNNNNNNNNNNNNNNNNNNNNNN	TRAV19*00(789.1)		TRAJ36*00(499.5)		556|574|593|0|18||180.0		29|48|79|19|38||190.0		TGTGCTCTGAGTGAGGCGAGGCAAACAACCTCTTCTTT	45	CALSEA_ANNLFF	:::::::::0:1:18:::::19:-9:38:::
3230	375.0	1.4742988431275264E-4	1	1.1548677676406051E-4	TGTGCTGTCCCTTCTGGTTCTGCAAGGCAACTGACCTTT	NNNNNNNNNNNNNNNNNNNNNNNNNNNNNNNNNNNNNNN	TRAV2*00(813.5)		TRAJ22*00(573.8)		519|527|553|0|8||80.0		23|52|83|10|39||290.0		TGTGCTGTCCCTTCTGGTTCTGCAAGGCAACTGACCTTT	45	CAVPSGSARQLTF	:::::::::0:-6:8:::::10:-3:39:::
3638	375.0	1.4742988431275264E-4	1	1.1548677676406051E-4	TGTGCTGTGGGGGGTAAAGAACTCTGGGGCTGGGAGTTACCAACTCACTTTC	NNNNNNNNNNNNNNNNNNNNNNNNNNNNNNNNNNNNNNNNNNNNNNNNNNNN	TRAV22*00(529.8)		TRAJ28*00(608)		526|536|559|0|10||100.0		23|55|86|20|52||320.0		TGTGCTGTGGGGGGTAAAGAACTCTGGGGCTGGGAGTTACCAACTCACTTTC	45	CAVGGKELW_AGSYQLTF	:::::::::0:-3:10:::::20:-3:52:::
3937	375.0	1.4742988431275264E-4	1	1.1548677676406051E-4	TGTGCTGTGAGTGATCTTCCCGGTAACCAGTTCTATTTT	NNNNNNNNNNNNNNNNNNNNNNNNNNNNNNNNNNNNNNN	TRAV8-6*00(729.8)		TRAJ49*00(499.8)		448|464|482|0|16||160.0		25|45|76|19|39||200.0		TGTGCTGTGAGTGATCTTCCCGGTAACCAGTTCTATTTT	45	CAVSDLPGNQFYF	:::::::::0:2:16:::::19:-5:39:::
3994	375.0	1.4742988431275264E-4	1	1.1548677676406051E-4	TGTGCTGTGAGTGATAATGTATTCAGGAGGAGGTGCTGACGGACTCACCTTT	NNNNNNNNNNNNNNNNNNNNNNNNNNNNNNNNNNNNNNNNNNNNNNNNNNNN	TRAV8-6*00(709.6)		TRAJ45*00(669.7)		448|463|482|0|15||150.0		19|55|86|16|52||360.0		TGTGCTGTGAGTGATAATGTATTCAGGAGGAGGTGCTGACGGACTCACCTTT	45	CAVSDNVFR_GGADGLTF	:::::::::0:1:15:::::16:1:52:::
4040	375.0	1.4742988431275264E-4	1	1.1548677676406051E-4	TGTGCTGTGAGTGAAGTCATTATAACCAGGGAGGAAAGCTTATCTTC	NNNNNNNNNNNNNNNNNNNNNNNNNNNNNNNNNNNNNNNNNNNNNNN	TRAV8-6*00(709.8)		TRAJ23*00(550.7)		448|462|482|0|14||140.0		24|52|83|19|47||280.0		TGTGCTGTGAGTGAAGTCATTATAACCAGGGAGGAAAGCTTATCTTC	45	CAVSEVII_QGGKLIF	:::::::::0:0:14:::::19:-4:47:::
4493	375.0	1.4742988431275264E-4	1	1.1548677676406051E-4	TGTGCTGCAGGTGCGCACTAGGAATATAGAAACAAACTGGTCTTT	NNNNNNNNNNNNNNNNNNNNNNNNNNNNNNNNNNNNNNNNNNNNN	TRAV8-3*00(641.7),TRAV8-5*00(641.7)		TRAJ47*00(530.5)		455|473|489|0|18|ST462CSG463A|122.0;1528|1546|1562|0|18||180.0		21|46|77|20|45|SG28A|221.0		TGTGCTGCAGGTGCGCACTAGGAATATAGAAACAAACTGGTCTTT	45	CAAGAH*EYRNKLVF	:::::::::0:4:18:::::20:-1:45:::
4522	375.0	1.4742988431275264E-4	1	1.1548677676406051E-4	TGTGCTGGCCCCCCTCGGGGATGACAACTGACAGCTGGGGGAAATTGCAGTTT	NNNNNNNNNNNNNNNNNNNNNNNNNNNNNNNNNNNNNNNNNNNNNNNNNNNNN	TRAV21*00(429.9)		TRAJ24*00(619.5)		544|551|576|0|7||70.0		19|52|83|20|53||330.0		TGTGCTGGCCCCCCTCGGGGATGACAACTGACAGCTGGGGGAAATTGCAGTTT	45	CAGPPRG*Q_DSWGKLQF	:::::::::0:-5:7:::::20:1:53:::
4787	375.0	1.4742988431275264E-4	1	1.1548677676406051E-4	TGTGCTACGGTTCAACCCCGAGATCAAAGCTGCAGGCAACAAGCTAACTTTT	NNNNNNNNNNNNNNNNNNNNNNNNNNNNNNNNNNNNNNNNNNNNNNNNNNNN	TRAV17*00(898.8)		TRAJ17*00(569.5)		490|500|523|0|10||100.0		21|52|83|21|52||310.0		TGTGCTACGGTTCAACCCCGAGATCAAAGCTGCAGGCAACAAGCTAACTTTT	45	CATVQPRDQ_AAGNKLTF	:::::::::0:-3:10:::::21:-1:52:::
6247	375.0	1.4742988431275264E-4	1	1.1548677676406051E-4	TGTGCCGTGGACATAGCGAATTCCGGGTATGCACTCAACTTC	NNNNNNNNNNNNNNNNNNNNNNNNNNNNNNNNNNNNNNNNNN	TRAV39*00(743.6)		TRAJ41*00(499.3)		507|521|540|0|14||140.0		27|51|82|18|42||240.0		TGTGCCGTGGACATAGCGAATTCCGGGTATGCACTCAACTTC	45	CAVDIANSGYALNF	:::::::::0:1:14:::::18:-7:42:::
17518	375.0	1.4742988431275264E-4	1	1.1548677676406051E-4	TGTGCAGCGGGGATTCAGGAGGAGGTGCTGACGGACTCACCTTT	NNNNNNNNNNNNNNNNNNNNNNNNNNNNNNNNNNNNNNNNNNNN	TRAV13-1*00(939.3)		TRAJ45*00(589.5)		511|519|544|0|8||80.0		23|55|86|12|44||320.0		TGTGCAGCGGGGATTCAGGAGGAGGTGCTGACGGACTCACCTTT	45	CAAGIQE_GADGLTF	:::::::::0:-5:8:::::12:-3:44:::
17559	375.0	1.4742988431275264E-4	1	1.1548677676406051E-4	TGTGCAGCACGGGATAACAATGCCAGACTCATGTTT	NNNNNNNNNNNNNNNNNNNNNNNNNNNNNNNNNNNN	TRAV29/DV5*00(539.7)		TRAJ31*00(540.6)		529|538|562|0|9||90.0		19|46|77|9|36|SA22G|241.0		TGTGCAGCACGGGATAACAATGCCAGACTCATGTTT	45	CAARDNNARLMF	:::::::::0:-4:9:::::9:1:36:::
18201	375.0	1.4742988431275264E-4	1	1.1548677676406051E-4	TGTGCAGGGGGGAATAACCAGGGAGGAAAGCTTATCTTC	NNNNNNNNNNNNNNNNNNNNNNNNNNNNNNNNNNNNNNN	TRAV25*00(532.5)		TRAJ23*00(530.6)		620|629|649|0|9||90.0		26|52|83|13|39||260.0		TGTGCAGGGGGGAATAACCAGGGAGGAAAGCTTATCTTC	45	CAGGNNQGGKLIF	:::::::::0:0:9:::::13:-6:39:::
18383	375.0	1.4742988431275264E-4	1	1.1548677676406051E-4	TGTGCAGAGATTCTCCGTCCCAATGCAGGCAAATCAACCTTT	NNNNNNNNNNNNNNNNNNNNNNNNNNNNNNNNNNNNNNNNNN	TRAV13-2*00(549.8)		TRAJ27*00(519.6)		506|516|539|0|10||100.0		25|48|79|19|42||230.0		TGTGCAGAGATTCTCCGTCCCAATGCAGGCAAATCAACCTTT	45	CAEILRPNAGKSTF	:::::::::0:-3:10:::::19:-5:42:::
18594	375.0	1.4742988431275264E-4	1	1.1548677676406051E-4	TGTGCAATGAGTGATCGGAATAACAATGACATGCGCTTT	NNNNNNNNNNNNNNNNNNNNNNNNNNNNNNNNNNNNNNN	TRAV12-3*00(969.7)		TRAJ43*00(489.8)		562|573|595|0|11||110.0		22|43|74|18|39||210.0		TGTGCAATGAGTGATCGGAATAACAATGACATGCGCTTT	45	CAMSDRNNNDMRF	:::::::::0:-2:11:::::18:-2:39:::
2252	374.0	1.4703673795458532E-4	1	1.1548677676406051E-4	TGTGCTTATAGGAGAGGTGCAGAGATGACAAGATCATCTTT	NNNNNNNNNNNNNNNNNNNNNNNNNNNNNNNNNNNNNNNNN	TRAV38-2/DV8*00(600)		TRAJ30*00(529.7)		602|616|638|0|14||140.0		24|46|77|19|41||220.0		TGTGCTTATAGGAGAGGTGCAGAGATGACAAGATCATCTTT	45	CAYRRGA_DDKIIF	:::::::::0:-2:14:::::19:-4:41:::
2257	374.0	1.4703673795458532E-4	1	1.1548677676406051E-4	TGTGCTTATAGGAACGATATGAATTATGGAGGAAGCCAAGGAAATCTCATCTTT	NNNNNNNNNNNNNNNNNNNNNNNNNNNNNNNNNNNNNNNNNNNNNNNNNNNNNN	TRAV38-2/DV8*00(590.6)		TRAJ42*00(659.3)		602|618|638|0|16|SG615A|131.0		19|55|86|18|54||360.0		TGTGCTTATAGGAACGATATGAATTATGGAGGAAGCCAAGGAAATCTCATCTTT	45	CAYRNDMNYGGSQGNLIF	:::::::::0:0:16:::::18:1:54:::
2542	374.0	1.4703673795458532E-4	1	1.1548677676406051E-4	TGTGCTCTGATACTGGAGCCAATAGTAAGCTGACATTT	NNNNNNNNNNNNNNNNNNNNNNNNNNNNNNNNNNNNNN	TRAV9-2*00(709.6)		TRAJ56*00(599.7)		480|490|514|0|10||100.0		23|51|82|10|38||290.0		TGTGCTCTGATACTGGAGCCAATAGTAAGCTGACATTT	45	CALILE_NSKLTF	:::::::::0:-4:10:::::10:-3:38:::
2739	374.0	1.4703673795458532E-4	1	1.1548677676406051E-4	TGTGCTCTGAGTGAGGCGGACACCAATGCAGGCAAATCAACCTTT	NNNNNNNNNNNNNNNNNNNNNNNNNNNNNNNNNNNNNNNNNNNNN	TRAV19*00(790)		TRAJ27*00(549.6)		556|574|593|0|18||180.0		22|48|79|19|45||260.0		TGTGCTCTGAGTGAGGCGGACACCAATGCAGGCAAATCAACCTTT	45	CALSEADTNAGKSTF	:::::::::0:1:18:::::19:-2:45:::
3296	374.0	1.4703673795458532E-4	1	1.1548677676406051E-4	TGTGCTGTCACATGGATAGCAACTATCAGTTAATCTGG	NNNNNNNNNNNNNNNNNNNNNNNNNNNNNNNNNNNNNN	TRAV22*00(509.7)		TRAJ33*00(569.6)		526|534|559|0|8||80.0		18|46|77|10|38||280.0		TGTGCTGTCACATGGATAGCAACTATCAGTTAATCTGG	45	CAVTWI_NYQLIW	:::::::::0:-5:8:::::10:2:38:::
3411	374.0	1.4703673795458532E-4	1	1.1548677676406051E-4	TGTGCTGTGCGGGTGTTTCTACAAACAAGCTCATCTTT	NNNNNNNNNNNNNNNNNNNNNNNNNNNNNNNNNNNNNN	TRAV20*00(510.3)		TRAJ32*00(511.7)		498|510|531|0|12|SA508G|101.0		29|55|86|12|38|SG32TSG34T|212.0		TGTGCTGTGCGGGTGTTTCTACAAACAAGCTCATCTTT	45	CAVRVF_TNKLIF	:::::::::0:-1:12:::::12:-9:38:::
3586	374.0	1.4703673795458532E-4	1	1.1548677676406051E-4	TGTGCTGTGGGTGGCCTTTATGGAGGAAGCCAAGGAAATCTCATCTTT	NNNNNNNNNNNNNNNNNNNNNNNNNNNNNNNNNNNNNNNNNNNNNNNN	TRAV8-3*00(620.9)		TRAJ42*00(609.4)		455|468|489|0|13||130.0		24|55|86|17|48||310.0		TGTGCTGTGGGTGGCCTTTATGGAGGAAGCCAAGGAAATCTCATCTTT	45	CAVGGLYGGSQGNLIF	:::::::::0:-1:13:::::17:-4:48:::
3779	374.0	1.4703673795458532E-4	1	1.1548677676406051E-4	TGTGCTGTGGAAAAGGGAGGAAAGCTTATCTTC	NNNNNNNNNNNNNNNNNNNNNNNNNNNNNNNNN	TRAV21*00(959.5)		TRAJ23*00(470.7)		544|553|576|0|9||90.0		32|52|83|13|33||200.0		TGTGCTGTGGAAAAGGGAGGAAAGCTTATCTTC	45	CAVEKGGKLIF	:::::::::0:-3:9:::::13:-12:33:::
4336	374.0	1.4703673795458532E-4	1	1.1548677676406051E-4	TGTGCTGTGAACGACTACAAGCTCAGCTTT	NNNNNNNNNNNNNNNNNNNNNNNNNNNNNN	TRAV21*00(673.4)		TRAJ20*00(510.7)		544|554|576|0|10||100.0		26|46|77|10|30||210.0		TGTGCTGTGAACGACTACAAGCTCAGCTTT	45	CAVNDYKLSF	:::::::::0:-2:10:::::10:-6:30:::
4420	374.0	1.4703673795458532E-4	1	1.1548677676406051E-4	TGTGCTGCCCCTTTATATCTAACTTTGGAAATGAGAAATTAACCTTT	NNNNNNNNNNNNNNNNNNNNNNNNNNNNNNNNNNNNNNNNNNNNNNN	TRAV41*00(739.2)		TRAJ48*00(649.2)		512|519|544|0|7||70.0		18|52|83|13|47||340.0		TGTGCTGCCCCTTTATATCTAACTTTGGAAATGAGAAATTAACCTTT	45	CAAPLYLT_GNEKLTF	:::::::::0:-5:7:::::13:2:47:::
4452	374.0	1.4703673795458532E-4	1	1.1548677676406051E-4	TGTGCTGCGTCGACCCATAGTGGAGGTAGCAACTATAAACTGACATTT	NNNNNNNNNNNNNNNNNNNNNNNNNNNNNNNNNNNNNNNNNNNNNNNN	TRAV21*00(939.6)		TRAJ53*00(589.7)		544|551|576|0|7||70.0		23|55|86|16|48||320.0		TGTGCTGCGTCGACCCATAGTGGAGGTAGCAACTATAAACTGACATTT	45	CAASTHSGGSNYKLTF	:::::::::0:-5:7:::::16:-3:48:::
4760	374.0	1.4703673795458532E-4	1	1.1548677676406051E-4	TGTGCTATGAAAAGCTGGTCTTT	NNNNNNNNNNNNNNNNNNNNNNN	TRAV21*00(940.7)		TRAJ57*00(469.7)		544|553|576|0|9|SG550A|71.0		38|52|83|9|23||160.0		TGTGCTATGAAAAGCTGGTCTTT	45	CAMK_LVF	:::::::::0:-3:9:::::9:-18:23:::
5031	374.0	1.4703673795458532E-4	1	1.1548677676406051E-4	TGTGCCTTTAACAACTGGGGCAAACAACCTCTTCTTT	NNNNNNNNNNNNNNNNNNNNNNNNNNNNNNNNNNNNN	TRAV24*00(802.7)		TRAJ36*00(535.7)		515|525|545|0|10||100.0		23|48|79|12|37||250.0		TGTGCCTTTAACAACTGGGGCAAACAACCTCTTCTTT	45	CAFNNW_ANNLFF	:::::::::0:0:10:::::12:-3:37:::
6429	374.0	1.4703673795458532E-4	1	1.1548677676406051E-4	TGTGCCGTGAAGCAAACTCAAATTCCGGGTATGCACTCAACTTC	NNNNNNNNNNNNNNNNNNNNNNNNNNNNNNNNNNNNNNNNNNNN	TRAV12-2*00(969.6)		TRAJ41*00(529.2)		551|562|584|0|11||110.0		21|51|82|14|44||300.0		TGTGCCGTGAAGCAAACTCAAATTCCGGGTATGCACTCAACTTC	45	CAVKQTQ_SGYALNF	:::::::::0:-2:11:::::14:-1:44:::
6438	374.0	1.4703673795458532E-4	1	1.1548677676406051E-4	TGTGCCGTGAAGGGTGCAGGCAACAAGCTAACTTTT	NNNNNNNNNNNNNNNNNNNNNNNNNNNNNNNNNNNN	TRAV8-1*00(579.6)		TRAJ17*00(519.7)		474|485|508|0|11||110.0		30|52|83|14|36||220.0		TGTGCCGTGAAGGGTGCAGGCAACAAGCTAACTTTT	45	CAVKGAGNKLTF	:::::::::0:-3:11:::::14:-10:36:::
17443	374.0	1.4703673795458532E-4	1	1.1548677676406051E-4	TGTGCAGCTCTATAAGGCCCATCTACCTCAGGAACCTACAAATACATCTTT	NNNNNNNNNNNNNNNNNNNNNNNNNNNNNNNNNNNNNNNNNNNNNNNNNNN	TRAV23/DV6*00(449.7)		TRAJ40*00(579.5)		517|525|550|0|8||80.0		21|50|81|22|51||290.0		TGTGCAGCTCTATAAGGCCCATCTACCTCAGGAACCTACAAATACATCTTT	45	CAAL*GPSTSGTYKYIF	:::::::::0:-5:8:::::22:-1:51:::
18430	374.0	1.4703673795458532E-4	1	1.1548677676406051E-4	TGTGCAGAGAGTATACTGAACACAGGCAAACTAATCTTT	NNNNNNNNNNNNNNNNNNNNNNNNNNNNNNNNNNNNNNN	TRAV5*00(529.7)		TRAJ37*00(519.5)		523|540|556|0|17||170.0		30|51|82|18|39||210.0		TGTGCAGAGAGTATACTGAACACAGGCAAACTAATCTTT	45	CAESILNTGKLIF	:::::::::0:4:17:::::18:-10:39:::
19007	374.0	1.4703673795458532E-4	1	1.1548677676406051E-4	TGCCTCGTGGGTGACCCAGACTCATGTTT	NNNNNNNNNNNNNNNNNNNNNNNNNNNNN	TRAV4*00(1019.6)		TRAJ31*00(439.7)		768|783|804|0|15||150.0		32|46|77|15|29||140.0		TGCCTCGTGGGTGACCCAGACTCATGTTT	45	CLVGD_RLMF	:::::::::0:-1:15:::::15:-12:29:::
1574	373.0	1.4664359159641797E-4	1	1.1548677676406051E-4	TGTGTTGTGATTTTCCCGGTAACCAGTTCTATTTT	NNNNNNNNNNNNNNNNNNNNNNNNNNNNNNNNNNN	TRAV8-2*00(633.7)		TRAJ49*00(499.4)		466|476|500|0|10||100.0		25|45|76|15|35||200.0		TGTGTTGTGATTTTCCCGGTAACCAGTTCTATTTT	45	CVVIFP_NQFYF	:::::::::0:-4:10:::::15:-5:35:::
1736	373.0	1.4664359159641797E-4	1	1.1548677676406051E-4	TGTGTGGTGACCCGTAGTCAGCAACACAGGCAAACTAATCTTT	NNNNNNNNNNNNNNNNNNNNNNNNNNNNNNNNNNNNNNNNNNN	TRAV10*00(659.6)		TRAJ37*00(539.2)		575|585|608|0|10||100.0		28|51|82|20|43||230.0		TGTGTGGTGACCCGTAGTCAGCAACACAGGCAAACTAATCTTT	45	CVVTRSQ_NTGKLIF	:::::::::0:-3:10:::::20:-8:43:::
1835	373.0	1.4664359159641797E-4	1	1.1548677676406051E-4	TGTGTGGTGAATTCAGGATACAGCACCCTCACCTTT	NNNNNNNNNNNNNNNNNNNNNNNNNNNNNNNNNNNN	TRAV12-1*00(769.8)		TRAJ11*00(589.7)		539|548|572|0|9||110.0		22|49|80|9|36||290.0		TGTGTGGTGAATTCAGGATACAGCACCCTCACCTTT	45	CVVNSGYSTLTF	:::::::::0:-4:9:::::9:-2:36:::
2139	373.0	1.4664359159641797E-4	1	1.1548677676406051E-4	TGTGCTTCGACCGGCACTGCCAGTAAACTCACCTTT	NNNNNNNNNNNNNNNNNNNNNNNNNNNNNNNNNNNN	TRAV38-2/DV8*00(529.7)		TRAJ44*00(579.7)		602|609|638|0|7||70.0		25|52|83|9|36||270.0		TGTGCTTCGACCGGCACTGCCAGTAAACTCACCTTT	45	CASTGTASKLTF	:::::::::0:-9:7:::::9:-5:36:::
2293	373.0	1.4664359159641797E-4	1	1.1548677676406051E-4	TGTGCTCTTCCTACACCGGTAACCAGTTCTATTTT	NNNNNNNNNNNNNNNNNNNNNNNNNNNNNNNNNNN	TRAV19*00(689.6)		TRAJ49*00(529.3)		556|564|593|0|8||80.0		22|45|76|12|35||230.0		TGTGCTCTTCCTACACCGGTAACCAGTTCTATTTT	45	CALPTP_NQFYF	:::::::::0:-9:8:::::12:-2:35:::
2305	373.0	1.4664359159641797E-4	1	1.1548677676406051E-4	TGTGCTCTTGCCACGAACACCGGTAACCAGTTCTATTTT	NNNNNNNNNNNNNNNNNNNNNNNNNNNNNNNNNNNNNNN	TRAV9-2*00(702.3)		TRAJ49*00(559.9)		480|488|514|0|8||80.0		19|45|76|13|39||260.0		TGTGCTCTTGCCACGAACACCGGTAACCAGTTCTATTTT	45	CALATNTGNQFYF	:::::::::0:-6:8:::::13:1:39:::
2540	373.0	1.4664359159641797E-4	1	1.1548677676406051E-4	TGTGCTCTGATGGGAGGAAGCTACATACCTACATTT	NNNNNNNNNNNNNNNNNNNNNNNNNNNNNNNNNNNN	TRAV9-2*00(709.4)		TRAJ6*00(549.5)		480|490|514|0|10||100.0		27|51|82|12|36||240.0		TGTGCTCTGATGGGAGGAAGCTACATACCTACATTT	45	CALMGGSYIPTF	:::::::::0:-4:10:::::12:-7:36:::
2796	373.0	1.4664359159641797E-4	1	1.1548677676406051E-4	TGTGCTCTGAGTACCCCCAATACCGGCACTGCCAGTAAACTCACCTTT	NNNNNNNNNNNNNNNNNNNNNNNNNNNNNNNNNNNNNNNNNNNNNNNN	TRAV9-2*00(717.8)		TRAJ44*00(609.6)		480|492|514|0|12||120.0		22|52|83|18|48||300.0		TGTGCTCTGAGTACCCCCAATACCGGCACTGCCAGTAAACTCACCTTT	45	CALSTPNTGTASKLTF	:::::::::0:-2:12:::::18:-2:48:::
3015	373.0	1.4664359159641797E-4	1	1.1548677676406051E-4	TGTGCTCTAAGAGGGGTGGTACTAGCTATGGAAAGCTGACATTT	NNNNNNNNNNNNNNNNNNNNNNNNNNNNNNNNNNNNNNNNNNNN	TRAV16*00(979.9)		TRAJ52*00(559.7)		449|463|483|0|14|ST460A|111.0		28|58|89|14|44||300.0		TGTGCTCTAAGAGGGGTGGTACTAGCTATGGAAAGCTGACATTT	45	CALRGVV_SYGKLTF	:::::::::0:0:14:::::14:-8:44:::
3159	373.0	1.4664359159641797E-4	1	1.1548677676406051E-4	TGTGCTGTTTATATCCGGTAACCAGTTCTATTTT	NNNNNNNNNNNNNNNNNNNNNNNNNNNNNNNNNN	TRAV21*00(949.5)		TRAJ49*00(499.5)		544|552|576|0|8||80.0		25|45|76|14|34||200.0		TGTGCTGTTTATATCCGGTAACCAGTTCTATTTT	45	CAVYIR_NQFYF	:::::::::0:-4:8:::::14:-5:34:::
3516	373.0	1.4664359159641797E-4	1	1.1548677676406051E-4	TGTGCTGTGGCCCTCTTTTCAGATGGCCAGAAGCTGCTCTTT	NNNNNNNNNNNNNNNNNNNNNNNNNNNNNNNNNNNNNNNNNN	TRAV8-3*00(590.7)		TRAJ16*00(540.6)		455|465|489|0|10||100.0		22|49|80|15|42||270.0		TGTGCTGTGGCCCTCTTTTCAGATGGCCAGAAGCTGCTCTTT	45	CAVALFSDGQKLLF	:::::::::0:-4:10:::::15:-2:42:::
4584	373.0	1.4664359159641797E-4	1	1.1548677676406051E-4	TGTGCTGGGCGCCACCCAGTTCTAACGACTACAAGCTCAGCTTT	NNNNNNNNNNNNNNNNNNNNNNNNNNNNNNNNNNNNNNNNNNNN	TRAV35*00(925)		TRAJ20*00(519.7)		588|598|620|0|10||100.0		20|46|77|18|44||260.0		TGTGCTGGGCGCCACCCAGTTCTAACGACTACAAGCTCAGCTTT	45	CAGRHPV_NDYKLSF	:::::::::0:-2:10:::::18:0:44:::
5691	373.0	1.4664359159641797E-4	1	1.1548677676406051E-4	TGTGCCTCCGGCCTCTCAGGAACCTACAAATACATCTTT	NNNNNNNNNNNNNNNNNNNNNNNNNNNNNNNNNNNNNNN	TRAV24*00(684.2)		TRAJ40*00(521.8)		515|522|545|0|7||70.0		25|50|81|14|39||250.0		TGTGCCTCCGGCCTCTCAGGAACCTACAAATACATCTTT	45	CASGLSGTYKYIF	:::::::::0:-3:7:::::14:-5:39:::
17852	373.0	1.4664359159641797E-4	1	1.1548677676406051E-4	TGTGCAGCAAGCGTAGGGGGACAGGGAGCCCAGAAGCTGGTATTT	NNNNNNNNNNNNNNNNNNNNNNNNNNNNNNNNNNNNNNNNNNNNN	TRAV29/DV5*00(539.8)		TRAJ54*00(529.5)		529|542|562|0|13||130.0		25|49|80|21|45||240.0		TGTGCAGCAAGCGTAGGGGGACAGGGAGCCCAGAAGCTGGTATTT	45	CAASVGGQGAQKLVF	:::::::::0:0:13:::::21:-5:45:::
18412	373.0	1.4664359159641797E-4	1	1.1548677676406051E-4	TGTGCAGAGACGAAAACGGGGGCCATATGGAAACAAGCTGGTCTTT	NNNNNNNNNNNNNNNNNNNNNNNNNNNNNNNNNNNNNNNNNNNNNN	TRAV13-2*00(549.5)		TRAJ47*00(500.7)		506|516|539|0|10||100.0		24|46|77|24|46|SA36G|191.0		TGTGCAGAGACGAAAACGGGGGCCATATGGAAACAAGCTGGTCTTT	45	CAETKTGA_YGNKLVF	:::::::::0:-3:10:::::24:-4:46:::
19082	373.0	1.4664359159641797E-4	1	1.1548677676406051E-4	TGCCCGACGAACACCGGTAACCAGTTCTATTTT	NNNNNNNNNNNNNNNNNNNNNNNNNNNNNNNNN	TRAV26-2*00(799.5)		TRAJ49*00(559.3)		791|794|826|0|3||30.0		19|45|76|7|33||260.0		TGCCCGACGAACACCGGTAACCAGTTCTATTTT	45	CPTNTGNQFYF	:::::::::0:-12:3:::::7:1:33:::
20231	373.0	1.4664359159641797E-4	1	1.1548677676406051E-4	TGCATCCTGAGGGAAGTGTACAATAACAATGACATGCGCTTT	NNNNNNNNNNNNNNNNNNNNNNNNNNNNNNNNNNNNNNNNNN	TRAV26-2*00(881.4)		TRAJ43*00(559.7)		791|808|826|0|17|SA802GSC805A|112.0		18|43|74|17|42||260.0		TGCATCCTGAGGGAAGTGTACAATAACAATGACATGCGCTTT	45	CILREVYNNNDMRF	:::::::::0:2:17:::::17:2:42:::
21356	373.0	1.4664359159641797E-4	1	1.1548677676406051E-4	TAAAACACTTTGTACTCTGGGGCTGGGAGTTACCAACTCACTTTC	NNNNNNNNNNNNNNNNNNNNNNNNNNNNNNNNNNNNNNNNNNNNN	TRAV27*00(572.4)		TRAJ28*00(619.1)		552|553|582|0|1||10.0		22|55|86|12|45||330.0		TAAAACACTTTGTACTCTGGGGCTGGGAGTTACCAACTCACTTTC	45	*NTLYSGAGSYQLTF	:::::::::0:-9:1:::::12:-2:45:::
1922	372.0	1.4625044523825062E-4	1	1.1548677676406051E-4	TGTGTGGTGAACACCCGGAACAGAGATGACAAGATCATCTTT	NNNNNNNNNNNNNNNNNNNNNNNNNNNNNNNNNNNNNNNNNN	TRAV12-1*00(802.8)		TRAJ30*00(533)		539|552|572|0|13||130.0		21|46|77|17|42||250.0		TGTGTGGTGAACACCCGGAACAGAGATGACAAGATCATCTTT	45	CVVNTRNRDDKIIF	:::::::::0:0:13:::::17:-1:42:::
1968	372.0	1.4625044523825062E-4	1	1.1548677676406051E-4	TGTGTGGCCCCGGTGGTGCTACAAACAAGCTCATCTTT	NNNNNNNNNNNNNNNNNNNNNNNNNNNNNNNNNNNNNN	TRAV12-1*00(871.3)		TRAJ32*00(559.7)		539|546|572|0|7||70.0		28|55|86|11|38||270.0		TGTGTGGCCCCGGTGGTGCTACAAACAAGCTCATCTTT	45	CVAPVV_TNKLIF	:::::::::0:-6:7:::::11:-8:38:::
2673	372.0	1.4625044523825062E-4	1	1.1548677676406051E-4	TGTGCTCTGAGTGATACCCTTAAAAGAGGGAGGAAAGCTTATCTTC	NNNNNNNNNNNNNNNNNNNNNNNNNNNNNNNNNNNNNNNNNNNNNN	TRAV19*00(749.8)		TRAJ23*00(470.8)		556|570|593|0|14||140.0		32|52|83|26|46||200.0		TGTGCTCTGAGTGATACCCTTAAAAGAGGGAGGAAAGCTTATCTTC	45	CALSDTLK_EGGKLIF	:::::::::0:-3:14:::::26:-12:46:::
2736	372.0	1.4625044523825062E-4	1	1.1548677676406051E-4	TGTGCTCTGAGTGAGGCGGGTAGCAACTATCAGTTAATCTGG	NNNNNNNNNNNNNNNNNNNNNNNNNNNNNNNNNNNNNNNNNN	TRAV19*00(789.6)		TRAJ33*00(510.3)		556|574|593|0|18||180.0		22|46|77|18|42|SA23G|221.0		TGTGCTCTGAGTGAGGCGGGTAGCAACTATCAGTTAATCTGG	45	CALSEAGSNYQLIW	:::::::::0:1:18:::::18:-2:42:::
2760	372.0	1.4625044523825062E-4	1	1.1548677676406051E-4	TGTGCTCTGAGTGAGGGAACACAGGCTTTCAGAAACTTGTATTT	NNNNNNNNNNNNNNNNNNNNNNNNNNNNNNNNNNNNNNNNNNNN	TRAV9-2*00(749.6)		TRAJ8*00(569.7)		480|494|514|0|14||140.0		21|49|80|16|44||280.0		TGTGCTCTGAGTGAGGGAACACAGGCTTTCAGAAACTTGTATTT	45	CALSEGT_GFQKLVF	:::::::::0:0:14:::::16:-1:44:::
3521	372.0	1.4625044523825062E-4	1	1.1548677676406051E-4	TGTGCTGTGGCCCCCCCGAACACCGGTAACCAGTTCTATTTT	NNNNNNNNNNNNNNNNNNNNNNNNNNNNNNNNNNNNNNNNNN	TRAV8-3*00(590.8)		TRAJ49*00(559.5)		455|465|489|0|10||100.0		19|45|76|16|42||260.0		TGTGCTGTGGCCCCCCCGAACACCGGTAACCAGTTCTATTTT	45	CAVAPPNTGNQFYF	:::::::::0:-4:10:::::16:1:42:::
3902	372.0	1.4625044523825062E-4	1	1.1548677676406051E-4	TGTGCTGTGAGTGCAGGCAACATGCTCACCTTT	NNNNNNNNNNNNNNNNNNNNNNNNNNNNNNNNN	TRAV36/DV7*00(609.3)		TRAJ39*00(529)		500|509|533|0|9||90.0		30|52|83|11|33||220.0		TGTGCTGTGAGTGCAGGCAACATGCTCACCTTT	45	CAVSAGNMLTF	:::::::::0:-4:9:::::11:-10:33:::
4064	372.0	1.4625044523825062E-4	1	1.1548677676406051E-4	TGTGCTGTGAGTAGTAACCAGGGAGGAAAGCTTATCTTC	NNNNNNNNNNNNNNNNNNNNNNNNNNNNNNNNNNNNNNN	TRAV8-4*00(669.3)		TRAJ23*00(520.7)		476|488|510|0|12||120.0		27|52|83|14|39||250.0		TGTGCTGTGAGTAGTAACCAGGGAGGAAAGCTTATCTTC	45	CAVSSNQGGKLIF	:::::::::0:-2:12:::::14:-7:39:::
4604	372.0	1.4625044523825062E-4	1	1.1548677676406051E-4	TGTGCTGGGCAGTTCATTCCGGGTATGCACTCAACTTC	NNNNNNNNNNNNNNNNNNNNNNNNNNNNNNNNNNNNNN	TRAV35*00(943.9)		TRAJ41*00(489.6)		588|600|620|0|12||120.0		28|51|82|15|38||230.0		TGTGCTGGGCAGTTCATTCCGGGTATGCACTCAACTTC	45	CAGQFI_GYALNF	:::::::::0:0:12:::::15:-8:38:::
4704	372.0	1.4625044523825062E-4	1	1.1548677676406051E-4	TGTGCTGGGGGCTACCGGTCTGGAATATGGAAACAAGCTGGTCTTT	NNNNNNNNNNNNNNNNNNNNNNNNNNNNNNNNNNNNNNNNNNNNNN	TRAV35*00(709.6)		TRAJ47*00(519.9)		588|597|620|0|9||90.0		20|46|77|20|46|SA36G|231.0		TGTGCTGGGGGCTACCGGTCTGGAATATGGAAACAAGCTGGTCTTT	45	CAGGYRSG_YGNKLVF	:::::::::0:-3:9:::::20:0:46:::
4975	372.0	1.4625044523825062E-4	1	1.1548677676406051E-4	TGTGCCTTTTTCTGGGGAGCCCAGAAGCTGGTATTT	NNNNNNNNNNNNNNNNNNNNNNNNNNNNNNNNNNNN	TRAV24*00(984.5)		TRAJ54*00(490.8)		515|524|545|0|9||90.0		27|49|80|14|36||220.0		TGTGCCTTTTTCTGGGGAGCCCAGAAGCTGGTATTT	45	CAFFWGAQKLVF	:::::::::0:-1:9:::::14:-7:36:::
6311	372.0	1.4625044523825062E-4	1	1.1548677676406051E-4	TGTGCCGTGAGCTAACCAGGGAGGAAAGCTTATCTTC	NNNNNNNNNNNNNNNNNNNNNNNNNNNNNNNNNNNNN	TRAV12-2*00(697.8)		TRAJ23*00(554.7)		551|561|584|0|10||100.0		27|52|83|12|37||250.0		TGTGCCGTGAGCTAACCAGGGAGGAAAGCTTATCTTC	45	CAVS*P_GGKLIF	:::::::::0:-3:10:::::12:-7:37:::
17336	372.0	1.4625044523825062E-4	1	1.1548677676406051E-4	TGTGCGGTAGTAACCTAACACCGGTAACCAGTTCTATTTT	NNNNNNNNNNNNNNNNNNNNNNNNNNNNNNNNNNNNNNNN	TRAV13-1*00(529.7)		TRAJ49*00(539.8)		511|516|544|0|5||50.0		21|45|76|16|40||240.0		TGTGCGGTAGTAACCTAACACCGGTAACCAGTTCTATTTT	45	CAVVT*H_GNQFYF	:::::::::0:-8:5:::::16:-1:40:::
17550	372.0	1.4625044523825062E-4	1	1.1548677676406051E-4	TGTGCAGCACCTATGGTGGTACTAGCTATGGAAAGCTGACATTT	NNNNNNNNNNNNNNNNNNNNNNNNNNNNNNNNNNNNNNNNNNNN	TRAV23/DV6*00(459.9)		TRAJ52*00(609.8)		517|526|550|0|9||90.0		27|58|89|13|44||310.0		TGTGCAGCACCTATGGTGGTACTAGCTATGGAAAGCTGACATTT	45	CAAPMVV_SYGKLTF	:::::::::0:-4:9:::::13:-7:44:::
18569	372.0	1.4625044523825062E-4	1	1.1548677676406051E-4	TGTGCAATGGGGGGGGGAACAACAGACTCGCTTTT	NNNNNNNNNNNNNNNNNNNNNNNNNNNNNNNNNNN	TRAV14/DV4*00(815.7)		TRAJ7*00(496.5)		517|526|554|0|9||90.0		27|48|79|14|35||210.0		TGTGCAATGGGGGGGGGAACAACAGACTCGCTTTT	45	CAMGGG_NRLAF	:::::::::0:-8:9:::::14:-7:35:::
20235	372.0	1.4625044523825062E-4	1	1.1548677676406051E-4	TGCATCCTGAGACCCCTAATGCTGGCAACAACCGTAAGCTGATTTGG	NNNNNNNNNNNNNNNNNNNNNNNNNNNNNNNNNNNNNNNNNNNNNNN	TRAV26-2*00(888.1)		TRAJ38*00(569.4)		791|803|826|0|12||120.0		20|51|82|16|47||310.0		TGCATCCTGAGACCCCTAATGCTGGCAACAACCGTAAGCTGATTTGG	45	CILRPLML_NNRKLIW	:::::::::0:-3:12:::::16:0:47:::
20479	372.0	1.4625044523825062E-4	1	1.1548677676406051E-4	TGCATCGCCCCAGCCCTTTACCTCAGGAACCTACAAATACATCTTT	NNNNNNNNNNNNNNNNNNNNNNNNNNNNNNNNNNNNNNNNNNNNNN	TRAV26-1*00(559.8)		TRAJ40*00(569.5)		763|770|799|0|7||70.0		22|50|81|18|46||280.0		TGCATCGCCCCAGCCCTTTACCTCAGGAACCTACAAATACATCTTT	45	CIAPALYL_GTYKYIF	:::::::::0:-9:7:::::18:-2:46:::
1690	371.0	1.4585729888008328E-4	1	1.1548677676406051E-4	TGTGTGGTGCACACTCTCACCGGTAACCAGTTCTATTTT	NNNNNNNNNNNNNNNNNNNNNNNNNNNNNNNNNNNNNNN	TRAV12-1*00(960.6)		TRAJ49*00(499.6)		539|552|572|0|13|SA548C|101.0		23|45|76|17|39||220.0		TGTGTGGTGCACACTCTCACCGGTAACCAGTTCTATTTT	45	CVVHTLTGNQFYF	:::::::::0:0:13:::::17:-3:39:::
2038	371.0	1.4585729888008328E-4	1	1.1548677676406051E-4	TGTGCTTTCATGGACACGGGCAGGAGAGCACTTACTTTT	NNNNNNNNNNNNNNNNNNNNNNNNNNNNNNNNNNNNNNN	TRAV17*00(858.2)		TRAJ5*00(609.6)		490|496|523|0|6||60.0		18|49|80|8|39||310.0		TGTGCTTTCATGGACACGGGCAGGAGAGCACTTACTTTT	45	CAFMDTGRRALTF	:::::::::0:-7:6:::::8:2:39:::
2046	371.0	1.4585729888008328E-4	1	1.1548677676406051E-4	TGTGCTTTCATGAATTATGGAGGAAGCCAAGGAAATCTCATCTTT	NNNNNNNNNNNNNNNNNNNNNNNNNNNNNNNNNNNNNNNNNNNNN	TRAV38-1*00(599.6)		TRAJ42*00(639.6)		596|606|633|0|10||140.0		20|55|86|10|45||390.0		TGTGCTTTCATGAATTATGGAGGAAGCCAAGGAAATCTCATCTTT	45	CAFMNYGGSQGNLIF	:::::::::0:-7:10:::::10:0:45:::
2178	371.0	1.4585729888008328E-4	1	1.1548677676406051E-4	TGTGCTTATATTCCCGGCACTGCCAGTAAACTCACCTTT	NNNNNNNNNNNNNNNNNNNNNNNNNNNNNNNNNNNNNNN	TRAV38-2/DV8*00(559.6)		TRAJ44*00(569.7)		602|612|638|0|10||100.0		26|52|83|13|39||260.0		TGTGCTTATATTCCCGGCACTGCCAGTAAACTCACCTTT	45	CAYIPGTASKLTF	:::::::::0:-6:10:::::13:-6:39:::
2763	371.0	1.4585729888008328E-4	1	1.1548677676406051E-4	TGTGCTCTGAGTGAGGACTTGGACACGGGCAGGAGAGCACTTACTTTT	NNNNNNNNNNNNNNNNNNNNNNNNNNNNNNNNNNNNNNNNNNNNNNNN	TRAV19*00(769.6)		TRAJ5*00(589.8)		556|572|593|0|16||160.0		20|49|80|19|48||290.0		TGTGCTCTGAGTGAGGACTTGGACACGGGCAGGAGAGCACTTACTTTT	45	CALSEDLDTGRRALTF	:::::::::0:-1:16:::::19:0:48:::
4839	371.0	1.4585729888008328E-4	1	1.1548677676406051E-4	TGTGCTACGGACCTCCGAGGGCGGATCTGAAAAGCTGGTCTTT	NNNNNNNNNNNNNNNNNNNNNNNNNNNNNNNNNNNNNNNNNNN	TRAV17*00(919.3)		TRAJ57*00(559.5)		490|502|523|0|12||120.0		26|52|83|17|43||260.0		TGTGCTACGGACCTCCGAGGGCGGATCTGAAAAGCTGGTCTTT	45	CATDLRG_GSEKLVF	:::::::::0:-1:12:::::17:-6:43:::
4858	371.0	1.4585729888008328E-4	1	1.1548677676406051E-4	TGTGCTACGGACGCGCGGACACAGGCTTTCAGAAACTTGTATTT	NNNNNNNNNNNNNNNNNNNNNNNNNNNNNNNNNNNNNNNNNNNN	TRAV17*00(949.5)		TRAJ8*00(549.6)		490|505|523|0|15||150.0		23|49|80|18|44||260.0		TGTGCTACGGACGCGCGGACACAGGCTTTCAGAAACTTGTATTT	45	CATDART_GFQKLVF	:::::::::0:2:15:::::18:-3:44:::
6221	371.0	1.4585729888008328E-4	1	1.1548677676406051E-4	TGTGCCGTGGACTTGGCCTCCGGGTATGCACTCAACTTC	NNNNNNNNNNNNNNNNNNNNNNNNNNNNNNNNNNNNNNN	TRAV39*00(761.6)		TRAJ41*00(468.4)		507|525|540|0|18|SA519TST522G|122.0		30|51|82|18|39||210.0		TGTGCCGTGGACTTGGCCTCCGGGTATGCACTCAACTTC	45	CAVDLASGYALNF	:::::::::0:5:18:::::18:-10:39:::
17334	371.0	1.4585729888008328E-4	1	1.1548677676406051E-4	TGTGCGGTCCGGAATAACAATGCCAGACTCATGTTT	NNNNNNNNNNNNNNNNNNNNNNNNNNNNNNNNNNNN	TRAV21*00(561.7)		TRAJ31*00(589.6)		544|552|576|0|8|ST549G|51.0		18|46|77|8|36||290.0		TGTGCGGTCCGGAATAACAATGCCAGACTCATGTTT	45	CAVRNNNARLMF	:::::::::0:-4:8:::::8:2:36:::
18128	371.0	1.4585729888008328E-4	1	1.1548677676406051E-4	TGTGCAGGCAACTGAGGGGCAATGACATGCGCTTT	NNNNNNNNNNNNNNNNNNNNNNNNNNNNNNNNNNN	TRAV27*00(641.6)		TRAJ43*00(397.7)		552|560|582|0|8||80.0		27|43|74|19|35||160.0		TGTGCAGGCAACTGAGGGGCAATGACATGCGCTTT	45	CAGN*G_NDMRF	:::::::::0:-2:8:::::19:-7:35:::
18134	371.0	1.4585729888008328E-4	1	1.1548677676406051E-4	TGTGCAGGGTCCCAGGATAGCAACTATCAGTTAATCTGG	NNNNNNNNNNNNNNNNNNNNNNNNNNNNNNNNNNNNNNN	TRAV25*00(572.9)		TRAJ33*00(539.8)		620|632|649|0|12|SC629T|91.0		21|46|77|14|39||250.0		TGTGCAGGGTCCCAGGATAGCAACTATCAGTTAATCTGG	45	CAGSQDSNYQLIW	:::::::::0:3:12:::::14:-1:39:::
1535	370.0	1.4546415252191596E-4	1	1.1548677676406051E-4	TGTCTTCTGGGAGATCCGACGTCGCAGCAACTATCAGTTAATCTGG	NNNNNNNNNNNNNNNNNNNNNNNNNNNNNNNNNNNNNNNNNNNNNN	TRAV40*00(937.1)		TRAJ33*00(499)		436|452|470|0|16||160.0		25|46|77|25|46||210.0		TGTCTTCTGGGAGATCCGACGTCGCAGCAACTATCAGTTAATCTGG	45	CLLGDPTS_SNYQLIW	:::::::::0:2:16:::::25:-5:46:::
1719	370.0	1.4546415252191596E-4	1	1.1548677676406051E-4	TGTGTGGTGATCCTTATGGATAGCAGCTATAAATTGATCTTC	NNNNNNNNNNNNNNNNNNNNNNNNNNNNNNNNNNNNNNNNNN	TRAV12-1*00(615.3)		TRAJ12*00(544.2)		539|549|572|0|10||100.0		17|49|80|10|42|SG20TSG21T|272.0		TGTGTGGTGATCCTTATGGATAGCAGCTATAAATTGATCTTC	45	CVVILMDSSYKLIF	:::::::::0:-3:10:::::10:3:42:::
2537	370.0	1.4546415252191596E-4	1	1.1548677676406051E-4	TGTGCTCTGATCAGAGATGGCAACACAGGCAAACTAATCTTT	NNNNNNNNNNNNNNNNNNNNNNNNNNNNNNNNNNNNNNNNNN	TRAV9-2*00(709.4)		TRAJ37*00(559)		480|490|514|0|10||100.0		26|51|82|17|42||250.0		TGTGCTCTGATCAGAGATGGCAACACAGGCAAACTAATCTTT	45	CALIRDGNTGKLIF	:::::::::0:-4:10:::::17:-6:42:::
2580	370.0	1.4546415252191596E-4	1	1.1548677676406051E-4	TGTGCTCTGAGTTCAAATACTGGAGGCTTCAAAACTATCTTT	NNNNNNNNNNNNNNNNNNNNNNNNNNNNNNNNNNNNNNNNNN	TRAV9-2*00(729.6)		TRAJ9*00(579.5)		480|492|514|0|12||120.0		22|50|81|14|42||280.0		TGTGCTCTGAGTTCAAATACTGGAGGCTTCAAAACTATCTTT	45	CALSSNTGGFKTIF	:::::::::0:-2:12:::::14:-2:42:::
3023	370.0	1.4546415252191596E-4	1	1.1548677676406051E-4	TGTGCTCTAAAGGGCTATGGTCAGAATTTTGTCTTT	NNNNNNNNNNNNNNNNNNNNNNNNNNNNNNNNNNNN	TRAV16*00(677.5)		TRAJ26*00(480.8)		449|459|483|0|10||100.0		27|49|80|14|36||220.0		TGTGCTCTAAAGGGCTATGGTCAGAATTTTGTCTTT	45	CALKGYGQNFVF	:::::::::0:-4:10:::::14:-7:36:::
4670	370.0	1.4546415252191596E-4	1	1.1548677676406051E-4	TGTGCTGGGCAGGACAAACCAGGGAGGAAAGCTTATCTTC	NNNNNNNNNNNNNNNNNNNNNNNNNNNNNNNNNNNNNNNN	TRAV35*00(639.3)		TRAJ23*00(507.6)		588|600|620|0|12||120.0		28|52|83|16|40||240.0		TGTGCTGGGCAGGACAAACCAGGGAGGAAAGCTTATCTTC	45	CAGQDKP_GGKLIF	:::::::::0:0:12:::::16:-8:40:::
4789	370.0	1.4546415252191596E-4	1	1.1548677676406051E-4	TGTGCTACGGTCCTTAACACCAATGCAGGCAAATCAACCTTT	NNNNNNNNNNNNNNNNNNNNNNNNNNNNNNNNNNNNNNNNNN	TRAV17*00(898.9)		TRAJ27*00(569.8)		490|500|523|0|10||100.0		20|48|79|14|42||280.0		TGTGCTACGGTCCTTAACACCAATGCAGGCAAATCAACCTTT	45	CATVLNTNAGKSTF	:::::::::0:-3:10:::::14:0:42:::
19151	370.0	1.4546415252191596E-4	1	1.1548677676406051E-4	TGCGCTGTGAGAGATCTACCTAACCAGGGAGGAAAGCTTATCTTC	NNNNNNNNNNNNNNNNNNNNNNNNNNNNNNNNNNNNNNNNNNNNN	TRAV1-1*00(740.1)		TRAJ23*00(520.2)		670|687|704|0|17||170.0		27|52|83|20|45||250.0		TGCGCTGTGAGAGATCTACCTAACCAGGGAGGAAAGCTTATCTTC	45	CAVRDLPNQGGKLIF	:::::::::0:3:17:::::20:-7:45:::
20236	370.0	1.4546415252191596E-4	1	1.1548677676406051E-4	TGCATCCTGAGACCGTTTGAAGCTGGCAACAACCGTAAGCTGATTTGG	NNNNNNNNNNNNNNNNNNNNNNNNNNNNNNNNNNNNNNNNNNNNNNNN	TRAV26-2*00(889.8)		TRAJ38*00(529.6)		791|803|826|0|12||120.0		24|51|82|21|48||270.0		TGCATCCTGAGACCGTTTGAAGCTGGCAACAACCGTAAGCTGATTTGG	45	CILRPFEAGNNRKLIW	:::::::::0:-3:12:::::21:-4:48:::
20254	370.0	1.4546415252191596E-4	1	1.1548677676406051E-4	TGCATCCTGAGAGGAAAGAGGGAGCCCAGAAGCTGGTATTT	NNNNNNNNNNNNNNNNNNNNNNNNNNNNNNNNNNNNNNNNN	TRAV26-2*00(899.5)		TRAJ54*00(519.6)		791|804|826|0|13||130.0		26|49|80|18|41||230.0		TGCATCCTGAGAGGAAAGAGGGAGCCCAGAAGCTGGTATTT	45	CILRGKR_AQKLVF	:::::::::0:-2:13:::::18:-6:41:::
2559	369.0	1.450710061637486E-4	1	1.1548677676406051E-4	TGTGCTCTGACCCGCGACTACAAGCTCAGCTTT	NNNNNNNNNNNNNNNNNNNNNNNNNNNNNNNNN	TRAV9-2*00(710)		TRAJ20*00(489.6)		480|490|514|0|10||100.0		27|46|77|14|33||190.0		TGTGCTCTGACCCGCGACTACAAGCTCAGCTTT	45	CALTRDYKLSF	:::::::::0:-4:10:::::14:-7:33:::
3304	369.0	1.450710061637486E-4	1	1.1548677676406051E-4	TGTGCTGTCAGCGGAGGTAGCAACTATAAACTGACATTT	NNNNNNNNNNNNNNNNNNNNNNNNNNNNNNNNNNNNNNN	TRAV41*00(789.6)		TRAJ53*00(580.6)		512|522|544|0|10||110.0		26|55|86|10|39|ST27C|271.0		TGTGCTGTCAGCGGAGGTAGCAACTATAAACTGACATTT	45	CAVSGGSNYKLTF	:::::::::0:-2:10:::::10:-6:39:::
3311	369.0	1.450710061637486E-4	1	1.1548677676406051E-4	TGTGCTGTCAGGGGTAACACCGACAAGCTCATCTTT	NNNNNNNNNNNNNNNNNNNNNNNNNNNNNNNNNNNN	TRAV41*00(789.3)		TRAJ34*00(519.2)		512|523|544|0|11||110.0		25|47|78|14|36||220.0		TGTGCTGTCAGGGGTAACACCGACAAGCTCATCTTT	45	CAVRGNTDKLIF	:::::::::0:-1:11:::::14:-5:36:::
3827	369.0	1.450710061637486E-4	1	1.1548677676406051E-4	TGTGCTGTGACCGAGAGTCGGGACCAGGCAGGAACTGCTCTGATCTTT	NNNNNNNNNNNNNNNNNNNNNNNNNNNNNNNNNNNNNNNNNNNNNNNN	TRAV8-4*00(614.5)		TRAJ15*00(462.3)		476|486|510|0|10||100.0		23|49|80|22|48||260.0		TGTGCTGTGACCGAGAGTCGGGACCAGGCAGGAACTGCTCTGATCTTT	45	CAVTESRDQAGTALIF	:::::::::0:-4:10:::::22:-3:48:::
4176	369.0	1.450710061637486E-4	1	1.1548677676406051E-4	TGTGCTGTGAGGGATGGCAACAACCGTAAGCTGATTTGG	NNNNNNNNNNNNNNNNNNNNNNNNNNNNNNNNNNNNNNN	TRAV8-3*00(580.8)		TRAJ38*00(549.5)		455|464|489|0|9||90.0		26|51|82|14|39||250.0		TGTGCTGTGAGGGATGGCAACAACCGTAAGCTGATTTGG	45	CAVRDGNNRKLIW	:::::::::0:-5:9:::::14:-6:39:::
5026	369.0	1.450710061637486E-4	1	1.1548677676406051E-4	TGTGCCTTTAGAACACCAATGCAGGCAAATCAACCTTT	NNNNNNNNNNNNNNNNNNNNNNNNNNNNNNNNNNNNNN	TRAV24*00(790.8)		TRAJ27*00(535.9)		515|525|545|0|10||101.0		20|48|79|10|38|ST20G|281.0		TGTGCCTTTAGAACACCAATGCAGGCAAATCAACCTTT	45	CAFRTP_AGKSTF	:::::::::0:0:10:::::10:0:38:::
20495	369.0	1.450710061637486E-4	1	1.1548677676406051E-4	TGCATCAGTTTTAGCGGGCTGATTTTT	NNNNNNNNNNNNNNNNNNNNNNNNNNN	TRAV26-2*00(829.8)		TRAJ43*00(329.9)		791|797|826|0|6||60.0		40|43|74|24|27||30.0		TGCATCAGTTTTAGCGGGCTGATTTTT	45	CISFSGLIF	:::::::::0:-9:6:::::24:-20:27:::
2181	368.0	1.4467785980558126E-4	1	1.1548677676406051E-4	TGTGCTTATACTCGCACAGGGGAGGGAGCCCAGAAGCTGGTATTT	NNNNNNNNNNNNNNNNNNNNNNNNNNNNNNNNNNNNNNNNNNNNN	TRAV38-2/DV8*00(559.4)		TRAJ54*00(519.4)		602|612|638|0|10||100.0		26|49|80|22|45||230.0		TGTGCTTATACTCGCACAGGGGAGGGAGCCCAGAAGCTGGTATTT	45	CAYTRTGEGAQKLVF	:::::::::0:-6:10:::::22:-6:45:::
2833	368.0	1.4467785980558126E-4	1	1.1548677676406051E-4	TGTGCTCTGAGGGTTTATAACCAGGGAGGAAAGCTTATCTTC	NNNNNNNNNNNNNNNNNNNNNNNNNNNNNNNNNNNNNNNNNN	TRAV9-2*00(735.2)		TRAJ23*00(560.9)		480|491|514|0|11||110.0		23|52|83|13|42||290.0		TGTGCTCTGAGGGTTTATAACCAGGGAGGAAAGCTTATCTTC	45	CALRVYNQGGKLIF	:::::::::0:-3:11:::::13:-3:42:::
3197	368.0	1.4467785980558126E-4	1	1.1548677676406051E-4	TGTGCTGTTAGGATGAAGGCGAGACTCATGTTT	NNNNNNNNNNNNNNNNNNNNNNNNNNNNNNNNN	TRAV36/DV7*00(570.8)		TRAJ31*00(421.8)		500|508|533|0|8||80.0		28|46|77|15|33|ST30GSC33G|122.0		TGTGCTGTTAGGATGAAGGCGAGACTCATGTTT	45	CAVRMKARLMF	:::::::::0:-5:8:::::15:-8:33:::
3508	368.0	1.4467785980558126E-4	1	1.1548677676406051E-4	TGTGCTGTGGCTGCGGGAGGCTTCAAAACTATCTTT	NNNNNNNNNNNNNNNNNNNNNNNNNNNNNNNNNNNN	TRAV8-3*00(576)		TRAJ9*00(509.3)		455|470|489|0|15|SG465C|121.0		29|50|81|15|36||210.0		TGTGCTGTGGCTGCGGGAGGCTTCAAAACTATCTTT	45	CAVAAGGFKTIF	:::::::::0:1:15:::::15:-9:36:::
6235	368.0	1.4467785980558126E-4	1	1.1548677676406051E-4	TGTGCCGTGGACGAGACAATAACAATGACATGCGCTTT	NNNNNNNNNNNNNNNNNNNNNNNNNNNNNNNNNNNNNN	TRAV39*00(759.6)		TRAJ43*00(529.3)		507|519|540|0|12||120.0		20|43|74|15|38||230.0		TGTGCCGTGGACGAGACAATAACAATGACATGCGCTTT	45	CAVDET_NNDMRF	:::::::::0:-1:12:::::15:0:38:::
17420	368.0	1.4467785980558126E-4	1	1.1548677676406051E-4	TGTGCAGTCGCTTTCTTCTGGTTCTGCAAGGCAACTGACCTTT	NNNNNNNNNNNNNNNNNNNNNNNNNNNNNNNNNNNNNNNNNNN	TRAV13-2*00(519.8)		TRAJ22*00(619)		506|513|539|0|7||70.0		20|52|83|11|43||320.0		TGTGCAGTCGCTTTCTTCTGGTTCTGCAAGGCAACTGACCTTT	45	CAVAFFW_SARQLTF	:::::::::0:-6:7:::::11:0:43:::
18068	368.0	1.4467785980558126E-4	1	1.1548677676406051E-4	TGTGCAGCAAGAACTCAAATTCCGGGTATGCACTCAACTTC	NNNNNNNNNNNNNNNNNNNNNNNNNNNNNNNNNNNNNNNNN	TRAV13-1*00(969.4)		TRAJ41*00(569.6)		511|522|544|0|11||110.0		21|51|82|11|41||310.0		TGTGCAGCAAGAACTCAAATTCCGGGTATGCACTCAACTTC	45	CAARTQI_GYALNF	:::::::::0:-2:11:::::11:-1:41:::
18884	368.0	1.4467785980558126E-4	1	1.1548677676406051E-4	TGTGGCACAGAGAGGGGGGTACCGGCACTGCCAGTAAACTCACCTTT	NNNNNNNNNNNNNNNNNNNNNNNNNNNNNNNNNNNNNNNNNNNNNNN	TRAV30*00(470.8)		TRAJ44*00(589.6)		567|580|600|0|13|SC569T|101.0		24|52|83|19|47||280.0		TGTGGCACAGAGAGGGGGGTACCGGCACTGCCAGTAAACTCACCTTT	45	CGTERGVP_TASKLTF	:::::::::0:0:13:::::19:-4:47:::
20457	368.0	1.4467785980558126E-4	1	1.1548677676406051E-4	TGCATCGTCAGAGATTCTGGTTCTGCAAGGCAACTGACCTTT	NNNNNNNNNNNNNNNNNNNNNNNNNNNNNNNNNNNNNNNNNN	TRAV26-1*00(619.5)		TRAJ22*00(589.8)		763|776|799|0|13||130.0		24|52|83|14|42||280.0		TGCATCGTCAGAGATTCTGGTTCTGCAAGGCAACTGACCTTT	45	CIVRDSGSARQLTF	:::::::::0:-3:13:::::14:-4:42:::
1799	367.0	1.4428471344741392E-4	1	1.1548677676406051E-4	TGTGTGGTGAGCGCGGAAGGAGGAAGCCAAGGAAATCTCATCTTT	NNNNNNNNNNNNNNNNNNNNNNNNNNNNNNNNNNNNNNNNNNNNN	TRAV10*00(1056.9)		TRAJ42*00(528.8)		575|590|608|0|15||150.0		28|55|86|18|45||270.0		TGTGTGGTGAGCGCGGAAGGAGGAAGCCAAGGAAATCTCATCTTT	45	CVVSAEGGSQGNLIF	:::::::::0:2:15:::::18:-8:45:::
1813	367.0	1.4428471344741392E-4	1	1.1548677676406051E-4	TGTGTGGTGAGCGGGATAGCAACTATCAGTTAATCTGG	NNNNNNNNNNNNNNNNNNNNNNNNNNNNNNNNNNNNNN	TRAV10*00(1039.5)		TRAJ33*00(499.4)		575|588|608|0|13||130.0		21|46|77|13|38||250.0		TGTGTGGTGAGCGGGATAGCAACTATCAGTTAATCTGG	45	CVVSGI_NYQLIW	:::::::::0:0:13:::::13:-1:38:::
1985	367.0	1.4428471344741392E-4	1	1.1548677676406051E-4	TGTGTGGACGCTCCCCCCGGGGAGGAAAGCTTATCTTC	NNNNNNNNNNNNNNNNNNNNNNNNNNNNNNNNNNNNNN	TRAV12-1*00(916.8)		TRAJ23*00(451.9)		539|546|572|0|7||70.0		30|52|83|16|38|SA32G|191.0		TGTGTGGACGCTCCCCCCGGGGAGGAAAGCTTATCTTC	45	CVDAPP_GGKLIF	:::::::::0:-6:7:::::16:-10:38:::
2028	367.0	1.4428471344741392E-4	1	1.1548677676406051E-4	TGTGCTTTCATTAATAACAATGACATGCGCTTT	NNNNNNNNNNNNNNNNNNNNNNNNNNNNNNNNN	TRAV38-1*00(570.7)		TRAJ43*00(510)		596|609|633|0|13|SG607T|111.0		23|43|74|13|33||210.0		TGTGCTTTCATTAATAACAATGACATGCGCTTT	45	CAFINNNDMRF	:::::::::0:-4:13:::::13:-3:33:::
2131	367.0	1.4428471344741392E-4	1	1.1548677676406051E-4	TGTGCTTCCGAGGGGGGAGGTGCTGACGGACTCACCTTT	NNNNNNNNNNNNNNNNNNNNNNNNNNNNNNNNNNNNNNN	TRAV17*00(859.3)		TRAJ45*00(550.3)		490|496|523|0|6||60.0		28|55|86|12|39|SA30G|241.0		TGTGCTTCCGAGGGGGGAGGTGCTGACGGACTCACCTTT	45	CASEGGGADGLTF	:::::::::0:-7:6:::::12:-8:39:::
2806	367.0	1.4428471344741392E-4	1	1.1548677676406051E-4	TGTGCTCTGAGTAAGGATGCTGGTGGTACTAGCTATGGAAAGCTGACATTT	NNNNNNNNNNNNNNNNNNNNNNNNNNNNNNNNNNNNNNNNNNNNNNNNNNN	TRAV9-2*00(719.6)		TRAJ52*00(649.3)		480|492|514|0|12||120.0		23|58|89|16|51||350.0		TGTGCTCTGAGTAAGGATGCTGGTGGTACTAGCTATGGAAAGCTGACATTT	45	CALSKDAGGTSYGKLTF	:::::::::0:-2:12:::::16:-3:51:::
3404	367.0	1.4428471344741392E-4	1	1.1548677676406051E-4	TGTGCTGTGCGCGATAACTATGGTCAGAATTTTGTCTTT	NNNNNNNNNNNNNNNNNNNNNNNNNNNNNNNNNNNNNNN	TRAV20*00(509.4)		TRAJ26*00(560.8)		498|508|531|0|10||100.0		20|49|80|10|39|SG21C|271.0		TGTGCTGTGCGCGATAACTATGGTCAGAATTTTGTCTTT	45	CAVRDNYGQNFVF	:::::::::0:-3:10:::::10:0:39:::
6424	367.0	1.4428471344741392E-4	1	1.1548677676406051E-4	TGTGCCGTGAACAAGCATGGCCAGAAGCTGCTCTTT	NNNNNNNNNNNNNNNNNNNNNNNNNNNNNNNNNNNN	TRAV12-2*00(989.4)		TRAJ16*00(470.3)		551|564|584|0|13||130.0		29|49|80|16|36||200.0		TGTGCCGTGAACAAGCATGGCCAGAAGCTGCTCTTT	45	CAVNKHGQKLLF	:::::::::0:0:13:::::16:-9:36:::
6453	367.0	1.4428471344741392E-4	1	1.1548677676406051E-4	TGTGCCGTGAAACGTCCCCGGAAGGCTCAACCCTGGGGAGGCTATACTTT	NNNNNNNNNNNNNNNNNNNNNNNNNNNNNNNNNNNNNNNNNNNNNNNNNN	TRAV12-2*00(964.7)		TRAJ18*00(549.7)		551|562|584|0|11||110.0		27|55|86|22|50||280.0		TGTGCCGTGAAACGTCCCCGGAAGGCTCAACCCTGGGGAGGCTATACTTT	45	CAVKRPRK_STLGRLYF	:::::::::0:-2:11:::::22:-7:50:::
17690	367.0	1.4428471344741392E-4	1	1.1548677676406051E-4	TGTGCAGCAAGTGGCGAACTTTACTATGGGAACAACAGACTCGCTTTT	NNNNNNNNNNNNNNNNNNNNNNNNNNNNNNNNNNNNNNNNNNNNNNNN	TRAV13-1*00(979.9)		TRAJ7*00(509.6)		511|523|544|0|12||120.0		22|48|79|22|48||260.0		TGTGCAGCAAGTGGCGAACTTTACTATGGGAACAACAGACTCGCTTTT	45	CAASGELYYGNNRLAF	:::::::::0:-1:12:::::22:-2:48:::
18051	367.0	1.4428471344741392E-4	1	1.1548677676406051E-4	TGTGCAGCAAGGATGGGAACCTACAAATACATCTTT	NNNNNNNNNNNNNNNNNNNNNNNNNNNNNNNNNNNN	TRAV13-1*00(970)		TRAJ40*00(499.8)		511|525|544|0|14|ST522G|111.0		29|50|81|15|36||210.0		TGTGCAGCAAGGATGGGAACCTACAAATACATCTTT	45	CAARMGTYKYIF	:::::::::0:1:14:::::15:-9:36:::
18063	367.0	1.4428471344741392E-4	1	1.1548677676406051E-4	TGTGCAGCAAGAGGGGGCATTGACAAGATCATCTTT	NNNNNNNNNNNNNNNNNNNNNNNNNNNNNNNNNNNN	TRAV23/DV6*00(479.8)		TRAJ30*00(469.5)		517|528|550|0|11||110.0		30|46|77|20|36||160.0		TGTGCAGCAAGAGGGGGCATTGACAAGATCATCTTT	45	CAARGGIDKIIF	:::::::::0:-2:11:::::20:-10:36:::
18200	367.0	1.4428471344741392E-4	1	1.1548677676406051E-4	TGTGCAGGGGGGGAACCAATGCAGGCAAATCAACCTTT	NNNNNNNNNNNNNNNNNNNNNNNNNNNNNNNNNNNNNN	TRAV13-2*00(519.9)		TRAJ27*00(529.7)		506|513|539|0|7||70.0		24|48|79|14|38||240.0		TGTGCAGGGGGGGAACCAATGCAGGCAAATCAACCTTT	45	CAGGEP_AGKSTF	:::::::::0:-6:7:::::14:-4:38:::
18202	367.0	1.4428471344741392E-4	1	1.1548677676406051E-4	TGTGCAGGGGGATTTACCGGTAACCAGTTCTATTTT	NNNNNNNNNNNNNNNNNNNNNNNNNNNNNNNNNNNN	TRAV13-2*00(519.6)		TRAJ49*00(509.7)		506|513|539|0|7||70.0		24|45|76|15|36||210.0		TGTGCAGGGGGATTTACCGGTAACCAGTTCTATTTT	45	CAGGFTGNQFYF	:::::::::0:-6:7:::::15:-4:36:::
18469	367.0	1.4428471344741392E-4	1	1.1548677676406051E-4	TGTGCAGAGAATCCTAGGAAAGCTGCAGGCAACAAGCTAACTTTT	NNNNNNNNNNNNNNNNNNNNNNNNNNNNNNNNNNNNNNNNNNNNN	TRAV13-2*00(569.6)		TRAJ17*00(569.8)		506|518|539|0|12||120.0		25|52|83|18|45||270.0		TGTGCAGAGAATCCTAGGAAAGCTGCAGGCAACAAGCTAACTTTT	45	CAENPRKAAGNKLTF	:::::::::0:-1:12:::::18:-5:45:::
18646	367.0	1.4428471344741392E-4	1	1.1548677676406051E-4	TGTGCAATGAGCGCGAGGGGGATGCTGGTGGTACTAGCTATGGAAAGCTGACATTT	NNNNNNNNNNNNNNNNNNNNNNNNNNNNNNNNNNNNNNNNNNNNNNNNNNNNNNNN	TRAV12-3*00(782.8)		TRAJ52*00(629.3)		562|577|595|0|15||150.0		23|58|89|21|56||350.0		TGTGCAATGAGCGCGAGGGGGATGCTGGTGGTACTAGCTATGGAAAGCTGACATTT	45	CAMSARGML_GTSYGKLTF	:::::::::0:2:15:::::21:-3:56:::
18674	367.0	1.4428471344741392E-4	1	1.1548677676406051E-4	TGTGCAATGAGGGGGTACAGCAGTGCTTCCAAGATAATCTTT	NNNNNNNNNNNNNNNNNNNNNNNNNNNNNNNNNNNNNNNNNN	TRAV12-3*00(811.7)		TRAJ3*00(590)		562|573|595|0|11||110.0		20|51|82|11|42||310.0		TGTGCAATGAGGGGGTACAGCAGTGCTTCCAAGATAATCTTT	45	CAMRGYSSASKIIF	:::::::::0:-2:11:::::11:0:42:::
690	366.0	1.4389156708924657E-4	2	2.3097355352812103E-4	TGTGCTGCCTACAACCAGGCAGGAACTGCTCTGATCTTT	[[[[[[[[[[[[[[[[[[[[[[[[[[[[[[[[[[[[[[[	TRAV8-6*00(639.5)		TRAJ15*00(502.2)		448|455|482|0|7||70.0		21|49|80|11|39||280.0		TGTGCTGCCTACAACCAGGCAGGAACTGCTCTGATCTTT	58	CAAYNQAGTALIF	:::::::::0:-7:7:::::11:-1:39:::
1329	366.0	1.4389156708924657E-4	2	2.3097355352812103E-4	TGTGCAGCCTCTTCGTAGGGAAATGCTGGCAACAACCGTAAGCTGATTTGG	[[[[[[[[[[[[[[[[[[[[[[[[[[[[[[[[[[[[[[[[[[[[[[[[[[[	TRAV13-1*00(748.7)		TRAJ38*00(578.6)		511|519|544|0|8||80.0		21|51|82|21|51||300.0		TGTGCAGCCTCTTCGTAGGGAAATGCTGGCAACAACCGTAAGCTGATTTGG	58	CAASS*GNAGNNRKLIW	:::::::::0:-5:8:::::21:-1:51:::
2085	366.0	1.4389156708924657E-4	1	1.1548677676406051E-4	TGTGCTTTCATGAAGATGAACTCAAATTCCGGGTATGCACTCAACTTC	NNNNNNNNNNNNNNNNNNNNNNNNNNNNNNNNNNNNNNNNNNNNNNNN	TRAV38-1*00(609.3)		TRAJ41*00(570)		596|611|633|0|15||150.0		20|51|82|17|48||310.0		TGTGCTTTCATGAAGATGAACTCAAATTCCGGGTATGCACTCAACTTC	45	CAFMKMNSNSGYALNF	:::::::::0:-2:15:::::17:0:48:::
2389	366.0	1.4389156708924657E-4	1	1.1548677676406051E-4	TGTGCTCTTGGGGAACCTTTAGGCTTTGGGAATGTGCTGCATTGC	NNNNNNNNNNNNNNNNNNNNNNNNNNNNNNNNNNNNNNNNNNNNN	TRDV1*00(831.6)		TRAJ35*00(548.6)		573|589|610|0|16||160.0		22|48|79|19|45||260.0		TGTGCTCTTGGGGAACCTTTAGGCTTTGGGAATGTGCTGCATTGC	45	CALGEPLGFGNVLHC	:::::::::0:-1:16:::::19:-2:45:::
2438	366.0	1.4389156708924657E-4	1	1.1548677676406051E-4	TGTGCTCTTGAGTACGGTACTAGCTATGGAAAGCTGACATTT	NNNNNNNNNNNNNNNNNNNNNNNNNNNNNNNNNNNNNNNNNN	TRDV1*00(821)		TRAJ52*00(547.3)		573|583|610|0|10||100.0		31|58|89|15|42||270.0		TGTGCTCTTGAGTACGGTACTAGCTATGGAAAGCTGACATTT	45	CALEYGTSYGKLTF	:::::::::0:-7:10:::::15:-11:42:::
2822	366.0	1.4389156708924657E-4	1	1.1548677676406051E-4	TGTGCTCTGAGCGGGGGAGGAGGAAACAAACTCACCTTT	NNNNNNNNNNNNNNNNNNNNNNNNNNNNNNNNNNNNNNN	TRAV9-2*00(719.8)		TRAJ10*00(549.4)		480|491|514|0|11||110.0		28|53|84|14|39||250.0		TGTGCTCTGAGCGGGGGAGGAGGAAACAAACTCACCTTT	45	CALSGGGGNKLTF	:::::::::0:-3:11:::::14:-8:39:::
3569	366.0	1.4389156708924657E-4	1	1.1548677676406051E-4	TGTGCTGTGGGTGCGCTAAGAAAAGCTGCAGGCAACAAGCTAACTTTT	NNNNNNNNNNNNNNNNNNNNNNNNNNNNNNNNNNNNNNNNNNNNNNNN	TRAV8-3*00(650.8)		TRAJ17*00(569)		455|471|489|0|16||160.0		25|52|83|21|48||270.0		TGTGCTGTGGGTGCGCTAAGAAAAGCTGCAGGCAACAAGCTAACTTTT	45	CAVGALRKAAGNKLTF	:::::::::0:2:16:::::21:-5:48:::
3655	366.0	1.4389156708924657E-4	1	1.1548677676406051E-4	TGTGCTGTGGGAATCACGGGAGGAGGAAACAAACTCACCTTT	NNNNNNNNNNNNNNNNNNNNNNNNNNNNNNNNNNNNNNNNNN	TRAV8-3*00(600.7)		TRAJ10*00(589.6)		455|466|489|0|11||110.0		24|53|84|13|42||290.0		TGTGCTGTGGGAATCACGGGAGGAGGAAACAAACTCACCTTT	45	CAVGITGGGNKLTF	:::::::::0:-3:11:::::13:-4:42:::
4268	366.0	1.4389156708924657E-4	1	1.1548677676406051E-4	TGTGCTGTGAGAGATAAAGGGCATCAGGAGGAAGCTACATACCTACATTT	NNNNNNNNNNNNNNNNNNNNNNNNNNNNNNNNNNNNNNNNNNNNNNNNNN	TRAV1-2*00(709.7)		TRAJ6*00(609.8)		620|635|654|0|15||150.0		21|51|82|20|50||300.0		TGTGCTGTGAGAGATAAAGGGCATCAGGAGGAAGCTACATACCTACATTT	45	CAVRDKGH_GGSYIPTF	:::::::::0:1:15:::::20:-1:50:::
4624	366.0	1.4389156708924657E-4	1	1.1548677676406051E-4	TGTGCTGGGCAGCTCCATGTCAATGACATGCGCTTT	NNNNNNNNNNNNNNNNNNNNNNNNNNNNNNNNNNNN	TRAV35*00(869)		TRAJ43*00(459.6)		588|602|620|0|14||140.0		27|43|74|20|36||160.0		TGTGCTGGGCAGCTCCATGTCAATGACATGCGCTTT	45	CAGQLHVNDMRF	:::::::::0:2:14:::::20:-7:36:::
4759	366.0	1.4389156708924657E-4	1	1.1548677676406051E-4	TGTGCTATGAACCTACAAATACATCTTT	NNNNNNNNNNNNNNNNNNNNNNNNNNNN	TRAV16*00(929.7)		TRAJ40*00(489.9)		449|455|483|0|6||60.0		30|50|81|8|28||200.0		TGTGCTATGAACCTACAAATACATCTTT	45	CAMNL_KYIF	:::::::::0:-8:6:::::8:-10:28:::
6460	366.0	1.4389156708924657E-4	1	1.1548677676406051E-4	TGTGCCGTGAAAAAGAACTTTGGAAATGAGAAATTAACCTTT	NNNNNNNNNNNNNNNNNNNNNNNNNNNNNNNNNNNNNNNNNN	TRAV12-2*00(954.9)		TRAJ48*00(539.5)		551|562|584|0|11||110.0		25|52|83|15|42||270.0		TGTGCCGTGAAAAAGAACTTTGGAAATGAGAAATTAACCTTT	45	CAVKKNFGNEKLTF	:::::::::0:-2:11:::::15:-5:42:::
17674	366.0	1.4389156708924657E-4	1	1.1548677676406051E-4	TGTGCAGCAAGTCGAAAAAGATTGGATATAGAAACAAACTGGTCTTT	NNNNNNNNNNNNNNNNNNNNNNNNNNNNNNNNNNNNNNNNNNNNNNN	TRAV13-1*00(979.1)		TRAJ47*00(460.9)		511|523|544|0|12||120.0		24|46|77|25|47|SG28A|191.0		TGTGCAGCAAGTCGAAAAAGATTGGATATAGAAACAAACTGGTCTTT	45	CAASRKRL_YRNKLVF	:::::::::0:-1:12:::::25:-4:47:::
18009	366.0	1.4389156708924657E-4	1	1.1548677676406051E-4	TGTGCAGCAAGCAGGCACCGTGGATAGCAACTATCAGTTAATCTGG	NNNNNNNNNNNNNNNNNNNNNNNNNNNNNNNNNNNNNNNNNNNNNN	TRAV23/DV6*00(500.5)		TRAJ33*00(550.6)		517|533|550|0|16|ST530G|131.0		17|46|77|17|46|SA19G|261.0		TGTGCAGCAAGCAGGCACCGTGGATAGCAACTATCAGTTAATCTGG	45	CAASRHRG_SNYQLIW	:::::::::0:3:16:::::17:3:46:::
18368	366.0	1.4389156708924657E-4	1	1.1548677676406051E-4	TGTGCAGAGGGCTCTGACGCTGACAGCTGGGGGAAATTGCAGTTT	NNNNNNNNNNNNNNNNNNNNNNNNNNNNNNNNNNNNNNNNNNNNN	TRAV13-2*00(539.6)		TRAJ24*00(549.7)		506|515|539|0|9||90.0		26|52|83|19|45||260.0		TGTGCAGAGGGCTCTGACGCTGACAGCTGGGGGAAATTGCAGTTT	45	CAEGSDADSWGKLQF	:::::::::0:-4:9:::::19:-6:45:::
2309	365.0	1.4349842073107925E-4	1	1.1548677676406051E-4	TGTGCTCTTGGCCAATAATGCAGGCAACATGCTCACCTTT	NNNNNNNNNNNNNNNNNNNNNNNNNNNNNNNNNNNNNNNN	TRDV1*00(979)		TRAJ39*00(539.7)		573|584|610|0|11||110.0		25|52|83|13|40||270.0		TGTGCTCTTGGCCAATAATGCAGGCAACATGCTCACCTTT	45	CALGQ*C_GNMLTF	:::::::::0:-6:11:::::13:-5:40:::
2699	365.0	1.4349842073107925E-4	1	1.1548677676406051E-4	TGTGCTCTGAGTGAGCCCTCTTATAACACCGACAAGCTCATCTTT	NNNNNNNNNNNNNNNNNNNNNNNNNNNNNNNNNNNNNNNNNNNNN	TRAV19*00(759.3)		TRAJ34*00(569.8)		556|571|593|0|15||150.0		20|47|78|18|45||270.0		TGTGCTCTGAGTGAGCCCTCTTATAACACCGACAAGCTCATCTTT	45	CALSEPSYNTDKLIF	:::::::::0:-2:15:::::18:0:45:::
2847	365.0	1.4349842073107925E-4	1	1.1548677676406051E-4	TGTGCTCTGAGGGATTCAGGGAGCCCAGAAGCTGGTATTT	NNNNNNNNNNNNNNNNNNNNNNNNNNNNNNNNNNNNNNNN	TRAV19*00(720.5)		TRAJ54*00(559)		556|570|593|0|14|ST567G|111.0		23|49|80|14|40||270.0		TGTGCTCTGAGGGATTCAGGGAGCCCAGAAGCTGGTATTT	45	CALRDSG_AQKLVF	:::::::::0:-3:14:::::14:-3:40:::
3397	365.0	1.4349842073107925E-4	1	1.1548677676406051E-4	TGTGCTGTGCCGTACCAAACTCAGGGCGGATCTGAAAAGCTGGTCTTT	NNNNNNNNNNNNNNNNNNNNNNNNNNNNNNNNNNNNNNNNNNNNNNNN	TRAV21*00(959.7)		TRAJ57*00(569.6)		544|553|576|0|9||90.0		21|52|83|17|48||310.0		TGTGCTGTGCCGTACCAAACTCAGGGCGGATCTGAAAAGCTGGTCTTT	45	CAVPYQTQGGSEKLVF	:::::::::0:-3:9:::::17:-1:48:::
4351	365.0	1.4349842073107925E-4	1	1.1548677676406051E-4	TGTGCTGTGAAATAGGTAACCAGTTCTATTTT	NNNNNNNNNNNNNNNNNNNNNNNNNNNNNNNN	TRAV22*00(519.7)		TRAJ49*00(478.9)		526|535|559|0|9||90.0		27|45|76|14|32||180.0		TGTGCTGTGAAATAGGTAACCAGTTCTATTTT	45	CAVK*_NQFYF	:::::::::0:-4:9:::::14:-7:32:::
4628	365.0	1.4349842073107925E-4	1	1.1548677676406051E-4	TGTGCTGGGCAGCTCAACGACTACAAGCTCAGCTTT	NNNNNNNNNNNNNNNNNNNNNNNNNNNNNNNNNNNN	TRAV35*00(804.8)		TRAJ20*00(509.8)		588|602|620|0|14||140.0		25|46|77|15|36||210.0		TGTGCTGGGCAGCTCAACGACTACAAGCTCAGCTTT	45	CAGQLNDYKLSF	:::::::::0:2:14:::::15:-5:36:::
6082	365.0	1.4349842073107925E-4	1	1.1548677676406051E-4	TGTGCCCGTCCTTTCTGGTTCTGCAAGGCAACTGACCTTT	NNNNNNNNNNNNNNNNNNNNNNNNNNNNNNNNNNNNNNNN	TRAV25*00(492.4)		TRAJ22*00(589.8)		620|625|649|0|5||50.0		24|52|83|12|40||280.0		TGTGCCCGTCCTTTCTGGTTCTGCAAGGCAACTGACCTTT	45	CARPFWF_ARQLTF	:::::::::0:-4:5:::::12:-4:40:::
17371	365.0	1.4349842073107925E-4	1	1.1548677676406051E-4	TGTGCATCGTGGGAATAATGCAGGCAACATGCTCACCTTT	NNNNNNNNNNNNNNNNNNNNNNNNNNNNNNNNNNNNNNNN	TRAV12-3*00(713.2)		TRAJ39*00(557.4)		562|568|595|0|6||60.0		25|52|83|13|40||270.0		TGTGCATCGTGGGAATAATGCAGGCAACATGCTCACCTTT	45	CASWE*C_GNMLTF	:::::::::0:-7:6:::::13:-5:40:::
17532	365.0	1.4349842073107925E-4	1	1.1548677676406051E-4	TGTGCAGCATTGCAAACTGGGGCAAACAACCTCTTCTTT	NNNNNNNNNNNNNNNNNNNNNNNNNNNNNNNNNNNNNNN	TRAV23/DV6*00(459.7)		TRAJ36*00(579.5)		517|526|550|0|9||90.0		21|48|79|12|39||270.0		TGTGCAGCATTGCAAACTGGGGCAAACAACCTCTTCTTT	45	CAALQTGANNLFF	:::::::::0:-4:9:::::12:-1:39:::
17636	365.0	1.4349842073107925E-4	1	1.1548677676406051E-4	TGTGCAGCAACCAAAGGGGGAAAGCTTATCTTC	NNNNNNNNNNNNNNNNNNNNNNNNNNNNNNNNN	TRAV13-1*00(579.8)		TRAJ23*00(460.7)		511|521|544|0|10||100.0		34|52|83|15|33|SA36G|151.0		TGTGCAGCAACCAAAGGGGGAAAGCTTATCTTC	45	CAATKGGKLIF	:::::::::0:-3:10:::::15:-14:33:::
17683	365.0	1.4349842073107925E-4	1	1.1548677676406051E-4	TGTGCAGCAAGTGCTTCAGGCAACAACCGTAAGCTGATTTGG	NNNNNNNNNNNNNNNNNNNNNNNNNNNNNNNNNNNNNNNNNN	TRAV13-1*00(599.6)		TRAJ38*00(539.8)		511|523|544|0|12||120.0		27|51|82|18|42||240.0		TGTGCAGCAAGTGCTTCAGGCAACAACCGTAAGCTGATTTGG	45	CAASASGNNRKLIW	:::::::::0:-1:12:::::18:-7:42:::
17926	365.0	1.4349842073107925E-4	1	1.1548677676406051E-4	TGTGCAGCAAGCGGGCATTCCGGGTATGCACTCAACTTC	NNNNNNNNNNNNNNNNNNNNNNNNNNNNNNNNNNNNNNN	TRAV29/DV5*00(559.9)		TRAJ41*00(489.9)		529|545|562|0|16|SC542G|131.0		28|51|82|16|39||230.0		TGTGCAGCAAGCGGGCATTCCGGGTATGCACTCAACTTC	45	CAASGHSGYALNF	:::::::::0:3:16:::::16:-8:39:::
18038	365.0	1.4349842073107925E-4	1	1.1548677676406051E-4	TGTGCAGCAAGGCCTTTTAGGTATGGTCAGAATTTTGTCTTT	NNNNNNNNNNNNNNNNNNNNNNNNNNNNNNNNNNNNNNNNNN	TRAV23/DV6*00(479.8)		TRAJ26*00(499.7)		517|528|550|0|11||110.0		28|49|80|21|42||210.0		TGTGCAGCAAGGCCTTTTAGGTATGGTCAGAATTTTGTCTTT	45	CAARPFRYGQNFVF	:::::::::0:-2:11:::::21:-8:42:::
18616	365.0	1.4349842073107925E-4	1	1.1548677676406051E-4	TGTGCAATGAGCCAAATGAACAGAGATGACAAGATCATCTTT	NNNNNNNNNNNNNNNNNNNNNNNNNNNNNNNNNNNNNNNNNN	TRAV14/DV4*00(840)		TRAJ30*00(579.7)		517|528|554|0|11||110.0		19|46|77|15|42||270.0		TGTGCAATGAGCCAAATGAACAGAGATGACAAGATCATCTTT	45	CAMSQMNRDDKIIF	:::::::::0:-6:11:::::15:1:42:::
18784	365.0	1.4349842073107925E-4	1	1.1548677676406051E-4	TGTGCAATGAGAGAGGGCGGTCCGCGGATAGCAACTATCAGTTAATCTGG	NNNNNNNNNNNNNNNNNNNNNNNNNNNNNNNNNNNNNNNNNNNNNNNNNN	TRAV14/DV4*00(910)		TRAJ33*00(519.7)		517|535|554|0|18||180.0		21|46|77|25|50||250.0		TGTGCAATGAGAGAGGGCGGTCCGCGGATAGCAACTATCAGTTAATCTGG	45	CAMREGGP_DSNYQLIW	:::::::::0:1:18:::::25:-1:50:::
19003	365.0	1.4349842073107925E-4	1	1.1548677676406051E-4	TGCCTCGTGGGTGACCTAGGTTCTGCAAGGCAACTGACCTTT	NNNNNNNNNNNNNNNNNNNNNNNNNNNNNNNNNNNNNNNNNN	TRAV4*00(822.2)		TRAJ22*00(526.9)		768|783|804|0|15||150.0		28|52|83|18|42||240.0		TGCCTCGTGGGTGACCTAGGTTCTGCAAGGCAACTGACCTTT	45	CLVGDLGSARQLTF	:::::::::0:-1:15:::::18:-8:42:::
19057	365.0	1.4349842073107925E-4	1	1.1548677676406051E-4	TGCCTCGTGGGGGAGGGCAGGAGAGCACTTACTTTT	NNNNNNNNNNNNNNNNNNNNNNNNNNNNNNNNNNNN	TRAV4*00(764.6)		TRAJ5*00(519.5)		768|782|804|0|14|ST779G|111.0		27|49|80|14|36||220.0		TGCCTCGTGGGGGAGGGCAGGAGAGCACTTACTTTT	45	CLVGEGRRALTF	:::::::::0:-2:14:::::14:-7:36:::
1818	364.0	1.431052743729119E-4	1	1.1548677676406051E-4	TGTGTGGTGAGCGACCCTTGTTGGGATTTT	NNNNNNNNNNNNNNNNNNNNNNNNNNNNNN	TRAV10*00(689.5)		TRAJ49*00(349.8)		575|588|608|0|13||130.0		40|45|76|25|30||50.0		TGTGTGGTGAGCGACCCTTGTTGGGATTTT	45	CVVSDPCWDF	:::::::::0:0:13:::::25:-20:30:::
2171	364.0	1.431052743729119E-4	1	1.1548677676406051E-4	TGTGCTTATGCGGGTTATGGAGGAAGCCAAGGAAATCTCATCTTT	NNNNNNNNNNNNNNNNNNNNNNNNNNNNNNNNNNNNNNNNNNNNN	TRAV38-2/DV8*00(549.7)		TRAJ42*00(609.7)		602|611|638|0|9||90.0		24|55|86|14|45||310.0		TGTGCTTATGCGGGTTATGGAGGAAGCCAAGGAAATCTCATCTTT	45	CAYAGYGGSQGNLIF	:::::::::0:-7:9:::::14:-4:45:::
2620	364.0	1.431052743729119E-4	1	1.1548677676406051E-4	TGTGCTCTGAGTGGTTTTCAGATGGCCAGAAGCTGCTCTTT	NNNNNNNNNNNNNNNNNNNNNNNNNNNNNNNNNNNNNNNNN	TRAV9-2*00(750)		TRAJ16*00(560.2)		480|493|514|0|13||130.0		21|49|80|13|41||290.0		TGTGCTCTGAGTGGTTTTCAGATGGCCAGAAGCTGCTCTTT	45	CALSGFQ_GQKLLF	:::::::::0:-1:13:::::13:-1:41:::
2630	364.0	1.431052743729119E-4	1	1.1548677676406051E-4	TGTGCTCTGAGTGGGGGCGATT	NNNNNNNNNNNNNNNNNNNNNN	TRAV19*00(740.6)		TRAJ54*00(309.5)		556|572|593|0|16|SA569G|131.0		47|49|80|20|22||20.0		TGTGCTCTGAGTGGGGGCGATT	45	CALS_GAI	:::::::::0:-1:16:::::20:-27:22:::
2631	364.0	1.431052743729119E-4	1	1.1548677676406051E-4	TGTGCTCTGAGTGGGGGGCAATGACATGCGCTTT	NNNNNNNNNNNNNNNNNNNNNNNNNNNNNNNNNN	TRAV9-2*00(739.4)		TRAJ43*00(459.9)		480|493|514|0|13||130.0		27|43|74|18|34||160.0		TGTGCTCTGAGTGGGGGGCAATGACATGCGCTTT	45	CALSGG_NDMRF	:::::::::0:-1:13:::::18:-7:34:::
2759	364.0	1.431052743729119E-4	1	1.1548677676406051E-4	TGTGCTCTGAGTGAGGGAATGCTGGTGGTACTAGCTATGGAAAGCTGACATTT	NNNNNNNNNNNNNNNNNNNNNNNNNNNNNNNNNNNNNNNNNNNNNNNNNNNNN	TRAV19*00(749.8)		TRAJ52*00(659.7)		556|572|593|0|16||160.0		22|58|89|17|53||360.0		TGTGCTCTGAGTGAGGGAATGCTGGTGGTACTAGCTATGGAAAGCTGACATTT	45	CALSEGMLV_TSYGKLTF	:::::::::0:-1:16:::::17:-2:53:::
2813	364.0	1.431052743729119E-4	1	1.1548677676406051E-4	TGTGCTCTGAGCCCTAGGGTAGTGACATGCGCTTT	NNNNNNNNNNNNNNNNNNNNNNNNNNNNNNNNNNN	TRAV19*00(719.9)		TRAJ43*00(429.8)		556|567|593|0|11||110.0		30|43|74|22|35||130.0		TGTGCTCTGAGCCCTAGGGTAGTGACATGCGCTTT	45	CALSPR_SDMRF	:::::::::0:-6:11:::::22:-10:35:::
3351	364.0	1.431052743729119E-4	1	1.1548677676406051E-4	TGTGCTGTGTTCAGGGAGCCCAGAAGCTGGTATTT	NNNNNNNNNNNNNNNNNNNNNNNNNNNNNNNNNNN	TRAV41*00(759.3)		TRAJ54*00(549.1)		512|520|544|0|8||80.0		23|49|80|9|35||260.0		TGTGCTGTGTTCAGGGAGCCCAGAAGCTGGTATTT	45	CAVFRE_QKLVF	:::::::::0:-4:8:::::9:-3:35:::
3523	364.0	1.431052743729119E-4	1	1.1548677676406051E-4	TGTGCTGTGGCCCCGAGGGGAGGTAGCAACTATAAACTGACATTT	NNNNNNNNNNNNNNNNNNNNNNNNNNNNNNNNNNNNNNNNNNNNN	TRAV8-3*00(590.8)		TRAJ53*00(580.6)		455|465|489|0|10||100.0		25|55|86|15|45|ST27G|271.0		TGTGCTGTGGCCCCGAGGGGAGGTAGCAACTATAAACTGACATTT	45	CAVAPRGGSNYKLTF	:::::::::0:-4:10:::::15:-5:45:::
3718	364.0	1.431052743729119E-4	1	1.1548677676406051E-4	TGTGCTGTGGAGGGGGACTTTATATCTAACTTTGGAAATGAGAAATTAACCTTT	NNNNNNNNNNNNNNNNNNNNNNNNNNNNNNNNNNNNNNNNNNNNNNNNNNNNNN	TRAV36/DV7*00(649.8)		TRAJ48*00(649.8)		500|513|533|0|13||130.0		18|52|83|20|54||340.0		TGTGCTGTGGAGGGGGACTTTATATCTAACTTTGGAAATGAGAAATTAACCTTT	45	CAVEGDFISNFGNEKLTF	:::::::::0:0:13:::::20:2:54:::
3880	364.0	1.431052743729119E-4	1	1.1548677676406051E-4	TGTGCTGTGAGTGTCGCGGGTGCAGGCAAATCAACCTTT	NNNNNNNNNNNNNNNNNNNNNNNNNNNNNNNNNNNNNNN	TRAV8-4*00(659.2)		TRAJ27*00(479.4)		476|489|510|0|13||130.0		29|48|79|20|39||190.0		TGTGCTGTGAGTGTCGCGGGTGCAGGCAAATCAACCTTT	45	CAVSVAGAGKSTF	:::::::::0:-1:13:::::20:-9:39:::
4094	364.0	1.431052743729119E-4	1	1.1548677676406051E-4	TGTGCTGTGAGCGCCCTACTGGAGCCAATAGTAAGCTGACATTT	NNNNNNNNNNNNNNNNNNNNNNNNNNNNNNNNNNNNNNNNNNNN	TRAV8-6*00(679.8)		TRAJ56*00(589.1)		448|459|482|0|11||110.0		23|51|82|16|44||280.0		TGTGCTGTGAGCGCCCTACTGGAGCCAATAGTAAGCTGACATTT	45	CAVSALL_ANSKLTF	:::::::::0:-3:11:::::16:-3:44:::
4275	364.0	1.431052743729119E-4	1	1.1548677676406051E-4	TGTGCTGTGAGAGACCCACACGGGCAGGAGAGCACTTACTTTT	NNNNNNNNNNNNNNNNNNNNNNNNNNNNNNNNNNNNNNNNNNN	TRAV3*00(629.4)		TRAJ5*00(559.4)		437|452|473|0|15||150.0		23|49|80|17|43||260.0		TGTGCTGTGAGAGACCCACACGGGCAGGAGAGCACTTACTTTT	45	CAVRDPH_GRRALTF	:::::::::0:-1:15:::::17:-3:43:::
6250	364.0	1.431052743729119E-4	1	1.1548677676406051E-4	TGTGCCGTGGACATAACCGTTATAACACCGACAAGCTCATCTTT	NNNNNNNNNNNNNNNNNNNNNNNNNNNNNNNNNNNNNNNNNNNN	TRAV39*00(779.6)		TRAJ34*00(549.3)		507|521|540|0|14||140.0		22|47|78|19|44||250.0		TGTGCCGTGGACATAACCGTTATAACACCGACAAGCTCATCTTT	45	CAVDITV_NTDKLIF	:::::::::0:1:14:::::19:-2:44:::
17454	364.0	1.431052743729119E-4	1	1.1548677676406051E-4	TGTGCAGCTGGGGGCATGGGCTTCAAAACTATCTTT	NNNNNNNNNNNNNNNNNNNNNNNNNNNNNNNNNNNN	TRAV13-1*00(939.4)		TRAJ9*00(479.9)		511|519|544|0|8||80.0		32|50|81|18|36||180.0		TGTGCAGCTGGGGGCATGGGCTTCAAAACTATCTTT	45	CAAGGMGFKTIF	:::::::::0:-5:8:::::18:-12:36:::
17866	364.0	1.431052743729119E-4	1	1.1548677676406051E-4	TGTGCAGCAAGCGCGTCTTGGAGGGAGGAGGAAACAAACTCACCTTT	NNNNNNNNNNNNNNNNNNNNNNNNNNNNNNNNNNNNNNNNNNNNNNN	TRAV29/DV5*00(599.2)		TRAJ10*00(549.9)		529|544|562|0|15||150.0		28|53|84|22|47||250.0		TGTGCAGCAAGCGCGTCTTGGAGGGAGGAGGAAACAAACTCACCTTT	45	CAASASWR_GGNKLTF	:::::::::0:2:15:::::22:-8:47:::
17876	364.0	1.431052743729119E-4	1	1.1548677676406051E-4	TGTGCAGCAAGCGCGCCCCCCGGTAACCAGTTCTATTTT	NNNNNNNNNNNNNNNNNNNNNNNNNNNNNNNNNNNNNNN	TRAV29/DV5*00(569.7)		TRAJ49*00(499.4)		529|545|562|0|16||160.0		25|45|76|19|39||200.0		TGTGCAGCAAGCGCGCCCCCCGGTAACCAGTTCTATTTT	45	CAASAPPGNQFYF	:::::::::0:3:16:::::19:-5:39:::
18044	364.0	1.431052743729119E-4	1	1.1548677676406051E-4	TGTGCAGCAAGGGCATACCGGCACTGCCAGTAAACTCACCTTT	NNNNNNNNNNNNNNNNNNNNNNNNNNNNNNNNNNNNNNNNNNN	TRAV13-1*00(589.8)		TRAJ44*00(599.7)		511|522|544|0|11||110.0		23|52|83|14|43||290.0		TGTGCAGCAAGGGCATACCGGCACTGCCAGTAAACTCACCTTT	45	CAARAYR_TASKLTF	:::::::::0:-2:11:::::14:-3:43:::
18102	364.0	1.431052743729119E-4	1	1.1548677676406051E-4	TGTGCAGGTCTCATGAATTCTGGGGGTTACCAGAAAGTTACCTTT	NNNNNNNNNNNNNNNNNNNNNNNNNNNNNNNNNNNNNNNNNNNNN	TRAV25*00(522.7)		TRAJ13*00(649.6)		620|628|649|0|8||80.0		17|52|83|10|45||350.0		TGTGCAGGTCTCATGAATTCTGGGGGTTACCAGAAAGTTACCTTT	45	CAGLMNSGGYQKVTF	:::::::::0:-1:8:::::10:3:45:::
18175	364.0	1.431052743729119E-4	1	1.1548677676406051E-4	TGTGCAGGGCATCGCGGAACACCGGTAACCAGTTCTATTTT	NNNNNNNNNNNNNNNNNNNNNNNNNNNNNNNNNNNNNNNNN	TRAV25*00(559.5)		TRAJ49*00(549.6)		620|630|649|0|10||100.0		20|45|76|16|41||250.0		TGTGCAGGGCATCGCGGAACACCGGTAACCAGTTCTATTTT	45	CAGHRGT_GNQFYF	:::::::::0:1:10:::::16:0:41:::
18313	364.0	1.431052743729119E-4	1	1.1548677676406051E-4	TGTGCAGGAATGGATAGCAACTATCAGTTAATCTGG	NNNNNNNNNNNNNNNNNNNNNNNNNNNNNNNNNNNN	TRAV25*00(547.1)		TRAJ33*00(559.7)		620|628|649|0|8||80.0		19|46|77|9|36||270.0		TGTGCAGGAATGGATAGCAACTATCAGTTAATCTGG	45	CAGMDSNYQLIW	:::::::::0:-1:8:::::9:1:36:::
18480	364.0	1.431052743729119E-4	1	1.1548677676406051E-4	TGTGCAGAGAATATTTAACACCAATGCAGGCAAATCAACCTTT	NNNNNNNNNNNNNNNNNNNNNNNNNNNNNNNNNNNNNNNNNNN	TRAV13-2*00(589.5)		TRAJ27*00(569.6)		506|520|539|0|14||140.0		20|48|79|15|43||280.0		TGTGCAGAGAATATTTAACACCAATGCAGGCAAATCAACCTTT	45	CAENI*H_NAGKSTF	:::::::::0:1:14:::::15:0:43:::
18829	364.0	1.431052743729119E-4	1	1.1548677676406051E-4	TGTGCAATGAATTATGGAGGAAGCCAAGGAAATCTCATCTTT	NNNNNNNNNNNNNNNNNNNNNNNNNNNNNNNNNNNNNNNNNN	TRAV12-3*00(959.1)		TRAJ42*00(609.5)		562|570|595|0|8||100.0		21|55|86|8|42||360.0		TGTGCAATGAATTATGGAGGAAGCCAAGGAAATCTCATCTTT	45	CAMNYGGSQGNLIF	:::::::::0:-5:8:::::8:-1:42:::
18895	364.0	1.431052743729119E-4	1	1.1548677676406051E-4	TGTGGAGCGCTTACTCGTTCTAACGACTACAAGCTCAGCTTT	NNNNNNNNNNNNNNNNNNNNNNNNNNNNNNNNNNNNNNNNNN	TRAV34*00(469.6)		TRAJ20*00(569.9)		603|611|636|0|8||80.0		19|46|77|15|42||270.0		TGTGGAGCGCTTACTCGTTCTAACGACTACAAGCTCAGCTTT	45	CGALTRSNDYKLSF	:::::::::0:-5:8:::::15:1:42:::
21379	364.0	1.431052743729119E-4	1	1.1548677676406051E-4	CAAGGAAGGAGAGCACTTACTTTT	NNNNNNNNNNNNNNNNNNNNNNNN	TRAV12-2*00(859.9)		TRAJ5*00(480.6)		551|551|584|0|0||0.0		28|49|80|3|24|SC30A|181.0		CAAGGAAGGAGAGCACTTACTTTT	45	QGRRALTF	:::::::::0:-13:0:::::3:-8:24:::
649	363.0	1.4271212801474456E-4	2	2.3097355352812103E-4	TGTGCTGTGTATTAAACCAGGGAGGAAAGCTTATCTTC	[[[[[[[[[[[[[[[[[[[[[[[[[[[[[[[[[[[[[[	TRAV1-2*00(649.5)		TRAJ23*00(510.8)		620|629|654|0|9||90.0		28|52|83|14|38||240.0		TGTGCTGTGTATTAAACCAGGGAGGAAAGCTTATCTTC	58	CAVY*T_GGKLIF	:::::::::0:-5:9:::::14:-8:38:::
1779	363.0	1.4271212801474456E-4	1	1.1548677676406051E-4	TGTGTGGTGAGCGTTAACCGGGGTACAGCAGTGCTTCCAAGATAATCTTT	NNNNNNNNNNNNNNNNNNNNNNNNNNNNNNNNNNNNNNNNNNNNNNNNNN	TRAV10*00(875.3)		TRAJ3*00(608)		575|588|608|0|13||130.0		18|51|82|17|50||330.0		TGTGTGGTGAGCGTTAACCGGGGTACAGCAGTGCTTCCAAGATAATCTTT	45	CVVSVNRG_SSASKIIF	:::::::::0:0:13:::::17:2:50:::
2272	363.0	1.4271212801474456E-4	1	1.1548677676406051E-4	TGTGCTTACGATCATACAACTTCAACAAATTTTACTTT	NNNNNNNNNNNNNNNNNNNNNNNNNNNNNNNNNNNNNN	TRAV9-2*00(669.8)		TRAJ21*00(559.2)		480|486|514|0|6||60.0		19|44|75|13|38||250.0		TGTGCTTACGATCATACAACTTCAACAAATTTTACTTT	45	CAYDHT_FNKFYF	:::::::::0:-8:6:::::13:1:38:::
2682	363.0	1.4271212801474456E-4	1	1.1548677676406051E-4	TGTGCTCTGAGTGACCTATACAACTTCAACAAATTTTACTTT	NNNNNNNNNNNNNNNNNNNNNNNNNNNNNNNNNNNNNNNNNN	TRAV9-2*00(749.7)		TRAJ21*00(569.7)		480|494|514|0|14||140.0		18|44|75|16|42||260.0		TGTGCTCTGAGTGACCTATACAACTTCAACAAATTTTACTTT	45	CALSDLYNFNKFYF	:::::::::0:0:14:::::16:2:42:::
2782	363.0	1.4271212801474456E-4	1	1.1548677676406051E-4	TGTGCTCTGAGTGAAGGAAGTAGAGATGACAAGATCATCTTT	NNNNNNNNNNNNNNNNNNNNNNNNNNNNNNNNNNNNNNNNNN	TRAV9-2*00(749.6)		TRAJ30*00(519.6)		480|494|514|0|14||140.0		25|46|77|21|42||210.0		TGTGCTCTGAGTGAAGGAAGTAGAGATGACAAGATCATCTTT	45	CALSEGSRDDKIIF	:::::::::0:0:14:::::21:-5:42:::
3076	363.0	1.4271212801474456E-4	1	1.1548677676406051E-4	TGTGCTCCCGACAATGACATGCGCTTT	NNNNNNNNNNNNNNNNNNNNNNNNNNN	TRAV17*00(871.5)		TRAJ43*00(469.6)		490|501|523|0|11|SA496CSG498C|62.0		27|43|74|11|27||170.0		TGTGCTCCCGACAATGACATGCGCTTT	45	CAPDNDMRF	:::::::::0:-2:11:::::11:-7:27:::
3354	363.0	1.4271212801474456E-4	1	1.1548677676406051E-4	TGTGCTGTGTTATAACAATGACATGCGCTTT	NNNNNNNNNNNNNNNNNNNNNNNNNNNNNNN	TRAV36/DV7*00(580.3)		TRAJ43*00(499.8)		500|509|533|0|9||90.0		23|43|74|11|31||200.0		TGTGCTGTGTTATAACAATGACATGCGCTTT	45	CAVL*_NDMRF	:::::::::0:-4:9:::::11:-3:31:::
3999	363.0	1.4271212801474456E-4	1	1.1548677676406051E-4	TGTGCTGTGAGTGATAACAATGACATGCGCTTT	NNNNNNNNNNNNNNNNNNNNNNNNNNNNNNNNN	TRAV21*00(795.3)		TRAJ43*00(499.6)		544|555|576|0|11||110.0		23|43|74|13|33||200.0		TGTGCTGTGAGTGATAACAATGACATGCGCTTT	45	CAVSDNNDMRF	:::::::::0:-1:11:::::13:-3:33:::
4130	363.0	1.4271212801474456E-4	1	1.1548677676406051E-4	TGTGCTGTGAGGCCCGACCGAGGGCTGGGGCAAACAACCTCTTCTTT	NNNNNNNNNNNNNNNNNNNNNNNNNNNNNNNNNNNNNNNNNNNNNNN	TRAV21*00(808.7)		TRAJ36*00(515.4)		544|558|576|0|14||140.0		25|48|79|24|47||230.0		TGTGCTGTGAGGCCCGACCGAGGGCTGGGGCAAACAACCTCTTCTTT	45	CAVRPDRG_GANNLFF	:::::::::0:2:14:::::24:-5:47:::
4459	363.0	1.4271212801474456E-4	1	1.1548677676406051E-4	TGTGCTGCGCCGTTAATTCAGGGAGCCCAGAAGCTGGTATTT	NNNNNNNNNNNNNNNNNNNNNNNNNNNNNNNNNNNNNNNNNN	TRAV20*00(479.3)		TRAJ54*00(579.1)		498|508|531|0|10|ST505C|71.0		20|49|80|13|42||290.0		TGTGCTGCGCCGTTAATTCAGGGAGCCCAGAAGCTGGTATTT	45	CAAPLIQGAQKLVF	:::::::::0:-3:10:::::13:0:42:::
4742	363.0	1.4271212801474456E-4	1	1.1548677676406051E-4	TGTGCTGATGAACTCACGGGAGGAGGAAACAAACTCACCTTT	NNNNNNNNNNNNNNNNNNNNNNNNNNNNNNNNNNNNNNNNNN	TRAV21*00(429.8)		TRAJ10*00(609.5)		544|551|576|0|7||70.0		22|53|84|11|42||310.0		TGTGCTGATGAACTCACGGGAGGAGGAAACAAACTCACCTTT	45	CADELTGGGNKLTF	:::::::::0:-5:7:::::11:-2:42:::
17359	363.0	1.4271212801474456E-4	1	1.1548677676406051E-4	TGTGCGAGCCCCCCTGGTGGTACTAGCTATGGAAAGCTGACATTT	NNNNNNNNNNNNNNNNNNNNNNNNNNNNNNNNNNNNNNNNNNNNN	TRAV25*00(492.8)		TRAJ52*00(619.7)		620|625|649|0|5||50.0		26|58|89|13|45||320.0		TGTGCGAGCCCCCCTGGTGGTACTAGCTATGGAAAGCTGACATTT	45	CASPPGGTSYGKLTF	:::::::::0:-4:5:::::13:-6:45:::
20290	363.0	1.4271212801474456E-4	1	1.1548677676406051E-4	TGCATCCTGAGAACTGATGGTGGTGCTACAAACAAGCTCATCTTT	NNNNNNNNNNNNNNNNNNNNNNNNNNNNNNNNNNNNNNNNNNNNN	TRAV26-2*00(889.6)		TRAJ32*00(559.9)		791|803|826|0|12||120.0		26|55|86|16|45||290.0		TGCATCCTGAGAACTGATGGTGGTGCTACAAACAAGCTCATCTTT	45	CILRTDGGATNKLIF	:::::::::0:-3:12:::::16:-6:45:::
1689	362.0	1.423189816565772E-4	1	1.1548677676406051E-4	TGTGTGGTGCGAGCTGGTGGTACTAGCTATGGAAAGCTGACATTT	NNNNNNNNNNNNNNNNNNNNNNNNNNNNNNNNNNNNNNNNNNNNN	TRAV12-1*00(949.6)		TRAJ52*00(589.8)		539|548|572|0|9||90.0		25|58|89|12|45||330.0		TGTGTGGTGCGAGCTGGTGGTACTAGCTATGGAAAGCTGACATTT	45	CVVRAGGTSYGKLTF	:::::::::0:-4:9:::::12:-5:45:::
2225	362.0	1.423189816565772E-4	1	1.1548677676406051E-4	TGTGCTTATAGGAGCGCTGCTGGTGGTACTAGCTATGGAAAGCTGACATTT	NNNNNNNNNNNNNNNNNNNNNNNNNNNNNNNNNNNNNNNNNNNNNNNNNNN	TRAV38-2/DV8*00(629.5)		TRAJ52*00(639.7)		602|619|638|0|17||170.0		24|58|89|17|51||340.0		TGTGCTTATAGGAGCGCTGCTGGTGGTACTAGCTATGGAAAGCTGACATTT	45	CAYRSAAGGTSYGKLTF	:::::::::0:1:17:::::17:-4:51:::
2769	362.0	1.423189816565772E-4	1	1.1548677676406051E-4	TGTGCTCTGAGTGAGAGGGCTTATAACCAGGGAGGAAAGCTTATCTTC	NNNNNNNNNNNNNNNNNNNNNNNNNNNNNNNNNNNNNNNNNNNNNNNN	TRAV19*00(759.3)		TRAJ23*00(550.7)		556|571|593|0|15||150.0		24|52|83|20|48||280.0		TGTGCTCTGAGTGAGAGGGCTTATAACCAGGGAGGAAAGCTTATCTTC	45	CALSERAYNQGGKLIF	:::::::::0:-2:15:::::20:-4:48:::
3576	362.0	1.423189816565772E-4	1	1.1548677676406051E-4	TGTGCTGTGGGTGCGGGATATGGTCAGAATTTTGTCTTT	NNNNNNNNNNNNNNNNNNNNNNNNNNNNNNNNNNNNNNN	TRAV8-3*00(640.5)		TRAJ26*00(499.8)		455|470|489|0|15||150.0		28|49|80|18|39||210.0		TGTGCTGTGGGTGCGGGATATGGTCAGAATTTTGTCTTT	45	CAVGAGYGQNFVF	:::::::::0:1:15:::::18:-8:39:::
3646	362.0	1.423189816565772E-4	1	1.1548677676406051E-4	TGTGCTGTGGGGACCGAATCTAACTTTGGAAATGAGAAATTAACCTTT	NNNNNNNNNNNNNNNNNNNNNNNNNNNNNNNNNNNNNNNNNNNNNNNN	TRAV20*00(499.6)		TRAJ48*00(619.5)		498|507|531|0|9||90.0		21|52|83|17|48||310.0		TGTGCTGTGGGGACCGAATCTAACTTTGGAAATGAGAAATTAACCTTT	45	CAVGTESNFGNEKLTF	:::::::::0:-4:9:::::17:-1:48:::
4305	362.0	1.423189816565772E-4	1	1.1548677676406051E-4	TGTGCTGTGAGAGAGAGAGGGCGATACTCTGGGGCTGGGAGTTACCAACTCACTTTC	NNNNNNNNNNNNNNNNNNNNNNNNNNNNNNNNNNNNNNNNNNNNNNNNNNNNNNNNN	TRAV3*00(619.1)		TRAJ28*00(629.7)		437|451|473|0|14||140.0		21|55|86|23|57||340.0		TGTGCTGTGAGAGAGAGAGGGCGATACTCTGGGGCTGGGAGTTACCAACTCACTTTC	45	CAVRERGRYSGAGSYQLTF	:::::::::0:-2:14:::::23:-1:57:::
4506	362.0	1.423189816565772E-4	1	1.1548677676406051E-4	TGTGCTGGTCCCCCTCTGGGCTCAGGAACCTACAAATACATCTTT	NNNNNNNNNNNNNNNNNNNNNNNNNNNNNNNNNNNNNNNNNNNNN	TRAV35*00(908.7)		TRAJ40*00(500)		588|596|620|0|8||80.0		25|50|81|20|45||250.0		TGTGCTGGTCCCCCTCTGGGCTCAGGAACCTACAAATACATCTTT	45	CAGPPLGSGTYKYIF	:::::::::0:-4:8:::::20:-5:45:::
4652	362.0	1.423189816565772E-4	1	1.1548677676406051E-4	TGTGCTGGGCAGCGCCCACTATGGTCAGAATTTTGTCTTT	NNNNNNNNNNNNNNNNNNNNNNNNNNNNNNNNNNNNNNNN	TRAV35*00(580.5)		TRAJ26*00(519.9)		588|601|620|0|13||130.0		26|49|80|17|40||230.0		TGTGCTGGGCAGCGCCCACTATGGTCAGAATTTTGTCTTT	45	CAGQRPL_GQNFVF	:::::::::0:1:13:::::17:-6:40:::
17558	362.0	1.423189816565772E-4	1	1.1548677676406051E-4	TGTGCAGCACGGCAAACTGGGGCAAACAACCTCTTCTTT	NNNNNNNNNNNNNNNNNNNNNNNNNNNNNNNNNNNNNNN	TRAV29/DV5*00(499.8)		TRAJ36*00(579.3)		529|538|562|0|9||90.0		21|48|79|12|39||270.0		TGTGCAGCACGGCAAACTGGGGCAAACAACCTCTTCTTT	45	CAARQTGANNLFF	:::::::::0:-4:9:::::12:-1:39:::
17729	362.0	1.423189816565772E-4	1	1.1548677676406051E-4	TGTGCAGCAAGTACAGGGCCGAGCACCCTCACCTTT	NNNNNNNNNNNNNNNNNNNNNNNNNNNNNNNNNNNN	TRAV13-1*00(835.6)		TRAJ11*00(459.8)		511|524|544|0|13||130.0		34|49|80|21|36||150.0		TGTGCAGCAAGTACAGGGCCGAGCACCCTCACCTTT	45	CAASTGPSTLTF	:::::::::0:0:13:::::21:-14:36:::
18015	362.0	1.423189816565772E-4	1	1.1548677676406051E-4	TGTGCAGCAAGCAGGAGGAGGTGCTGACGGACTCACCTTT	NNNNNNNNNNNNNNNNNNNNNNNNNNNNNNNNNNNNNNNN	TRAV23/DV6*00(499.8)		TRAJ45*00(599.9)		517|529|550|0|12||130.0		27|55|86|12|40||290.0		TGTGCAGCAAGCAGGAGGAGGTGCTGACGGACTCACCTTT	45	CAASRRR_ADGLTF	:::::::::0:-1:12:::::12:-7:40:::
18123	362.0	1.423189816565772E-4	1	1.1548677676406051E-4	TGTGCAGGCCACCTCCAAGGCTCTAGCAACACAGGCAAACTAATCTTT	NNNNNNNNNNNNNNNNNNNNNNNNNNNNNNNNNNNNNNNNNNNNNNNN	TRAV25*00(522.9)		TRAJ37*00(591.3)		620|628|649|0|8||80.0		17|51|82|14|48|ST20ASG27A|282.0		TGTGCAGGCCACCTCCAAGGCTCTAGCAACACAGGCAAACTAATCTTT	45	CAGHLQGSSNTGKLIF	:::::::::0:-1:8:::::14:3:48:::
18500	362.0	1.423189816565772E-4	1	1.1548677676406051E-4	TGTGCAGAGAATAATACGCTGGTGGTACTAGCTATGGAAAGCTGACATTT	NNNNNNNNNNNNNNNNNNNNNNNNNNNNNNNNNNNNNNNNNNNNNNNNNN	TRAV13-2*00(702.2)		TRAJ52*00(624.3)		506|519|539|0|13||130.0		25|58|89|17|50||330.0		TGTGCAGAGAATAATACGCTGGTGGTACTAGCTATGGAAAGCTGACATTT	45	CAENNTLV_TSYGKLTF	:::::::::0:0:13:::::17:-5:50:::
19084	362.0	1.423189816565772E-4	1	1.1548677676406051E-4	TGCCGCCCGAGGGGTTCTGCAAGGCAACTGACCTTT	NNNNNNNNNNNNNNNNNNNNNNNNNNNNNNNNNNNN	TRAV4*00(909.5)		TRAJ22*00(539.9)		768|772|804|0|4||40.0		28|52|83|12|36||240.0		TGCCGCCCGAGGGGTTCTGCAAGGCAACTGACCTTT	45	CRPRGSARQLTF	:::::::::0:-12:4:::::12:-8:36:::
1549	361.0	1.419258352984099E-4	1	1.1548677676406051E-4	TGTCTCGGGGTCCGTTATGGTCAGAATTTTGTCTTT	NNNNNNNNNNNNNNNNNNNNNNNNNNNNNNNNNNNN	TRAV27*00(571.8)		TRAJ26*00(499.8)		552|555|582|0|3||30.0		28|49|80|15|36||210.0		TGTCTCGGGGTCCGTTATGGTCAGAATTTTGTCTTT	45	CLGVRYGQNFVF	:::::::::0:-7:3:::::15:-8:36:::
1849	361.0	1.419258352984099E-4	1	1.1548677676406051E-4	TGTGTGGTGAACTCCAGGTACAGCAGTGCTTCCAAGATAATCTTT	NNNNNNNNNNNNNNNNNNNNNNNNNNNNNNNNNNNNNNNNNNNNN	TRAV12-1*00(979.1)		TRAJ3*00(549.5)		539|551|572|0|12||120.0		22|51|82|16|45||290.0		TGTGTGGTGAACTCCAGGTACAGCAGTGCTTCCAAGATAATCTTT	45	CVVNSRYSSASKIIF	:::::::::0:-1:12:::::16:-2:45:::
2694	361.0	1.419258352984099E-4	1	1.1548677676406051E-4	TGTGCTCTGAGTGAGTGGGGTAACCAGTTCTATTTT	NNNNNNNNNNNNNNNNNNNNNNNNNNNNNNNNNNNN	TRAV19*00(759.5)		TRAJ49*00(479.6)		556|571|593|0|15||150.0		27|45|76|18|36||180.0		TGTGCTCTGAGTGAGTGGGGTAACCAGTTCTATTTT	45	CALSEWGNQFYF	:::::::::0:-2:15:::::18:-7:36:::
3346	361.0	1.419258352984099E-4	1	1.1548677676406051E-4	TGTGCTGTGTTTCTCTCAGGAACCTACAAATACATCTTT	NNNNNNNNNNNNNNNNNNNNNNNNNNNNNNNNNNNNNNN	TRAV21*00(959.3)		TRAJ40*00(519.7)		544|553|576|0|9||90.0		25|50|81|14|39||250.0		TGTGCTGTGTTTCTCTCAGGAACCTACAAATACATCTTT	45	CAVFLSGTYKYIF	:::::::::0:-3:9:::::14:-5:39:::
3553	361.0	1.419258352984099E-4	1	1.1548677676406051E-4	TGTGCTGTGGGTGTATACAACTTCAACAAATTTTACTTT	NNNNNNNNNNNNNNNNNNNNNNNNNNNNNNNNNNNNNNN	TRAV8-3*00(585.7)		TRAJ21*00(589.9)		455|467|489|0|12||130.0		17|44|75|12|39||280.0		TGTGCTGTGGGTGTATACAACTTCAACAAATTTTACTTT	45	CAVGVYNFNKFYF	:::::::::0:-2:12:::::12:3:39:::
3571	361.0	1.419258352984099E-4	1	1.1548677676406051E-4	TGTGCTGTGGGTGCGCGAAGGCTTTGGGAATGTGCTGCATTGC	NNNNNNNNNNNNNNNNNNNNNNNNNNNNNNNNNNNNNNNNNNN	TRAV8-3*00(611)		TRAJ35*00(559.7)		455|471|489|0|16||160.0		23|48|79|18|43||250.0		TGTGCTGTGGGTGCGCGAAGGCTTTGGGAATGTGCTGCATTGC	45	CAVGARR_FGNVLHC	:::::::::0:2:16:::::18:-3:43:::
3645	361.0	1.419258352984099E-4	1	1.1548677676406051E-4	TGTGCTGTGGGGATCAGGTCTGGGGCTGGGAGTTACCAACTCACTTTC	NNNNNNNNNNNNNNNNNNNNNNNNNNNNNNNNNNNNNNNNNNNNNNNN	TRAV1-2*00(649.5)		TRAJ28*00(589.8)		620|629|654|0|9||90.0		25|55|86|18|48||300.0		TGTGCTGTGGGGATCAGGTCTGGGGCTGGGAGTTACCAACTCACTTTC	45	CAVGIRSGAGSYQLTF	:::::::::0:-5:9:::::18:-5:48:::
4026	361.0	1.419258352984099E-4	1	1.1548677676406051E-4	TGTGCTGTGAGTGAGATGGATAGCAGCTATAAATTGATCTTC	NNNNNNNNNNNNNNNNNNNNNNNNNNNNNNNNNNNNNNNNNN	TRAV8-6*00(709.8)		TRAJ12*00(549.8)		448|462|482|0|14||140.0		21|49|80|14|42||280.0		TGTGCTGTGAGTGAGATGGATAGCAGCTATAAATTGATCTTC	45	CAVSEMDSSYKLIF	:::::::::0:0:14:::::14:-1:42:::
4051	361.0	1.419258352984099E-4	1	1.1548677676406051E-4	TGTGCTGTGAGTGAAGATTCAGGAGGAGGTGCTGACGGACTCACCTTT	NNNNNNNNNNNNNNNNNNNNNNNNNNNNNNNNNNNNNNNNNNNNNNNN	TRAV8-4*00(689.8)		TRAJ45*00(629.8)		476|490|510|0|14||140.0		23|55|86|16|48||320.0		TGTGCTGTGAGTGAAGATTCAGGAGGAGGTGCTGACGGACTCACCTTT	45	CAVSEDSGGGADGLTF	:::::::::0:0:14:::::16:-3:48:::
4491	361.0	1.419258352984099E-4	1	1.1548677676406051E-4	TGTGCTGCAGGTGCGTGGAAGAAGCCAAGGAAATCTCATCTTT	NNNNNNNNNNNNNNNNNNNNNNNNNNNNNNNNNNNNNNNNNNN	TRAV8-5*00(652.8)		TRAJ42*00(550.5)		1528|1543|1562|0|15||150.0		27|55|86|15|43|SG31A|251.0		TGTGCTGCAGGTGCGTGGAAGAAGCCAAGGAAATCTCATCTTT	45	CAAGAWK_SQGNLIF	:::::::::0:1:15:::::15:-7:43:::
4777	361.0	1.419258352984099E-4	1	1.1548677676406051E-4	TGTGCTACCGAAAGGGGTTACCAACTCACTTTC	NNNNNNNNNNNNNNNNNNNNNNNNNNNNNNNNN	TRAV17*00(879.9)		TRAJ28*00(460.6)		490|501|523|0|11|SG498C|81.0		35|55|86|13|33|SA37G|171.0		TGTGCTACCGAAAGGGGTTACCAACTCACTTTC	45	CATERGYQLTF	:::::::::0:-2:11:::::13:-15:33:::
4866	361.0	1.419258352984099E-4	1	1.1548677676406051E-4	TGTGCTACGGACGCGGATGGATAGCAGCTATAAATTGATCTTC	NNNNNNNNNNNNNNNNNNNNNNNNNNNNNNNNNNNNNNNNNNN	TRAV17*00(949.4)		TRAJ12*00(569.8)		490|504|523|0|14||150.0		20|49|80|14|43||300.0		TGTGCTACGGACGCGGATGGATAGCAGCTATAAATTGATCTTC	45	CATDADG_SSYKLIF	:::::::::0:1:14:::::14:0:43:::
6142	361.0	1.419258352984099E-4	1	1.1548677676406051E-4	TGTGCCGTCCCCGAGACGGGTAACCAGTTCTATTTT	NNNNNNNNNNNNNNNNNNNNNNNNNNNNNNNNNNNN	TRAV39*00(719.7)		TRAJ49*00(480.3)		507|515|540|0|8||80.0		24|45|76|15|36|SC26G|181.0		TGTGCCGTCCCCGAGACGGGTAACCAGTTCTATTTT	45	CAVPETGNQFYF	:::::::::0:-5:8:::::15:-4:36:::
6210	361.0	1.419258352984099E-4	1	1.1548677676406051E-4	TGTGCCGTGGGTCTCAATAATGCAGGCAACATGCTCACCTTT	NNNNNNNNNNNNNNNNNNNNNNNNNNNNNNNNNNNNNNNNNN	TRAV8-1*00(560)		TRAJ39*00(579.7)		474|483|508|0|9||90.0		25|52|83|15|42||270.0		TGTGCCGTGGGTCTCAATAATGCAGGCAACATGCTCACCTTT	45	CAVGLNNAGNMLTF	:::::::::0:-5:9:::::15:-5:42:::
17452	361.0	1.419258352984099E-4	1	1.1548677676406051E-4	TGTGCAGCTGCGGGTGGTGGAGGCTTCAAAACTATCTTT	NNNNNNNNNNNNNNNNNNNNNNNNNNNNNNNNNNNNNNN	TRAV13-1*00(763)		TRAJ9*00(507.1)		511|519|544|0|8||80.0		28|50|81|17|39||220.0		TGTGCAGCTGCGGGTGGTGGAGGCTTCAAAACTATCTTT	45	CAAAGGGGFKTIF	:::::::::0:-5:8:::::17:-8:39:::
17496	361.0	1.419258352984099E-4	1	1.1548677676406051E-4	TGTGCAGCCGGTGGACAGGCAGGAACTGCTCTGATCTTT	NNNNNNNNNNNNNNNNNNNNNNNNNNNNNNNNNNNNNNN	TRAV23/DV6*00(449.2)		TRAJ15*00(549.5)		517|525|550|0|8||80.0		25|49|80|15|39||240.0		TGTGCAGCCGGTGGACAGGCAGGAACTGCTCTGATCTTT	45	CAAGGQAGTALIF	:::::::::0:-5:8:::::15:-5:39:::
17594	361.0	1.419258352984099E-4	1	1.1548677676406051E-4	TGTGCAGCAATCCCCCCTAACGACTACAAGCTCAGCTTT	NNNNNNNNNNNNNNNNNNNNNNNNNNNNNNNNNNNNNNN	TRAV13-1*00(960.7)		TRAJ20*00(512.1)		511|521|544|0|10||100.0		23|46|77|16|39||230.0		TGTGCAGCAATCCCCCCTAACGACTACAAGCTCAGCTTT	45	CAAIPPNDYKLSF	:::::::::0:-3:10:::::16:-3:39:::
17886	361.0	1.419258352984099E-4	1	1.1548677676406051E-4	TGTGCAGCAAGCGCGGGGGATAGCAGCTATAAATTGATCTTC	NNNNNNNNNNNNNNNNNNNNNNNNNNNNNNNNNNNNNNNNNN	TRAV29/DV5*00(599.7)		TRAJ12*00(529.9)		529|544|562|0|15||150.0		24|49|80|17|42||250.0		TGTGCAGCAAGCGCGGGGGATAGCAGCTATAAATTGATCTTC	45	CAASAGDSSYKLIF	:::::::::0:2:15:::::17:-4:42:::
18029	361.0	1.419258352984099E-4	1	1.1548677676406051E-4	TGTGCAGCAAGCAAAGTAACTAACTTTGGAAATGAGAAATTAACCTTT	NNNNNNNNNNNNNNNNNNNNNNNNNNNNNNNNNNNNNNNNNNNNNNNN	TRAV23/DV6*00(499.8)		TRAJ48*00(600.2)		517|530|550|0|13||130.0		20|52|83|16|48|ST22A|291.0		TGTGCAGCAAGCAAAGTAACTAACTTTGGAAATGAGAAATTAACCTTT	45	CAASKVTNFGNEKLTF	:::::::::0:0:13:::::16:0:48:::
18619	361.0	1.419258352984099E-4	1	1.1548677676406051E-4	TGTGCAATGAGCGCTGGTCCGCGCTGGGGCTGGGAGTTACCAACTCACTTTC	NNNNNNNNNNNNNNNNNNNNNNNNNNNNNNNNNNNNNNNNNNNNNNNNNNNN	TRAV12-3*00(530.9)		TRAJ28*00(579.5)		562|576|595|0|14||140.0		26|55|86|23|52||290.0		TGTGCAATGAGCGCTGGTCCGCGCTGGGGCTGGGAGTTACCAACTCACTTTC	45	CAMSAGPRW_AGSYQLTF	:::::::::0:1:14:::::23:-6:52:::
18816	361.0	1.419258352984099E-4	1	1.1548677676406051E-4	TGTGCAATGAGAGAGGAGTTTACTATGGGAACAACAGACTCGCTTTT	NNNNNNNNNNNNNNNNNNNNNNNNNNNNNNNNNNNNNNNNNNNNNNN	TRAV14/DV4*00(890.1)		TRAJ7*00(549.1)		517|533|554|0|16||160.0		22|48|79|21|47||260.0		TGTGCAATGAGAGAGGAGTTTACTATGGGAACAACAGACTCGCTTTT	45	CAMREEFT_GNNRLAF	:::::::::0:-1:16:::::21:-2:47:::
1733	360.0	1.4153268894024254E-4	1	1.1548677676406051E-4	TGTGTGGTGACCCCCTCAAATTCCGGGTATGCACTCAACTTC	NNNNNNNNNNNNNNNNNNNNNNNNNNNNNNNNNNNNNNNNNN	TRAV10*00(1009.5)		TRAJ41*00(499.8)		575|585|608|0|10||100.0		23|51|82|14|42||280.0		TGTGTGGTGACCCCCTCAAATTCCGGGTATGCACTCAACTTC	45	CVVTPSNSGYALNF	:::::::::0:-3:10:::::14:-3:42:::
1791	360.0	1.4153268894024254E-4	1	1.1548677676406051E-4	TGTGTGGTGAGCGCGTAATTATGGTGGTGCTACAAACAAGCTCATCTTT	NNNNNNNNNNNNNNNNNNNNNNNNNNNNNNNNNNNNNNNNNNNNNNNNN	TRAV10*00(887.6)		TRAJ32*00(609.1)		575|590|608|0|15||150.0		22|55|86|16|49||330.0		TGTGTGGTGAGCGCGTAATTATGGTGGTGCTACAAACAAGCTCATCTTT	45	CVVSA*LW_GATNKLIF	:::::::::0:2:15:::::16:-2:49:::
1839	360.0	1.4153268894024254E-4	1	1.1548677676406051E-4	TGTGTGGTGAATCCGCTCTGGGGGTTACCAGAAAGTTACCTTT	NNNNNNNNNNNNNNNNNNNNNNNNNNNNNNNNNNNNNNNNNNN	TRAV12-1*00(676.1)		TRAJ13*00(553.6)		539|550|572|0|11||110.0		25|52|83|16|43||270.0		TGTGTGGTGAATCCGCTCTGGGGGTTACCAGAAAGTTACCTTT	45	CVVNPLW_GYQKVTF	:::::::::0:-2:11:::::16:-5:43:::
1905	360.0	1.4153268894024254E-4	1	1.1548677676406051E-4	TGTGTGGTGAACATTTTCGTGCCAGACTCATGTTT	NNNNNNNNNNNNNNNNNNNNNNNNNNNNNNNNNNN	TRAV12-1*00(1010.1)		TRAJ31*00(459.1)		539|557|572|0|18|SG553T|151.0		30|46|77|19|35||160.0		TGTGTGGTGAACATTTTCGTGCCAGACTCATGTTT	45	CVVNIF_ARLMF	:::::::::0:5:18:::::19:-10:35:::
2523	360.0	1.4153268894024254E-4	1	1.1548677676406051E-4	TGTGCTCTGATTTATAACCAGGGAGGAAAGCTTATCTTC	NNNNNNNNNNNNNNNNNNNNNNNNNNNNNNNNNNNNNNN	TRAV9-2*00(709.3)		TRAJ23*00(629.5)		480|489|514|0|9||100.0		22|52|83|9|39||320.0		TGTGCTCTGATTTATAACCAGGGAGGAAAGCTTATCTTC	45	CALIYNQGGKLIF	:::::::::0:-5:9:::::9:-2:39:::
3353	360.0	1.4153268894024254E-4	1	1.1548677676406051E-4	TGTGCTGTGTTATATCTGGGAGCCCAGAAGCTGGTATTT	NNNNNNNNNNNNNNNNNNNNNNNNNNNNNNNNNNNNNNN	TRAV36/DV7*00(580.2)		TRAJ54*00(510.3)		500|509|533|0|9||90.0		24|49|80|14|39|SA26T|221.0		TGTGCTGTGTTATATCTGGGAGCCCAGAAGCTGGTATTT	45	CAVLYLGAQKLVF	:::::::::0:-4:9:::::14:-4:39:::
3760	360.0	1.4153268894024254E-4	1	1.1548677676406051E-4	TGTGCTGTGGAACGTAATAACTATGGTCAGAATTTTGTCTTT	NNNNNNNNNNNNNNNNNNNNNNNNNNNNNNNNNNNNNNNNNN	TRAV2*00(1009.3)		TRAJ26*00(509.9)		519|530|553|0|11||110.0		23|49|80|16|42||260.0		TGTGCTGTGGAACGTAATAACTATGGTCAGAATTTTGTCTTT	45	CAVERNNYGQNFVF	:::::::::0:-3:11:::::16:-3:42:::
3787	360.0	1.4153268894024254E-4	1	1.1548677676406051E-4	TGTGCTGTGATCCTTAACGACTACAAGCTCAGCTTT	NNNNNNNNNNNNNNNNNNNNNNNNNNNNNNNNNNNN	TRAV8-6*00(669.3)		TRAJ20*00(519.4)		448|458|482|0|10||100.0		24|46|77|14|36||220.0		TGTGCTGTGATCCTTAACGACTACAAGCTCAGCTTT	45	CAVILNDYKLSF	:::::::::0:-4:10:::::14:-4:36:::
3981	360.0	1.4153268894024254E-4	1	1.1548677676406051E-4	TGTGCTGTGAGTGATGTCCAGGCAGGAACTGCTCTGATCTTT	NNNNNNNNNNNNNNNNNNNNNNNNNNNNNNNNNNNNNNNNNN	TRAV8-6*00(719.3)		TRAJ15*00(559.9)		448|463|482|0|15||150.0		24|49|80|17|42||250.0		TGTGCTGTGAGTGATGTCCAGGCAGGAACTGCTCTGATCTTT	45	CAVSDVQAGTALIF	:::::::::0:1:15:::::17:-4:42:::
4379	360.0	1.4153268894024254E-4	1	1.1548677676406051E-4	TGTGCTGTAACCGCTAACACCGACAAGCTCATCTTT	NNNNNNNNNNNNNNNNNNNNNNNNNNNNNNNNNNNN	TRAV41*00(759.2)		TRAJ34*00(519.1)		512|520|544|0|8||80.0		25|47|78|14|36||220.0		TGTGCTGTAACCGCTAACACCGACAAGCTCATCTTT	45	CAVTANTDKLIF	:::::::::0:-4:8:::::14:-5:36:::
4795	360.0	1.4153268894024254E-4	1	1.1548677676406051E-4	TGTGCTACGGTGGGGATTCAGGAGGAGGTGCTGACGGACTCACCTTT	NNNNNNNNNNNNNNNNNNNNNNNNNNNNNNNNNNNNNNNNNNNNNNN	TRAV17*00(899.5)		TRAJ45*00(589.5)		490|500|523|0|10||100.0		23|55|86|15|47||320.0		TGTGCTACGGTGGGGATTCAGGAGGAGGTGCTGACGGACTCACCTTT	45	CATVGIQE_GADGLTF	:::::::::0:-3:10:::::15:-3:47:::
4979	360.0	1.4153268894024254E-4	1	1.1548677676406051E-4	TGTGCCTTTTGGGCAGGCAACATGCTCACCTTT	NNNNNNNNNNNNNNNNNNNNNNNNNNNNNNNNN	TRAV24*00(729.4)		TRAJ39*00(513.7)		515|524|545|0|9||90.0		31|52|83|12|33||210.0		TGTGCCTTTTGGGCAGGCAACATGCTCACCTTT	45	CAFWAGNMLTF	:::::::::0:-1:9:::::12:-11:33:::
5008	360.0	1.4153268894024254E-4	1	1.1548677676406051E-4	TGTGCCTTTATGACTGCCAGTAAACTCACCTTT	NNNNNNNNNNNNNNNNNNNNNNNNNNNNNNNNN	TRAV24*00(1009.7)		TRAJ44*00(509.6)		515|526|545|0|11||110.0		31|52|83|12|33||210.0		TGTGCCTTTATGACTGCCAGTAAACTCACCTTT	45	CAFMTASKLTF	:::::::::0:1:11:::::12:-11:33:::
6004	360.0	1.4153268894024254E-4	1	1.1548677676406051E-4	TGTGCCCCTCGGCTGGCAACAACCGTAAGCTGATTTGG	NNNNNNNNNNNNNNNNNNNNNNNNNNNNNNNNNNNNNN	TRAV36/DV7*00(569.8)		TRAJ38*00(569.7)		500|505|533|0|5||50.0		24|51|82|11|38||270.0		TGTGCCCCTCGGCTGGCAACAACCGTAAGCTGATTTGG	45	CAPRLA_NRKLIW	:::::::::0:-8:5:::::11:-4:38:::
6450	360.0	1.4153268894024254E-4	1	1.1548677676406051E-4	TGTGCCGTGAAGAATTATGGTGGTGCTACAAACAAGCTCATCTTT	NNNNNNNNNNNNNNNNNNNNNNNNNNNNNNNNNNNNNNNNNNNNN	TRAV8-1*00(579.8)		TRAJ32*00(639.6)		474|485|508|0|11||110.0		21|55|86|11|45||340.0		TGTGCCGTGAAGAATTATGGTGGTGCTACAAACAAGCTCATCTTT	45	CAVKNYGGATNKLIF	:::::::::0:-3:11:::::11:-1:45:::
17341	360.0	1.4153268894024254E-4	1	1.1548677676406051E-4	TGTGCGGCCGGCGGAATGACATGCGCTTT	NNNNNNNNNNNNNNNNNNNNNNNNNNNNN	TRAV25*00(509.8)		TRAJ43*00(449.9)		620|625|649|0|5||50.0		28|43|74|14|29||150.0		TGTGCGGCCGGCGGAATGACATGCGCTTT	45	CAAGG_DMRF	:::::::::0:-4:5:::::14:-8:29:::
17348	360.0	1.4153268894024254E-4	1	1.1548677676406051E-4	TGTGCGGGAGGCAGCTGGGGGAAATTGCAGTTT	NNNNNNNNNNNNNNNNNNNNNNNNNNNNNNNNN	TRAV25*00(493.7)		TRAJ24*00(509.7)		620|628|649|0|8|SA625G|51.0		30|52|83|11|33||220.0		TGTGCGGGAGGCAGCTGGGGGAAATTGCAGTTT	45	CAGGSWGKLQF	:::::::::0:-1:8:::::11:-10:33:::
17409	360.0	1.4153268894024254E-4	1	1.1548677676406051E-4	TGTGCAGTCTTTCAGGGAGCCCAGAAGCTGGTATTT	NNNNNNNNNNNNNNNNNNNNNNNNNNNNNNNNNNNN	TRAV27*00(611.6)		TRAJ54*00(549.6)		552|559|582|0|7||70.0		23|49|80|10|36||260.0		TGTGCAGTCTTTCAGGGAGCCCAGAAGCTGGTATTT	45	CAVFQGAQKLVF	:::::::::0:-3:7:::::10:-3:36:::
17727	360.0	1.4153268894024254E-4	1	1.1548677676406051E-4	TGTGCAGCAAGTACGGGGTCAGAATTTTGTCTTT	NNNNNNNNNNNNNNNNNNNNNNNNNNNNNNNNNN	TRAV13-1*00(842.1)		TRAJ26*00(469.2)		511|524|544|0|13||130.0		31|49|80|16|34||180.0		TGTGCAGCAAGTACGGGGTCAGAATTTTGTCTTT	45	CAASTG_QNFVF	:::::::::0:0:13:::::16:-11:34:::
17734	360.0	1.4153268894024254E-4	1	1.1548677676406051E-4	TGTGCAGCAAGTAGCACCGGTAACCAGTTCTATTTT	NNNNNNNNNNNNNNNNNNNNNNNNNNNNNNNNNNNN	TRAV13-1*00(988.8)		TRAJ49*00(519.3)		511|524|544|0|13||130.0		23|45|76|14|36||220.0		TGTGCAGCAAGTAGCACCGGTAACCAGTTCTATTTT	45	CAASSTGNQFYF	:::::::::0:0:13:::::14:-3:36:::
18451	360.0	1.4153268894024254E-4	1	1.1548677676406051E-4	TGTGCAGAGAGGGGAAATAACAATGCCAGACTCATGTTT	NNNNNNNNNNNNNNNNNNNNNNNNNNNNNNNNNNNNNNN	TRAV5*00(469.9)		TRAJ31*00(539.7)		523|534|556|0|11||110.0		22|46|77|15|39||240.0		TGTGCAGAGAGGGGAAATAACAATGCCAGACTCATGTTT	45	CAERGNNNARLMF	:::::::::0:-2:11:::::15:-2:39:::
18776	360.0	1.4153268894024254E-4	1	1.1548677676406051E-4	TGTGCAATGAGAGAGGGCCGGTACAACTTCAACAAATTTTACTTT	NNNNNNNNNNNNNNNNNNNNNNNNNNNNNNNNNNNNNNNNNNNNN	TRAV14/DV4*00(919.9)		TRAJ21*00(549.1)		517|536|554|0|19||190.0		20|44|75|21|45||240.0		TGTGCAATGAGAGAGGGCCGGTACAACTTCAACAAATTTTACTTT	45	CAMREGRYNFNKFYF	:::::::::0:2:19:::::21:0:45:::
18946	360.0	1.4153268894024254E-4	1	1.1548677676406051E-4	TGTAAGTAACAGGCAACATGCTCACCTTT	NNNNNNNNNNNNNNNNNNNNNNNNNNNNN	TRAV9-2*00(639.9)		TRAJ39*00(509.4)		480|483|514|0|3||30.0		32|52|83|9|29||200.0		TGTAAGTAACAGGCAACATGCTCACCTTT	45	CK*QA_MLTF	:::::::::0:-11:3:::::9:-12:29:::
18979	360.0	1.4153268894024254E-4	1	1.1548677676406051E-4	TGCCTCGTGGGTCCAAAGGGGGTGCTCTGATCTTT	NNNNNNNNNNNNNNNNNNNNNNNNNNNNNNNNNNN	TRAV4*00(789.7)		TRAJ15*00(372.2)		768|780|804|0|12||120.0		36|49|80|22|35||130.0		TGCCTCGTGGGTCCAAAGGGGGTGCTCTGATCTTT	45	CLVGPK_GALIF	:::::::::0:-4:12:::::22:-16:35:::
19138	360.0	1.4153268894024254E-4	1	1.1548677676406051E-4	TGCGCTGTGAGATCCGTGGGGTCAGAATTTTGTCTTT	NNNNNNNNNNNNNNNNNNNNNNNNNNNNNNNNNNNNN	TRAV1-1*00(690.5)		TRAJ26*00(469.6)		670|682|704|0|12||120.0		31|49|80|19|37||180.0		TGCGCTGTGAGATCCGTGGGGTCAGAATTTTGTCTTT	45	CAVRSV_GQNFVF	:::::::::0:-2:12:::::19:-11:37:::
20193	360.0	1.4153268894024254E-4	1	1.1548677676406051E-4	TGCATCCTTCTCTCTCTAATTTATAACACCGACAAGCTCATCTTT	NNNNNNNNNNNNNNNNNNNNNNNNNNNNNNNNNNNNNNNNNNNNN	TRAV26-2*00(559.5)		TRAJ34*00(549.5)		791|799|826|0|8||80.0		22|47|78|20|45||250.0		TGCATCCTTCTCTCTCTAATTTATAACACCGACAAGCTCATCTTT	45	CILLSLIYNTDKLIF	:::::::::0:-7:8:::::20:-2:45:::
20282	360.0	1.4153268894024254E-4	1	1.1548677676406051E-4	TGCATCCTGAGAGACGACGGCAATGACATGCGCTTT	NNNNNNNNNNNNNNNNNNNNNNNNNNNNNNNNNNNN	TRAV26-2*00(639.7)		TRAJ43*00(459.9)		791|807|826|0|16||160.0		27|43|74|20|36||160.0		TGCATCCTGAGAGACGACGGCAATGACATGCGCTTT	45	CILRDDGNDMRF	:::::::::0:1:16:::::20:-7:36:::
20346	360.0	1.4153268894024254E-4	1	1.1548677676406051E-4	TGCATCGTCAGCCTTACCGACAAGCTCATCTTT	NNNNNNNNNNNNNNNNNNNNNNNNNNNNNNNNN	TRAV26-1*00(599.8)		TRAJ34*00(479.6)		763|774|799|0|11||110.0		29|47|78|15|33||180.0		TGCATCGTCAGCCTTACCGACAAGCTCATCTTT	45	CIVSLTDKLIF	:::::::::0:-5:11:::::15:-9:33:::
1887	359.0	1.411395425820752E-4	1	1.1548677676406051E-4	TGTGTGGTGAACGCATACTCTGGGGCTGGGAGTTACCAACTCACTTTC	NNNNNNNNNNNNNNNNNNNNNNNNNNNNNNNNNNNNNNNNNNNNNNNN	TRAV12-1*00(979.5)		TRAJ28*00(609.4)		539|551|572|0|12||120.0		19|55|86|12|48||360.0		TGTGTGGTGAACGCATACTCTGGGGCTGGGAGTTACCAACTCACTTTC	45	CVVNAYSGAGSYQLTF	:::::::::0:-1:12:::::12:1:48:::
1900	359.0	1.411395425820752E-4	1	1.1548677676406051E-4	TGTGTGGTGAACGGGAACCTACAAATACATCTTT	NNNNNNNNNNNNNNNNNNNNNNNNNNNNNNNNNN	TRAV12-1*00(979.6)		TRAJ40*00(499.6)		539|551|572|0|12||120.0		29|50|81|13|34||210.0		TGTGTGGTGAACGGGAACCTACAAATACATCTTT	45	CVVNGN_YKYIF	:::::::::0:-1:12:::::13:-9:34:::
2093	359.0	1.411395425820752E-4	1	1.1548677676406051E-4	TGTGCTTTCAATCTTCCCCAGGGCGGGAGCCCAGAAGCTGGTATTT	NNNNNNNNNNNNNNNNNNNNNNNNNNNNNNNNNNNNNNNNNNNNNN	TRAV38-1*00(559.9)		TRAJ54*00(509.4)		596|606|633|0|10||100.0		27|49|80|24|46||220.0		TGTGCTTTCAATCTTCCCCAGGGCGGGAGCCCAGAAGCTGGTATTT	45	CAFNLPQG_GAQKLVF	:::::::::0:-7:10:::::24:-7:46:::
2444	359.0	1.411395425820752E-4	1	1.1548677676406051E-4	TGTGCTCTTAAGGGGGATAACTATGGTCAGAATTTTGTCTTT	NNNNNNNNNNNNNNNNNNNNNNNNNNNNNNNNNNNNNNNNNN	TRAV16*00(661.4)		TRAJ26*00(564.5)		449|457|483|0|8||80.0		20|49|80|13|42||290.0		TGTGCTCTTAAGGGGGATAACTATGGTCAGAATTTTGTCTTT	45	CALKGDNYGQNFVF	:::::::::0:-6:8:::::13:0:42:::
3084	359.0	1.411395425820752E-4	1	1.1548677676406051E-4	TGTGCTCCCAAATTATAACACCGACAAGCTCATCTTT	NNNNNNNNNNNNNNNNNNNNNNNNNNNNNNNNNNNNN	TRAV16*00(765.3)		TRAJ34*00(543.7)		449|456|483|0|7||70.0		22|47|78|12|37||250.0		TGTGCTCCCAAATTATAACACCGACAAGCTCATCTTT	45	CAPKL*_TDKLIF	:::::::::0:-7:7:::::12:-2:37:::
3745	359.0	1.411395425820752E-4	1	1.1548677676406051E-4	TGTGCTGTGGAGGAGTGGGGTTCTGCAAGGCAACTGACCTTT	NNNNNNNNNNNNNNNNNNNNNNNNNNNNNNNNNNNNNNNNNN	TRAV2*00(816.1)		TRAJ22*00(529.5)		519|533|553|0|14||140.0		28|52|83|18|42||240.0		TGTGCTGTGGAGGAGTGGGGTTCTGCAAGGCAACTGACCTTT	45	CAVEEWGSARQLTF	:::::::::0:0:14:::::18:-8:42:::
4676	359.0	1.411395425820752E-4	1	1.1548677676406051E-4	TGTGCTGGGCAGACCCCTTCAGGTGGTACTAGCTATGGAAAGCTGACATTT	NNNNNNNNNNNNNNNNNNNNNNNNNNNNNNNNNNNNNNNNNNNNNNNNNNN	TRAV35*00(945.2)		TRAJ52*00(559.9)		588|600|620|0|12||120.0		28|58|89|21|51||300.0		TGTGCTGGGCAGACCCCTTCAGGTGGTACTAGCTATGGAAAGCTGACATTT	45	CAGQTPSGGTSYGKLTF	:::::::::0:0:12:::::21:-8:51:::
6340	359.0	1.411395425820752E-4	1	1.1548677676406051E-4	TGTGCCGTGAATTAGGAGTGCTGGTGGTACTAGCTATGGAAAGCTGACATTT	NNNNNNNNNNNNNNNNNNNNNNNNNNNNNNNNNNNNNNNNNNNNNNNNNNNN	TRAV12-2*00(587.6)		TRAJ52*00(632.8)		551|562|584|0|11||110.0		24|58|89|18|52||340.0		TGTGCCGTGAATTAGGAGTGCTGGTGGTACTAGCTATGGAAAGCTGACATTT	45	CAVN*ECWW_TSYGKLTF	:::::::::0:-2:11:::::18:-4:52:::
6367	359.0	1.411395425820752E-4	1	1.1548677676406051E-4	TGTGCCGTGAATAGTAAAGCTGCAGGCAACAAGCTAACTTTT	NNNNNNNNNNNNNNNNNNNNNNNNNNNNNNNNNNNNNNNNNN	TRAV8-1*00(589.6)		TRAJ17*00(569.6)		474|486|508|0|12||120.0		25|52|83|15|42||270.0		TGTGCCGTGAATAGTAAAGCTGCAGGCAACAAGCTAACTTTT	45	CAVNSKAAGNKLTF	:::::::::0:-2:12:::::15:-5:42:::
17423	359.0	1.411395425820752E-4	1	1.1548677676406051E-4	TGTGCAGTCGAACACCGGTAACCAGTTCTATTTT	NNNNNNNNNNNNNNNNNNNNNNNNNNNNNNNNNN	TRAV25*00(512.9)		TRAJ49*00(569.8)		620|627|649|0|7||70.0		18|45|76|7|34||270.0		TGTGCAGTCGAACACCGGTAACCAGTTCTATTTT	45	CAVEHR_NQFYF	:::::::::0:-2:7:::::7:2:34:::
17863	359.0	1.411395425820752E-4	1	1.1548677676406051E-4	TGTGCAGCAAGCGCCAGGGAGGAAAGCTTATCTTC	NNNNNNNNNNNNNNNNNNNNNNNNNNNNNNNNNNN	TRAV29/DV5*00(589.8)		TRAJ23*00(490.5)		529|543|562|0|14||140.0		31|52|83|14|35||220.0		TGTGCAGCAAGCGCCAGGGAGGAAAGCTTATCTTC	45	CAASAR_GKLIF	:::::::::0:1:14:::::14:-11:35:::
18653	359.0	1.411395425820752E-4	1	1.1548677676406051E-4	TGTGCAATGAGCGGCGGTAACTATGGTCAGAATTTTGTCTTT	NNNNNNNNNNNNNNNNNNNNNNNNNNNNNNNNNNNNNNNNNN	TRAV12-3*00(782.4)		TRAJ26*00(514)		562|575|595|0|13||130.0		24|49|80|17|42||250.0		TGTGCAATGAGCGGCGGTAACTATGGTCAGAATTTTGTCTTT	45	CAMSGGNYGQNFVF	:::::::::0:0:13:::::17:-4:42:::
18942	359.0	1.411395425820752E-4	1	1.1548677676406051E-4	TGTACACTAGGGCAATATGGTCAGAATTTTGTCTTT	NNNNNNNNNNNNNNNNNNNNNNNNNNNNNNNNNNNN	TRAV29/DV5*00(480.8)		TRAJ26*00(499.7)		529|535|562|0|6|SG532A|31.0		28|49|80|15|36||210.0		TGTACACTAGGGCAATATGGTCAGAATTTTGTCTTT	45	CTLGQYGQNFVF	:::::::::0:-7:6:::::15:-8:36:::
19103	359.0	1.411395425820752E-4	1	1.1548677676406051E-4	TGCGCTGTCCGCTCAAATTCCGGGTATGCACTCAACTTC	NNNNNNNNNNNNNNNNNNNNNNNNNNNNNNNNNNNNNNN	TRAV1-1*00(650.8)		TRAJ41*00(539.6)		670|678|704|0|8||80.0		23|51|82|11|39||280.0		TGCGCTGTCCGCTCAAATTCCGGGTATGCACTCAACTTC	45	CAVRSNSGYALNF	:::::::::0:-6:8:::::11:-3:39:::
1896	358.0	1.4074639622390785E-4	1	1.1548677676406051E-4	TGTGTGGTGAACGGGGGCTATCAGTTAATCTGG	NNNNNNNNNNNNNNNNNNNNNNNNNNNNNNNNN	TRAV12-1*00(662.6)		TRAJ33*00(449.7)		539|551|572|0|12||120.0		30|46|77|17|33||160.0		TGTGTGGTGAACGGGGGCTATCAGTTAATCTGG	45	CVVNGGYQLIW	:::::::::0:-1:12:::::17:-10:33:::
1992	358.0	1.4074639622390785E-4	1	1.1548677676406051E-4	TGTGCTTTTTCAACTGACAGCTGGGGGAAATTGCAGTTT	NNNNNNNNNNNNNNNNNNNNNNNNNNNNNNNNNNNNNNN	TRAV9-2*00(669.7)		TRAJ24*00(579.8)		480|486|514|0|6||60.0		23|52|83|10|39||290.0		TGTGCTTTTTCAACTGACAGCTGGGGGAAATTGCAGTTT	45	CAFSTDSWGKLQF	:::::::::0:-8:6:::::10:-3:39:::
3198	358.0	1.4074639622390785E-4	1	1.1548677676406051E-4	TGTGCTGTTAGGAACTTCAACAAATTTTACTTT	NNNNNNNNNNNNNNNNNNNNNNNNNNNNNNNNN	TRAV3*00(560.4)		TRAJ21*00(519.8)		437|448|473|0|11|SG445T|81.0		23|44|75|12|33||210.0		TGTGCTGTTAGGAACTTCAACAAATTTTACTTT	45	CAVRNFNKFYF	:::::::::0:-5:11:::::12:-3:33:::
3697	358.0	1.4074639622390785E-4	1	1.1548677676406051E-4	TGTGCTGTGGAGCGAGGATCAGGGCGGATCTGAAAAGCTGGTCTTT	NNNNNNNNNNNNNNNNNNNNNNNNNNNNNNNNNNNNNNNNNNNNNN	TRAV22*00(569.6)		TRAJ57*00(579)		526|540|559|0|14||140.0		24|52|83|18|46||280.0		TGTGCTGTGGAGCGAGGATCAGGGCGGATCTGAAAAGCTGGTCTTT	45	CAVERGSG_GSEKLVF	:::::::::0:1:14:::::18:-4:46:::
4023	358.0	1.4074639622390785E-4	1	1.1548677676406051E-4	TGTGCTGTGAGTGAGGGGCCAGGGAGGAAAGCTTATCTTC	NNNNNNNNNNNNNNNNNNNNNNNNNNNNNNNNNNNNNNNN	TRAV8-4*00(669.9)		TRAJ23*00(529.8)		476|490|510|0|14||140.0		30|52|83|18|40||220.0		TGTGCTGTGAGTGAGGGGCCAGGGAGGAAAGCTTATCTTC	45	CAVSEGP_GGKLIF	:::::::::0:0:14:::::18:-10:40:::
4241	358.0	1.4074639622390785E-4	1	1.1548677676406051E-4	TGTGCTGTGAGAGGGAACTATGGTCAGAATTTTGTCTTT	NNNNNNNNNNNNNNNNNNNNNNNNNNNNNNNNNNNNNNN	TRAV20*00(499.8)		TRAJ26*00(529.5)		498|507|531|0|9||90.0		25|49|80|15|39||240.0		TGTGCTGTGAGAGGGAACTATGGTCAGAATTTTGTCTTT	45	CAVRGNYGQNFVF	:::::::::0:-4:9:::::15:-5:39:::
4281	358.0	1.4074639622390785E-4	1	1.1548677676406051E-4	TGTGCTGTGAGAGACGGGTACAGCAGTGCTTCCAAGATAATCTTT	NNNNNNNNNNNNNNNNNNNNNNNNNNNNNNNNNNNNNNNNNNNNN	TRAV3*00(629.7)		TRAJ3*00(599.7)		437|452|473|0|15||150.0		21|51|82|15|45||300.0		TGTGCTGTGAGAGACGGGTACAGCAGTGCTTCCAAGATAATCTTT	45	CAVRDGYSSASKIIF	:::::::::0:-1:15:::::15:-1:45:::
4433	358.0	1.4074639622390785E-4	1	1.1548677676406051E-4	TGTGCTGCCGTGATTTTTCGTTTTCAGATGGCCAGAAGCTGCTCTTT	NNNNNNNNNNNNNNNNNNNNNNNNNNNNNNNNNNNNNNNNNNNNNNN	TRAV1-2*00(629.4)		TRAJ16*00(549)		620|627|654|0|7||70.0		21|49|80|19|47||280.0		TGTGCTGCCGTGATTTTTCGTTTTCAGATGGCCAGAAGCTGCTCTTT	45	CAAVIFRF_DGQKLLF	:::::::::0:-7:7:::::19:-1:47:::
4683	358.0	1.4074639622390785E-4	1	1.1548677676406051E-4	TGTGCTGGGCAGAAGGCTCATGCTGGCAACAACCGTAAGCTGATTTGG	NNNNNNNNNNNNNNNNNNNNNNNNNNNNNNNNNNNNNNNNNNNNNNNN	TRAV35*00(948.2)		TRAJ38*00(549.8)		588|600|620|0|12||120.0		22|51|82|19|48||290.0		TGTGCTGGGCAGAAGGCTCATGCTGGCAACAACCGTAAGCTGATTTGG	45	CAGQKAHAGNNRKLIW	:::::::::0:0:12:::::19:-2:48:::
5056	358.0	1.4074639622390785E-4	1	1.1548677676406051E-4	TGTGCCTTCGCACCCTCTTCAACCAGGGAGGAAAGCTTATCTTC	NNNNNNNNNNNNNNNNNNNNNNNNNNNNNNNNNNNNNNNNNNNN	TRAV24*00(802.9)		TRAJ23*00(523.9)		515|523|545|0|8||80.0		28|52|83|20|44||240.0		TGTGCCTTCGCACCCTCTTCAACCAGGGAGGAAAGCTTATCTTC	45	CAFAPSS_QGGKLIF	:::::::::0:-2:8:::::20:-8:44:::
17337	358.0	1.4074639622390785E-4	1	1.1548677676406051E-4	TGTGCGGTAGGGATTGGGAATGTGCTGCATTGC	NNNNNNNNNNNNNNNNNNNNNNNNNNNNNNNNN	TRAV25*00(492.7)		TRAJ35*00(502.8)		620|625|649|0|5||50.0		20|48|79|5|33|SA21GSC26GST27A|203.0		TGTGCGGTAGGGATTGGGAATGTGCTGCATTGC	45	CAVGIGNVLHC	:::::::::0:-4:5:::::5:0:33:::
17509	358.0	1.4074639622390785E-4	1	1.1548677676406051E-4	TGTGCAGCGTTGGGAGGAGGTGCTGACGGACTCACCTTT	NNNNNNNNNNNNNNNNNNNNNNNNNNNNNNNNNNNNNNN	TRAV29/DV5*00(492.6)		TRAJ45*00(579.4)		529|537|562|0|8||80.0		28|55|86|12|39||270.0		TGTGCAGCGTTGGGAGGAGGTGCTGACGGACTCACCTTT	45	CAALGGGADGLTF	:::::::::0:-5:8:::::12:-8:39:::
17830	358.0	1.4074639622390785E-4	1	1.1548677676406051E-4	TGTGCAGCAAGCCGCCTATTTCTGGTTCTGCAAGGCAACTGACCTTT	NNNNNNNNNNNNNNNNNNNNNNNNNNNNNNNNNNNNNNNNNNNNNNN	TRAV23/DV6*00(489.7)		TRAJ22*00(589.6)		517|529|550|0|12||120.0		24|52|83|19|47||280.0		TGTGCAGCAAGCCGCCTATTTCTGGTTCTGCAAGGCAACTGACCTTT	45	CAASRLFL_SARQLTF	:::::::::0:-1:12:::::19:-4:47:::
17887	358.0	1.4074639622390785E-4	1	1.1548677676406051E-4	TGTGCAGCAAGCGCGGGGATTCAGGGAGCCCAGAAGCTGGTATTT	NNNNNNNNNNNNNNNNNNNNNNNNNNNNNNNNNNNNNNNNNNNNN	TRAV29/DV5*00(600)		TRAJ54*00(559.8)		529|544|562|0|15||150.0		22|49|80|18|45||270.0		TGTGCAGCAAGCGCGGGGATTCAGGGAGCCCAGAAGCTGGTATTT	45	CAASAGIQGAQKLVF	:::::::::0:2:15:::::18:-2:45:::
18409	358.0	1.4074639622390785E-4	1	1.1548677676406051E-4	TGTGCAGAGACGGGGAACACCGGTAACCAGTTCTATTTT	NNNNNNNNNNNNNNNNNNNNNNNNNNNNNNNNNNNNNNN	TRAV13-2*00(549.6)		TRAJ49*00(549.7)		506|516|539|0|10||100.0		20|45|76|14|39||250.0		TGTGCAGAGACGGGGAACACCGGTAACCAGTTCTATTTT	45	CAETGNTGNQFYF	:::::::::0:-3:10:::::14:0:39:::
18522	358.0	1.4074639622390785E-4	1	1.1548677676406051E-4	TGTGCAGAGAAGAGAGGAGGCTTTGGGAATGTGCTGCATTGC	NNNNNNNNNNNNNNNNNNNNNNNNNNNNNNNNNNNNNNNNNN	TRAV13-2*00(559.5)		TRAJ35*00(559.5)		506|517|539|0|11||110.0		23|48|79|17|42||250.0		TGTGCAGAGAAGAGAGGAGGCTTTGGGAATGTGCTGCATTGC	45	CAEKRGGFGNVLHC	:::::::::0:-2:11:::::17:-3:42:::
20251	358.0	1.4074639622390785E-4	1	1.1548677676406051E-4	TGCATCCTGAGAGGGGCTTTATAACCAGGGAGGAAAGCTTATCTTC	NNNNNNNNNNNNNNNNNNNNNNNNNNNNNNNNNNNNNNNNNNNNNN	TRAV26-2*00(899.3)		TRAJ23*00(559.6)		791|804|826|0|13||130.0		23|52|83|17|46||290.0		TGCATCCTGAGAGGGGCTTTATAACCAGGGAGGAAAGCTTATCTTC	45	CILRGAL*_QGGKLIF	:::::::::0:-2:13:::::17:-3:46:::
695	357.0	1.4035324986574053E-4	2	2.3097355352812103E-4	TGTGCTGGTCCAATAATAATGCAGGCAACATGCTCACCTTT	[[[[[[[[[[[[[[[[[[[[[[[[[[[[[[[[[[[[[[[[[	TRAV2*00(738)		TRAJ39*00(589.8)		519|526|553|0|7||70.0		22|52|83|11|41||300.0		TGTGCTGGTCCAATAATAATGCAGGCAACATGCTCACCTTT	58	CAGPIIM_GNMLTF	:::::::::0:-7:7:::::11:-2:41:::
1626	357.0	1.4035324986574053E-4	1	1.1548677676406051E-4	TGTGTTGTGAGGGTCCCATAACAGGCTTTCAGAAACTTGTATTT	NNNNNNNNNNNNNNNNNNNNNNNNNNNNNNNNNNNNNNNNNNNN	TRAV8-2*00(645.5)		TRAJ8*00(529.4)		466|477|500|0|11||110.0		25|49|80|20|44||240.0		TGTGTTGTGAGGGTCCCATAACAGGCTTTCAGAAACTTGTATTT	45	CVVRVP*_GFQKLVF	:::::::::0:-3:11:::::20:-5:44:::
1687	357.0	1.4035324986574053E-4	1	1.1548677676406051E-4	TGTGTGGTGCGTCCCCCTGGGGGTTACCAGAAAGTTACCTTT	NNNNNNNNNNNNNNNNNNNNNNNNNNNNNNNNNNNNNNNNNN	TRAV12-1*00(947.6)		TRAJ13*00(490.3)		539|548|572|0|9||90.0		26|52|83|16|42||260.0		TGTGTGGTGCGTCCCCCTGGGGGTTACCAGAAAGTTACCTTT	45	CVVRPPGGYQKVTF	:::::::::0:-4:9:::::16:-6:42:::
1722	357.0	1.4035324986574053E-4	1	1.1548677676406051E-4	TGTGTGGTGATCGGGGGGGGGGCACTGCCAGTAAACTCACCTTT	NNNNNNNNNNNNNNNNNNNNNNNNNNNNNNNNNNNNNNNNNNNN	TRAV10*00(1005.9)		TRAJ44*00(508.4)		575|588|608|0|13|SG585T|101.0		28|52|83|20|44||240.0		TGTGTGGTGATCGGGGGGGGGGCACTGCCAGTAAACTCACCTTT	45	CVVIGGG_TASKLTF	:::::::::0:0:13:::::20:-8:44:::
1923	357.0	1.4035324986574053E-4	1	1.1548677676406051E-4	TGTGTGGTGAACACCGGGGAGGTAGCAACTATAAACTGACATTT	NNNNNNNNNNNNNNNNNNNNNNNNNNNNNNNNNNNNNNNNNNNN	TRAV12-1*00(988.9)		TRAJ53*00(539.8)		539|552|572|0|13||130.0		28|55|86|17|44||270.0		TGTGTGGTGAACACCGGGGAGGTAGCAACTATAAACTGACATTT	45	CVVNTGE_SNYKLTF	:::::::::0:0:13:::::17:-8:44:::
2858	357.0	1.4035324986574053E-4	1	1.1548677676406051E-4	TGTGCTCTGAGACCGGCACTGCCAGTAAACTCACCTTT	NNNNNNNNNNNNNNNNNNNNNNNNNNNNNNNNNNNNNN	TRAV9-2*00(719.6)		TRAJ44*00(579.7)		480|491|514|0|11||110.0		25|52|83|11|38||270.0		TGTGCTCTGAGACCGGCACTGCCAGTAAACTCACCTTT	45	CALRPA_ASKLTF	:::::::::0:-3:11:::::11:-5:38:::
2986	357.0	1.4035324986574053E-4	1	1.1548677676406051E-4	TGTGCTCTAAGTGGGTATACTGGAGGCTTCAAAACTATCTTT	NNNNNNNNNNNNNNNNNNNNNNNNNNNNNNNNNNNNNNNNNN	TRAV16*00(981.4)		TRAJ9*00(519.8)		449|463|483|0|14||140.0		24|50|81|16|42||260.0		TGTGCTCTAAGTGGGTATACTGGAGGCTTCAAAACTATCTTT	45	CALSGYTGGFKTIF	:::::::::0:0:14:::::16:-4:42:::
3854	357.0	1.4035324986574053E-4	1	1.1548677676406051E-4	TGTGCTGTGAGTTAACTATGGTCAGAATTTTGTCTTT	NNNNNNNNNNNNNNNNNNNNNNNNNNNNNNNNNNNNN	TRAV8-4*00(669.8)		TRAJ26*00(539.9)		476|488|510|0|12||120.0		24|49|80|12|37||250.0		TGTGCTGTGAGTTAACTATGGTCAGAATTTTGTCTTT	45	CAVS*L_GQNFVF	:::::::::0:-2:12:::::12:-4:37:::
4611	357.0	1.4035324986574053E-4	1	1.1548677676406051E-4	TGTGCTGGGCAGTGAAATTATGGAGGAAGCCAAGGAAATCTCATCTTT	NNNNNNNNNNNNNNNNNNNNNNNNNNNNNNNNNNNNNNNNNNNNNNNN	TRAV35*00(779.3)		TRAJ42*00(605.1)		588|600|620|0|12||120.0		22|55|86|15|48||330.0		TGTGCTGGGCAGTGAAATTATGGAGGAAGCCAAGGAAATCTCATCTTT	45	CAGQ*NYGGSQGNLIF	:::::::::0:0:12:::::15:-2:48:::
4697	357.0	1.4035324986574053E-4	1	1.1548677676406051E-4	TGTGCTGGGGCTAGTGGAGGTAGCAACTATAAACTGACATTT	NNNNNNNNNNNNNNNNNNNNNNNNNNNNNNNNNNNNNNNNNN	TRAV35*00(929.4)		TRAJ53*00(579.5)		588|597|620|0|9||90.0		24|55|86|11|42||310.0		TGTGCTGGGGCTAGTGGAGGTAGCAACTATAAACTGACATTT	45	CAGASGGSNYKLTF	:::::::::0:-3:9:::::11:-4:42:::
4882	357.0	1.4035324986574053E-4	1	1.1548677676406051E-4	TGTGCTACGGACGGATGGCTCTAGCAACACAGGCAAACTAATCTTT	NNNNNNNNNNNNNNNNNNNNNNNNNNNNNNNNNNNNNNNNNNNNNN	TRAV17*00(929.4)		TRAJ37*00(560.3)		490|503|523|0|13||130.0		19|51|82|14|46|SG27A|291.0		TGTGCTACGGACGGATGGCTCTAGCAACACAGGCAAACTAATCTTT	45	CATDGWL*_NTGKLIF	:::::::::0:0:13:::::14:1:46:::
4905	357.0	1.4035324986574053E-4	1	1.1548677676406051E-4	TGTGCTACGGAACACTCAGGGCGGATCTGAAAAGCTGGTCTTT	NNNNNNNNNNNNNNNNNNNNNNNNNNNNNNNNNNNNNNNNNNN	TRAV17*00(909.5)		TRAJ57*00(599)		490|501|523|0|11||110.0		22|52|83|13|43||300.0		TGTGCTACGGAACACTCAGGGCGGATCTGAAAAGCTGGTCTTT	45	CATEHSG_GSEKLVF	:::::::::0:-2:11:::::13:-2:43:::
17732	357.0	1.4035324986574053E-4	1	1.1548677676406051E-4	TGTGCAGCAAGTAGTACGCAAACTGGGGCAAACAACCTCTTCTTT	NNNNNNNNNNNNNNNNNNNNNNNNNNNNNNNNNNNNNNNNNNNNN	TRAV13-1*00(988.9)		TRAJ36*00(539.1)		511|524|544|0|13||130.0		21|48|79|18|45||270.0		TGTGCAGCAAGTAGTACGCAAACTGGGGCAAACAACCTCTTCTTT	45	CAASSTQTGANNLFF	:::::::::0:0:13:::::18:-1:45:::
18152	357.0	1.4035324986574053E-4	1	1.1548677676406051E-4	TGTGCAGGGCCTGACAGCTGGGGGAAATTGCAGTTT	NNNNNNNNNNNNNNNNNNNNNNNNNNNNNNNNNNNN	TRAV23/DV6*00(439.4)		TRAJ24*00(549.5)		517|524|550|0|7||70.0		26|52|83|10|36||260.0		TGTGCAGGGCCTGACAGCTGGGGGAAATTGCAGTTT	45	CAGPDSWGKLQF	:::::::::0:-6:7:::::10:-6:36:::
18384	357.0	1.4035324986574053E-4	1	1.1548677676406051E-4	TGTGCAGAGATTCCTGGCTCTAGCAACACAGGCAAACTAATCTTT	NNNNNNNNNNNNNNNNNNNNNNNNNNNNNNNNNNNNNNNNNNNNN	TRAV13-2*00(549.7)		TRAJ37*00(590.5)		506|516|539|0|10||100.0		20|51|82|14|45|SG27A|281.0		TGTGCAGAGATTCCTGGCTCTAGCAACACAGGCAAACTAATCTTT	45	CAEIPGSSNTGKLIF	:::::::::0:-3:10:::::14:0:45:::
18416	357.0	1.4035324986574053E-4	1	1.1548677676406051E-4	TGTGCAGAGAGTTCGTGATTTATAACCAGGGAGGAAAGCTTATCTTC	NNNNNNNNNNNNNNNNNNNNNNNNNNNNNNNNNNNNNNNNNNNNNNN	TRAV5*00(479.9)		TRAJ23*00(591.8)		523|535|556|0|12||120.0		17|52|83|12|47|SA19G|321.0		TGTGCAGAGAGTTCGTGATTTATAACCAGGGAGGAAAGCTTATCTTC	45	CAESS*FI_QGGKLIF	:::::::::0:-1:12:::::12:3:47:::
18493	357.0	1.4035324986574053E-4	1	1.1548677676406051E-4	TGTGCAGAGAATACATCAGAAGGAGGAAGCTACATACCTACATTT	NNNNNNNNNNNNNNNNNNNNNNNNNNNNNNNNNNNNNNNNNNNNN	TRAV13-2*00(580.6)		TRAJ6*00(559.4)		506|522|539|0|16|ST519C|131.0		26|51|82|20|45||250.0		TGTGCAGAGAATACATCAGAAGGAGGAAGCTACATACCTACATTT	45	CAENTSEGGSYIPTF	:::::::::0:3:16:::::20:-6:45:::
1748	356.0	1.3996010350757318E-4	1	1.1548677676406051E-4	TGTGTGGTGACGCTCACCCCTGGCTGGGAGTTACCAACTCACTTTC	NNNNNNNNNNNNNNNNNNNNNNNNNNNNNNNNNNNNNNNNNNNNNN	TRAV12-1*00(959.2)		TRAJ28*00(499.8)		539|549|572|0|10||100.0		30|55|86|21|46||250.0		TGTGTGGTGACGCTCACCCCTGGCTGGGAGTTACCAACTCACTTTC	45	CVVTLTPG_GSYQLTF	:::::::::0:-3:10:::::21:-10:46:::
1786	356.0	1.3996010350757318E-4	1	1.1548677676406051E-4	TGTGTGGTGAGCGCCACAGGAAGCTACATACCTACATTT	NNNNNNNNNNNNNNNNNNNNNNNNNNNNNNNNNNNNNNN	TRAV10*00(1049.1)		TRAJ6*00(489.8)		575|589|608|0|14||140.0		29|51|82|17|39||220.0		TGTGTGGTGAGCGCCACAGGAAGCTACATACCTACATTT	45	CVVSATGSYIPTF	:::::::::0:1:14:::::17:-9:39:::
2441	356.0	1.3996010350757318E-4	1	1.1548677676406051E-4	TGTGCTCTTACCTCAGGCGCTCTGGGGCTGGGAGTTACCAACTCACTTTC	NNNNNNNNNNNNNNNNNNNNNNNNNNNNNNNNNNNNNNNNNNNNNNNNNN	TRAV6*00(449.8)		TRAJ28*00(599.2)		535|543|568|0|8||80.0		24|55|86|19|50||310.0		TGTGCTCTTACCTCAGGCGCTCTGGGGCTGGGAGTTACCAACTCACTTTC	45	CALTSGAL_AGSYQLTF	:::::::::0:-5:8:::::19:-4:50:::
2788	356.0	1.3996010350757318E-4	1	1.1548677676406051E-4	TGTGCTCTGAGTGAAAAATAACCAGGGAGGAAAGCTTATCTTC	NNNNNNNNNNNNNNNNNNNNNNNNNNNNNNNNNNNNNNNNNNN	TRAV9-2*00(765.2)		TRAJ23*00(530.9)		480|494|514|0|14||140.0		26|52|83|17|43||260.0		TGTGCTCTGAGTGAAAAATAACCAGGGAGGAAAGCTTATCTTC	45	CALSEK*_QGGKLIF	:::::::::0:0:14:::::17:-6:43:::
2838	356.0	1.3996010350757318E-4	1	1.1548677676406051E-4	TGTGCTCTGAGGGGTGGTGCTACAAACAAGCTCATCTTT	NNNNNNNNNNNNNNNNNNNNNNNNNNNNNNNNNNNNNNN	TRAV17*00(859.2)		TRAJ32*00(569.7)		490|496|523|0|6||60.0		28|55|86|12|39||270.0		TGTGCTCTGAGGGGTGGTGCTACAAACAAGCTCATCTTT	45	CALRGGATNKLIF	:::::::::0:-7:6:::::12:-8:39:::
3577	356.0	1.3996010350757318E-4	1	1.1548677676406051E-4	TGTGCTGTGGGTGCATTGTCAGGAGGAGGTGCTGACGGACTCACCTTT	NNNNNNNNNNNNNNNNNNNNNNNNNNNNNNNNNNNNNNNNNNNNNNNN	TRAV8-3*00(630.7)		TRAJ45*00(609.3)		455|469|489|0|14||140.0		25|55|86|18|48||300.0		TGTGCTGTGGGTGCATTGTCAGGAGGAGGTGCTGACGGACTCACCTTT	45	CAVGALSGGGADGLTF	:::::::::0:0:14:::::18:-5:48:::
4843	356.0	1.3996010350757318E-4	1	1.1548677676406051E-4	TGTGCTACGGACCGGGGAACGGGTAACAATGACATGCGCTTT	NNNNNNNNNNNNNNNNNNNNNNNNNNNNNNNNNNNNNNNNNN	TRAV17*00(918.9)		TRAJ43*00(490)		490|502|523|0|12||120.0		24|43|74|23|42||190.0		TGTGCTACGGACCGGGGAACGGGTAACAATGACATGCGCTTT	45	CATDRGTGNNDMRF	:::::::::0:-1:12:::::23:-4:42:::
5032	356.0	1.3996010350757318E-4	1	1.1548677676406051E-4	TGTGCCTTTAAGTACTGGAGCCAATAGTAAGCTGACATTT	NNNNNNNNNNNNNNNNNNNNNNNNNNNNNNNNNNNNNNNN	TRAV24*00(999)		TRAJ56*00(549.8)		515|525|545|0|10||100.0		23|51|82|12|40||280.0		TGTGCCTTTAAGTACTGGAGCCAATAGTAAGCTGACATTT	45	CAFKYWS_NSKLTF	:::::::::0:0:10:::::12:-3:40:::
6100	356.0	1.3996010350757318E-4	1	1.1548677676406051E-4	TGTGCCCACCGGGGAGACGGGCAGGAGAGCACTTACTTTT	NNNNNNNNNNNNNNNNNNNNNNNNNNNNNNNNNNNNNNNN	TRAV8-4*00(599.5),TRAV8-2*00(589.5)		TRAJ5*00(550.8)		476|481|510|0|5||50.0;466|470|500|0|4||40.0		21|49|80|12|40|SC24G|251.0		TGTGCCCACCGGGGAGACGGGCAGGAGAGCACTTACTTTT	45	CAHRGDG_RRALTF	:::::::::0:-9:5:::::12:-1:40:::
6166	356.0	1.3996010350757318E-4	1	1.1548677676406051E-4	TGTGCCGTGTCTCATTCAGGAGGAGGTGCTGACGGACTCACCTTT	NNNNNNNNNNNNNNNNNNNNNNNNNNNNNNNNNNNNNNNNNNNNN	TRAV12-2*00(949)		TRAJ45*00(589.2)		551|560|584|0|9||90.0		23|55|86|13|45||320.0		TGTGCCGTGTCTCATTCAGGAGGAGGTGCTGACGGACTCACCTTT	45	CAVSHSGGGADGLTF	:::::::::0:-4:9:::::13:-3:45:::
6201	356.0	1.3996010350757318E-4	1	1.1548677676406051E-4	TGTGCCGTGGCCGCCTATGGTCAGAATTTTGTCTTT	NNNNNNNNNNNNNNNNNNNNNNNNNNNNNNNNNNNN	TRAV39*00(739.7)		TRAJ26*00(509.1)		507|517|540|0|10||100.0		27|49|80|14|36||220.0		TGTGCCGTGGCCGCCTATGGTCAGAATTTTGTCTTT	45	CAVAAYGQNFVF	:::::::::0:-3:10:::::14:-7:36:::
6270	356.0	1.3996010350757318E-4	1	1.1548677676406051E-4	TGTGCCGTGATTTCAAACTATGGTCAGAATTTTGTCTTT	NNNNNNNNNNNNNNNNNNNNNNNNNNNNNNNNNNNNNNN	TRAV12-2*00(760.8)		TRAJ26*00(532.8)		551|561|584|0|10||100.0		25|49|80|15|39||240.0		TGTGCCGTGATTTCAAACTATGGTCAGAATTTTGTCTTT	45	CAVISNYGQNFVF	:::::::::0:-3:10:::::15:-5:39:::
6402	356.0	1.3996010350757318E-4	1	1.1548677676406051E-4	TGTGCCGTGAACGATCGTGAATTATGGAGGAAGCCAAGGAAATCTCATCTTT	NNNNNNNNNNNNNNNNNNNNNNNNNNNNNNNNNNNNNNNNNNNNNNNNNNNN	TRAV12-2*00(979.1)		TRAJ42*00(609.9)		551|563|584|0|12||120.0		17|55|86|14|52|SA19G|351.0		TGTGCCGTGAACGATCGTGAATTATGGAGGAAGCCAAGGAAATCTCATCTTT	45	CAVNDRELW_GSQGNLIF	:::::::::0:-1:12:::::14:3:52:::
6423	356.0	1.3996010350757318E-4	1	1.1548677676406051E-4	TGTGCCGTGAACAAGCCTTCAAATTCCGGGTATGCACTCAACTTC	NNNNNNNNNNNNNNNNNNNNNNNNNNNNNNNNNNNNNNNNNNNNN	TRAV12-2*00(665.2)		TRAJ41*00(514.6)		551|564|584|0|13||130.0		24|51|82|18|45||270.0		TGTGCCGTGAACAAGCCTTCAAATTCCGGGTATGCACTCAACTTC	45	CAVNKPSNSGYALNF	:::::::::0:0:13:::::18:-4:45:::
6435	356.0	1.3996010350757318E-4	1	1.1548677676406051E-4	TGTGCCGTGAAGGGTTCCGGGGGAGCCCAGAAGCTGGTATTT	NNNNNNNNNNNNNNNNNNNNNNNNNNNNNNNNNNNNNNNNNN	TRAV12-2*00(633.4)		TRAJ54*00(497.8)		551|562|584|0|11||110.0		27|49|80|20|42||220.0		TGTGCCGTGAAGGGTTCCGGGGGAGCCCAGAAGCTGGTATTT	45	CAVKGSGGAQKLVF	:::::::::0:-2:11:::::20:-7:42:::
17501	356.0	1.3996010350757318E-4	1	1.1548677676406051E-4	TGTGCAGCCGATAACTATGGTCAGAATTTTGTCTTT	NNNNNNNNNNNNNNNNNNNNNNNNNNNNNNNNNNNN	TRAV13-1*00(559.6)		TRAJ26*00(579.7)		511|519|544|0|8||80.0		22|49|80|9|36||270.0		TGTGCAGCCGATAACTATGGTCAGAATTTTGTCTTT	45	CAADNYGQNFVF	:::::::::0:-5:8:::::9:-2:36:::
18282	356.0	1.3996010350757318E-4	1	1.1548677676406051E-4	TGTGCAGGAGGCTTTGGGAATGTGCTGCATTGC	NNNNNNNNNNNNNNNNNNNNNNNNNNNNNNNNN	TRAV27*00(597.3)		TRAJ35*00(549.6)		552|561|582|0|9||100.0		24|48|79|9|33||250.0		TGTGCAGGAGGCTTTGGGAATGTGCTGCATTGC	45	CAGGFGNVLHC	:::::::::0:-1:9:::::9:-4:33:::
18297	356.0	1.3996010350757318E-4	1	1.1548677676406051E-4	TGTGCAGGAGAGGCTGGGTTCTAACGACTACAAGCTCAGCTTT	NNNNNNNNNNNNNNNNNNNNNNNNNNNNNNNNNNNNNNNNNNN	TRAV27*00(641.6)		TRAJ20*00(559.5)		552|562|582|0|10||100.0		20|46|77|17|43||260.0		TGTGCAGGAGAGGCTGGGTTCTAACGACTACAAGCTCAGCTTT	45	CAGEAGF_NDYKLSF	:::::::::0:0:10:::::17:0:43:::
18915	356.0	1.3996010350757318E-4	1	1.1548677676406051E-4	TGTGATTTTCAGGAGGAGGTGCTGACGGACTCACCTTT	NNNNNNNNNNNNNNNNNNNNNNNNNNNNNNNNNNNNNN	TRAV35*00(850.2)		TRAJ45*00(619.6)		588|592|620|0|4||40.0		24|55|86|7|38||310.0		TGTGATTTTCAGGAGGAGGTGCTGACGGACTCACCTTT	45	CDFQEE_ADGLTF	:::::::::0:-8:4:::::7:-4:38:::
19024	356.0	1.3996010350757318E-4	1	1.1548677676406051E-4	TGCCTCGTGGGTGACATGTTAAGAGACGACTACAAGCTCAGCTTT	NNNNNNNNNNNNNNNNNNNNNNNNNNNNNNNNNNNNNNNNNNNNN	TRAV4*00(912.7)		TRAJ20*00(472.5)		768|787|804|0|19||190.0		26|46|77|25|45||200.0		TGCCTCGTGGGTGACATGTTAAGAGACGACTACAAGCTCAGCTTT	45	CLVGDMLRDDYKLSF	:::::::::0:3:19:::::25:-6:45:::
2120	355.0	1.3956695714940583E-4	1	1.1548677676406051E-4	TGTGCTTCTAACTACTTTGGAAATGAGAAATTAACCTTT	NNNNNNNNNNNNNNNNNNNNNNNNNNNNNNNNNNNNNNN	TRAV38-1*00(529.6)		TRAJ48*00(569.3)		596|603|633|0|7||70.0		26|52|83|13|39||260.0		TGTGCTTCTAACTACTTTGGAAATGAGAAATTAACCTTT	45	CASNYFGNEKLTF	:::::::::0:-10:7:::::13:-6:39:::
2162	355.0	1.3956695714940583E-4	1	1.1548677676406051E-4	TGTGCTTATCTTACCTCAGGAACCTACAAATACATCTTT	NNNNNNNNNNNNNNNNNNNNNNNNNNNNNNNNNNNNNNN	TRAV38-2/DV8*00(549.7)		TRAJ40*00(569.8)		602|611|638|0|9||90.0		22|50|81|11|39||280.0		TGTGCTTATCTTACCTCAGGAACCTACAAATACATCTTT	45	CAYLTSGTYKYIF	:::::::::0:-7:9:::::11:-2:39:::
2234	355.0	1.3956695714940583E-4	1	1.1548677676406051E-4	TGTGCTTATAGGAGCGCGATTTTAAAATGCAGGCAACATGCTCACCTTT	NNNNNNNNNNNNNNNNNNNNNNNNNNNNNNNNNNNNNNNNNNNNNNNNN	TRAV38-2/DV8*00(639.9)		TRAJ39*00(549.6)		602|620|638|0|18||180.0		28|52|83|25|49||240.0		TGTGCTTATAGGAGCGCGATTTTAAAATGCAGGCAACATGCTCACCTTT	45	CAYRSAIL_NAGNMLTF	:::::::::0:2:18:::::25:-8:49:::
2528	355.0	1.3956695714940583E-4	1	1.1548677676406051E-4	TGTGCTCTGATTCGGGTGGGGATGCAGGCAACATGCTCACCTTT	NNNNNNNNNNNNNNNNNNNNNNNNNNNNNNNNNNNNNNNNNNNN	TRAV19*00(709.6)		TRAJ39*00(539.8)		556|566|593|0|10||100.0		29|52|83|21|44||230.0		TGTGCTCTGATTCGGGTGGGGATGCAGGCAACATGCTCACCTTT	45	CALIRVG_AGNMLTF	:::::::::0:-7:10:::::21:-9:44:::
2728	355.0	1.3956695714940583E-4	1	1.1548677676406051E-4	TGTGCTCTGAGTGAGGCGCGAGGTCGTCAGATGGCCAGAAGCTGCTCTTT	NNNNNNNNNNNNNNNNNNNNNNNNNNNNNNNNNNNNNNNNNNNNNNNNNN	TRAV19*00(779.8)		TRAJ16*00(510.6)		556|575|593|0|19||190.0		25|49|80|26|50||240.0		TGTGCTCTGAGTGAGGCGCGAGGTCGTCAGATGGCCAGAAGCTGCTCTTT	45	CALSEARG_SDGQKLLF	:::::::::0:2:19:::::26:-5:50:::
2866	355.0	1.3956695714940583E-4	1	1.1548677676406051E-4	TGTGCTCTGAGAAACGACTACAAGCTCAGCTTT	NNNNNNNNNNNNNNNNNNNNNNNNNNNNNNNNN	TRAV9-2*00(719.5)		TRAJ20*00(519.8)		480|491|514|0|11||110.0		25|46|77|12|33||210.0		TGTGCTCTGAGAAACGACTACAAGCTCAGCTTT	45	CALRNDYKLSF	:::::::::0:-3:11:::::12:-5:33:::
3249	355.0	1.3956695714940583E-4	1	1.1548677676406051E-4	TGTGCTGTCCACCCCAGCTGGGGGTAATGCAGGCAACATGCTCACCTTT	NNNNNNNNNNNNNNNNNNNNNNNNNNNNNNNNNNNNNNNNNNNNNNNNN	TRAV41*00(608.5)		TRAJ39*00(559.5)		512|521|544|0|9||90.0		27|52|83|24|49||250.0		TGTGCTGTCCACCCCAGCTGGGGGTAATGCAGGCAACATGCTCACCTTT	45	CAVHPSWG_NAGNMLTF	:::::::::0:-3:9:::::24:-7:49:::
3324	355.0	1.3956695714940583E-4	1	1.1548677676406051E-4	TGTGCTGTCAGATGGAAACACCGGTAACCAGTTCTATTTT	NNNNNNNNNNNNNNNNNNNNNNNNNNNNNNNNNNNNNNNN	TRAV41*00(645.4)		TRAJ49*00(539.3)		512|525|544|0|13||130.0		21|45|76|16|40||240.0		TGTGCTGTCAGATGGAAACACCGGTAACCAGTTCTATTTT	45	CAVRWKH_GNQFYF	:::::::::0:1:13:::::16:-1:40:::
4000	355.0	1.3956695714940583E-4	1	1.1548677676406051E-4	TGTGCTGTGAGTGATAACAACTTCAACAAATTTTACTTT	NNNNNNNNNNNNNNNNNNNNNNNNNNNNNNNNNNNNNNN	TRAV8-4*00(668.1)		TRAJ21*00(539.5)		476|493|510|0|17|SC491A|151.0		22|44|75|17|39||230.0		TGTGCTGTGAGTGATAACAACTTCAACAAATTTTACTTT	45	CAVSDNNFNKFYF	:::::::::0:3:17:::::17:-2:39:::
4595	355.0	1.3956695714940583E-4	1	1.1548677676406051E-4	TGTGCTGGGCGAGCGGTCGGCCAGTTCTATTTT	NNNNNNNNNNNNNNNNNNNNNNNNNNNNNNNNN	TRAV35*00(927.2)		TRAJ49*00(429.5)		588|598|620|0|10||100.0		32|45|76|20|33||130.0		TGTGCTGGGCGAGCGGTCGGCCAGTTCTATTTT	45	CAGRAVGQFYF	:::::::::0:-2:10:::::20:-12:33:::
6079	355.0	1.3956695714940583E-4	1	1.1548677676406051E-4	TGTGCCCCAAATAATGCAGGCAACATGCTCACCTTT	NNNNNNNNNNNNNNNNNNNNNNNNNNNNNNNNNNNN	TRAV12-2*00(919.5)		TRAJ39*00(579.6)		551|557|584|0|6||60.0		25|52|83|9|36||270.0		TGTGCCCCAAATAATGCAGGCAACATGCTCACCTTT	45	CAPNNAGNMLTF	:::::::::0:-7:6:::::9:-5:36:::
6334	355.0	1.3956695714940583E-4	1	1.1548677676406051E-4	TGTGCCGTGAGAACGGGCAGGAGAGCACTTACTTTT	NNNNNNNNNNNNNNNNNNNNNNNNNNNNNNNNNNNN	TRAV12-2*00(959.5)		TRAJ5*00(539.2)		551|561|584|0|10||100.0		25|49|80|12|36||240.0		TGTGCCGTGAGAACGGGCAGGAGAGCACTTACTTTT	45	CAVRTGRRALTF	:::::::::0:-3:10:::::12:-5:36:::
17840	355.0	1.3956695714940583E-4	1	1.1548677676406051E-4	TGTGCAGCAAGCCACGTGGAATATAGAAACAAACTGGTCTTT	NNNNNNNNNNNNNNNNNNNNNNNNNNNNNNNNNNNNNNNNNN	TRAV29/DV5*00(529.6)		TRAJ47*00(540.6)		529|541|562|0|12||120.0		20|46|77|16|42|SG28A|231.0		TGTGCAGCAAGCCACGTGGAATATAGAAACAAACTGGTCTTT	45	CAASHVEYRNKLVF	:::::::::0:-1:12:::::16:0:42:::
18130	355.0	1.3956695714940583E-4	1	1.1548677676406051E-4	TGTGCAGGGTTTGGGGCTGGGAGTTACCAACTCACTTTC	NNNNNNNNNNNNNNNNNNNNNNNNNNNNNNNNNNNNNNN	TRAV27*00(621.9)		TRAJ28*00(569.6)		552|560|582|0|8||80.0		27|55|86|11|39||280.0		TGTGCAGGGTTTGGGGCTGGGAGTTACCAACTCACTTTC	45	CAGFGAGSYQLTF	:::::::::0:-2:8:::::11:-7:39:::
18133	355.0	1.3956695714940583E-4	1	1.1548677676406051E-4	TGTGCAGGGTCCCAGCTGCAGGCAACAAGCTAACTTTT	NNNNNNNNNNNNNNNNNNNNNNNNNNNNNNNNNNNNNN	TRAV25*00(533.9)		TRAJ17*00(549.8)		620|632|649|0|12|SC629T|91.0		27|52|83|13|38||250.0		TGTGCAGGGTCCCAGCTGCAGGCAACAAGCTAACTTTT	45	CAGSQL_GNKLTF	:::::::::0:3:12:::::13:-7:38:::
1708	354.0	1.391738107912385E-4	1	1.1548677676406051E-4	TGTGTGGTGGACCTGGGGATTGCTGGTGGTACTAGCTATGGAAAGCTGACATTT	NNNNNNNNNNNNNNNNNNNNNNNNNNNNNNNNNNNNNNNNNNNNNNNNNNNNNN	TRAV12-2*00(442)		TRAJ52*00(639.5)		551|555|584|0|4||40.0		24|58|89|20|54||340.0		TGTGTGGTGGACCTGGGGATTGCTGGTGGTACTAGCTATGGAAAGCTGACATTT	45	CVVDLGIAGGTSYGKLTF	:::::::::0:-9:4:::::20:-4:54:::
1788	354.0	1.391738107912385E-4	1	1.1548677676406051E-4	TGTGTGGTGAGCGCGTTCAACCAGGGAGGAAAGCTTATCTTC	NNNNNNNNNNNNNNNNNNNNNNNNNNNNNNNNNNNNNNNNNN	TRAV10*00(720.5)		TRAJ23*00(549.7)		575|594|608|0|19|SC590T|161.0		29|52|83|19|42||240.0		TGTGTGGTGAGCGCGTTCAACCAGGGAGGAAAGCTTATCTTC	45	CVVSAFNQGGKLIF	:::::::::0:6:19:::::19:-9:42:::
2173	354.0	1.391738107912385E-4	1	1.1548677676406051E-4	TGTGCTTATGGCGACCAGTGGCTCTAGGTTGACCTTT	NNNNNNNNNNNNNNNNNNNNNNNNNNNNNNNNNNNNN	TRAV38-2/DV8*00(549.3)		TRAJ58*00(379.8)		602|611|638|0|9||90.0		28|52|83|13|37||240.0		TGTGCTTATGGCGACCAGTGGCTCTAGGTTGACCTTT	45	CAYGDQ_GSRLTF	:::::::::0:-7:9:::::13:-8:37:::
2288	354.0	1.391738107912385E-4	1	1.1548677676406051E-4	TGTGCTCTTCTGGGGGTTACCAGAAAGTTACCTTT	NNNNNNNNNNNNNNNNNNNNNNNNNNNNNNNNNNN	TRAV9-2*00(689.6)		TRAJ13*00(580)		480|488|514|0|8||80.0		25|52|83|8|35||280.0		TGTGCTCTTCTGGGGGTTACCAGAAAGTTACCTTT	45	CALLGV_QKVTF	:::::::::0:-6:8:::::8:-5:35:::
2599	354.0	1.391738107912385E-4	1	1.1548677676406051E-4	TGTGCTCTGAGTGTTGGCTTTGGGAATGTGCTGCATTGC	NNNNNNNNNNNNNNNNNNNNNNNNNNNNNNNNNNNNNNN	TRAV19*00(739.3)		TRAJ35*00(539.3)		556|569|593|0|13||130.0		24|48|79|15|39||240.0		TGTGCTCTGAGTGTTGGCTTTGGGAATGTGCTGCATTGC	45	CALSVGFGNVLHC	:::::::::0:-4:13:::::15:-4:39:::
2809	354.0	1.391738107912385E-4	1	1.1548677676406051E-4	TGTGCTCTGAGCTTACCCCGAACACCGGTAACCAGTTCTATTTT	NNNNNNNNNNNNNNNNNNNNNNNNNNNNNNNNNNNNNNNNNNNN	TRAV19*00(719.2)		TRAJ49*00(559.4)		556|567|593|0|11||110.0		19|45|76|18|44||260.0		TGTGCTCTGAGCTTACCCCGAACACCGGTAACCAGTTCTATTTT	45	CALSLPR_TGNQFYF	:::::::::0:-6:11:::::18:1:44:::
3037	354.0	1.391738107912385E-4	1	1.1548677676406051E-4	TGTGCTCCTTATATCTAACTTTGGAAATGAGAAATTAACCTTT	NNNNNNNNNNNNNNNNNNNNNNNNNNNNNNNNNNNNNNNNNNN	TRAV9-2*00(679.5)		TRAJ48*00(649.2)		480|487|514|0|7||70.0		18|52|83|9|43||340.0		TGTGCTCCTTATATCTAACTTTGGAAATGAGAAATTAACCTTT	45	CAPYI*L_GNEKLTF	:::::::::0:-7:7:::::9:2:43:::
3448	354.0	1.391738107912385E-4	1	1.1548677676406051E-4	TGTGCTGTGCAGGCGGATATCGTAATTCAGGGAGCCCAGAAGCTGGTATTT	NNNNNNNNNNNNNNNNNNNNNNNNNNNNNNNNNNNNNNNNNNNNNNNNNNN	TRAV20*00(549.7)		TRAJ54*00(579.3)		498|512|531|0|14||140.0		20|49|80|22|51||290.0		TGTGCTGTGCAGGCGGATATCGTAATTCAGGGAGCCCAGAAGCTGGTATTT	45	CAVQADIVIQGAQKLVF	:::::::::0:1:14:::::22:0:51:::
3690	354.0	1.391738107912385E-4	1	1.1548677676406051E-4	TGTGCTGTGGAGCCGATGGATAGCAGCTATAAATTGATCTTC	NNNNNNNNNNNNNNNNNNNNNNNNNNNNNNNNNNNNNNNNNN	TRAV2*00(1018.8)		TRAJ12*00(509.7)		519|531|553|0|12||120.0		21|49|80|14|42||280.0		TGTGCTGTGGAGCCGATGGATAGCAGCTATAAATTGATCTTC	45	CAVEPMDSSYKLIF	:::::::::0:-2:12:::::14:-1:42:::
3829	354.0	1.391738107912385E-4	1	1.1548677676406051E-4	TGTGCTGTGACCACCAGGCAGGAACTGCTCTGATCTTT	NNNNNNNNNNNNNNNNNNNNNNNNNNNNNNNNNNNNNN	TRAV21*00(969.7)		TRAJ15*00(539.7)		544|554|576|0|10||100.0		23|49|80|12|38||260.0		TGTGCTGTGACCACCAGGCAGGAACTGCTCTGATCTTT	45	CAVTTR_GTALIF	:::::::::0:-2:10:::::12:-3:38:::
4264	354.0	1.391738107912385E-4	1	1.1548677676406051E-4	TGTGCTGTGAGAGATAATGGTCAGAATTTTGTCTTT	NNNNNNNNNNNNNNNNNNNNNNNNNNNNNNNNNNNN	TRAV1-2*00(709.3)		TRAJ26*00(489.5)		620|635|654|0|15||150.0		29|49|80|16|36||200.0		TGTGCTGTGAGAGATAATGGTCAGAATTTTGTCTTT	45	CAVRDNGQNFVF	:::::::::0:1:15:::::16:-9:36:::
4392	354.0	1.391738107912385E-4	1	1.1548677676406051E-4	TGTGCTGCTCACCAGGGAGCCCAGAAGCTGGTATTT	NNNNNNNNNNNNNNNNNNNNNNNNNNNNNNNNNNNN	TRAV41*00(749.5)		TRAJ54*00(529.3)		512|519|544|0|7||70.0		25|49|80|12|36||240.0		TGTGCTGCTCACCAGGGAGCCCAGAAGCTGGTATTT	45	CAAHQGAQKLVF	:::::::::0:-5:7:::::12:-5:36:::
6231	354.0	1.391738107912385E-4	1	1.1548677676406051E-4	TGTGCCGTGGACGGGGAATGATACCGGCACTGCCAGTAAACTCACCTTT	NNNNNNNNNNNNNNNNNNNNNNNNNNNNNNNNNNNNNNNNNNNNNNNNN	TRAV39*00(739.3)		TRAJ44*00(599.7)		507|519|540|0|12||120.0		23|52|83|20|49||290.0		TGTGCCGTGGACGGGGAATGATACCGGCACTGCCAGTAAACTCACCTTT	45	CAVDGE*Y_GTASKLTF	:::::::::0:-1:12:::::20:-3:49:::
17735	354.0	1.391738107912385E-4	1	1.1548677676406051E-4	TGTGCAGCAAGTAGGTCAGGAACCTACAAATACATCTTT	NNNNNNNNNNNNNNNNNNNNNNNNNNNNNNNNNNNNNNN	TRAV13-1*00(989.1)		TRAJ40*00(499.5)		511|524|544|0|13||130.0		26|50|81|15|39||240.0		TGTGCAGCAAGTAGGTCAGGAACCTACAAATACATCTTT	45	CAASRSGTYKYIF	:::::::::0:0:13:::::15:-6:39:::
18588	354.0	1.391738107912385E-4	1	1.1548677676406051E-4	TGTGCAATGAGTTCCTCCTTTGGAGGCTTCAAAACTATCTTT	NNNNNNNNNNNNNNNNNNNNNNNNNNNNNNNNNNNNNNNNNN	TRAV12-3*00(514.4)		TRAJ9*00(498.4)		562|573|595|0|11||110.0		28|50|81|20|42||220.0		TGTGCAATGAGTTCCTCCTTTGGAGGCTTCAAAACTATCTTT	45	CAMSSSFGGFKTIF	:::::::::0:-2:11:::::20:-8:42:::
18850	354.0	1.391738107912385E-4	1	1.1548677676406051E-4	TGTGCAACCGGCACTGCCAGTAAACTCACCTTT	NNNNNNNNNNNNNNNNNNNNNNNNNNNNNNNNN	TRAV25*00(519.6)		TRAJ44*00(579.6)		620|626|649|0|6||60.0		25|52|83|6|33||270.0		TGTGCAACCGGCACTGCCAGTAAACTCACCTTT	45	CATGTASKLTF	:::::::::0:-3:6:::::6:-5:33:::
20439	354.0	1.391738107912385E-4	1	1.1548677676406051E-4	TGCATCGTCAGAGCTGTTTACCATGGATAGCAACTATCAGTTAATCTGG	NNNNNNNNNNNNNNNNNNNNNNNNNNNNNNNNNNNNNNNNNNNNNNNNN	TRAV26-1*00(619.6)		TRAJ33*00(579.6)		763|776|799|0|13||130.0		17|46|77|20|49||290.0		TGCATCGTCAGAGCTGTTTACCATGGATAGCAACTATCAGTTAATCTGG	45	CIVRAVYH_DSNYQLIW	:::::::::0:-3:13:::::20:3:49:::
21394	354.0	1.391738107912385E-4	1	1.1548677676406051E-4	AAGGCTGGCAACAACCGTAAGCTGATTTGG	NNNNNNNNNNNNNNNNNNNNNNNNNNNNNN	TRAV20*00(409.9)		TRAJ38*00(570.7)		498|498|531|0|0||0.0		21|51|82|0|30|ST23G|271.0		AAGGCTGGCAACAACCGTAAGCTGATTTGG	45	KAGNNRKLIW	:::::::::0:-13:0:::::0:-1:30:::
656	353.0	1.3878066443307117E-4	2	2.3097355352812103E-4	TGTGCTGTGGGCCTCCAGGCAGGAACTGCTCTGATCTTT	[[[[[[[[[[[[[[[[[[[[[[[[[[[[[[[[[[[[[[[	TRAV8-4*00(640.4)		TRAJ15*00(516.4)		476|485|510|0|9||90.0		24|49|80|14|39||250.0		TGTGCTGTGGGCCTCCAGGCAGGAACTGCTCTGATCTTT	58	CAVGLQAGTALIF	:::::::::0:-5:9:::::14:-4:39:::
703	353.0	1.3878066443307117E-4	2	2.3097355352812103E-4	TGTGCTGAGCTTAAACTCAAATTCCGGGTATGCACTCAACTTC	[[[[[[[[[[[[[[[[[[[[[[[[[[[[[[[[[[[[[[[[[[[	TRAV21*00(750.3)		TRAJ41*00(540.9)		544|551|576|0|7||70.0		21|51|82|13|43||300.0		TGTGCTGAGCTTAAACTCAAATTCCGGGTATGCACTCAACTTC	58	CAELKLK_SGYALNF	:::::::::0:-5:7:::::13:-1:43:::
1761	353.0	1.3878066443307117E-4	1	1.1548677676406051E-4	TGTGTGGTGAGCTTTTCTGGTGGCTACAATAAGCTGATTTTT	NNNNNNNNNNNNNNNNNNNNNNNNNNNNNNNNNNNNNNNNNN	TRAV10*00(1029.4)		TRAJ4*00(452.9)		575|587|608|0|12||120.0		22|52|83|12|42||300.0		TGTGTGGTGAGCTTTTCTGGTGGCTACAATAAGCTGATTTTT	45	CVVSFSGGYNKLIF	:::::::::0:-1:12:::::12:-2:42:::
2915	353.0	1.3878066443307117E-4	1	1.1548677676406051E-4	TGTGCTCTAGCCCGCCTGCGTGGGGGCATGCGCTTT	NNNNNNNNNNNNNNNNNNNNNNNNNNNNNNNNNNNN	TRAV6*00(469.9)		TRAJ43*00(399.7)		535|545|568|0|10||100.0		33|43|74|26|36||100.0		TGTGCTCTAGCCCGCCTGCGTGGGGGCATGCGCTTT	45	CALARLRGGMRF	:::::::::0:-3:10:::::26:-13:36:::
3410	353.0	1.3878066443307117E-4	1	1.1548677676406051E-4	TGTGCTGTGCGGGTTAATGCAGGCAACATGCTCACCTTT	NNNNNNNNNNNNNNNNNNNNNNNNNNNNNNNNNNNNNNN	TRAV20*00(510.7)		TRAJ39*00(487.7)		498|511|531|0|13|SA508G|101.0		27|52|83|14|39||250.0		TGTGCTGTGCGGGTTAATGCAGGCAACATGCTCACCTTT	45	CAVRVNAGNMLTF	:::::::::0:0:13:::::14:-7:39:::
3467	353.0	1.3878066443307117E-4	1	1.1548677676406051E-4	TGTGCTGTGCAGGAGTACCGGCAGAATTTTGTCTTT	NNNNNNNNNNNNNNNNNNNNNNNNNNNNNNNNNNNN	TRAV20*00(539.7)		TRAJ26*00(439.8)		498|511|531|0|13||130.0		34|49|80|21|36||150.0		TGTGCTGTGCAGGAGTACCGGCAGAATTTTGTCTTT	45	CAVQEYRQNFVF	:::::::::0:0:13:::::21:-14:36:::
3588	353.0	1.3878066443307117E-4	1	1.1548677676406051E-4	TGTGCTGTGGGTGGGGACTACAAGCTCAGCTTT	NNNNNNNNNNNNNNNNNNNNNNNNNNNNNNNNN	TRAV21*00(959.7)		TRAJ20*00(479.7)		544|553|576|0|9||90.0		28|46|77|15|33||180.0		TGTGCTGTGGGTGGGGACTACAAGCTCAGCTTT	45	CAVGGDYKLSF	:::::::::0:-3:9:::::15:-8:33:::
3654	353.0	1.3878066443307117E-4	1	1.1548677676406051E-4	TGTGCTGTGGGAGGCTTTCAGAAACTTGTATTT	NNNNNNNNNNNNNNNNNNNNNNNNNNNNNNNNN	TRAV3*00(580.7)		TRAJ8*00(509.3)		437|449|473|0|12|SA446G|101.0		28|49|80|12|33||220.0		TGTGCTGTGGGAGGCTTTCAGAAACTTGTATTT	45	CAVGGFQKLVF	:::::::::0:-4:12:::::12:-8:33:::
3729	353.0	1.3878066443307117E-4	1	1.1548677676406051E-4	TGTGCTGTGGAGGATCGATAGGCTTTGGGAATGTGCTGCATTGC	NNNNNNNNNNNNNNNNNNNNNNNNNNNNNNNNNNNNNNNNNNNN	TRAV2*00(1058.9)		TRAJ35*00(569.3)		519|534|553|0|15||160.0		19|48|79|15|44||310.0		TGTGCTGTGGAGGATCGATAGGCTTTGGGAATGTGCTGCATTGC	45	CAVEDR*_FGNVLHC	:::::::::0:1:15:::::15:1:44:::
4376	353.0	1.3878066443307117E-4	1	1.1548677676406051E-4	TGTGCTGTAATGGGGGCAAGATCATCTTT	NNNNNNNNNNNNNNNNNNNNNNNNNNNNN	TRAV8-6*00(649.7)		TRAJ30*00(439.5)		448|456|482|0|8||80.0		33|46|77|16|29||130.0		TGTGCTGTAATGGGGGCAAGATCATCTTT	45	CAVMG_KIIF	:::::::::0:-6:8:::::16:-13:29:::
4537	353.0	1.3878066443307117E-4	1	1.1548677676406051E-4	TGTGCTGGGTATGTCTCTAGCAACACAGGCAAACTAATCTTT	NNNNNNNNNNNNNNNNNNNNNNNNNNNNNNNNNNNNNNNNNN	TRAV35*00(657.2)		TRAJ37*00(554.9)		588|597|620|0|9||90.0		19|51|82|10|42|SG22TSG27A|262.0		TGTGCTGGGTATGTCTCTAGCAACACAGGCAAACTAATCTTT	45	CAGYVSSNTGKLIF	:::::::::0:-3:9:::::10:1:42:::
4664	353.0	1.3878066443307117E-4	1	1.1548677676406051E-4	TGTGCTGGGCAGGGGATGCTGGTGGTACTAGCTATGGAAAGCTGACATTT	NNNNNNNNNNNNNNNNNNNNNNNNNNNNNNNNNNNNNNNNNNNNNNNNNN	TRAV35*00(732.6)		TRAJ52*00(628.3)		588|600|620|0|12||120.0		23|58|89|15|50||350.0		TGTGCTGGGCAGGGGATGCTGGTGGTACTAGCTATGGAAAGCTGACATTT	45	CAGQGMLV_TSYGKLTF	:::::::::0:0:12:::::15:-3:50:::
4679	353.0	1.3878066443307117E-4	1	1.1548677676406051E-4	TGTGCTGGGCAGAGTTATGGAGGAAGCCAAGGAAATCTCATCTTT	NNNNNNNNNNNNNNNNNNNNNNNNNNNNNNNNNNNNNNNNNNNNN	TRAV35*00(806.7)		TRAJ42*00(584.2)		588|600|620|0|12||120.0		22|55|86|12|45|SA23G|311.0		TGTGCTGGGCAGAGTTATGGAGGAAGCCAAGGAAATCTCATCTTT	45	CAGQSYGGSQGNLIF	:::::::::0:0:12:::::12:-2:45:::
4680	353.0	1.3878066443307117E-4	1	1.1548677676406051E-4	TGTGCTGGGCAGAGTAAACTCAAATTCCGGGTATGCACTCAACTTC	NNNNNNNNNNNNNNNNNNNNNNNNNNNNNNNNNNNNNNNNNNNNNN	TRAV35*00(509.8)		TRAJ41*00(559.6)		588|600|620|0|12||120.0		21|51|82|16|46||300.0		TGTGCTGGGCAGAGTAAACTCAAATTCCGGGTATGCACTCAACTTC	45	CAGQSKLK_SGYALNF	:::::::::0:0:12:::::16:-1:46:::
4732	353.0	1.3878066443307117E-4	1	1.1548677676406051E-4	TGTGCTGGATTCATGATTTATAACCAGGGAGGAAAGCTTATCTTC	NNNNNNNNNNNNNNNNNNNNNNNNNNNNNNNNNNNNNNNNNNNNN	TRAV8-5*00(560.6),TRAV8-3*00(552.9)		TRAJ23*00(659.3)		1528|1535|1562|0|7||70.0;455|462|489|0|7||70.0		17|52|83|10|45||350.0		TGTGCTGGATTCATGATTTATAACCAGGGAGGAAAGCTTATCTTC	45	CAGFMIYNQGGKLIF	:::::::::0:-7:7:::::10:3:45:::
6291	353.0	1.3878066443307117E-4	1	1.1548677676406051E-4	TGTGCCGTGATAGGGATAACTATGGTCAGAATTTTGTCTTT	NNNNNNNNNNNNNNNNNNNNNNNNNNNNNNNNNNNNNNNNN	TRAV8-1*00(569.9)		TRAJ26*00(579.8)		474|484|508|0|10||100.0		20|49|80|12|41||290.0		TGTGCCGTGATAGGGATAACTATGGTCAGAATTTTGTCTTT	45	CAVIGIT_GQNFVF	:::::::::0:-4:10:::::12:0:41:::
17756	353.0	1.3878066443307117E-4	1	1.1548677676406051E-4	TGTGCAGCAAGTAATACCGGCACTGCCAGTAAACTCACCTTT	NNNNNNNNNNNNNNNNNNNNNNNNNNNNNNNNNNNNNNNNNN	TRAV13-1*00(609.9)		TRAJ44*00(609.4)		511|524|544|0|13||130.0		23|52|83|13|42||300.0		TGTGCAGCAAGTAATACCGGCACTGCCAGTAAACTCACCTTT	45	CAASNTGTASKLTF	:::::::::0:0:13:::::13:-3:42:::
18125	353.0	1.3878066443307117E-4	1	1.1548677676406051E-4	TGTGCAGGCATATACAATAACAATGACATGCGCTTT	NNNNNNNNNNNNNNNNNNNNNNNNNNNNNNNNNNNN	TRAV27*00(621.3)		TRAJ43*00(539.6)		552|560|582|0|8||80.0		19|43|74|12|36||240.0		TGTGCAGGCATATACAATAACAATGACATGCGCTTT	45	CAGIYNNNDMRF	:::::::::0:-2:8:::::12:1:36:::
18842	353.0	1.3878066443307117E-4	1	1.1548677676406051E-4	TGTGCAATAGCGGGTTCTGCAAGGCAACTGACCTTT	NNNNNNNNNNNNNNNNNNNNNNNNNNNNNNNNNNNN	TRAV12-3*00(450.9),TRAV12-2*00(449.9)		TRAJ22*00(549.6)		562|570|595|0|8||80.0;551|556|584|0|5||50.0		28|52|83|12|36||240.0		TGTGCAATAGCGGGTTCTGCAAGGCAACTGACCTTT	45	CAIAGSARQLTF	:::::::::0:-5:8:::::12:-8:36:::
19134	353.0	1.3878066443307117E-4	1	1.1548677676406051E-4	TGCGCTGTGAGGGTCGATAGCAACTATCAGTTAATCTGG	NNNNNNNNNNNNNNNNNNNNNNNNNNNNNNNNNNNNNNN	TRAV1-1*00(680.8)		TRAJ33*00(529.6)		670|681|704|0|11||110.0		22|46|77|15|39||240.0		TGCGCTGTGAGGGTCGATAGCAACTATCAGTTAATCTGG	45	CAVRVDSNYQLIW	:::::::::0:-3:11:::::15:-2:39:::
19149	353.0	1.3878066443307117E-4	1	1.1548677676406051E-4	TGCGCTGTGAGAGATTAAGGGGATAGCAACTATCAGTTAATCTGG	NNNNNNNNNNNNNNNNNNNNNNNNNNNNNNNNNNNNNNNNNNNNN	TRAV1-1*00(720.6)		TRAJ33*00(538.6)		670|685|704|0|15||150.0		21|46|77|20|45||250.0		TGCGCTGTGAGAGATTAAGGGGATAGCAACTATCAGTTAATCTGG	45	CAVRD*GDSNYQLIW	:::::::::0:1:15:::::20:-1:45:::
2430	352.0	1.3838751807490382E-4	1	1.1548677676406051E-4	TGTGCTCTTGGGGAAAAATAAAAGGAACAGAGATGACAAGATCATCTTT	NNNNNNNNNNNNNNNNNNNNNNNNNNNNNNNNNNNNNNNNNNNNNNNNN	TRDV1*00(1019.4)		TRAJ30*00(519)		573|588|610|0|15||150.0		21|46|77|24|49||250.0		TGTGCTCTTGGGGAAAAATAAAAGGAACAGAGATGACAAGATCATCTTT	45	CALGEK*K_NRDDKIIF	:::::::::0:-2:15:::::24:-1:49:::
2519	352.0	1.3838751807490382E-4	1	1.1548677676406051E-4	TGTGCTCTGGATCGGTGGCTACAATAAGCTGATTTTT	NNNNNNNNNNNNNNNNNNNNNNNNNNNNNNNNNNNNN	TRAV22*00(511.9)		TRAJ4*00(394.7)		526|540|559|0|14|SG532CSG537T|82.0		29|52|83|14|37||240.0		TGTGCTCTGGATCGGTGGCTACAATAAGCTGATTTTT	45	CALDRW_YNKLIF	:::::::::0:1:14:::::14:-9:37:::
3814	352.0	1.3838751807490382E-4	1	1.1548677676406051E-4	TGTGCTGTGACCCTCGGGGCCAGACTCATGTTT	NNNNNNNNNNNNNNNNNNNNNNNNNNNNNNNNN	TRAV3*00(579.6)		TRAJ31*00(449.9)		437|447|473|0|10||100.0		31|46|77|18|33||150.0		TGTGCTGTGACCCTCGGGGCCAGACTCATGTTT	45	CAVTLGARLMF	:::::::::0:-6:10:::::18:-11:33:::
4500	352.0	1.3838751807490382E-4	1	1.1548677676406051E-4	TGTGCTGCAGGAGGGGGTTACAATAACAATGACATGCGCTTT	NNNNNNNNNNNNNNNNNNNNNNNNNNNNNNNNNNNNNNNNNN	TRAV8-5*00(600.1)		TRAJ43*00(539)		1528|1539|1562|0|11||110.0		19|43|74|18|42||240.0		TGTGCTGCAGGAGGGGGTTACAATAACAATGACATGCGCTTT	45	CAAGGGYNNNDMRF	:::::::::0:-3:11:::::18:1:42:::
4723	352.0	1.3838751807490382E-4	1	1.1548677676406051E-4	TGTGCTGGGATAGCGAACACCGGTAACCAGTTCTATTTT	NNNNNNNNNNNNNNNNNNNNNNNNNNNNNNNNNNNNNNN	TRAV20*00(479.7)		TRAJ49*00(558.9)		498|505|531|0|7||70.0		19|45|76|13|39||260.0		TGTGCTGGGATAGCGAACACCGGTAACCAGTTCTATTTT	45	CAGIANTGNQFYF	:::::::::0:-6:7:::::13:1:39:::
6263	352.0	1.3838751807490382E-4	1	1.1548677676406051E-4	TGTGCCGTGGAACCCTCAGGAACCTACAAATACATCTTT	NNNNNNNNNNNNNNNNNNNNNNNNNNNNNNNNNNNNNNN	TRAV39*00(749.8)		TRAJ40*00(548.8)		507|518|540|0|11||110.0		24|50|81|13|39||260.0		TGTGCCGTGGAACCCTCAGGAACCTACAAATACATCTTT	45	CAVEPSGTYKYIF	:::::::::0:-2:11:::::13:-4:39:::
17611	352.0	1.3838751807490382E-4	1	1.1548677676406051E-4	TGTGCAGCAACTCCCCTGGAGCCAATAGTAAGCTGACATTT	NNNNNNNNNNNNNNNNNNNNNNNNNNNNNNNNNNNNNNNNN	TRAV13-1*00(959.6)		TRAJ56*00(529.7)		511|521|544|0|10||100.0		25|51|82|15|41||260.0		TGTGCAGCAACTCCCCTGGAGCCAATAGTAAGCTGACATTT	45	CAATPLE_NSKLTF	:::::::::0:-3:10:::::15:-5:41:::
18906	352.0	1.3838751807490382E-4	1	1.1548677676406051E-4	TGTGGAGCAGACGGGGAGGGAAACCAGGGAGGAAAGCTTATCTTC	NNNNNNNNNNNNNNNNNNNNNNNNNNNNNNNNNNNNNNNNNNNNN	TRAV34*00(509.4)		TRAJ23*00(549.6)		603|615|636|0|12||120.0		28|52|83|21|45||240.0		TGTGGAGCAGACGGGGAGGGAAACCAGGGAGGAAAGCTTATCTTC	45	CGADGEGNQGGKLIF	:::::::::0:-1:12:::::21:-8:45:::
19141	352.0	1.3838751807490382E-4	1	1.1548677676406051E-4	TGCGCTGTGAGACCGGAGGAGGTGCTGACGGACTCACCTTT	NNNNNNNNNNNNNNNNNNNNNNNNNNNNNNNNNNNNNNNNN	TRAV1-1*00(690.8)		TRAJ45*00(579.6)		670|682|704|0|12||120.0		28|55|86|14|41||270.0		TGCGCTGTGAGACCGGAGGAGGTGCTGACGGACTCACCTTT	45	CAVRPEE_ADGLTF	:::::::::0:-2:12:::::14:-8:41:::
20217	352.0	1.3838751807490382E-4	1	1.1548677676406051E-4	TGCATCCTGAGTGGTGGTACTAGCTATGGAAAGCTGACATTT	NNNNNNNNNNNNNNNNNNNNNNNNNNNNNNNNNNNNNNNNNN	TRAV26-2*00(589.6)		TRAJ52*00(609.7)		791|802|826|0|11||110.0		27|58|89|11|42||310.0		TGCATCCTGAGTGGTGGTACTAGCTATGGAAAGCTGACATTT	45	CILSGGTSYGKLTF	:::::::::0:-4:11:::::11:-7:42:::
21386	352.0	1.3838751807490382E-4	1	1.1548677676406051E-4	GACCCACTGTATAAGGAAGGGGACGGGCAGGAGAGCACTTACTTTT	NNNNNNNNNNNNNNNNNNNNNNNNNNNNNNNNNNNNNNNNNNNNNN	TRAV13-1*00(859.4)		TRAJ5*00(499.5)		511|511|544|0|0||0.0		25|49|80|22|46||240.0		GACCCACTGTATAAGGAAGGGGACGGGCAGGAGAGCACTTACTTTT	45	DPLYKEGD_GRRALTF	:::::::::0:-13:0:::::22:-5:46:::
682	351.0	1.3799437171673647E-4	2	2.3097355352812103E-4	TGTGCTGTGAGTATGAACAGAGATGACAAGATCATCTTT	[[[[[[[[[[[[[[[[[[[[[[[[[[[[[[[[[[[[[[[	TRAV8-4*00(645.2)		TRAJ30*00(579.9)		476|488|510|0|12||120.0		19|46|77|12|39||270.0		TGTGCTGTGAGTATGAACAGAGATGACAAGATCATCTTT	58	CAVSMNRDDKIIF	:::::::::0:-2:12:::::12:1:39:::
1540	351.0	1.3799437171673647E-4	1	1.1548677676406051E-4	TGTCTTCTGATGTCCCGGTAACCAGTTCTATTTT	NNNNNNNNNNNNNNNNNNNNNNNNNNNNNNNNNN	TRAV40*00(869.1)		TRAJ49*00(499.6)		436|445|470|0|9||90.0		25|45|76|14|34||200.0		TGTCTTCTGATGTCCCGGTAACCAGTTCTATTTT	45	CLLMSR_NQFYF	:::::::::0:-5:9:::::14:-5:34:::
1930	351.0	1.3799437171673647E-4	1	1.1548677676406051E-4	TGTGTGGTGAACAGGTTCCAGGAGGAGGTGCTGACGGACTCACCTTT	NNNNNNNNNNNNNNNNNNNNNNNNNNNNNNNNNNNNNNNNNNNNNNN	TRAV12-1*00(989.4)		TRAJ45*00(558.5)		539|557|572|0|18|ST552G|151.0		26|55|86|18|47||290.0		TGTGTGGTGAACAGGTTCCAGGAGGAGGTGCTGACGGACTCACCTTT	45	CVVNRFQE_GADGLTF	:::::::::0:5:18:::::18:-6:47:::
2047	351.0	1.3799437171673647E-4	1	1.1548677676406051E-4	TGTGCTTTCATGAATGCGAATAGAAACAAACTGGTCTTT	NNNNNNNNNNNNNNNNNNNNNNNNNNNNNNNNNNNNNNN	TRAV38-1*00(599.7)		TRAJ47*00(480.8)		596|610|633|0|14||140.0		26|46|77|19|39|SG28A|171.0		TGTGCTTTCATGAATGCGAATAGAAACAAACTGGTCTTT	45	CAFMNANRNKLVF	:::::::::0:-3:14:::::19:-6:39:::
2639	351.0	1.3799437171673647E-4	1	1.1548677676406051E-4	TGTGCTCTGAGTGGAGGTAGCAACTATAAACTGACATTT	NNNNNNNNNNNNNNNNNNNNNNNNNNNNNNNNNNNNNNN	TRAV9-2*00(740.3)		TRAJ53*00(599.8)		480|491|514|0|11||130.0		27|55|86|11|39||300.0		TGTGCTCTGAGTGGAGGTAGCAACTATAAACTGACATTT	45	CALSGGSNYKLTF	:::::::::0:-3:11:::::11:-7:39:::
2654	351.0	1.3799437171673647E-4	1	1.1548677676406051E-4	TGTGCTCTGAGTGATCGTATTAATGCAGGCAACATGCTCACCTTT	NNNNNNNNNNNNNNNNNNNNNNNNNNNNNNNNNNNNNNNNNNNNN	TRAV9-2*00(777.9)		TRAJ39*00(560.8)		480|496|514|0|16||160.0		24|52|83|17|45|SA26T|251.0		TGTGCTCTGAGTGATCGTATTAATGCAGGCAACATGCTCACCTTT	45	CALSDRINAGNMLTF	:::::::::0:2:16:::::17:-4:45:::
3551	351.0	1.3799437171673647E-4	1	1.1548677676406051E-4	TGTGCTGTGGGTGTCTCTAGCAACACAGGCAAACTAATCTTT	NNNNNNNNNNNNNNNNNNNNNNNNNNNNNNNNNNNNNNNNNN	TRAV8-3*00(620.5)		TRAJ37*00(561.9)		455|467|489|0|12||130.0		21|51|82|12|42|SG22TSG27A|252.0		TGTGCTGTGGGTGTCTCTAGCAACACAGGCAAACTAATCTTT	45	CAVGVSSNTGKLIF	:::::::::0:-2:12:::::12:-1:42:::
3849	351.0	1.3799437171673647E-4	1	1.1548677676406051E-4	TGTGCTGTGAGTTCCTCGGATAGCAACTATCAGTTAATCTGG	NNNNNNNNNNNNNNNNNNNNNNNNNNNNNNNNNNNNNNNNNN	TRAV8-4*00(669.5)		TRAJ33*00(539.9)		476|488|510|0|12||120.0		21|46|77|17|42||250.0		TGTGCTGTGAGTTCCTCGGATAGCAACTATCAGTTAATCTGG	45	CAVSSSDSNYQLIW	:::::::::0:-2:12:::::17:-1:42:::
4104	351.0	1.3799437171673647E-4	1	1.1548677676406051E-4	TGTGCTGTGAGCATATATGGAAACAAGCTGGTCTTT	NNNNNNNNNNNNNNNNNNNNNNNNNNNNNNNNNNNN	TRAV8-6*00(679.6)		TRAJ47*00(500.7)		448|459|482|0|11||110.0		24|46|77|14|36|SA36G|191.0		TGTGCTGTGAGCATATATGGAAACAAGCTGGTCTTT	45	CAVSIYGNKLVF	:::::::::0:-3:11:::::14:-4:36:::
4322	351.0	1.3799437171673647E-4	1	1.1548677676406051E-4	TGTGCTGTGAATGGGGCAAACAACCTCTTCTTT	NNNNNNNNNNNNNNNNNNNNNNNNNNNNNNNNN	TRAV21*00(968.6)		TRAJ36*00(529.6)		544|554|576|0|10||100.0		26|48|79|11|33||220.0		TGTGCTGTGAATGGGGCAAACAACCTCTTCTTT	45	CAVNGANNLFF	:::::::::0:-2:10:::::11:-6:33:::
4660	351.0	1.3799437171673647E-4	1	1.1548677676406051E-4	TGTGCTGGGCAGGTAGGGGATTCAGGGAGCCCAGAAGCTGGTATTT	NNNNNNNNNNNNNNNNNNNNNNNNNNNNNNNNNNNNNNNNNNNNNN	TRAV35*00(945)		TRAJ54*00(519.1)		588|600|620|0|12||120.0		22|49|80|19|46||270.0		TGTGCTGGGCAGGTAGGGGATTCAGGGAGCCCAGAAGCTGGTATTT	45	CAGQVGDS_GAQKLVF	:::::::::0:0:12:::::19:-2:46:::
4750	351.0	1.3799437171673647E-4	1	1.1548677676406051E-4	TGTGCTGAAGAGCCTTCTGCAAGGCAACTGACCTTT	NNNNNNNNNNNNNNNNNNNNNNNNNNNNNNNNNNNN	TRAV41*00(584)		TRAJ22*00(529.8)		512|519|544|0|7||70.0		30|52|83|14|36||220.0		TGTGCTGAAGAGCCTTCTGCAAGGCAACTGACCTTT	45	CAEEPSARQLTF	:::::::::0:-5:7:::::14:-10:36:::
6531	351.0	1.3799437171673647E-4	1	1.1548677676406051E-4	TGTGCCGGTGCCTCTAACTTTGGAAATGAGAAATTAACCTTT	NNNNNNNNNNNNNNNNNNNNNNNNNNNNNNNNNNNNNNNNNN	TRAV12-2*00(720.2)		TRAJ48*00(586.5)		551|558|584|0|7||70.0		22|52|83|12|42||300.0		TGTGCCGGTGCCTCTAACTTTGGAAATGAGAAATTAACCTTT	45	CAGASNFGNEKLTF	:::::::::0:-6:7:::::12:-2:42:::
17794	351.0	1.3799437171673647E-4	1	1.1548677676406051E-4	TGTGCAGCAAGCTCAATTTCTTCTGGTTCTGCAAGGCAACTGACCTTT	NNNNNNNNNNNNNNNNNNNNNNNNNNNNNNNNNNNNNNNNNNNNNNNN	TRAV29/DV5*00(569.6)		TRAJ22*00(649.7)		529|541|562|0|12||120.0		18|52|83|14|48||340.0		TGTGCAGCAAGCTCAATTTCTTCTGGTTCTGCAAGGCAACTGACCTTT	45	CAASSISSGSARQLTF	:::::::::0:-1:12:::::14:2:48:::
18208	351.0	1.3799437171673647E-4	1	1.1548677676406051E-4	TGTGCAGGGATAGAAAGCCCGTGGTACTAGCTATGGAAAGCTGACATTT	NNNNNNNNNNNNNNNNNNNNNNNNNNNNNNNNNNNNNNNNNNNNNNNNN	TRAV25*00(532.9)		TRAJ52*00(589.4)		620|629|649|0|9||90.0		29|58|89|20|49||290.0		TGTGCAGGGATAGAAAGCCCGTGGTACTAGCTATGGAAAGCTGACATTT	45	CAGIESPW_TSYGKLTF	:::::::::0:0:9:::::20:-9:49:::
18478	351.0	1.3799437171673647E-4	1	1.1548677676406051E-4	TGTGCAGAGAATGCCTCTCTAGGCCGGTAACCAGTTCTATTTT	NNNNNNNNNNNNNNNNNNNNNNNNNNNNNNNNNNNNNNNNNNN	TRAV13-2*00(569.4)		TRAJ49*00(499.7)		506|518|539|0|12||120.0		25|45|76|23|43||200.0		TGTGCAGAGAATGCCTCTCTAGGCCGGTAACCAGTTCTATTTT	45	CAENASL_AGNQFYF	:::::::::0:-1:12:::::23:-5:43:::
18758	351.0	1.3799437171673647E-4	1	1.1548677676406051E-4	TGTGCAATGAGAGAGGGCTTTGCTGGCAACAACCGTAAGCTGATTTGG	NNNNNNNNNNNNNNNNNNNNNNNNNNNNNNNNNNNNNNNNNNNNNNNN	TRAV14/DV4*00(910.1)		TRAJ38*00(569.6)		517|535|554|0|18||180.0		23|51|82|20|48||280.0		TGTGCAATGAGAGAGGGCTTTGCTGGCAACAACCGTAAGCTGATTTGG	45	CAMREGFAGNNRKLIW	:::::::::0:1:18:::::20:-3:48:::
2495	350.0	1.3760122535856913E-4	1	1.1548677676406051E-4	TGTGCTCTGCTGATGGAATATAGAAACAAACTGGTCTTT	NNNNNNNNNNNNNNNNNNNNNNNNNNNNNNNNNNNNNNN	TRAV9-2*00(700)		TRAJ47*00(550.7)		480|489|514|0|9||90.0		19|46|77|12|39|SG28A|241.0		TGTGCTCTGCTGATGGAATATAGAAACAAACTGGTCTTT	45	CALLMEYRNKLVF	:::::::::0:-5:9:::::12:1:39:::
3438	350.0	1.3760122535856913E-4	1	1.1548677676406051E-4	TGTGCTGTGCAGGCCGGGGGGGCGGATCTGAAAAGCTGGTCTTT	NNNNNNNNNNNNNNNNNNNNNNNNNNNNNNNNNNNNNNNNNNNN	TRAV20*00(559.6)		TRAJ57*00(549.2)		498|513|531|0|15||150.0		27|52|83|19|44||250.0		TGTGCTGTGCAGGCCGGGGGGGCGGATCTGAAAAGCTGGTCTTT	45	CAVQAGG_GSEKLVF	:::::::::0:2:15:::::19:-7:44:::
3541	350.0	1.3760122535856913E-4	1	1.1548677676406051E-4	TGTGCTGTGGGTTCGTCAGATAGCAACTATCAGTTAATCTGG	NNNNNNNNNNNNNNNNNNNNNNNNNNNNNNNNNNNNNNNNNN	TRAV8-3*00(611.9)		TRAJ33*00(529.5)		455|470|489|0|15|SG467T|121.0		22|46|77|18|42||240.0		TGTGCTGTGGGTTCGTCAGATAGCAACTATCAGTTAATCTGG	45	CAVGSSDSNYQLIW	:::::::::0:1:15:::::18:-2:42:::
4266	350.0	1.3760122535856913E-4	1	1.1548677676406051E-4	TGTGCTGTGAGAGATAAGCGAAAGGGCTGCAGGCAACAAGCTAACTTTT	NNNNNNNNNNNNNNNNNNNNNNNNNNNNNNNNNNNNNNNNNNNNNNNNN	TRAV1-2*00(709.7)		TRAJ17*00(539.9)		620|635|654|0|15||150.0		28|52|83|25|49||240.0		TGTGCTGTGAGAGATAAGCGAAAGGGCTGCAGGCAACAAGCTAACTTTT	45	CAVRDKRK_AAGNKLTF	:::::::::0:1:15:::::25:-8:49:::
4335	350.0	1.3760122535856913E-4	1	1.1548677676406051E-4	TGTGCTGTGAACGGATAACAATGACATGCGCTTT	NNNNNNNNNNNNNNNNNNNNNNNNNNNNNNNNNN	TRAV21*00(780.2)		TRAJ43*00(499.7)		544|554|576|0|10||100.0		23|43|74|14|34||200.0		TGTGCTGTGAACGGATAACAATGACATGCGCTTT	45	CAVNG*_NDMRF	:::::::::0:-2:10:::::14:-3:34:::
4446	350.0	1.3760122535856913E-4	1	1.1548677676406051E-4	TGTGCTGCCAGCCCAATGAATTATGGAGGAAGCCAAGGAAATCTCATCTT	NNNNNNNNNNNNNNNNNNNNNNNNNNNNNNNNNNNNNNNNNNNNNNNNNN	TRAV41*00(582.4)		TRAJ42*00(587.7)		512|523|544|0|11|ST519C|81.0		19|55|86|15|50|DT52|288.0		TGTGCTGCCAGCCCAATGAATTATGGAGGAAGCCAAGGAAATCTCATCTT	45	CAASPMNY_RKPRKSHL	:::::::::0:-1:11:::::15:1:50:::
4543	350.0	1.3760122535856913E-4	1	1.1548677676406051E-4	TGTGCTGGGCTTTCGGGGCGGATCTGAAAAGCTGGTCTTT	NNNNNNNNNNNNNNNNNNNNNNNNNNNNNNNNNNNNNNNN	TRAV35*00(489.9)		TRAJ57*00(550.8)		588|598|620|0|10||100.0		24|52|83|12|40|SA26G|251.0		TGTGCTGGGCTTTCGGGGCGGATCTGAAAAGCTGGTCTTT	45	CAGLSGR_SEKLVF	:::::::::0:-2:10:::::12:-4:40:::
6174	350.0	1.3760122535856913E-4	1	1.1548677676406051E-4	TGTGCCGTGTGGGGTTAGCTGGCAACAACCGTAAGCTGATTTGG	NNNNNNNNNNNNNNNNNNNNNNNNNNNNNNNNNNNNNNNNNNNN	TRAV8-1*00(559.7)		TRAJ38*00(569.7)		474|483|508|0|9||90.0		24|51|82|17|44||270.0		TGTGCCGTGTGGGGTTAGCTGGCAACAACCGTAAGCTGATTTGG	45	CAVWG*L_NNRKLIW	:::::::::0:-5:9:::::17:-4:44:::
17798	350.0	1.3760122535856913E-4	1	1.1548677676406051E-4	TGTGCAGCAAGCTATGAGGCAGGCAACATGCTCACCTTT	NNNNNNNNNNNNNNNNNNNNNNNNNNNNNNNNNNNNNNN	TRAV29/DV5*00(569.5)		TRAJ39*00(519.8)		529|541|562|0|12||120.0		31|52|83|18|39||210.0		TGTGCAGCAAGCTATGAGGCAGGCAACATGCTCACCTTT	45	CAASYEAGNMLTF	:::::::::0:-1:12:::::18:-11:39:::
18093	350.0	1.3760122535856913E-4	1	1.1548677676406051E-4	TGTGCAGCAAAAGAAGGGAGGGGAAATGAGAAATTAACCTTT	NNNNNNNNNNNNNNNNNNNNNNNNNNNNNNNNNNNNNNNNNN	TRAV29/DV5*00(509.8)		TRAJ48*00(519.8)		529|539|562|0|10||100.0		31|52|83|21|42||210.0		TGTGCAGCAAAAGAAGGGAGGGGAAATGAGAAATTAACCTTT	45	CAAKEGRGNEKLTF	:::::::::0:-3:10:::::21:-11:42:::
18286	350.0	1.3760122535856913E-4	1	1.1548677676406051E-4	TGTGCAGGAGGGGCAGTCATGGAGGAAGCCAAGGAAATCTCATCTTT	NNNNNNNNNNNNNNNNNNNNNNNNNNNNNNNNNNNNNNNNNNNNNNN	TRAV27*00(641.8)		TRAJ42*00(589.6)		552|562|582|0|10||100.0		26|55|86|18|47||290.0		TGTGCAGGAGGGGCAGTCATGGAGGAAGCCAAGGAAATCTCATCTTT	45	CAGGAVME_SQGNLIF	:::::::::0:0:10:::::18:-6:47:::
18417	350.0	1.3760122535856913E-4	1	1.1548677676406051E-4	TGTGCAGAGAGTCCGCAGGAGGAGGTGCTGACGGACTCACCTTT	NNNNNNNNNNNNNNNNNNNNNNNNNNNNNNNNNNNNNNNNNNNN	TRAV13-2*00(549.8)		TRAJ45*00(599.7)		506|516|539|0|10||100.0		26|55|86|15|44||290.0		TGTGCAGAGAGTCCGCAGGAGGAGGTGCTGACGGACTCACCTTT	45	CAESPQE_GADGLTF	:::::::::0:-3:10:::::15:-6:44:::
19000	350.0	1.3760122535856913E-4	1	1.1548677676406051E-4	TGCCTCGTGGGTGACTATAGAAACTATGGTCAGAATTTTGTCTTT	NNNNNNNNNNNNNNNNNNNNNNNNNNNNNNNNNNNNNNNNNNNNN	TRAV4*00(1018.5)		TRAJ26*00(489.4)		768|783|804|0|15||150.0		25|49|80|21|45||240.0		TGCCTCGTGGGTGACTATAGAAACTATGGTCAGAATTTTGTCTTT	45	CLVGDYRNYGQNFVF	:::::::::0:-1:15:::::21:-5:45:::
19092	350.0	1.3760122535856913E-4	1	1.1548677676406051E-4	TGCGCTTCCAACCAGGCAGGAACTGCTCTGATCTTT	NNNNNNNNNNNNNNNNNNNNNNNNNNNNNNNNNNNN	TRAV1-1*00(630.5)		TRAJ15*00(599.7)		670|676|704|0|6||60.0		20|49|80|7|36||290.0		TGCGCTTCCAACCAGGCAGGAACTGCTCTGATCTTT	45	CASNQAGTALIF	:::::::::0:-8:6:::::7:0:36:::
19121	350.0	1.3760122535856913E-4	1	1.1548677676406051E-4	TGCGCTGTGACCGACAAGCTCATCTTT	NNNNNNNNNNNNNNNNNNNNNNNNNNN	TRAV1-1*00(670.8)		TRAJ34*00(479.9)		670|680|704|0|10||100.0		30|47|78|10|27||180.0		TGCGCTGTGACCGACAAGCTCATCTTT	45	CAVTDKLIF	:::::::::0:-4:10:::::10:-10:27:::
20360	350.0	1.3760122535856913E-4	1	1.1548677676406051E-4	TGCATCGTCAGATGGCCGACAAGCTCATCTTT	NNNNNNNNNNNNNNNNNNNNNNNNNNNNNNNN	TRAV26-1*00(609.6)		TRAJ34*00(469.8)		763|775|799|0|12||120.0		30|47|78|15|32||170.0		TGCATCGTCAGATGGCCGACAAGCTCATCTTT	45	CIVRW_DKLIF	:::::::::0:-4:12:::::15:-10:32:::
2383	349.0	1.372080790004018E-4	1	1.1548677676406051E-4	TGTGCTCTTGGGGAACTAGAATCCCGAGAATTCAGGGAGCCCAGAAGCTGGTATTT	NNNNNNNNNNNNNNNNNNNNNNNNNNNNNNNNNNNNNNNNNNNNNNNNNNNNNNNN	TRDV1*00(1059.2)		TRAJ54*00(529.6)		573|592|610|0|19||190.0		21|49|80|28|56||280.0		TGTGCTCTTGGGGAACTAGAATCCCGAGAATTCAGGGAGCCCAGAAGCTGGTATTT	45	CALGELESR_IQGAQKLVF	:::::::::0:2:19:::::28:-1:56:::
3281	349.0	1.372080790004018E-4	1	1.1548677676406051E-4	TGTGCTGTCGAGGTGAGGAGGAGGTGCTGACGGACTCACCTTT	NNNNNNNNNNNNNNNNNNNNNNNNNNNNNNNNNNNNNNNNNNN	TRAV41*00(759.3)		TRAJ45*00(589.1)		512|521|544|0|9||90.0		27|55|86|15|43||280.0		TGTGCTGTCGAGGTGAGGAGGAGGTGCTGACGGACTCACCTTT	45	CAVEVRR_GADGLTF	:::::::::0:-3:9:::::15:-7:43:::
3362	349.0	1.372080790004018E-4	1	1.1548677676406051E-4	TGTGCTGTGTCCTTTACAGCAGTGCTTCCAAGATAATCTTT	NNNNNNNNNNNNNNNNNNNNNNNNNNNNNNNNNNNNNNNNN	TRAV8-6*00(659.6)		TRAJ3*00(569.6)		448|457|482|0|9||90.0		24|51|82|14|41||270.0		TGTGCTGTGTCCTTTACAGCAGTGCTTCCAAGATAATCTTT	45	CAVSFTA_ASKIIF	:::::::::0:-5:9:::::14:-4:41:::
3575	349.0	1.372080790004018E-4	1	1.1548677676406051E-4	TGTGCTGTGGGTGCGGGGAATAACAATGACATGCGCTTT	NNNNNNNNNNNNNNNNNNNNNNNNNNNNNNNNNNNNNNN	TRAV8-3*00(606.7)		TRAJ43*00(509.5)		455|470|489|0|15||150.0		22|43|74|18|39||210.0		TGTGCTGTGGGTGCGGGGAATAACAATGACATGCGCTTT	45	CAVGAGNNNDMRF	:::::::::0:1:15:::::18:-2:39:::
4632	349.0	1.372080790004018E-4	1	1.1548677676406051E-4	TGTGCTGGGCAGCTGGAATATGCTGGTGGTACTAGCTATGGAAAGCTGACATTT	NNNNNNNNNNNNNNNNNNNNNNNNNNNNNNNNNNNNNNNNNNNNNNNNNNNNNN	TRAV35*00(782.2)		TRAJ52*00(628.1)		588|603|620|0|15||150.0		23|58|89|19|54||350.0		TGTGCTGGGCAGCTGGAATATGCTGGTGGTACTAGCTATGGAAAGCTGACATTT	45	CAGQLEYAGGTSYGKLTF	:::::::::0:3:15:::::19:-3:54:::
4788	349.0	1.372080790004018E-4	1	1.1548677676406051E-4	TGTGCTACGGTCTCAGGATACAGCACCCTCACCTTT	NNNNNNNNNNNNNNNNNNNNNNNNNNNNNNNNNNNN	TRAV17*00(899.2)		TRAJ11*00(548.5)		490|500|523|0|10||100.0		25|49|80|12|36||240.0		TGTGCTACGGTCTCAGGATACAGCACCCTCACCTTT	45	CATVSGYSTLTF	:::::::::0:-3:10:::::12:-5:36:::
4835	349.0	1.372080790004018E-4	1	1.1548677676406051E-4	TGTGCTACGGACTGAGCGAACAGAGATGACAAGATCATCTTT	NNNNNNNNNNNNNNNNNNNNNNNNNNNNNNNNNNNNNNNNNN	TRAV17*00(919.8)		TRAJ30*00(559.3)		490|502|523|0|12||120.0		21|46|77|17|42||250.0		TGTGCTACGGACTGAGCGAACAGAGATGACAAGATCATCTTT	45	CATD*ANRDDKIIF	:::::::::0:-1:12:::::17:-1:42:::
17414	349.0	1.372080790004018E-4	1	1.1548677676406051E-4	TGTGCAGTCCTCATCAATGCAGGCAAATCAACCTTT	NNNNNNNNNNNNNNNNNNNNNNNNNNNNNNNNNNNN	TRAV25*00(549.8)		TRAJ27*00(510.8)		620|627|649|0|7||70.0		23|48|79|11|36|SC25T|221.0		TGTGCAGTCCTCATCAATGCAGGCAAATCAACCTTT	45	CAVLINAGKSTF	:::::::::0:-2:7:::::11:-3:36:::
17456	349.0	1.372080790004018E-4	1	1.1548677676406051E-4	TGTGCAGCTACTCCCGGGGACTACAAGCTCAGCTTT	NNNNNNNNNNNNNNNNNNNNNNNNNNNNNNNNNNNN	TRAV13-1*00(576.6)		TRAJ20*00(479.6)		511|519|544|0|8||80.0		28|46|77|18|36||180.0		TGTGCAGCTACTCCCGGGGACTACAAGCTCAGCTTT	45	CAATPGDYKLSF	:::::::::0:-5:8:::::18:-8:36:::
17691	349.0	1.372080790004018E-4	1	1.1548677676406051E-4	TGTGCAGCAAGTGGGATTCAGGAGGAGGTGCTGACGGACTCACCTTT	NNNNNNNNNNNNNNNNNNNNNNNNNNNNNNNNNNNNNNNNNNNNNNN	TRAV29/DV5*00(519.8)		TRAJ45*00(629.5)		529|540|562|0|11||110.0		23|55|86|15|47||320.0		TGTGCAGCAAGTGGGATTCAGGAGGAGGTGCTGACGGACTCACCTTT	45	CAASGIQE_GADGLTF	:::::::::0:-2:11:::::15:-3:47:::
17869	349.0	1.372080790004018E-4	1	1.1548677676406051E-4	TGTGCAGCAAGCGCGTGGGATGCCTCAGGAACCTACAAATACATCTTT	NNNNNNNNNNNNNNNNNNNNNNNNNNNNNNNNNNNNNNNNNNNNNNNN	TRAV29/DV5*00(559.7)		TRAJ40*00(549.5)		529|544|562|0|15||150.0		24|50|81|22|48||260.0		TGTGCAGCAAGCGCGTGGGATGCCTCAGGAACCTACAAATACATCTTT	45	CAASAWDASGTYKYIF	:::::::::0:2:15:::::22:-4:48:::
18193	349.0	1.372080790004018E-4	1	1.1548677676406051E-4	TGTGCAGGGGCCGATTATTCAGGAGGAGGTGCTGACGGACTCACCTTT	NNNNNNNNNNNNNNNNNNNNNNNNNNNNNNNNNNNNNNNNNNNNNNNN	TRAV27*00(622.8)		TRAJ45*00(639.7)		552|563|582|0|11|SA560G|81.0		22|55|86|15|48||330.0		TGTGCAGGGGCCGATTATTCAGGAGGAGGTGCTGACGGACTCACCTTT	45	CAGADYSGGGADGLTF	:::::::::0:1:11:::::15:-2:48:::
18275	349.0	1.372080790004018E-4	1	1.1548677676406051E-4	TGTGCAGGAGCGATGGGTGGTACTAGCTATGGAAAGCTGACATTT	NNNNNNNNNNNNNNNNNNNNNNNNNNNNNNNNNNNNNNNNNNNNN	TRAV27*00(651.8)		TRAJ52*00(599.3)		552|563|582|0|11||110.0		28|58|89|15|45||300.0		TGTGCAGGAGCGATGGGTGGTACTAGCTATGGAAAGCTGACATTT	45	CAGAMGGTSYGKLTF	:::::::::0:1:11:::::15:-8:45:::
18620	349.0	1.372080790004018E-4	1	1.1548677676406051E-4	TGTGCAATGAGCGCTATGGAAAAGCAGCGGAGACAAGCTGACTTTT	NNNNNNNNNNNNNNNNNNNNNNNNNNNNNNNNNNNNNNNNNNNNNN	TRAV12-3*00(999.2)		TRAJ46*00(529.4)		562|576|595|0|14||140.0		24|52|83|18|46||280.0		TGTGCAATGAGCGCTATGGAAAAGCAGCGGAGACAAGCTGACTTTT	45	CAMSAMEK_SGDKLTF	:::::::::0:1:14:::::18:-4:46:::
1940	348.0	1.3681493264223446E-4	1	1.1548677676406051E-4	TGTGTGGTGAACAACGCTGGGGGTTACCAGAAAGTTACCTTT	NNNNNNNNNNNNNNNNNNNNNNNNNNNNNNNNNNNNNNNNNN	TRAV12-1*00(529.8)		TRAJ13*00(559.5)		539|552|572|0|13||130.0		26|52|83|16|42||260.0		TGTGTGGTGAACAACGCTGGGGGTTACCAGAAAGTTACCTTT	45	CVVNNAGGYQKVTF	:::::::::0:0:13:::::16:-6:42:::
2198	348.0	1.3681493264223446E-4	1	1.1548677676406051E-4	TGTGCTTATAGGGGGGCATAACACCAATGCAGGCAAATCAACCTTT	NNNNNNNNNNNNNNNNNNNNNNNNNNNNNNNNNNNNNNNNNNNNNN	TRAV38-2/DV8*00(579.7)		TRAJ27*00(579.5)		602|614|638|0|12||120.0		19|48|79|17|46||290.0		TGTGCTTATAGGGGGGCATAACACCAATGCAGGCAAATCAACCTTT	45	CAYRGA*H_NAGKSTF	:::::::::0:-4:12:::::17:1:46:::
2238	348.0	1.3681493264223446E-4	1	1.1548677676406051E-4	TGTGCTTATAGGAGCGGGACTAGGATACCGGTAACCAGTTCTATTTT	NNNNNNNNNNNNNNNNNNNNNNNNNNNNNNNNNNNNNNNNNNNNNNN	TRAV38-2/DV8*00(619.7)		TRAJ49*00(509.6)		602|618|638|0|16||160.0		24|45|76|26|47||210.0		TGTGCTTATAGGAGCGGGACTAGGATACCGGTAACCAGTTCTATTTT	45	CAYRSGTR_TGNQFYF	:::::::::0:0:16:::::26:-4:47:::
2496	348.0	1.3681493264223446E-4	1	1.1548677676406051E-4	TGTGCTCTGCTACTCGTTATCAGGGAGCCCAGAAGCTGGTATTT	NNNNNNNNNNNNNNNNNNNNNNNNNNNNNNNNNNNNNNNNNNNN	TRAV19*00(699.8)		TRAJ54*00(539.4)		556|565|593|0|9||90.0		24|49|80|19|44||250.0		TGTGCTCTGCTACTCGTTATCAGGGAGCCCAGAAGCTGGTATTT	45	CALLLVI_GAQKLVF	:::::::::0:-8:9:::::19:-4:44:::
2532	348.0	1.3681493264223446E-4	1	1.1548677676406051E-4	TGTGCTCTGATCTGGAACAATGACATGCGCTTT	NNNNNNNNNNNNNNNNNNNNNNNNNNNNNNNNN	TRAV9-2*00(709.1)		TRAJ43*00(479.5)		480|490|514|0|10||100.0		25|43|74|15|33||180.0		TGTGCTCTGATCTGGAACAATGACATGCGCTTT	45	CALIWNNDMRF	:::::::::0:-4:10:::::15:-5:33:::
2596	348.0	1.3681493264223446E-4	1	1.1548677676406051E-4	TGTGCTCTGAGTCAGAATAATGCAGGCAACATGCTCACCTTT	NNNNNNNNNNNNNNNNNNNNNNNNNNNNNNNNNNNNNNNNNN	TRAV9-2*00(729.4)		TRAJ39*00(579.4)		480|492|514|0|12||120.0		25|52|83|15|42||270.0		TGTGCTCTGAGTCAGAATAATGCAGGCAACATGCTCACCTTT	45	CALSQNNAGNMLTF	:::::::::0:-2:12:::::15:-5:42:::
2933	348.0	1.3681493264223446E-4	1	1.1548677676406051E-4	TGTGCTCTAGACTGGGAGGTGCTACAAACAAGCTCATCTTT	NNNNNNNNNNNNNNNNNNNNNNNNNNNNNNNNNNNNNNNNN	TRAV6*00(490)		TRAJ32*00(540.7)		535|547|568|0|12||120.0		28|55|86|14|41|ST30A|241.0		TGTGCTCTAGACTGGGAGGTGCTACAAACAAGCTCATCTTT	45	CALDWEV_TNKLIF	:::::::::0:-1:12:::::14:-8:41:::
3895	348.0	1.3681493264223446E-4	1	1.1548677676406051E-4	TGTGCTGTGAGTGCCCGGAAACAAACTGGTCTTT	NNNNNNNNNNNNNNNNNNNNNNNNNNNNNNNNNN	TRAV8-4*00(679.4)		TRAJ47*00(489.6)		476|489|510|0|13||130.0		28|46|77|16|34||180.0		TGTGCTGTGAGTGCCCGGAAACAAACTGGTCTTT	45	CAVSAR_NKLVF	:::::::::0:-1:13:::::16:-8:34:::
3947	348.0	1.3681493264223446E-4	1	1.1548677676406051E-4	TGTGCTGTGAGTGATCCGGGAGGAAGCTACATACCTACATTT	NNNNNNNNNNNNNNNNNNNNNNNNNNNNNNNNNNNNNNNNNN	TRAV8-4*00(660.9)		TRAJ6*00(549.3)		476|492|510|0|16||160.0		27|51|82|18|42||240.0		TGTGCTGTGAGTGATCCGGGAGGAAGCTACATACCTACATTT	45	CAVSDPGGSYIPTF	:::::::::0:2:16:::::18:-7:42:::
4359	348.0	1.3681493264223446E-4	1	1.1548677676406051E-4	TGTGCTGTGAAAAAAGGAGCTAGCTATGGAAAGCTGACATTT	NNNNNNNNNNNNNNNNNNNNNNNNNNNNNNNNNNNNNNNNNN	TRAV8-6*00(669.3)		TRAJ52*00(529.3)		448|458|482|0|10||100.0		35|58|89|19|42||230.0		TGTGCTGTGAAAAAAGGAGCTAGCTATGGAAAGCTGACATTT	45	CAVKKGASYGKLTF	:::::::::0:-4:10:::::19:-15:42:::
4496	348.0	1.3681493264223446E-4	1	1.1548677676406051E-4	TGTGCTGCAGGCTAACTGACAGCTGGGGGAAATTGCAGTTT	NNNNNNNNNNNNNNNNNNNNNNNNNNNNNNNNNNNNNNNNN	TRAV8-5*00(614.3)		TRAJ24*00(569.8)		1528|1539|1562|0|11||110.0		24|52|83|13|41||280.0		TGTGCTGCAGGCTAACTGACAGCTGGGGGAAATTGCAGTTT	45	CAAG*LT_WGKLQF	:::::::::0:-3:11:::::13:-4:41:::
4763	348.0	1.3681493264223446E-4	1	1.1548677676406051E-4	TGTGCTATAATAACTCAGGGCGGATCTGAAAAGCTGGTCTTT	NNNNNNNNNNNNNNNNNNNNNNNNNNNNNNNNNNNNNNNNNN	TRAV38-1*00(519.6)		TRAJ57*00(639.8)		596|602|633|0|6||60.0		19|52|83|9|42||330.0		TGTGCTATAATAACTCAGGGCGGATCTGAAAAGCTGGTCTTT	45	CAIITQGGSEKLVF	:::::::::0:-11:6:::::9:1:42:::
4870	348.0	1.3681493264223446E-4	1	1.1548677676406051E-4	TGTGCTACGGACGCGAGGGGAATATAGAAACAAACTGGTCTTT	NNNNNNNNNNNNNNNNNNNNNNNNNNNNNNNNNNNNNNNNNNN	TRAV17*00(949.5)		TRAJ47*00(520.2)		490|505|523|0|15||150.0		21|46|77|18|43|SG28A|221.0		TGTGCTACGGACGCGAGGGGAATATAGAAACAAACTGGTCTTT	45	CATDARG_YRNKLVF	:::::::::0:2:15:::::18:-1:43:::
17856	348.0	1.3681493264223446E-4	1	1.1548677676406051E-4	TGTGCAGCAAGCGCTTTTTTGAGTGGGGCAAACAACCTCTTCTTT	NNNNNNNNNNNNNNNNNNNNNNNNNNNNNNNNNNNNNNNNNNNNN	TRAV29/DV5*00(589.8)		TRAJ36*00(529.8)		529|543|562|0|14||140.0		26|48|79|23|45||220.0		TGTGCAGCAAGCGCTTTTTTGAGTGGGGCAAACAACCTCTTCTTT	45	CAASAFLSGANNLFF	:::::::::0:1:14:::::23:-6:45:::
17962	348.0	1.3681493264223446E-4	1	1.1548677676406051E-4	TGTGCAGCAAGCGAGGGTGCTGGTGGTACTAGCTATGGAAAGCTGACATTT	NNNNNNNNNNNNNNNNNNNNNNNNNNNNNNNNNNNNNNNNNNNNNNNNNNN	TRAV29/DV5*00(542.9)		TRAJ52*00(619.9)		529|549|562|0|20|SC542ASC544GST545G|133.0		27|58|89|20|51||340.0		TGTGCAGCAAGCGAGGGTGCTGGTGGTACTAGCTATGGAAAGCTGACATTT	45	CAASEGAGGTSYGKLTF	:::::::::0:7:20:::::20:-7:51:::
18382	348.0	1.3681493264223446E-4	1	1.1548677676406051E-4	TGTGCAGAGATTTCGAACACCGGTAACCAGTTCTATTTT	NNNNNNNNNNNNNNNNNNNNNNNNNNNNNNNNNNNNNNN	TRAV13-2*00(549.5)		TRAJ49*00(579.5)		506|516|539|0|10||100.0		17|45|76|11|39||280.0		TGTGCAGAGATTTCGAACACCGGTAACCAGTTCTATTTT	45	CAEISNTGNQFYF	:::::::::0:-3:10:::::11:3:39:::
18449	348.0	1.3681493264223446E-4	1	1.1548677676406051E-4	TGTGCAGAGAGGGGGACAGGAGGAGGTGCTGACGGACTCACCTTT	NNNNNNNNNNNNNNNNNNNNNNNNNNNNNNNNNNNNNNNNNNNNN	TRAV13-2*00(549.2)		TRAJ45*00(599.9)		506|516|539|0|10||100.0		26|55|86|16|45||290.0		TGTGCAGAGAGGGGGACAGGAGGAGGTGCTGACGGACTCACCTTT	45	CAERGTGGGADGLTF	:::::::::0:-3:10:::::16:-6:45:::
20198	348.0	1.3681493264223446E-4	1	1.1548677676406051E-4	TGCATCCTGCTAAGGAGGTGCTGACGGACTCACCTTT	NNNNNNNNNNNNNNNNNNNNNNNNNNNNNNNNNNNNN	TRAV26-2*00(859.6)		TRAJ45*00(559.5)		791|800|826|0|9||90.0		30|55|86|12|37||250.0		TGCATCCTGCTAAGGAGGTGCTGACGGACTCACCTTT	45	CILLRR_ADGLTF	:::::::::0:-6:9:::::12:-10:37:::
20416	348.0	1.3681493264223446E-4	1	1.1548677676406051E-4	TGCATCGTCAGAGTCGGAGGAACCTACAAATACATCTTT	NNNNNNNNNNNNNNNNNNNNNNNNNNNNNNNNNNNNNNN	TRAV26-1*00(649.5)		TRAJ40*00(509.6)		763|779|799|0|16||160.0		28|50|81|17|39||220.0		TGCATCGTCAGAGTCGGAGGAACCTACAAATACATCTTT	45	CIVRVGGTYKYIF	:::::::::0:0:16:::::17:-8:39:::
1620	347.0	1.364217862840671E-4	1	1.1548677676406051E-4	TGTGTTGTGAGTGAACCCCGCAACACAGGCAAACTAATCTTT	NNNNNNNNNNNNNNNNNNNNNNNNNNNNNNNNNNNNNNNNNN	TRAV8-2*00(689.3)		TRAJ37*00(539)		466|480|500|0|14||140.0		28|51|82|19|42||230.0		TGTGTTGTGAGTGAACCCCGCAACACAGGCAAACTAATCTTT	45	CVVSEPRNTGKLIF	:::::::::0:0:14:::::19:-8:42:::
1825	347.0	1.364217862840671E-4	1	1.1548677676406051E-4	TGTGTGGTGAGGTCCCGGAGCAACACAGGCAAACTAATCTTT	NNNNNNNNNNNNNNNNNNNNNNNNNNNNNNNNNNNNNNNNNN	TRAV12-1*00(959.7)		TRAJ37*00(499.6)		539|549|572|0|10||100.0		28|51|82|19|42||230.0		TGTGTGGTGAGGTCCCGGAGCAACACAGGCAAACTAATCTTT	45	CVVRSRSNTGKLIF	:::::::::0:-3:10:::::19:-8:42:::
2278	347.0	1.364217862840671E-4	1	1.1548677676406051E-4	TGTGCTCTTTTATCTTATAACACCGACAAGCTCATCTTT	NNNNNNNNNNNNNNNNNNNNNNNNNNNNNNNNNNNNNNN	TRAV16*00(767.3)		TRAJ34*00(561.8)		449|457|483|0|8||80.0		19|47|78|11|39||280.0		TGTGCTCTTTTATCTTATAACACCGACAAGCTCATCTTT	45	CALLSYNTDKLIF	:::::::::0:-6:8:::::11:1:39:::
2554	347.0	1.364217862840671E-4	1	1.1548677676406051E-4	TGTGCTCTGACCCTAAACACCGGTAACCAGTTCTATTTT	NNNNNNNNNNNNNNNNNNNNNNNNNNNNNNNNNNNNNNN	TRAV9-2*00(709.7)		TRAJ49*00(538.9)		480|490|514|0|10||100.0		21|45|76|15|39||240.0		TGTGCTCTGACCCTAAACACCGGTAACCAGTTCTATTTT	45	CALTLNTGNQFYF	:::::::::0:-4:10:::::15:-1:39:::
3077	347.0	1.364217862840671E-4	1	1.1548677676406051E-4	TGTGCTCCCATGAATTATGGAGGAAGCCAAGGAAATCTCATCTTT	NNNNNNNNNNNNNNNNNNNNNNNNNNNNNNNNNNNNNNNNNNNNN	TRAV6*00(439.9)		TRAJ42*00(669.8)		535|542|568|0|7||70.0		18|55|86|8|45||370.0		TGTGCTCCCATGAATTATGGAGGAAGCCAAGGAAATCTCATCTTT	45	CAPMNYGGSQGNLIF	:::::::::0:-6:7:::::8:2:45:::
3087	347.0	1.364217862840671E-4	1	1.1548677676406051E-4	TGTGCTCCGTCGAATTTGAACACAGGCTTTCAGAAACTTGTATTT	NNNNNNNNNNNNNNNNNNNNNNNNNNNNNNNNNNNNNNNNNNNNN	TRAV9-2*00(679.5)		TRAJ8*00(579.4)		480|487|514|0|7||70.0		20|49|80|16|45||290.0		TGTGCTCCGTCGAATTTGAACACAGGCTTTCAGAAACTTGTATTT	45	CAPSNLNTGFQKLVF	:::::::::0:-7:7:::::16:0:45:::
3910	347.0	1.364217862840671E-4	1	1.1548677676406051E-4	TGTGCTGTGAGTGGTAAGTACTAGCTATGGAAAGCTGACATTT	NNNNNNNNNNNNNNNNNNNNNNNNNNNNNNNNNNNNNNNNNNN	TRAV8-6*00(699.6)		TRAJ52*00(559.3)		448|461|482|0|13||130.0		32|58|89|17|43||260.0		TGTGCTGTGAGTGGTAAGTACTAGCTATGGAAAGCTGACATTT	45	CAVSGKY_SYGKLTF	:::::::::0:-1:13:::::17:-12:43:::
3957	347.0	1.364217862840671E-4	1	1.1548677676406051E-4	TGTGCTGTGAGTGATCGGGGCTCAGGAACCTACAAATACATCTTT	NNNNNNNNNNNNNNNNNNNNNNNNNNNNNNNNNNNNNNNNNNNNN	TRAV8-6*00(729.9)		TRAJ40*00(539.3)		448|464|482|0|16||160.0		25|50|81|20|45||250.0		TGTGCTGTGAGTGATCGGGGCTCAGGAACCTACAAATACATCTTT	45	CAVSDRGSGTYKYIF	:::::::::0:2:16:::::20:-5:45:::
6159	347.0	1.364217862840671E-4	1	1.1548677676406051E-4	TGTGCCGTCAAACCTAACGACTACAAGCTCAGCTTT	NNNNNNNNNNNNNNNNNNNNNNNNNNNNNNNNNNNN	TRAV12-2*00(479.5)		TRAJ20*00(538.8)		551|562|584|0|11|SG559C|81.0		23|46|77|13|36||230.0		TGTGCCGTCAAACCTAACGACTACAAGCTCAGCTTT	45	CAVKPNDYKLSF	:::::::::0:-2:11:::::13:-3:36:::
6346	347.0	1.364217862840671E-4	1	1.1548677676406051E-4	TGTGCCGTGAATGCCTAAAAGAACCAGGGAGGAAAGCTTATCTTC	NNNNNNNNNNNNNNNNNNNNNNNNNNNNNNNNNNNNNNNNNNNNN	TRAV8-1*00(609.3)		TRAJ23*00(549.7)		474|488|508|0|14||140.0		28|52|83|21|45||240.0		TGTGCCGTGAATGCCTAAAAGAACCAGGGAGGAAAGCTTATCTTC	45	CAVNA*KNQGGKLIF	:::::::::0:0:14:::::21:-8:45:::
6359	347.0	1.364217862840671E-4	1	1.1548677676406051E-4	TGTGCCGTGAATGGGAGGGGCACAGGCTTTCAGAAACTTGTATTT	NNNNNNNNNNNNNNNNNNNNNNNNNNNNNNNNNNNNNNNNNNNNN	TRAV8-1*00(597.9)		TRAJ8*00(539.6)		474|487|508|0|13||130.0		24|49|80|20|45||250.0		TGTGCCGTGAATGGGAGGGGCACAGGCTTTCAGAAACTTGTATTT	45	CAVNGRGTGFQKLVF	:::::::::0:-1:13:::::20:-4:45:::
6411	347.0	1.364217862840671E-4	1	1.1548677676406051E-4	TGTGCCGTGAACATAAGGGAGAGAGGGGGAACAACAGACTCGCTTTT	NNNNNNNNNNNNNNNNNNNNNNNNNNNNNNNNNNNNNNNNNNNNNNN	TRAV12-2*00(726.7)		TRAJ7*00(480.6)		551|565|584|0|14||140.0		27|48|79|26|47||210.0		TGTGCCGTGAACATAAGGGAGAGAGGGGGAACAACAGACTCGCTTTT	45	CAVNIRER_GNNRLAF	:::::::::0:1:14:::::26:-7:47:::
17936	347.0	1.364217862840671E-4	1	1.1548677676406051E-4	TGTGCAGCAAGCGGGGACAACTTCAACAAATTTTACTTT	NNNNNNNNNNNNNNNNNNNNNNNNNNNNNNNNNNNNNNN	TRAV29/DV5*00(539.6)		TRAJ21*00(539.6)		529|542|562|0|13||130.0		21|44|75|16|39||230.0		TGTGCAGCAAGCGGGGACAACTTCAACAAATTTTACTTT	45	CAASGDNFNKFYF	:::::::::0:0:13:::::16:-1:39:::
599	346.0	1.3602863992589977E-4	2	2.3097355352812103E-4	TGTGTGGTGCCTGGCTCTAGCAACACAGGCAAACTAATCTTT	[[[[[[[[[[[[[[[[[[[[[[[[[[[[[[[[[[[[[[[[[[	TRAV12-1*00(949.3)		TRAJ37*00(550.4)		539|548|572|0|9||90.0		20|51|82|11|42|SG27A|281.0		TGTGTGGTGCCTGGCTCTAGCAACACAGGCAAACTAATCTTT	58	CVVPGSSNTGKLIF	:::::::::0:-4:9:::::11:0:42:::
1524	346.0	1.3602863992589977E-4	1	1.1548677676406051E-4	TGTCTTCTGGCGTCCAGAAATCTTATAACACCGACAAGCTCATCTTT	NNNNNNNNNNNNNNNNNNNNNNNNNNNNNNNNNNNNNNNNNNNNNNN	TRAV40*00(879.5)		TRAJ34*00(559.8)		436|446|470|0|10||100.0		19|47|78|19|47||280.0		TGTCTTCTGGCGTCCAGAAATCTTATAACACCGACAAGCTCATCTTT	45	CLLASRNL_NTDKLIF	:::::::::0:-4:10:::::19:1:47:::
1801	346.0	1.3602863992589977E-4	1	1.1548677676406051E-4	TGTGTGGTGAGCGCGACTGCTCTTCATGGCTTAACTATGGTCAGAATTTTGTCTTT	NNNNNNNNNNNNNNNNNNNNNNNNNNNNNNNNNNNNNNNNNNNNNNNNNNNNNNNN	TRAV10*00(699.2)		TRAJ26*00(539.7)		575|590|608|0|15||150.0		24|49|80|31|56||250.0		TGTGTGGTGAGCGCGACTGCTCTTCATGGCTTAACTATGGTCAGAATTTTGTCTTT	45	CVVSATALH_LNYGQNFVF	:::::::::0:2:15:::::31:-4:56:::
1931	346.0	1.3602863992589977E-4	1	1.1548677676406051E-4	TGTGTGGTGAACAGGCATGGTCAGAATTTTGTCTTT	NNNNNNNNNNNNNNNNNNNNNNNNNNNNNNNNNNNN	TRAV12-1*00(989.8)		TRAJ26*00(509.8)		539|552|572|0|13||130.0		29|49|80|16|36||200.0		TGTGTGGTGAACAGGCATGGTCAGAATTTTGTCTTT	45	CVVNRHGQNFVF	:::::::::0:0:13:::::16:-9:36:::
2048	346.0	1.3602863992589977E-4	1	1.1548677676406051E-4	TGTGCTTTCATGAACCCCACTGGAGCCAATAGTAAGCTGACATTT	NNNNNNNNNNNNNNNNNNNNNNNNNNNNNNNNNNNNNNNNNNNNN	TRAV38-1*00(599.9)		TRAJ56*00(575.7)		596|610|633|0|14||140.0		24|51|82|18|45||270.0		TGTGCTTTCATGAACCCCACTGGAGCCAATAGTAAGCTGACATTT	45	CAFMNPTGANSKLTF	:::::::::0:-3:14:::::18:-4:45:::
2531	346.0	1.3602863992589977E-4	1	1.1548677676406051E-4	TGTGCTCTGATTAATATACTGGAGCCAATAGTAAGCTGACATTT	NNNNNNNNNNNNNNNNNNNNNNNNNNNNNNNNNNNNNNNNNNNN	TRAV9-2*00(709.6)		TRAJ56*00(609.5)		480|490|514|0|10||100.0		21|51|82|14|44||300.0		TGTGCTCTGATTAATATACTGGAGCCAATAGTAAGCTGACATTT	45	CALINIL_ANSKLTF	:::::::::0:-4:10:::::14:-1:44:::
2560	346.0	1.3602863992589977E-4	1	1.1548677676406051E-4	TGTGCTCTGACCCGGGCCCCGAATAACAATGCCAGACTCATGTTT	NNNNNNNNNNNNNNNNNNNNNNNNNNNNNNNNNNNNNNNNNNNNN	TRAV19*00(709.6)		TRAJ31*00(550.8)		556|566|593|0|10||100.0		18|46|77|17|45|SG20C|251.0		TGTGCTCTGACCCGGGCCCCGAATAACAATGCCAGACTCATGTTT	45	CALTRAPNNNARLMF	:::::::::0:-7:10:::::17:2:45:::
2636	346.0	1.3602863992589977E-4	1	1.1548677676406051E-4	TGTGCTCTGAGTGGGAATTATGGAGGAAGCCAAGGAAATCTCATCTTT	NNNNNNNNNNNNNNNNNNNNNNNNNNNNNNNNNNNNNNNNNNNNNNNN	TRAV9-2*00(740.7)		TRAJ42*00(641)		480|493|514|0|13||130.0		21|55|86|14|48||340.0		TGTGCTCTGAGTGGGAATTATGGAGGAAGCCAAGGAAATCTCATCTTT	45	CALSGNYGGSQGNLIF	:::::::::0:-1:13:::::14:-1:48:::
2876	346.0	1.3602863992589977E-4	1	1.1548677676406051E-4	TGTGCTCTGAACTTTAGACCCGGTACTAGCTATGGAAAGCTGACATTT	NNNNNNNNNNNNNNNNNNNNNNNNNNNNNNNNNNNNNNNNNNNNNNNN	TRAV9-2*00(709.8)		TRAJ52*00(569.7)		480|490|514|0|10||100.0		31|58|89|21|48||270.0		TGTGCTCTGAACTTTAGACCCGGTACTAGCTATGGAAAGCTGACATTT	45	CALNFRPGTSYGKLTF	:::::::::0:-4:10:::::21:-11:48:::
3010	346.0	1.3602863992589977E-4	1	1.1548677676406051E-4	TGTGCTCTAAGATACTCTGGGGCTGGGAGTTACCAACTCACTTTC	NNNNNNNNNNNNNNNNNNNNNNNNNNNNNNNNNNNNNNNNNNNNN	TRAV19*00(690.3)		TRAJ28*00(629.5)		556|567|593|0|11|SG564A|81.0		21|55|86|11|45||340.0		TGTGCTCTAAGATACTCTGGGGCTGGGAGTTACCAACTCACTTTC	45	CALRYSGAGSYQLTF	:::::::::0:-6:11:::::11:-1:45:::
3128	346.0	1.3602863992589977E-4	1	1.1548677676406051E-4	TGTGCTCATTTCCGGGTATGCACTCAACTTC	NNNNNNNNNNNNNNNNNNNNNNNNNNNNNNN	TRAV21*00(929.3)		TRAJ41*00(479.6)		544|550|576|0|6||60.0		29|51|82|9|31||220.0		TGTGCTCATTTCCGGGTATGCACTCAACTTC	45	CAHFR_YALNF	:::::::::0:-6:6:::::9:-9:31:::
3680	346.0	1.3602863992589977E-4	1	1.1548677676406051E-4	TGTGCTGTGGAGTTCTCACGGGGTGACATGCGCTTT	NNNNNNNNNNNNNNNNNNNNNNNNNNNNNNNNNNNN	TRAV22*00(549.3)		TRAJ43*00(409.2)		526|538|559|0|12||120.0		30|43|74|23|36||130.0		TGTGCTGTGGAGTTCTCACGGGGTGACATGCGCTTT	45	CAVEFSRGDMRF	:::::::::0:-1:12:::::23:-10:36:::
3831	346.0	1.3602863992589977E-4	1	1.1548677676406051E-4	TGTGCTGTGACCAATAATGCAGGCAACATGCTCACCTTT	NNNNNNNNNNNNNNNNNNNNNNNNNNNNNNNNNNNNNNN	TRAV8-4*00(632.6)		TRAJ39*00(579.5)		476|486|510|0|10||100.0		25|52|83|12|39||270.0		TGTGCTGTGACCAATAATGCAGGCAACATGCTCACCTTT	45	CAVTNNAGNMLTF	:::::::::0:-4:10:::::12:-5:39:::
4140	346.0	1.3602863992589977E-4	1	1.1548677676406051E-4	TGTGCTGTGAGGCCGACCCCTCTTGACATGCGCTTT	NNNNNNNNNNNNNNNNNNNNNNNNNNNNNNNNNNNN	TRAV21*00(814)		TRAJ43*00(357.7)		544|558|576|0|14||140.0		30|43|74|23|36||130.0		TGTGCTGTGAGGCCGACCCCTCTTGACATGCGCTTT	45	CAVRPTPLDMRF	:::::::::0:2:14:::::23:-10:36:::
4971	346.0	1.3602863992589977E-4	1	1.1548677676406051E-4	TGTGCTAACGGGGCCAGCAACTATCAGTTAATCTGG	NNNNNNNNNNNNNNNNNNNNNNNNNNNNNNNNNNNN	TRAV38-2/DV8*00(519.8)		TRAJ33*00(499.9)		602|608|638|0|6||60.0		25|46|77|15|36||210.0		TGTGCTAACGGGGCCAGCAACTATCAGTTAATCTGG	45	CANGASNYQLIW	:::::::::0:-10:6:::::15:-5:36:::
6105	346.0	1.3602863992589977E-4	1	1.1548677676406051E-4	TGTGCCCAGGGGGGCAGGAACCAGGGAGGAAAGCTTATCTTC	NNNNNNNNNNNNNNNNNNNNNNNNNNNNNNNNNNNNNNNNNN	TRAV16*00(685.5)		TRAJ23*00(491.1)		449|454|483|0|5||50.0		28|52|83|18|42||240.0		TGTGCCCAGGGGGGCAGGAACCAGGGAGGAAAGCTTATCTTC	45	CAQGGRNQGGKLIF	:::::::::0:-9:5:::::18:-8:42:::
6399	346.0	1.3602863992589977E-4	1	1.1548677676406051E-4	TGTGCCGTGAACGGGTCCGGAGCAGCAGTGCTTCCAAGATAATCTTT	NNNNNNNNNNNNNNNNNNNNNNNNNNNNNNNNNNNNNNNNNNNNNNN	TRAV12-1*00(461.7),TRAV12-2*00(461.7)		TRAJ3*00(549.7)		539|551|572|0|12|ST543CSG544C|62.0;551|563|584|0|12||120.0		26|51|82|22|47||250.0		TGTGCCGTGAACGGGTCCGGAGCAGCAGTGCTTCCAAGATAATCTTT	45	CAVNGSGA_SASKIIF	:::::::::0:-1:12:::::22:-6:47:::
17429	346.0	1.3602863992589977E-4	1	1.1548677676406051E-4	TGTGCAGTGGGGGGGGCTTATAACACCGACAAGCTCATCTTT	NNNNNNNNNNNNNNNNNNNNNNNNNNNNNNNNNNNNNNNNNN	TRAV12-3*00(920.2)		TRAJ34*00(519.7)		562|571|595|0|9|SA568G|61.0		21|47|78|16|42||260.0		TGTGCAGTGGGGGGGGCTTATAACACCGACAAGCTCATCTTT	45	CAVGGAYNTDKLIF	:::::::::0:-4:9:::::16:-1:42:::
17670	346.0	1.3602863992589977E-4	1	1.1548677676406051E-4	TGTGCAGCAAGTCGGTGAAGTGGAGGTAGCAACTATAAACTGACATTT	NNNNNNNNNNNNNNNNNNNNNNNNNNNNNNNNNNNNNNNNNNNNNNNN	TRAV13-1*00(599.7)		TRAJ53*00(609.5)		511|523|544|0|12||120.0		25|55|86|18|48||300.0		TGTGCAGCAAGTCGGTGAAGTGGAGGTAGCAACTATAAACTGACATTT	45	CAASR*SGGSNYKLTF	:::::::::0:-1:12:::::18:-5:48:::
18185	346.0	1.3602863992589977E-4	1	1.1548677676406051E-4	TGTGCAGGGCAAAGGGGGGGCTGGGAGTTACCAACTCACTTTC	NNNNNNNNNNNNNNNNNNNNNNNNNNNNNNNNNNNNNNNNNNN	TRAV25*00(559.6)		TRAJ28*00(559.6)		620|630|649|0|10||100.0		28|55|86|16|43||270.0		TGTGCAGGGCAAAGGGGGGGCTGGGAGTTACCAACTCACTTTC	45	CAGQRGG_GSYQLTF	:::::::::0:1:10:::::16:-8:43:::
18327	346.0	1.3602863992589977E-4	1	1.1548677676406051E-4	TGTGCAGATACCTATGGTCAGAATTTTGTCTTT	NNNNNNNNNNNNNNNNNNNNNNNNNNNNNNNNN	TRAV13-2*00(529.9)		TRAJ26*00(530.4)		506|513|539|0|7||80.0		23|49|80|7|33|SA26C|241.0		TGTGCAGATACCTATGGTCAGAATTTTGTCTTT	45	CADTYGQNFVF	:::::::::0:-6:7:::::7:-3:33:::
20355	346.0	1.3602863992589977E-4	1	1.1548677676406051E-4	TGCATCGTCAGGGGGGACGTTTGGGGTGGATAGCAGCTATAAATTGATCTTC	NNNNNNNNNNNNNNNNNNNNNNNNNNNNNNNNNNNNNNNNNNNNNNNNNNNN	TRAV26-1*00(599.2)		TRAJ12*00(530.3)		763|774|799|0|11||110.0		20|49|80|23|52|SA22G|261.0		TGCATCGTCAGGGGGGACGTTTGGGGTGGATAGCAGCTATAAATTGATCTTC	45	CIVRGDVWG_DSSYKLIF	:::::::::0:-5:11:::::23:0:52:::
20406	346.0	1.3602863992589977E-4	1	1.1548677676406051E-4	TGCATCGTCAGAGTCGCACTAGATCAAAGCTGCAGGCAACAAGCTAACTTTT	NNNNNNNNNNNNNNNNNNNNNNNNNNNNNNNNNNNNNNNNNNNNNNNNNNNN	TRAV26-1*00(659.6)		TRAJ17*00(609.1)		763|780|799|0|17||170.0		21|52|83|21|52||310.0		TGCATCGTCAGAGTCGCACTAGATCAAAGCTGCAGGCAACAAGCTAACTTTT	45	CIVRVALDQ_AAGNKLTF	:::::::::0:1:17:::::21:-1:52:::
1614	345.0	1.3563549356773245E-4	1	1.1548677676406051E-4	TGTGTTGTGAGTGATAGGCTCAGGAACCTACAAATACATCTTT	NNNNNNNNNNNNNNNNNNNNNNNNNNNNNNNNNNNNNNNNNNN	TRAV8-2*00(699.4)		TRAJ40*00(539.6)		466|481|500|0|15||150.0		25|50|81|18|43||250.0		TGTGTTGTGAGTGATAGGCTCAGGAACCTACAAATACATCTTT	45	CVVSDRL_GTYKYIF	:::::::::0:1:15:::::18:-5:43:::
1629	345.0	1.3563549356773245E-4	1	1.1548677676406051E-4	TGTGTTACGGCAGGAGAGCACTTACTTTT	NNNNNNNNNNNNNNNNNNNNNNNNNNNNN	TRAV9-2*00(649.7)		TRAJ5*00(509.7)		480|484|514|0|4||40.0		28|49|80|8|29||210.0		TGTGTTACGGCAGGAGAGCACTTACTTTT	45	CVTAG_ALTF	:::::::::0:-10:4:::::8:-8:29:::
1639	345.0	1.3563549356773245E-4	1	1.1548677676406051E-4	TGTGTCCGAAGGTAGAACACCGACAAGCTCATCTTT	NNNNNNNNNNNNNNNNNNNNNNNNNNNNNNNNNNNN	TRAV1-2*00(599.8)		TRAJ34*00(511)		620|624|654|0|4||40.0		23|47|78|12|36|ST25G|211.0		TGTGTCCGAAGGTAGAACACCGACAAGCTCATCTTT	45	CVRR*NTDKLIF	:::::::::0:-10:4:::::12:-3:36:::
2117	345.0	1.3563549356773245E-4	1	1.1548677676406051E-4	TGTGCTTCTCAGGGGAATAACAATGCCAGACTCATGTTT	NNNNNNNNNNNNNNNNNNNNNNNNNNNNNNNNNNNNNNN	TRAV38-2/DV8*00(529.5)		TRAJ31*00(559.8)		602|609|638|0|7||70.0		20|46|77|13|39||260.0		TGTGCTTCTCAGGGGAATAACAATGCCAGACTCATGTTT	45	CASQGNNNARLMF	:::::::::0:-9:7:::::13:0:39:::
2396	345.0	1.3563549356773245E-4	1	1.1548677676406051E-4	TGTGCTCTTGGGGAACCGGAGGAGGTGCTGACGGACTCACCTTT	NNNNNNNNNNNNNNNNNNNNNNNNNNNNNNNNNNNNNNNNNNNN	TRDV1*00(828.4)		TRAJ45*00(563)		573|589|610|0|16||160.0		28|55|86|17|44||270.0		TGTGCTCTTGGGGAACCGGAGGAGGTGCTGACGGACTCACCTTT	45	CALGEPE_GADGLTF	:::::::::0:-1:16:::::17:-8:44:::
2543	345.0	1.3563549356773245E-4	1	1.1548677676406051E-4	TGTGCTCTGATACAATAATTCAGGGAGCCCAGAAGCTGGTATTT	NNNNNNNNNNNNNNNNNNNNNNNNNNNNNNNNNNNNNNNNNNNN	TRAV9-2*00(709.7)		TRAJ54*00(589.4)		480|490|514|0|10||100.0		19|49|80|14|44||300.0		TGTGCTCTGATACAATAATTCAGGGAGCCCAGAAGCTGGTATTT	45	CALIQ*F_GAQKLVF	:::::::::0:-4:10:::::14:1:44:::
3629	345.0	1.3563549356773245E-4	1	1.1548677676406051E-4	TGTGCTGTGGGGCCGAACTATGGTCAGAATTTTGTCTTT	NNNNNNNNNNNNNNNNNNNNNNNNNNNNNNNNNNNNNNN	TRAV8-3*00(600.6)		TRAJ26*00(529.6)		455|466|489|0|11||110.0		25|49|80|15|39||240.0		TGTGCTGTGGGGCCGAACTATGGTCAGAATTTTGTCTTT	45	CAVGPNYGQNFVF	:::::::::0:-3:11:::::15:-5:39:::
3799	345.0	1.3563549356773245E-4	1	1.1548677676406051E-4	TGTGCTGTGATAGGCTTTGGGAATGTGCTGCATTGC	NNNNNNNNNNNNNNNNNNNNNNNNNNNNNNNNNNNN	TRAV21*00(768.3)		TRAJ35*00(583.5)		544|553|576|0|9||100.0		21|48|79|9|36||280.0		TGTGCTGTGATAGGCTTTGGGAATGTGCTGCATTGC	45	CAVIGFGNVLHC	:::::::::0:-3:9:::::9:-1:36:::
4402	345.0	1.3563549356773245E-4	1	1.1548677676406051E-4	TGTGCTGCCTTCATGCGCTTT	NNNNNNNNNNNNNNNNNNNNN	TRAV22*00(499.6)		TRAJ43*00(398.8)		526|533|559|0|7||70.0		33|43|74|11|21||100.0		TGTGCTGCCTTCATGCGCTTT	45	CAAFMRF	:::::::::0:-6:7:::::11:-13:21:::
4469	345.0	1.3563549356773245E-4	1	1.1548677676406051E-4	TGTGCTGCGGAGTCAAATTCCGGGTATGCACTCAACTTC	NNNNNNNNNNNNNNNNNNNNNNNNNNNNNNNNNNNNNNN	TRAV36/DV7*00(530.5)		TRAJ41*00(529.9)		500|512|533|0|12|ST507C|91.0		24|51|82|12|39||270.0		TGTGCTGCGGAGTCAAATTCCGGGTATGCACTCAACTTC	45	CAAESNSGYALNF	:::::::::0:-1:12:::::12:-4:39:::
4534	345.0	1.3563549356773245E-4	1	1.1548677676406051E-4	TGTGCTGGGTCGAACACCGGTAACCAGTTCTATTTT	NNNNNNNNNNNNNNNNNNNNNNNNNNNNNNNNNNNN	TRAV35*00(479.7)		TRAJ49*00(569.4)		588|597|620|0|9||90.0		18|45|76|9|36||270.0		TGTGCTGGGTCGAACACCGGTAACCAGTTCTATTTT	45	CAGSNTGNQFYF	:::::::::0:-3:9:::::9:2:36:::
4824	345.0	1.3563549356773245E-4	1	1.1548677676406051E-4	TGTGCTACGGGACTGAATAATGCAGGCAACATGCTCACCTTT	NNNNNNNNNNNNNNNNNNNNNNNNNNNNNNNNNNNNNNNNNN	TRAV17*00(899.3)		TRAJ39*00(579.7)		490|500|523|0|10||100.0		25|52|83|15|42||270.0		TGTGCTACGGGACTGAATAATGCAGGCAACATGCTCACCTTT	45	CATGLNNAGNMLTF	:::::::::0:-3:10:::::15:-5:42:::
18005	345.0	1.3563549356773245E-4	1	1.1548677676406051E-4	TGTGCAGCAAGCAGCCGCTGGTGGTACTAGCTATGGAAAGCTGACATTT	NNNNNNNNNNNNNNNNNNNNNNNNNNNNNNNNNNNNNNNNNNNNNNNNN	TRAV23/DV6*00(499.6)		TRAJ52*00(629.3)		517|530|550|0|13||130.0		25|58|89|16|49||330.0		TGTGCAGCAAGCAGCCGCTGGTGGTACTAGCTATGGAAAGCTGACATTT	45	CAASSRWW_TSYGKLTF	:::::::::0:0:13:::::16:-5:49:::
18325	345.0	1.3563549356773245E-4	1	1.1548677676406051E-4	TGTGCAGATCACCCCGGTCTGGGGCTGGGAGTTACCAACTCACTTTC	NNNNNNNNNNNNNNNNNNNNNNNNNNNNNNNNNNNNNNNNNNNNNNN	TRAV5*00(439.6)		TRAJ28*00(589.7)		523|531|556|0|8||80.0		25|55|86|17|47||300.0		TGTGCAGATCACCCCGGTCTGGGGCTGGGAGTTACCAACTCACTTTC	45	CADHPGLG_GSYQLTF	:::::::::0:-5:8:::::17:-5:47:::
18381	345.0	1.3563549356773245E-4	1	1.1548677676406051E-4	TGTGCAGAGATTTCCAACCAGGCAGGAACTGCTCTGATCTTT	NNNNNNNNNNNNNNNNNNNNNNNNNNNNNNNNNNNNNNNNNN	TRAV5*00(459.8)		TRAJ15*00(598.9)		523|533|556|0|10||100.0		20|49|80|13|42||290.0		TGTGCAGAGATTTCCAACCAGGCAGGAACTGCTCTGATCTTT	45	CAEISNQAGTALIF	:::::::::0:-3:10:::::13:0:42:::
1623	344.0	1.352423472095651E-4	1	1.1548677676406051E-4	TGTGTTGTGAGTAAGAGGGAGCCCAGAAGCTGGTATTT	NNNNNNNNNNNNNNNNNNNNNNNNNNNNNNNNNNNNNN	TRAV8-2*00(654.5)		TRAJ54*00(518.8)		466|478|500|0|12||120.0		26|49|80|15|38||230.0		TGTGTTGTGAGTAAGAGGGAGCCCAGAAGCTGGTATTT	45	CVVSKR_AQKLVF	:::::::::0:-2:12:::::15:-6:38:::
2191	344.0	1.352423472095651E-4	1	1.1548677676406051E-4	TGTGCTTATAGGCGCCCTCAGGGCGGATCTGAAAAGCTGGTCTTT	NNNNNNNNNNNNNNNNNNNNNNNNNNNNNNNNNNNNNNNNNNNNN	TRAV38-2/DV8*00(580.8)		TRAJ57*00(589.8)		602|617|638|0|15|SA614C|121.0		23|52|83|16|45||290.0		TGTGCTTATAGGCGCCCTCAGGGCGGATCTGAAAAGCTGGTCTTT	45	CAYRRPQGGSEKLVF	:::::::::0:-1:15:::::16:-3:45:::
3072	344.0	1.352423472095651E-4	1	1.1548677676406051E-4	TGTGCTCCCGCCTCGATCGATGGAAACAAGCTGGTCTTT	NNNNNNNNNNNNNNNNNNNNNNNNNNNNNNNNNNNNNNN	TRAV16*00(938)		TRAJ47*00(440.8)		449|456|483|0|7||70.0		26|46|77|19|39|SA36G|171.0		TGTGCTCCCGCCTCGATCGATGGAAACAAGCTGGTCTTT	45	CAPASIDGNKLVF	:::::::::0:-7:7:::::19:-6:39:::
3542	344.0	1.352423472095651E-4	1	1.1548677676406051E-4	TGTGCTGTGGGTTCATCTAACTTTGGAAATGAGAAATTAACCTTT	NNNNNNNNNNNNNNNNNNNNNNNNNNNNNNNNNNNNNNNNNNNNN	TRAV8-3*00(639.8)		TRAJ48*00(619.2)		455|467|489|0|12||120.0		21|52|83|14|45||310.0		TGTGCTGTGGGTTCATCTAACTTTGGAAATGAGAAATTAACCTTT	45	CAVGSSNFGNEKLTF	:::::::::0:-2:12:::::14:-1:45:::
3757	344.0	1.352423472095651E-4	1	1.1548677676406051E-4	TGTGCTGTGGAGAGGACACGGGCAGGAGAGCACTTACTTTT	NNNNNNNNNNNNNNNNNNNNNNNNNNNNNNNNNNNNNNNNN	TRAV21*00(756.4)		TRAJ5*00(555.2)		544|553|576|0|9||90.0		21|49|80|13|41||280.0		TGTGCTGTGGAGAGGACACGGGCAGGAGAGCACTTACTTTT	45	CAVERTR_RRALTF	:::::::::0:-3:9:::::13:-1:41:::
3795	344.0	1.352423472095651E-4	1	1.1548677676406051E-4	TGTGCTGTGATCACCTACAATAACAATGACATGCGCTTT	NNNNNNNNNNNNNNNNNNNNNNNNNNNNNNNNNNNNNNN	TRAV8-4*00(615.2)		TRAJ43*00(539.8)		476|486|510|0|10||100.0		19|43|74|15|39||240.0		TGTGCTGTGATCACCTACAATAACAATGACATGCGCTTT	45	CAVITYNNNDMRF	:::::::::0:-4:10:::::15:1:39:::
4053	344.0	1.352423472095651E-4	1	1.1548677676406051E-4	TGTGCTGTGAGTGAAATTAATGCAGGCAACATGCTCACCTTT	NNNNNNNNNNNNNNNNNNNNNNNNNNNNNNNNNNNNNNNNNN	TRAV8-4*00(688.9)		TRAJ39*00(559.6)		476|490|510|0|14||140.0		27|52|83|17|42||250.0		TGTGCTGTGAGTGAAATTAATGCAGGCAACATGCTCACCTTT	45	CAVSEINAGNMLTF	:::::::::0:0:14:::::17:-7:42:::
4840	344.0	1.352423472095651E-4	1	1.1548677676406051E-4	TGTGCTACGGACCCTATAACAATGACATGCGCTTT	NNNNNNNNNNNNNNNNNNNNNNNNNNNNNNNNNNN	TRAV17*00(919.5)		TRAJ43*00(499.7)		490|502|523|0|12||120.0		23|43|74|15|35||200.0		TGTGCTACGGACCCTATAACAATGACATGCGCTTT	45	CATDPI_NDMRF	:::::::::0:-1:12:::::15:-3:35:::
4891	344.0	1.352423472095651E-4	1	1.1548677676406051E-4	TGTGCTACGGACGAGAAGAGAATGCAGGCAACATGCTCACCTTT	NNNNNNNNNNNNNNNNNNNNNNNNNNNNNNNNNNNNNNNNNNNN	TRAV17*00(929.1)		TRAJ39*00(529.8)		490|503|523|0|13||130.0		28|52|83|20|44||240.0		TGTGCTACGGACGAGAAGAGAATGCAGGCAACATGCTCACCTTT	45	CATDEKR_AGNMLTF	:::::::::0:0:13:::::20:-8:44:::
5005	344.0	1.352423472095651E-4	1	1.1548677676406051E-4	TGTGCCTTTGACCCCAATGCAGGCAAATCAACCTTT	NNNNNNNNNNNNNNNNNNNNNNNNNNNNNNNNNNNN	TRAV24*00(708)		TRAJ27*00(509.6)		515|524|545|0|9||90.0		22|48|79|10|36|SA24C|231.0		TGTGCCTTTGACCCCAATGCAGGCAAATCAACCTTT	45	CAFDPNAGKSTF	:::::::::0:-1:9:::::10:-2:36:::
17527	344.0	1.352423472095651E-4	1	1.1548677676406051E-4	TGTGCAGCGAATAGTGGAGGTAGCAACTATAAACTGACATTT	NNNNNNNNNNNNNNNNNNNNNNNNNNNNNNNNNNNNNNNNNN	TRAV23/DV6*00(449.4)		TRAJ53*00(649.7)		517|525|550|0|8||80.0		21|55|86|8|42||340.0		TGTGCAGCGAATAGTGGAGGTAGCAACTATAAACTGACATTT	45	CAANSGGSNYKLTF	:::::::::0:-5:8:::::8:-1:42:::
18351	344.0	1.352423472095651E-4	1	1.1548677676406051E-4	TGTGCAGAGCTCTAGCAACACAGGCAAACTAATCTTT	NNNNNNNNNNNNNNNNNNNNNNNNNNNNNNNNNNNNN	TRAV27*00(611.5)		TRAJ37*00(570.7)		552|559|582|0|7||70.0		22|51|82|8|37|SG27A|261.0		TGTGCAGAGCTCTAGCAACACAGGCAAACTAATCTTT	45	CAEL*Q_TGKLIF	:::::::::0:-3:7:::::8:-2:37:::
18641	344.0	1.352423472095651E-4	1	1.1548677676406051E-4	TGTGCAATGAGCGCGATGGATAGCAGCTATAAATTGATCTTC	NNNNNNNNNNNNNNNNNNNNNNNNNNNNNNNNNNNNNNNNNN	TRAV12-3*00(534.9)		TRAJ12*00(559.7)		562|577|595|0|15||150.0		22|49|80|15|42||280.0		TGTGCAATGAGCGCGATGGATAGCAGCTATAAATTGATCTTC	45	CAMSAMDSSYKLIF	:::::::::0:2:15:::::15:-2:42:::
18856	344.0	1.352423472095651E-4	1	1.1548677676406051E-4	TGTGCAAGTGGCCTGGGGGATAGCAACTATCAGTTAATCTGG	NNNNNNNNNNNNNNNNNNNNNNNNNNNNNNNNNNNNNNNNNN	TRAV12-3*00(928.6)		TRAJ33*00(499.8)		562|569|595|0|7||70.0		21|46|77|17|42||250.0		TGTGCAAGTGGCCTGGGGGATAGCAACTATCAGTTAATCTGG	45	CASGLGDSNYQLIW	:::::::::0:-6:7:::::17:-1:42:::
18965	344.0	1.352423472095651E-4	1	1.1548677676406051E-4	TGCCTCGTGGTCGATAATGCAGGCAACATGCTCACCTTT	NNNNNNNNNNNNNNNNNNNNNNNNNNNNNNNNNNNNNNN	TRAV4*00(853.2)		TRAJ39*00(539.8)		768|778|804|0|10||100.0		26|52|83|13|39||260.0		TGCCTCGTGGTCGATAATGCAGGCAACATGCTCACCTTT	45	CLVVDNAGNMLTF	:::::::::0:-6:10:::::13:-6:39:::
20493	344.0	1.352423472095651E-4	1	1.1548677676406051E-4	TGCATCGACCCCATTTCTTCTGGTTCTGCAAGGCAACTGACCTTT	NNNNNNNNNNNNNNNNNNNNNNNNNNNNNNNNNNNNNNNNNNNNN	TRAV26-1*00(563.3)		TRAJ22*00(568.8)		763|770|799|0|7||70.0		19|52|83|12|45||330.0		TGCATCGACCCCATTTCTTCTGGTTCTGCAAGGCAACTGACCTTT	45	CIDPISSGSARQLTF	:::::::::0:-9:7:::::12:1:45:::
2563	343.0	1.3484920085139775E-4	1	1.1548677676406051E-4	TGTGCTCTGACCGGGGGCACCGACAAGCTCATCTTT	NNNNNNNNNNNNNNNNNNNNNNNNNNNNNNNNNNNN	TRAV9-2*00(708.9)		TRAJ34*00(489.1)		480|490|514|0|10||100.0		28|47|78|17|36||190.0		TGTGCTCTGACCGGGGGCACCGACAAGCTCATCTTT	45	CALTGGTDKLIF	:::::::::0:-4:10:::::17:-8:36:::
2934	343.0	1.3484920085139775E-4	1	1.1548677676406051E-4	TGTGCTCTAGACCTGAATAGCAACTATCAGTTAATCTGG	NNNNNNNNNNNNNNNNNNNNNNNNNNNNNNNNNNNNNNN	TRAV6*00(490.6)		TRAJ33*00(520.7)		535|549|568|0|14|SA547C|121.0		21|46|77|14|39|SG22A|231.0		TGTGCTCTAGACCTGAATAGCAACTATCAGTTAATCTGG	45	CALDLNSNYQLIW	:::::::::0:1:14:::::14:-1:39:::
3418	343.0	1.3484920085139775E-4	1	1.1548677676406051E-4	TGTGCTGTGCGAGGAGGGAACACAGGCTTTCAGAAACTTGTATTT	NNNNNNNNNNNNNNNNNNNNNNNNNNNNNNNNNNNNNNNNNNNNN	TRAV20*00(509.5)		TRAJ8*00(569.6)		498|508|531|0|10||100.0		21|49|80|17|45||280.0		TGTGCTGTGCGAGGAGGGAACACAGGCTTTCAGAAACTTGTATTT	45	CAVRGGNTGFQKLVF	:::::::::0:-3:10:::::17:-1:45:::
3753	343.0	1.3484920085139775E-4	1	1.1548677676406051E-4	TGTGCTGTGGAGATCTCCGGCTCCTCAGGAACCTACAAATACATCTTT	NNNNNNNNNNNNNNNNNNNNNNNNNNNNNNNNNNNNNNNNNNNNNNNN	TRAV36/DV7*00(641.6)		TRAJ40*00(549.4)		500|518|533|0|18|SG512ASC513T|122.0		24|50|81|22|48||260.0		TGTGCTGTGGAGATCTCCGGCTCCTCAGGAACCTACAAATACATCTTT	45	CAVEISGSSGTYKYIF	:::::::::0:5:18:::::22:-4:48:::
3789	343.0	1.3484920085139775E-4	1	1.1548677676406051E-4	TGTGCTGTGATCCCCAATTCAGGATACAGCACCCTCACCTTT	NNNNNNNNNNNNNNNNNNNNNNNNNNNNNNNNNNNNNNNNNN	TRAV8-6*00(669.7)		TRAJ11*00(579.5)		448|458|482|0|10||100.0		22|49|80|15|42||270.0		TGTGCTGTGATCCCCAATTCAGGATACAGCACCCTCACCTTT	45	CAVIPNSGYSTLTF	:::::::::0:-4:10:::::15:-2:42:::
4110	343.0	1.3484920085139775E-4	1	1.1548677676406051E-4	TGTGCTGTGAGGTCTAACTTTGGAAATGAGAAATTAACCTTT	NNNNNNNNNNNNNNNNNNNNNNNNNNNNNNNNNNNNNNNNNN	TRAV8-3*00(580.4)		TRAJ48*00(609.5)		455|464|489|0|9||90.0		22|52|83|12|42||300.0		TGTGCTGTGAGGTCTAACTTTGGAAATGAGAAATTAACCTTT	45	CAVRSNFGNEKLTF	:::::::::0:-5:9:::::12:-2:42:::
4113	343.0	1.3484920085139775E-4	1	1.1548677676406051E-4	TGTGCTGTGAGGTCCCCGAGCTTTGGGAATGTGCTGCATTGC	NNNNNNNNNNNNNNNNNNNNNNNNNNNNNNNNNNNNNNNNNN	TRAV21*00(989.5)		TRAJ35*00(489.8)		544|556|576|0|12||120.0		25|48|79|19|42||230.0		TGTGCTGTGAGGTCCCCGAGCTTTGGGAATGTGCTGCATTGC	45	CAVRSPSFGNVLHC	:::::::::0:0:12:::::19:-5:42:::
4487	343.0	1.3484920085139775E-4	1	1.1548677676406051E-4	TGTGCTGCAGGTTCCAACTTTGGAAATGAGAAATTAACCTTT	NNNNNNNNNNNNNNNNNNNNNNNNNNNNNNNNNNNNNNNNNN	TRAV8-5*00(620.7)		TRAJ48*00(580.9)		1528|1540|1562|0|12||120.0		22|52|83|12|42|ST24C|271.0		TGTGCTGCAGGTTCCAACTTTGGAAATGAGAAATTAACCTTT	45	CAAGSNFGNEKLTF	:::::::::0:-2:12:::::12:-2:42:::
6289	343.0	1.3484920085139775E-4	1	1.1548677676406051E-4	TGTGCCGTGATACCAGATTATAACCAGGGAGGAAAGCTTATCTTC	NNNNNNNNNNNNNNNNNNNNNNNNNNNNNNNNNNNNNNNNNNNNN	TRAV8-1*00(569.8)		TRAJ23*00(589.8)		474|484|508|0|10||100.0		24|52|83|17|45||280.0		TGTGCCGTGATACCAGATTATAACCAGGGAGGAAAGCTTATCTTC	45	CAVIPDYNQGGKLIF	:::::::::0:-4:10:::::17:-4:45:::
6347	343.0	1.3484920085139775E-4	1	1.1548677676406051E-4	TGTGCCGTGAATGCCCTTGGAAATGAGAAATTAACCTTT	NNNNNNNNNNNNNNNNNNNNNNNNNNNNNNNNNNNNNNN	TRAV8-1*00(609.2)		TRAJ48*00(539.6)		474|488|508|0|14||140.0		29|52|83|16|39||230.0		TGTGCCGTGAATGCCCTTGGAAATGAGAAATTAACCTTT	45	CAVNALGNEKLTF	:::::::::0:0:14:::::16:-9:39:::
6512	343.0	1.3484920085139775E-4	1	1.1548677676406051E-4	TGTGCCGCGGGTGGTGCTACAAACAAGCTCATCTTT	NNNNNNNNNNNNNNNNNNNNNNNNNNNNNNNNNNNN	TRAV8-1*00(539.3)		TRAJ32*00(569.3)		474|481|508|0|7||70.0		28|55|86|9|36||270.0		TGTGCCGCGGGTGGTGCTACAAACAAGCTCATCTTT	45	CAAGGATNKLIF	:::::::::0:-7:7:::::9:-8:36:::
17397	343.0	1.3484920085139775E-4	1	1.1548677676406051E-4	TGTGCAGTTTCTGACCCCACAGGAGGAGGTGCTGACGGACTCACCTTT	NNNNNNNNNNNNNNNNNNNNNNNNNNNNNNNNNNNNNNNNNNNNNNNN	TRAV13-2*00(519.7)		TRAJ45*00(599.5)		506|513|539|0|7||70.0		26|55|86|19|48||290.0		TGTGCAGTTTCTGACCCCACAGGAGGAGGTGCTGACGGACTCACCTTT	45	CAVSDPTGGGADGLTF	:::::::::0:-6:7:::::19:-6:48:::
18535	343.0	1.3484920085139775E-4	1	1.1548677676406051E-4	TGTGCAATTCGATTCAGGCAGGAACTGCTCTGATCTTT	NNNNNNNNNNNNNNNNNNNNNNNNNNNNNNNNNNNNNN	TRAV14/DV4*00(440.8)		TRAJ15*00(462.7)		517|525|554|0|8||80.0		25|49|80|14|38||240.0		TGTGCAATTCGATTCAGGCAGGAACTGCTCTGATCTTT	45	CAIRFR_GTALIF	:::::::::0:-9:8:::::14:-5:38:::
18542	343.0	1.3484920085139775E-4	1	1.1548677676406051E-4	TGTGCAATCGGGGGTTACCAGAAAGTTACCTTT	NNNNNNNNNNNNNNNNNNNNNNNNNNNNNNNNN	TRAV12-3*00(939.8)		TRAJ13*00(510.4)		562|570|595|0|8||80.0		28|52|83|9|33||240.0		TGTGCAATCGGGGGTTACCAGAAAGTTACCTTT	45	CAIGGYQKVTF	:::::::::0:-5:8:::::9:-8:33:::
18913	343.0	1.3484920085139775E-4	1	1.1548677676406051E-4	TGTGGAGCAGACAGACGTGGCAATAACAATGACATGCGCTTT	NNNNNNNNNNNNNNNNNNNNNNNNNNNNNNNNNNNNNNNNNN	TRAV34*00(519.7)		TRAJ43*00(519.6)		603|616|636|0|13||130.0		21|43|74|20|42||220.0		TGTGGAGCAGACAGACGTGGCAATAACAATGACATGCGCTTT	45	CGADRRGNNNDMRF	:::::::::0:0:13:::::20:-1:42:::
19026	343.0	1.3484920085139775E-4	1	1.1548677676406051E-4	TGCCTCGTGGGTGACATGCGGAACACCGACAAGCTCATCTTT	NNNNNNNNNNNNNNNNNNNNNNNNNNNNNNNNNNNNNNNNNN	TRAV4*00(1049.4)		TRAJ34*00(469.7)		768|786|804|0|18||180.0		26|47|78|21|42||210.0		TGCCTCGTGGGTGACATGCGGAACACCGACAAGCTCATCTTT	45	CLVGDMRNTDKLIF	:::::::::0:2:18:::::21:-6:42:::
19078	343.0	1.3484920085139775E-4	1	1.1548677676406051E-4	TGCCCCTCAGGAGGAGGTGCTGACGGACTCACCTTT	NNNNNNNNNNNNNNNNNNNNNNNNNNNNNNNNNNNN	TRAV41*00(521.8)		TRAJ45*00(609.4)		512|514|544|0|2||20.0		25|55|86|6|36||300.0		TGCCCCTCAGGAGGAGGTGCTGACGGACTCACCTTT	45	CPSGGGADGLTF	:::::::::0:-10:2:::::6:-5:36:::
20407	343.0	1.3484920085139775E-4	1	1.1548677676406051E-4	TGCATCGTCAGAGTCGCACGGGTGGATAGCAACTATCAGTTAATCTGG	NNNNNNNNNNNNNNNNNNNNNNNNNNNNNNNNNNNNNNNNNNNNNNNN	TRAV26-1*00(659.7)		TRAJ33*00(549.7)		763|780|799|0|17||170.0		20|46|77|22|48||260.0		TGCATCGTCAGAGTCGCACGGGTGGATAGCAACTATCAGTTAATCTGG	45	CIVRVARVDSNYQLIW	:::::::::0:1:17:::::22:0:48:::
20418	343.0	1.3484920085139775E-4	1	1.1548677676406051E-4	TGCATCGTCAGAGTCGATGGTGGAGGTAGCAACTATAAACTGACATTT	NNNNNNNNNNNNNNNNNNNNNNNNNNNNNNNNNNNNNNNNNNNNNNNN	TRAV26-1*00(649.4)		TRAJ53*00(598.6)		763|779|799|0|16||160.0		23|55|86|16|48|SA25G|291.0		TGCATCGTCAGAGTCGATGGTGGAGGTAGCAACTATAAACTGACATTT	45	CIVRVDGGGSNYKLTF	:::::::::0:0:16:::::16:-3:48:::
1534	342.0	1.344560544932304E-4	1	1.1548677676406051E-4	TGTCTTCTGGGAGATTGTCAACCGGCACTGCCAGTAAACTCACCTTT	NNNNNNNNNNNNNNNNNNNNNNNNNNNNNNNNNNNNNNNNNNNNNNN	TRAV40*00(928.5)		TRAJ44*00(549.8)		436|451|470|0|15||150.0		25|52|83|20|47||270.0		TGTCTTCTGGGAGATTGTCAACCGGCACTGCCAGTAAACTCACCTTT	45	CLLGDCQP_TASKLTF	:::::::::0:1:15:::::20:-5:47:::
2132	342.0	1.344560544932304E-4	1	1.1548677676406051E-4	TGTGCTTCCATGGATAGCAACTATCAGTTAATCTGG	NNNNNNNNNNNNNNNNNNNNNNNNNNNNNNNNNNNN	TRAV1-2*00(619.7)		TRAJ33*00(589.7)		620|626|654|0|6||60.0		16|46|77|6|36||300.0		TGTGCTTCCATGGATAGCAACTATCAGTTAATCTGG	45	CASMDSNYQLIW	:::::::::0:-8:6:::::6:4:36:::
2317	342.0	1.344560544932304E-4	1	1.1548677676406051E-4	TGTGCTCTTGGGGTGTATTCAGGAGGAGGTGCTGACGGACTCACCTTT	NNNNNNNNNNNNNNNNNNNNNNNNNNNNNNNNNNNNNNNNNNNNNNNN	TRDV1*00(998.3)		TRAJ45*00(618.4)		573|586|610|0|13||130.0		20|55|86|13|48||350.0		TGTGCTCTTGGGGTGTATTCAGGAGGAGGTGCTGACGGACTCACCTTT	45	CALGVYSGGGADGLTF	:::::::::0:-4:13:::::13:0:48:::
2371	342.0	1.344560544932304E-4	1	1.1548677676406051E-4	TGTGCTCTTGGGGAACTGTACGGTAACAATGACATGCGCTTT	NNNNNNNNNNNNNNNNNNNNNNNNNNNNNNNNNNNNNNNNNN	TRDV1*00(707.6)		TRAJ43*00(501)		573|590|610|0|17||170.0		18|43|74|17|42|SA22GSA23G|202.0		TGTGCTCTTGGGGAACTGTACGGTAACAATGACATGCGCTTT	45	CALGELYGNNDMRF	:::::::::0:0:17:::::17:2:42:::
2653	342.0	1.344560544932304E-4	1	1.1548677676406051E-4	TGTGCTCTGAGTGATCCACGTGTAGGGGGAGCCCAGAAGCTGGTATTT	NNNNNNNNNNNNNNNNNNNNNNNNNNNNNNNNNNNNNNNNNNNNNNNN	TRAV9-2*00(769.4)		TRAJ54*00(509.5)		480|496|514|0|16||160.0		27|49|80|26|48||220.0		TGTGCTCTGAGTGATCCACGTGTAGGGGGAGCCCAGAAGCTGGTATTT	45	CALSDPRVGGAQKLVF	:::::::::0:2:16:::::26:-7:48:::
3115	342.0	1.344560544932304E-4	1	1.1548677676406051E-4	TGTGCTCCAAGACTACTACCTCAGGAACCTACAAATACATCTTT	NNNNNNNNNNNNNNNNNNNNNNNNNNNNNNNNNNNNNNNNNNNN	TRAV16*00(744.9)		TRAJ40*00(577.6)		449|460|483|0|11|ST456C|81.0		19|50|81|13|44||310.0		TGTGCTCCAAGACTACTACCTCAGGAACCTACAAATACATCTTT	45	CAPRLLP_GTYKYIF	:::::::::0:-3:11:::::13:1:44:::
3394	342.0	1.344560544932304E-4	1	1.1548677676406051E-4	TGTGCTGTGCCCCAAAATAATGCAGGCAACATGCTCACCTTT	NNNNNNNNNNNNNNNNNNNNNNNNNNNNNNNNNNNNNNNNNN	TRAV22*00(519.9)		TRAJ39*00(579.5)		526|535|559|0|9||90.0		25|52|83|15|42||270.0		TGTGCTGTGCCCCAAAATAATGCAGGCAACATGCTCACCTTT	45	CAVPQNNAGNMLTF	:::::::::0:-4:9:::::15:-5:42:::
3856	342.0	1.344560544932304E-4	1	1.1548677676406051E-4	TGTGCTGTGAGTCTTTATGCCAGACTCATGTTT	NNNNNNNNNNNNNNNNNNNNNNNNNNNNNNNNN	TRAV8-6*00(689.5)		TRAJ31*00(469.4)		448|460|482|0|12||120.0		29|46|77|16|33||170.0		TGTGCTGTGAGTCTTTATGCCAGACTCATGTTT	45	CAVSLYARLMF	:::::::::0:-2:12:::::16:-9:33:::
5963	342.0	1.344560544932304E-4	1	1.1548677676406051E-4	TGTGCCTAGACGAATATGGAAACAAGCTGGTCTTT	NNNNNNNNNNNNNNNNNNNNNNNNNNNNNNNNNNN	TRAV12-2*00(513.2)		TRAJ47*00(520.4)		551|557|584|0|6||60.0		22|46|77|11|35|SA36G|211.0		TGTGCCTAGACGAATATGGAAACAAGCTGGTCTTT	45	CA*TNM_NKLVF	:::::::::0:-7:6:::::11:-2:35:::
6101	342.0	1.344560544932304E-4	1	1.1548677676406051E-4	TGTGCCCACCGGGATAACTATGGTCAGAATTTTGTCTTT	NNNNNNNNNNNNNNNNNNNNNNNNNNNNNNNNNNNNNNN	TRAV24*00(735.8)		TRAJ26*00(577)		515|521|545|0|6||60.0		18|49|80|8|39||310.0		TGTGCCCACCGGGATAACTATGGTCAGAATTTTGTCTTT	45	CAHRDNYGQNFVF	:::::::::0:-4:6:::::8:2:39:::
6284	342.0	1.344560544932304E-4	1	1.1548677676406051E-4	TGTGCCGTGATGCCCGGTTCCGGGTATGCACTCAACTTC	NNNNNNNNNNNNNNNNNNNNNNNNNNNNNNNNNNNNNNN	TRAV12-2*00(788.8)		TRAJ41*00(479.7)		551|561|584|0|10||100.0		29|51|82|17|39||220.0		TGTGCCGTGATGCCCGGTTCCGGGTATGCACTCAACTTC	45	CAVMPGSGYALNF	:::::::::0:-3:10:::::17:-9:39:::
18195	342.0	1.344560544932304E-4	1	1.1548677676406051E-4	TGTGCAGGGGCGGAATACAACTTCAACAAATTTTACTTT	NNNNNNNNNNNNNNNNNNNNNNNNNNNNNNNNNNNNNNN	TRAV27*00(605.3)		TRAJ21*00(559.8)		552|563|582|0|11|SA560G|81.0		19|44|75|14|39||250.0		TGTGCAGGGGCGGAATACAACTTCAACAAATTTTACTTT	45	CAGAEYNFNKFYF	:::::::::0:1:11:::::14:1:39:::
18738	342.0	1.344560544932304E-4	1	1.1548677676406051E-4	TGTGCAATGAGAGAGGCTACCTCAGGAACCTACAAATACATCTTT	NNNNNNNNNNNNNNNNNNNNNNNNNNNNNNNNNNNNNNNNNNNNN	TRAV14/DV4*00(520.6)		TRAJ40*00(579.3)		517|533|554|0|16||160.0		21|50|81|16|45||290.0		TGTGCAATGAGAGAGGCTACCTCAGGAACCTACAAATACATCTTT	45	CAMREATSGTYKYIF	:::::::::0:-1:16:::::16:-1:45:::
18839	342.0	1.344560544932304E-4	1	1.1548677676406051E-4	TGTGCAATACCCGAAACCGGGGAATCGCGGAGGAGGTGCTGACGGACTCACCTTT	NNNNNNNNNNNNNNNNNNNNNNNNNNNNNNNNNNNNNNNNNNNNNNNNNNNNNNN	TRAV12-3*00(479.3)		TRAJ45*00(579.9)		562|570|595|0|8||80.0		28|55|86|28|55||270.0		TGTGCAATACCCGAAACCGGGGAATCGCGGAGGAGGTGCTGACGGACTCACCTTT	45	CAIPETGES_GGGADGLTF	:::::::::0:-5:8:::::28:-8:55:::
18857	342.0	1.344560544932304E-4	1	1.1548677676406051E-4	TGTGCAAGATGTAACCGAGTACTCAGGGCGGATCTGAAAAGCTGGTCTTT	NNNNNNNNNNNNNNNNNNNNNNNNNNNNNNNNNNNNNNNNNNNNNNNNNN	TRAV12-3*00(797.7)		TRAJ57*00(570.6)		562|569|595|0|7||70.0		22|52|83|20|50||300.0		TGTGCAAGATGTAACCGAGTACTCAGGGCGGATCTGAAAAGCTGGTCTTT	45	CARCNRVL_GGSEKLVF	:::::::::0:-6:7:::::20:-2:50:::
18882	342.0	1.344560544932304E-4	1	1.1548677676406051E-4	TGTGGCACAGAGCGGACATACTCTGGGGCTGGGAGTTACCAACTCACTTTC	NNNNNNNNNNNNNNNNNNNNNNNNNNNNNNNNNNNNNNNNNNNNNNNNNNN	TRAV30*00(460.4)		TRAJ28*00(639.3)		567|579|600|0|12|SC569T|91.0		20|55|86|16|51||350.0		TGTGGCACAGAGCGGACATACTCTGGGGCTGGGAGTTACCAACTCACTTTC	45	CGTERTYSGAGSYQLTF	:::::::::0:-1:12:::::16:0:51:::
20358	342.0	1.344560544932304E-4	1	1.1548677676406051E-4	TGCATCGTCAGATCCGGTACAATAACAATGACATGCGCTTT	NNNNNNNNNNNNNNNNNNNNNNNNNNNNNNNNNNNNNNNNN	TRAV26-1*00(609.9)		TRAJ43*00(549.9)		763|775|799|0|12||120.0		18|43|74|16|41||250.0		TGCATCGTCAGATCCGGTACAATAACAATGACATGCGCTTT	45	CIVRSGT_NNDMRF	:::::::::0:-4:12:::::16:2:41:::
2063	341.0	1.3406290813506309E-4	1	1.1548677676406051E-4	TGTGCTTTCATGAAGCGGGACTCAGGGCGGATCTGAAAAGCTGGTCTTT	NNNNNNNNNNNNNNNNNNNNNNNNNNNNNNNNNNNNNNNNNNNNNNNNN	TRAV38-1*00(620)		TRAJ57*00(609.2)		596|612|633|0|16||160.0		22|52|83|19|49||300.0		TGTGCTTTCATGAAGCGGGACTCAGGGCGGATCTGAAAAGCTGGTCTTT	45	CAFMKRDS_GGSEKLVF	:::::::::0:-1:16:::::19:-2:49:::
2325	341.0	1.3406290813506309E-4	1	1.1548677676406051E-4	TGTGCTCTTGGGGGCTTTGCTGGCAACAACCGTAAGCTGATTTGG	NNNNNNNNNNNNNNNNNNNNNNNNNNNNNNNNNNNNNNNNNNNNN	TRDV1*00(999.5)		TRAJ38*00(539.8)		573|586|610|0|13||130.0		23|51|82|17|45||280.0		TGTGCTCTTGGGGGCTTTGCTGGCAACAACCGTAAGCTGATTTGG	45	CALGGFAGNNRKLIW	:::::::::0:-4:13:::::17:-3:45:::
2381	341.0	1.3406290813506309E-4	1	1.1548677676406051E-4	TGTGCTCTTGGGGAACTAGGAACCACCGACAAGCTCATCTTT	NNNNNNNNNNNNNNNNNNNNNNNNNNNNNNNNNNNNNNNNNN	TRDV1*00(1059.4)		TRAJ34*00(449.6)		573|592|610|0|19||190.0		28|47|78|23|42||190.0		TGTGCTCTTGGGGAACTAGGAACCACCGACAAGCTCATCTTT	45	CALGELGTTDKLIF	:::::::::0:2:19:::::23:-8:42:::
2427	341.0	1.3406290813506309E-4	1	1.1548677676406051E-4	TGTGCTCTTGGGGAAAGGGTTTTACTTT	NNNNNNNNNNNNNNNNNNNNNNNNNNNN	TRDV1*00(1019.5)		TRAJ21*00(399.8)		573|588|610|0|15||150.0		35|44|75|19|28||90.0		TGTGCTCTTGGGGAAAGGGTTTTACTTT	45	CALGE_GFYF	:::::::::0:-2:15:::::19:-15:28:::
2752	341.0	1.3406290813506309E-4	1	1.1548677676406051E-4	TGTGCTCTGAGTGAGGGCCAGGAACCTACAAATACATCTTT	NNNNNNNNNNNNNNNNNNNNNNNNNNNNNNNNNNNNNNNNN	TRAV9-2*00(749.4)		TRAJ40*00(519.5)		480|494|514|0|14||140.0		27|50|81|18|41||230.0		TGTGCTCTGAGTGAGGGCCAGGAACCTACAAATACATCTTT	45	CALSEGQ_TYKYIF	:::::::::0:0:14:::::18:-7:41:::
4205	341.0	1.3406290813506309E-4	1	1.1548677676406051E-4	TGTGCTGTGAGACTTTAACGACTACAAGCTCAGCTTT	NNNNNNNNNNNNNNNNNNNNNNNNNNNNNNNNNNNNN	TRAV1-2*00(679.5)		TRAJ20*00(526.4)		620|632|654|0|12||120.0		24|46|77|15|37||220.0		TGTGCTGTGAGACTTTAACGACTACAAGCTCAGCTTT	45	CAVRL*_DYKLSF	:::::::::0:-2:12:::::15:-4:37:::
4409	341.0	1.3406290813506309E-4	1	1.1548677676406051E-4	TGTGCTGCCTGTACTATGGGAACAACAGACTCGCTTTT	NNNNNNNNNNNNNNNNNNNNNNNNNNNNNNNNNNNNNN	TRAV21*00(730.7)		TRAJ7*00(543.4)		544|551|576|0|7||70.0		22|48|79|12|38||260.0		TGTGCTGCCTGTACTATGGGAACAACAGACTCGCTTTT	45	CAACTM_NNRLAF	:::::::::0:-5:7:::::12:-2:38:::
4497	341.0	1.3406290813506309E-4	1	1.1548677676406051E-4	TGTGCTGCAGGCCGAATAGTGGAGGTAGCAACTATAAACTGACATTT	NNNNNNNNNNNNNNNNNNNNNNNNNNNNNNNNNNNNNNNNNNNNNNN	TRAV8-5*00(618.3)		TRAJ53*00(649.1)		1528|1539|1562|0|11||110.0		21|55|86|13|47||340.0		TGTGCTGCAGGCCGAATAGTGGAGGTAGCAACTATAAACTGACATTT	45	CAAGRIVE_SNYKLTF	:::::::::0:-3:11:::::13:-1:47:::
4765	341.0	1.3406290813506309E-4	1	1.1548677676406051E-4	TGTGCTACTCCCCAACCAGGCAGGAACTGCTCTGATCTTT	NNNNNNNNNNNNNNNNNNNNNNNNNNNNNNNNNNNNNNNN	TRAV17*00(879)		TRAJ15*00(599.1)		490|498|523|0|8||80.0		20|49|80|11|40||290.0		TGTGCTACTCCCCAACCAGGCAGGAACTGCTCTGATCTTT	45	CATPQPG_GTALIF	:::::::::0:-5:8:::::11:0:40:::
6126	341.0	1.3406290813506309E-4	1	1.1548677676406051E-4	TGTGCCGTTCGATCTTATAACACCGACAAGCTCATCTTT	NNNNNNNNNNNNNNNNNNNNNNNNNNNNNNNNNNNNNNN	TRAV12-2*00(810.7)		TRAJ34*00(575.1)		551|559|584|0|8||80.0		18|47|78|10|39||290.0		TGTGCCGTTCGATCTTATAACACCGACAAGCTCATCTTT	45	CAVRSYNTDKLIF	:::::::::0:-5:8:::::10:2:39:::
6523	341.0	1.3406290813506309E-4	1	1.1548677676406051E-4	TGTGCCGCAAGGGGGACGGGCAGGAGAGCACTTACTTTT	NNNNNNNNNNNNNNNNNNNNNNNNNNNNNNNNNNNNNNN	TRAV14/DV4*00(780.7)		TRAJ5*00(539.1)		517|522|554|0|5||50.0		25|49|80|15|39||240.0		TGTGCCGCAAGGGGGACGGGCAGGAGAGCACTTACTTTT	45	CAARGTGRRALTF	:::::::::0:-12:5:::::15:-5:39:::
17985	341.0	1.3406290813506309E-4	1	1.1548677676406051E-4	TGTGCAGCAAGCATGGATAGCAGCTATAAATTGATCTTC	NNNNNNNNNNNNNNNNNNNNNNNNNNNNNNNNNNNNNNN	TRAV23/DV6*00(519.7)		TRAJ12*00(539.2)		517|531|550|0|14||150.0		24|49|80|14|39||270.0		TGTGCAGCAAGCATGGATAGCAGCTATAAATTGATCTTC	45	CAASMDSSYKLIF	:::::::::0:1:14:::::14:-4:39:::
18192	341.0	1.3406290813506309E-4	1	1.1548677676406051E-4	TGTGCAGGGGCCCCCGGTAACCAGTTCTATTTT	NNNNNNNNNNNNNNNNNNNNNNNNNNNNNNNNN	TRAV25*00(533.7)		TRAJ49*00(499.7)		620|632|649|0|12|SC629G|91.0		25|45|76|13|33||200.0		TGTGCAGGGGCCCCCGGTAACCAGTTCTATTTT	45	CAGAPGNQFYF	:::::::::0:3:12:::::13:-5:33:::
18727	341.0	1.3406290813506309E-4	1	1.1548677676406051E-4	TGTGCAATGAGAGAGCTAATGCTGGTGGTACTAGCTATGGAAAGCTGACATTT	NNNNNNNNNNNNNNNNNNNNNNNNNNNNNNNNNNNNNNNNNNNNNNNNNNNNN	TRAV14/DV4*00(534.6)		TRAJ52*00(696.9)		517|531|554|0|14||150.0		19|58|89|14|53||400.0		TGTGCAATGAGAGAGCTAATGCTGGTGGTACTAGCTATGGAAAGCTGACATTT	45	CAMRELMLV_TSYGKLTF	:::::::::0:-3:14:::::14:1:53:::
1558	340.0	1.3366976177689574E-4	1	1.1548677676406051E-4	TGTCGTCATACTTTCAGGGAGCCCAGAAGCTGGTATTT	NNNNNNNNNNNNNNNNNNNNNNNNNNNNNNNNNNNNNN	TRAV40*00(820.4)		TRAJ54*00(549.2)		436|443|470|0|7|ST440G|41.0		23|49|80|12|38||260.0		TGTCGTCATACTTTCAGGGAGCCCAGAAGCTGGTATTT	45	CRHTFR_AQKLVF	:::::::::0:-7:7:::::12:-3:38:::
1790	340.0	1.3366976177689574E-4	1	1.1548677676406051E-4	TGTGTGGTGAGCGCGTGACGGGGTCAGAATTTTGTCTTT	NNNNNNNNNNNNNNNNNNNNNNNNNNNNNNNNNNNNNNN	TRAV10*00(913.1)		TRAJ26*00(446.1)		575|590|608|0|15||150.0		31|49|80|21|39||180.0		TGTGTGGTGAGCGCGTGACGGGGTCAGAATTTTGTCTTT	45	CVVSA*RGQNFVF	:::::::::0:2:15:::::21:-11:39:::
2206	340.0	1.3366976177689574E-4	1	1.1548677676406051E-4	TGTGCTTATAGGACGTTCGATACCGGCACTGCCAGTAAACTCACCTTT	NNNNNNNNNNNNNNNNNNNNNNNNNNNNNNNNNNNNNNNNNNNNNNNN	TRAV38-2/DV8*00(589.5)		TRAJ44*00(599.4)		602|615|638|0|13||130.0		23|52|83|19|48||290.0		TGTGCTTATAGGACGTTCGATACCGGCACTGCCAGTAAACTCACCTTT	45	CAYRTFDTGTASKLTF	:::::::::0:-3:13:::::19:-3:48:::
2209	340.0	1.3366976177689574E-4	1	1.1548677676406051E-4	TGTGCTTATAGGAGTCCTCAATCAGGATACAGCACCCTCACCTTT	NNNNNNNNNNNNNNNNNNNNNNNNNNNNNNNNNNNNNNNNNNNNN	TRAV38-2/DV8*00(599.6)		TRAJ11*00(549.7)		602|616|638|0|14||140.0		25|49|80|21|45||240.0		TGTGCTTATAGGAGTCCTCAATCAGGATACAGCACCCTCACCTTT	45	CAYRSPQSGYSTLTF	:::::::::0:-2:14:::::21:-5:45:::
3006	340.0	1.3366976177689574E-4	1	1.1548677676406051E-4	TGTGCTCTAAGGGGCCCAAAGGGGAGGAAGCTACATACCTACATTT	NNNNNNNNNNNNNNNNNNNNNNNNNNNNNNNNNNNNNNNNNNNNNN	TRAV16*00(1000.6)		TRAJ6*00(510)		449|465|483|0|16|ST460G|131.0		27|51|82|22|46||240.0		TGTGCTCTAAGGGGCCCAAAGGGGAGGAAGCTACATACCTACATTT	45	CALRGPKG_GSYIPTF	:::::::::0:2:16:::::22:-7:46:::
3112	340.0	1.3366976177689574E-4	1	1.1548677676406051E-4	TGTGCTCCAGAGGAGAGGTAGCAACTATAAACTGACATTT	NNNNNNNNNNNNNNNNNNNNNNNNNNNNNNNNNNNNNNNN	TRAV19*00(679.6)		TRAJ53*00(569.1)		556|563|593|0|7||70.0		29|55|86|14|40||260.0		TGTGCTCCAGAGGAGAGGTAGCAACTATAAACTGACATTT	45	CAPEER*_NYKLTF	:::::::::0:-10:7:::::14:-9:40:::
3917	340.0	1.3366976177689574E-4	1	1.1548677676406051E-4	TGTGCTGTGAGTGGGCTAGGCACTGCCAGTAAACTCACCTTT	NNNNNNNNNNNNNNNNNNNNNNNNNNNNNNNNNNNNNNNNNN	TRAV8-4*00(679.7)		TRAJ44*00(549.6)		476|489|510|0|13||130.0		28|52|83|18|42||240.0		TGTGCTGTGAGTGGGCTAGGCACTGCCAGTAAACTCACCTTT	45	CAVSGLGTASKLTF	:::::::::0:-1:13:::::18:-8:42:::
4255	340.0	1.3366976177689574E-4	1	1.1548677676406051E-4	TGTGCTGTGAGAGATGGGGCTAGGAACTTTGGAAATGAGAAATTAACCTTT	NNNNNNNNNNNNNNNNNNNNNNNNNNNNNNNNNNNNNNNNNNNNNNNNNNN	TRAV1-2*00(709.6)		TRAJ48*00(579.6)		620|635|654|0|15||150.0		25|52|83|24|51||270.0		TGTGCTGTGAGAGATGGGGCTAGGAACTTTGGAAATGAGAAATTAACCTTT	45	CAVRDGARNFGNEKLTF	:::::::::0:1:15:::::24:-5:51:::
4290	340.0	1.3366976177689574E-4	1	1.1548677676406051E-4	TGTGCTGTGAGAGACATAGAGGGGATGGAGGAAGCCAAGGAAATCTCATCTTT	NNNNNNNNNNNNNNNNNNNNNNNNNNNNNNNNNNNNNNNNNNNNNNNNNNNNN	TRAV3*00(648.8)		TRAJ42*00(589.5)		437|454|473|0|17||170.0		26|55|86|24|53||290.0		TGTGCTGTGAGAGACATAGAGGGGATGGAGGAAGCCAAGGAAATCTCATCTTT	45	CAVRDIEGM_GSQGNLIF	:::::::::0:1:17:::::24:-6:53:::
6414	340.0	1.3366976177689574E-4	1	1.1548677676406051E-4	TGTGCCGTGAACACGGGGGCACTCAACTTC	NNNNNNNNNNNNNNNNNNNNNNNNNNNNNN	TRAV12-2*00(798.3)		TRAJ41*00(379.8)		551|564|584|0|13||130.0		39|51|82|18|30||120.0		TGTGCCGTGAACACGGGGGCACTCAACTTC	45	CAVNTGALNF	:::::::::0:0:13:::::18:-19:30:::
17771	340.0	1.3366976177689574E-4	1	1.1548677676406051E-4	TGTGCAGCAAGTAAATAACCGAGGGACTGCCAGTAAACTCACCTTT	NNNNNNNNNNNNNNNNNNNNNNNNNNNNNNNNNNNNNNNNNNNNNN	TRAV13-1*00(989.5)		TRAJ44*00(480.6)		511|524|544|0|13||130.0		28|52|83|22|46|SC30G|211.0		TGTGCAGCAAGTAAATAACCGAGGGACTGCCAGTAAACTCACCTTT	45	CAASK*PR_TASKLTF	:::::::::0:0:13:::::22:-8:46:::
17775	340.0	1.3366976177689574E-4	1	1.1548677676406051E-4	TGTGCAGCAAGTAAAGGGAGGAGGTGCTGACGGACTCACCTTT	NNNNNNNNNNNNNNNNNNNNNNNNNNNNNNNNNNNNNNNNNNN	TRAV13-1*00(989.4)		TRAJ45*00(539.6)		511|524|544|0|13||130.0		28|55|86|16|43||270.0		TGTGCAGCAAGTAAAGGGAGGAGGTGCTGACGGACTCACCTTT	45	CAASKGR_GADGLTF	:::::::::0:0:13:::::16:-8:43:::
18294	340.0	1.3366976177689574E-4	1	1.1548677676406051E-4	TGTGCAGGAGACGACAGAGGCTCAACCCTGGGGAGGCTATACTTT	NNNNNNNNNNNNNNNNNNNNNNNNNNNNNNNNNNNNNNNNNNNNN	TRAV27*00(641.8)		TRAJ18*00(649.6)		552|562|582|0|10||100.0		21|55|86|11|45||340.0		TGTGCAGGAGACGACAGAGGCTCAACCCTGGGGAGGCTATACTTT	45	CAGDDRGSTLGRLYF	:::::::::0:0:10:::::11:-1:45:::
18348	340.0	1.3366976177689574E-4	1	1.1548677676406051E-4	TGTGCAGAGTGTGAGCGCCCCCGGGGAATTATGGAGGAAGCCAAGGAAATCTCATCTTT	NNNNNNNNNNNNNNNNNNNNNNNNNNNNNNNNNNNNNNNNNNNNNNNNNNNNNNNNNNN	TRAV13-2*00(539.7)		TRAJ42*00(639.5)		506|515|539|0|9||90.0		21|55|86|25|59||340.0		TGTGCAGAGTGTGAGCGCCCCCGGGGAATTATGGAGGAAGCCAAGGAAATCTCATCTTT	45	CAECERPRGI_GGSQGNLIF	:::::::::0:-4:9:::::25:-1:59:::
19127	340.0	1.3366976177689574E-4	1	1.1548677676406051E-4	TGCGCTGTGAGTGGGGTTTAACAATGCCAGACTCATGTTT	NNNNNNNNNNNNNNNNNNNNNNNNNNNNNNNNNNNNNNNN	TRAV1-1*00(680.9)		TRAJ31*00(519.6)		670|681|704|0|11||110.0		24|46|77|18|40||220.0		TGCGCTGTGAGTGGGGTTTAACAATGCCAGACTCATGTTT	45	CAVSGV*_NARLMF	:::::::::0:-3:11:::::18:-4:40:::
20163	340.0	1.3366976177689574E-4	1	1.1548677676406051E-4	TGCGGCACAGCGGGCGGCTCTAGCAACACAGGCAAACTAATCTTT	NNNNNNNNNNNNNNNNNNNNNNNNNNNNNNNNNNNNNNNNNNNNN	TRAV30*00(469.6)		TRAJ37*00(580.5)		567|577|600|0|10||100.0		21|51|82|15|45|SG27A|271.0		TGCGGCACAGCGGGCGGCTCTAGCAACACAGGCAAACTAATCTTT	45	CGTAGGSSNTGKLIF	:::::::::0:-3:10:::::15:-1:45:::
20172	340.0	1.3366976177689574E-4	1	1.1548677676406051E-4	TGCGGCACAGAGTCTGGGACCCAGAAGCTGGTATTT	NNNNNNNNNNNNNNNNNNNNNNNNNNNNNNNNNNNN	TRAV30*00(489.9)		TRAJ54*00(459.7)		567|579|600|0|12||120.0		32|49|80|19|36||170.0		TGCGGCACAGAGTCTGGGACCCAGAAGCTGGTATTT	45	CGTESGTQKLVF	:::::::::0:-1:12:::::19:-12:36:::
1809	339.0	1.332766154187284E-4	1	1.1548677676406051E-4	TGTGTGGTGAGCGGTTTACTCCTTCGGCGAGGAGGAAGCTACATACCTACATTT	NNNNNNNNNNNNNNNNNNNNNNNNNNNNNNNNNNNNNNNNNNNNNNNNNNNNNN	TRAV10*00(679.3)		TRAJ6*00(559.8)		575|588|608|0|13||130.0		26|51|82|29|54||250.0		TGTGTGGTGAGCGGTTTACTCCTTCGGCGAGGAGGAAGCTACATACCTACATTT	45	CVVSGLLLRRGGSYIPTF	:::::::::0:0:13:::::29:-6:54:::
2189	339.0	1.332766154187284E-4	1	1.1548677676406051E-4	TGTGCTTATAGGTTTTACAATAACAATGACATGCGCTTT	NNNNNNNNNNNNNNNNNNNNNNNNNNNNNNNNNNNNNNN	TRAV38-2/DV8*00(579.6)		TRAJ43*00(540.8)		602|614|638|0|12||120.0		16|43|74|12|39|SG18T|241.0		TGTGCTTATAGGTTTTACAATAACAATGACATGCGCTTT	45	CAYRFYNNNDMRF	:::::::::0:-4:12:::::12:4:39:::
2489	339.0	1.332766154187284E-4	1	1.1548677676406051E-4	TGTGCTCTGTCTTATAATTCAGGGAGCCCAGAAGCTGGTATTT	NNNNNNNNNNNNNNNNNNNNNNNNNNNNNNNNNNNNNNNNNNN	TRAV9-2*00(715.7)		TRAJ54*00(609.3)		480|489|514|0|9||90.0		17|49|80|11|43||320.0		TGTGCTCTGTCTTATAATTCAGGGAGCCCAGAAGCTGGTATTT	45	CALSYNS_GAQKLVF	:::::::::0:-5:9:::::11:3:43:::
3195	339.0	1.332766154187284E-4	1	1.1548677676406051E-4	TGTGCTGTTAGTACCGGCACTGCCAGTAAACTCACCTTT	NNNNNNNNNNNNNNNNNNNNNNNNNNNNNNNNNNNNNNN	TRAV8-3*00(568.5),TRAV8-5*00(560.3)		TRAJ44*00(588.6)		455|463|489|0|8||80.0;1528|1535|1562|0|7||70.0		24|52|83|11|39||280.0		TGTGCTGTTAGTACCGGCACTGCCAGTAAACTCACCTTT	45	CAVSTGTASKLTF	:::::::::0:-6:8:::::11:-4:39:::
3232	339.0	1.332766154187284E-4	1	1.1548677676406051E-4	TGTGCTGTCCCCTCAGGGCGGATCTGAAAAGCTGGTCTTT	NNNNNNNNNNNNNNNNNNNNNNNNNNNNNNNNNNNNNNNN	TRAV41*00(591.7)		TRAJ57*00(599.5)		512|521|544|0|9||90.0		23|52|83|11|40||290.0		TGTGCTGTCCCCTCAGGGCGGATCTGAAAAGCTGGTCTTT	45	CAVPSGR_SEKLVF	:::::::::0:-3:9:::::11:-3:40:::
3325	339.0	1.332766154187284E-4	1	1.1548677676406051E-4	TGTGCTGTCAGATATGTTTCAGGAGGAGGTGCTGACGGACTCACCTTT	NNNNNNNNNNNNNNNNNNNNNNNNNNNNNNNNNNNNNNNNNNNNNNNN	TRAV41*00(632.9)		TRAJ45*00(619.8)		512|528|544|0|16|SC525A|131.0		24|55|86|17|48||310.0		TGTGCTGTCAGATATGTTTCAGGAGGAGGTGCTGACGGACTCACCTTT	45	CAVRYVSGGGADGLTF	:::::::::0:4:16:::::17:-4:48:::
3338	339.0	1.332766154187284E-4	1	1.1548677676406051E-4	TGTGCTGTCAACACCAATGCAGGCAAATCAACCTTT	NNNNNNNNNNNNNNNNNNNNNNNNNNNNNNNNNNNN	TRAV1-2*00(639.7)		TRAJ27*00(559.5)		620|628|654|0|8||80.0		21|48|79|9|36||270.0		TGTGCTGTCAACACCAATGCAGGCAAATCAACCTTT	45	CAVNTNAGKSTF	:::::::::0:-6:8:::::9:-1:36:::
3922	339.0	1.332766154187284E-4	1	1.1548677676406051E-4	TGTGCTGTGAGTGGGGGGTCAGAATTTTGTCTTT	NNNNNNNNNNNNNNNNNNNNNNNNNNNNNNNNNN	TRAV8-6*00(699.1)		TRAJ26*00(469.5)		448|461|482|0|13||130.0		31|49|80|16|34||180.0		TGTGCTGTGAGTGGGGGGTCAGAATTTTGTCTTT	45	CAVSGG_QNFVF	:::::::::0:-1:13:::::16:-11:34:::
4545	339.0	1.332766154187284E-4	1	1.1548677676406051E-4	TGTGCTGGGCTTCGAGGAAGCCAAGGAAATCTCATCTTT	NNNNNNNNNNNNNNNNNNNNNNNNNNNNNNNNNNNNNNN	TRAV35*00(939.8)		TRAJ42*00(559.3)		588|598|620|0|10||100.0		29|55|86|13|39||260.0		TGTGCTGGGCTTCGAGGAAGCCAAGGAAATCTCATCTTT	45	CAGLRGSQGNLIF	:::::::::0:-2:10:::::13:-9:39:::
4711	339.0	1.332766154187284E-4	1	1.1548677676406051E-4	TGTGCTGGGGGGAACAATGACATGCGCTTT	NNNNNNNNNNNNNNNNNNNNNNNNNNNNNN	TRAV17*00(859.3)		TRAJ43*00(479.9)		490|496|523|0|6||60.0		25|43|74|12|30||180.0		TGTGCTGGGGGGAACAATGACATGCGCTTT	45	CAGGNNDMRF	:::::::::0:-7:6:::::12:-5:30:::
4814	339.0	1.332766154187284E-4	1	1.1548677676406051E-4	TGTGCTACGGGCCACTGGAGGCTTCAAAACTATCTTT	NNNNNNNNNNNNNNNNNNNNNNNNNNNNNNNNNNNNN	TRAV17*00(899.4)		TRAJ9*00(539.7)		490|500|523|0|10||100.0		26|50|81|13|37||240.0		TGTGCTACGGGCCACTGGAGGCTTCAAAACTATCTTT	45	CATGHW_GFKTIF	:::::::::0:-3:10:::::13:-6:37:::
4827	339.0	1.332766154187284E-4	1	1.1548677676406051E-4	TGTGCTACGGATGCCCGGGGAGGAAAGCTTATCTTC	NNNNNNNNNNNNNNNNNNNNNNNNNNNNNNNNNNNN	TRAV17*00(910.4)		TRAJ23*00(500.5)		490|504|523|0|14|SC501T|111.0		30|52|83|14|36|SA32G|191.0		TGTGCTACGGATGCCCGGGGAGGAAAGCTTATCTTC	45	CATDARGGKLIF	:::::::::0:1:14:::::14:-10:36:::
4844	339.0	1.332766154187284E-4	1	1.1548677676406051E-4	TGTGCTACGGACCATTATGGTGGTGCTACAAACAAGCTCATCTTT	NNNNNNNNNNNNNNNNNNNNNNNNNNNNNNNNNNNNNNNNNNNNN	TRAV17*00(919.4)		TRAJ32*00(599.3)		490|502|523|0|12||120.0		23|55|86|13|45||320.0		TGTGCTACGGACCATTATGGTGGTGCTACAAACAAGCTCATCTTT	45	CATDHYGGATNKLIF	:::::::::0:-1:12:::::13:-3:45:::
17824	339.0	1.332766154187284E-4	1	1.1548677676406051E-4	TGTGCAGCAAGCCCCGGTAACCAGTTCTATTTT	NNNNNNNNNNNNNNNNNNNNNNNNNNNNNNNNN	TRAV29/DV5*00(568.3)		TRAJ49*00(499.3)		529|541|562|0|12||120.0		25|45|76|13|33||200.0		TGTGCAGCAAGCCCCGGTAACCAGTTCTATTTT	45	CAASPGNQFYF	:::::::::0:-1:12:::::13:-5:33:::
18517	339.0	1.332766154187284E-4	1	1.1548677676406051E-4	TGTGCAGAGAAGGTCACAGGGAATGCAGGCAACATGCTCACCTTT	NNNNNNNNNNNNNNNNNNNNNNNNNNNNNNNNNNNNNNNNNNNNN	TRAV13-2*00(559.5)		TRAJ39*00(549.7)		506|517|539|0|11||110.0		28|52|83|21|45||240.0		TGTGCAGAGAAGGTCACAGGGAATGCAGGCAACATGCTCACCTTT	45	CAEKVTGNAGNMLTF	:::::::::0:-2:11:::::21:-8:45:::
18969	339.0	1.332766154187284E-4	1	1.1548677676406051E-4	TGCCTCGTGGTAGAGGCGGAGAGATGACAAGATCATCTTT	NNNNNNNNNNNNNNNNNNNNNNNNNNNNNNNNNNNNNNNN	TRAV4*00(969.5)		TRAJ30*00(480)		768|778|804|0|10||100.0		25|46|77|19|40||210.0		TGCCTCGTGGTAGAGGCGGAGAGATGACAAGATCATCTTT	45	CLVVEAE_DDKIIF	:::::::::0:-6:10:::::19:-5:40:::
648	338.0	1.3288346906056104E-4	2	2.3097355352812103E-4	TGTGCTGTCATATCCCAGGAGGAGGTGCTGACGGACTCACCTTT	[[[U[[[[[[[[[[[[[[[[[[[[[[[[[[[[[[[[[[[[[[[[	TRAV41*00(612.9)		TRAJ45*00(599.7)		512|526|544|0|14|SG522T|111.0		26|55|86|15|44||290.0		TGTGCTGTCATATCCCAGGAGGAGGTGCTGACGGACTCACCTTT	52	CAVISQE_GADGLTF	:::::::::0:2:14:::::15:-6:44:::
1328	338.0	1.3288346906056104E-4	2	2.3097355352812103E-4	TGTGCAGTCCCCCCTGCCAGACTCATGTTT	[[[[[[[[[[[[[[[[[[[[[[[[[[[[[[	TRAV23/DV6*00(439.9)		TRAJ31*00(459.6)		517|524|550|0|7||70.0		30|46|77|14|30||160.0		TGTGCAGTCCCCCCTGCCAGACTCATGTTT	58	CAVPPARLMF	:::::::::0:-6:7:::::14:-10:30:::
2193	338.0	1.3288346906056104E-4	1	1.1548677676406051E-4	TGTGCTTATAGGGTTATAAATACCGGCACTGCCAGTAAACTCACCTTT	NNNNNNNNNNNNNNNNNNNNNNNNNNNNNNNNNNNNNNNNNNNNNNNN	TRAV38-2/DV8*00(579.9)		TRAJ44*00(659.2)		602|614|638|0|12||120.0		17|52|83|13|48||350.0		TGTGCTTATAGGGTTATAAATACCGGCACTGCCAGTAAACTCACCTTT	45	CAYRVINTGTASKLTF	:::::::::0:-4:12:::::13:3:48:::
2284	338.0	1.3288346906056104E-4	1	1.1548677676406051E-4	TGTGCTCTTTCGAACACCGGTAACCAGTTCTATTTT	NNNNNNNNNNNNNNNNNNNNNNNNNNNNNNNNNNNN	TRAV9-2*00(706)		TRAJ49*00(578.8)		480|488|514|0|8||80.0		17|45|76|8|36||280.0		TGTGCTCTTTCGAACACCGGTAACCAGTTCTATTTT	45	CALSNTGNQFYF	:::::::::0:-6:8:::::8:3:36:::
2486	338.0	1.3288346906056104E-4	1	1.1548677676406051E-4	TGTGCTCTGTTCCCCCTAATGCTGGTGGTACTAGCTATGGAAAGCTGACATTT	NNNNNNNNNNNNNNNNNNNNNNNNNNNNNNNNNNNNNNNNNNNNNNNNNNNNN	TRAV9-2*00(689.5)		TRAJ52*00(679.5)		480|489|514|0|9||90.0		20|58|89|15|53||380.0		TGTGCTCTGTTCCCCCTAATGCTGGTGGTACTAGCTATGGAAAGCTGACATTT	45	CALFPLMLV_TSYGKLTF	:::::::::0:-5:9:::::15:0:53:::
2551	338.0	1.3288346906056104E-4	1	1.1548677676406051E-4	TGTGCTCTGACTGGAGCCAATAGTAAGCTGACATTT	NNNNNNNNNNNNNNNNNNNNNNNNNNNNNNNNNNNN	TRAV9-2*00(710.9)		TRAJ56*00(569.6)		480|491|514|0|11|SG490C|101.0		26|51|82|11|36||270.0		TGTGCTCTGACTGGAGCCAATAGTAAGCTGACATTT	45	CALTGANSKLTF	:::::::::0:-3:11:::::11:-6:36:::
2977	338.0	1.3288346906056104E-4	1	1.1548677676406051E-4	TGTGCTCTAAGTGGCTCTAGGGGCGACTACAAGCTCAGCTTT	NNNNNNNNNNNNNNNNNNNNNNNNNNNNNNNNNNNNNNNNNN	TRAV16*00(774.8)		TRAJ20*00(471)		449|464|483|0|15||150.0		27|46|77|23|42||190.0		TGTGCTCTAAGTGGCTCTAGGGGCGACTACAAGCTCAGCTTT	45	CALSGSRGDYKLSF	:::::::::0:1:15:::::23:-7:42:::
2990	338.0	1.3288346906056104E-4	1	1.1548677676406051E-4	TGTGCTCTAAGTGACTCTGGGGCTGGGAGTTACCAACTCACTTTC	NNNNNNNNNNNNNNNNNNNNNNNNNNNNNNNNNNNNNNNNNNNNN	TRAV16*00(999.1)		TRAJ28*00(569.7)		449|462|483|0|13||130.0		23|55|86|13|45||320.0		TGTGCTCTAAGTGACTCTGGGGCTGGGAGTTACCAACTCACTTTC	45	CALSDSGAGSYQLTF	:::::::::0:-1:13:::::13:-3:45:::
3241	338.0	1.3288346906056104E-4	1	1.1548677676406051E-4	TGTGCTGTCCGTTTCAGGGAGCCCAGAAGCTGGTATTT	NNNNNNNNNNNNNNNNNNNNNNNNNNNNNNNNNNNNNN	TRAV21*00(949.5)		TRAJ54*00(538.8)		544|552|576|0|8||80.0		23|49|80|12|38||260.0		TGTGCTGTCCGTTTCAGGGAGCCCAGAAGCTGGTATTT	45	CAVRFR_AQKLVF	:::::::::0:-4:8:::::12:-3:38:::
3437	338.0	1.3288346906056104E-4	1	1.1548677676406051E-4	TGTGCTGTGCAGGCCGGGGGTGGTACTAGCTATGGAAAGCTGACATTT	NNNNNNNNNNNNNNNNNNNNNNNNNNNNNNNNNNNNNNNNNNNNNNNN	TRAV20*00(559.8)		TRAJ52*00(599.7)		498|513|531|0|15||150.0		28|58|89|18|48||300.0		TGTGCTGTGCAGGCCGGGGGTGGTACTAGCTATGGAAAGCTGACATTT	45	CAVQAGGGTSYGKLTF	:::::::::0:2:15:::::18:-8:48:::
3451	338.0	1.3288346906056104E-4	1	1.1548677676406051E-4	TGTGCTGTGCAGGCGAATAGCGACTACAAGCTCAGCTTT	NNNNNNNNNNNNNNNNNNNNNNNNNNNNNNNNNNNNNNN	TRAV20*00(549)		TRAJ20*00(490.7)		498|512|531|0|14||140.0		24|46|77|17|39|SA26G|191.0		TGTGCTGTGCAGGCGAATAGCGACTACAAGCTCAGCTTT	45	CAVQANSDYKLSF	:::::::::0:1:14:::::17:-4:39:::
4643	338.0	1.3288346906056104E-4	1	1.1548677676406051E-4	TGTGCTGGGCAGCCTGGGGGAGGAGGTGCTGACGGACTCACCTTT	NNNNNNNNNNNNNNNNNNNNNNNNNNNNNNNNNNNNNNNNNNNNN	TRAV35*00(801.6)		TRAJ45*00(552.8)		588|601|620|0|13||130.0		28|55|86|18|45||270.0		TGTGCTGGGCAGCCTGGGGGAGGAGGTGCTGACGGACTCACCTTT	45	CAGQPGGGGADGLTF	:::::::::0:1:13:::::18:-8:45:::
6042	338.0	1.3288346906056104E-4	1	1.1548677676406051E-4	TGTGCCCCCCAAGAAATAGTGGAGGTAGCAACTATAAACTGACATTT	NNNNNNNNNNNNNNNNNNNNNNNNNNNNNNNNNNNNNNNNNNNNNNN	TRAV24*00(727.8)		TRAJ53*00(617.4)		515|521|545|0|6||60.0		22|55|86|14|47||330.0		TGTGCCCCCCAAGAAATAGTGGAGGTAGCAACTATAAACTGACATTT	45	CAPQEIVE_SNYKLTF	:::::::::0:-4:6:::::14:-2:47:::
6496	338.0	1.3288346906056104E-4	1	1.1548677676406051E-4	TGTGCCGCCCTCAAGTTTTCCGGGTATGCACTCAACTTC	NNNNNNNNNNNNNNNNNNNNNNNNNNNNNNNNNNNNNNN	TRAV12-2*00(475.8)		TRAJ41*00(479.9)		551|558|584|0|7||70.0		29|51|82|17|39||220.0		TGTGCCGCCCTCAAGTTTTCCGGGTATGCACTCAACTTC	45	CAALKFSGYALNF	:::::::::0:-6:7:::::17:-9:39:::
19010	338.0	1.3288346906056104E-4	1	1.1548677676406051E-4	TGCCTCGTGGGTGACCGGATTGTAACGGGAGGAGGAAACAAACTCACCTTT	NNNNNNNNNNNNNNNNNNNNNNNNNNNNNNNNNNNNNNNNNNNNNNNNNNN	TRAV4*00(1018.6)		TRAJ10*00(529.7)		768|783|804|0|15||150.0		26|53|84|24|51||270.0		TGCCTCGTGGGTGACCGGATTGTAACGGGAGGAGGAAACAAACTCACCTTT	45	CLVGDRIVTGGGNKLTF	:::::::::0:-1:15:::::24:-6:51:::
19044	338.0	1.3288346906056104E-4	1	1.1548677676406051E-4	TGCCTCGTGGGTAGTTTCGCGCTGGCAACAACCGTAAGCTGATTTGG	NNNNNNNNNNNNNNNNNNNNNNNNNNNNNNNNNNNNNNNNNNNNNNN	TRAV4*00(989)		TRAJ38*00(529.7)		768|780|804|0|12||120.0		24|51|82|20|47||270.0		TGCCTCGTGGGTAGTTTCGCGCTGGCAACAACCGTAAGCTGATTTGG	45	CLVGSFAL_NNRKLIW	:::::::::0:-4:12:::::20:-4:47:::
19145	338.0	1.3288346906056104E-4	1	1.1548677676406051E-4	TGCGCTGTGAGAGGCATGGATAGCAACTATCAGTTAATCTGG	NNNNNNNNNNNNNNNNNNNNNNNNNNNNNNNNNNNNNNNNNN	TRAV1-1*00(700.7)		TRAJ33*00(570)		670|683|704|0|13||130.0		18|46|77|14|42||280.0		TGCGCTGTGAGAGGCATGGATAGCAACTATCAGTTAATCTGG	45	CAVRGMDSNYQLIW	:::::::::0:-1:13:::::14:2:42:::
671	337.0	1.3249032270239372E-4	2	2.3097355352812103E-4	TGTGCTGTGACCCTGCTCTCTAGCAACACAGGCAAACTAATCTTT	[[[[[[[[[[[[[[[[[[[[[[[[[[[[[[[[[[[[[[[[[[[[[	TRAV8-6*00(669.5)		TRAJ37*00(560.9)		448|458|482|0|10||100.0		23|51|82|17|45|SG27A|251.0		TGTGCTGTGACCCTGCTCTCTAGCAACACAGGCAAACTAATCTTT	58	CAVTLLSSNTGKLIF	:::::::::0:-4:10:::::17:-3:45:::
1673	337.0	1.3249032270239372E-4	1	1.1548677676406051E-4	TGTGTGGTGTCCTATGGCTCTAGCAACACAGGCAAACTAATCTTT	NNNNNNNNNNNNNNNNNNNNNNNNNNNNNNNNNNNNNNNNNNNNN	TRAV12-1*00(949.3)		TRAJ37*00(560.6)		539|548|572|0|9||90.0		19|51|82|13|45|SG27A|291.0		TGTGTGGTGTCCTATGGCTCTAGCAACACAGGCAAACTAATCTTT	45	CVVSYGSSNTGKLIF	:::::::::0:-4:9:::::13:1:45:::
1793	337.0	1.3249032270239372E-4	1	1.1548677676406051E-4	TGTGTGGTGAGCGCGGTAGCTGCAGGCAACAAGCTAACTTTT	NNNNNNNNNNNNNNNNNNNNNNNNNNNNNNNNNNNNNNNNNN	TRAV10*00(925.2)		TRAJ17*00(524.8)		575|590|608|0|15||150.0		27|52|83|17|42||250.0		TGTGTGGTGAGCGCGGTAGCTGCAGGCAACAAGCTAACTTTT	45	CVVSAVAAGNKLTF	:::::::::0:2:15:::::17:-7:42:::
2468	337.0	1.3249032270239372E-4	1	1.1548677676406051E-4	TGTGCTCTCCAGAGCATGGAATATAGAAACAAACTGGTCTTT	NNNNNNNNNNNNNNNNNNNNNNNNNNNNNNNNNNNNNNNNNN	TRAV16*00(949.5)		TRAJ47*00(520.4)		449|457|483|0|8||80.0		18|46|77|14|42|SG28A|251.0		TGTGCTCTCCAGAGCATGGAATATAGAAACAAACTGGTCTTT	45	CALQSMEYRNKLVF	:::::::::0:-6:8:::::14:2:42:::
2609	337.0	1.3249032270239372E-4	1	1.1548677676406051E-4	TGTGCTCTGAGTGCCTAATGCTGGTGGTACTAGCTATGGAAAGCTGACATTT	NNNNNNNNNNNNNNNNNNNNNNNNNNNNNNNNNNNNNNNNNNNNNNNNNNNN	TRAV19*00(719.3)		TRAJ52*00(679.7)		556|569|593|0|13||130.0		20|58|89|14|52||380.0		TGTGCTCTGAGTGCCTAATGCTGGTGGTACTAGCTATGGAAAGCTGACATTT	45	CALSA*CWW_TSYGKLTF	:::::::::0:-4:13:::::14:0:52:::
2835	337.0	1.3249032270239372E-4	1	1.1548677676406051E-4	TGTGCTCTGAGGGCTCTGGGGGTTACCAGAAAGTTACCTTT	NNNNNNNNNNNNNNNNNNNNNNNNNNNNNNNNNNNNNNNNN	TRAV19*00(719.7)		TRAJ13*00(540.7)		556|567|593|0|11||110.0		25|52|83|14|41||270.0		TGTGCTCTGAGGGCTCTGGGGGTTACCAGAAAGTTACCTTT	45	CALRALG_YQKVTF	:::::::::0:-6:11:::::14:-5:41:::
2895	337.0	1.3249032270239372E-4	1	1.1548677676406051E-4	TGTGCTCTATGGAATAACAATGCCAGACTCATGTTT	NNNNNNNNNNNNNNNNNNNNNNNNNNNNNNNNNNNN	TRAV6*00(459.7)		TRAJ31*00(559.4)		535|544|568|0|9||90.0		20|46|77|10|36||260.0		TGTGCTCTATGGAATAACAATGCCAGACTCATGTTT	45	CALWNNNARLMF	:::::::::0:-4:9:::::10:0:36:::
2967	337.0	1.3249032270239372E-4	1	1.1548677676406051E-4	TGTGCTCTAAGTCTATTCAGGAGGAGGTGCTGACGGACTCACCTTT	NNNNNNNNNNNNNNNNNNNNNNNNNNNNNNNNNNNNNNNNNNNNNN	TRAV16*00(989.1)		TRAJ45*00(599.6)		449|461|483|0|12||120.0		22|55|86|13|46||330.0		TGTGCTCTAAGTCTATTCAGGAGGAGGTGCTGACGGACTCACCTTT	45	CALSLFRR_GADGLTF	:::::::::0:-2:12:::::13:-2:46:::
3054	337.0	1.3249032270239372E-4	1	1.1548677676406051E-4	TGTGCTCCCTGAACACCAATGCAGGCAAATCAACCTTT	NNNNNNNNNNNNNNNNNNNNNNNNNNNNNNNNNNNNNN	TRAV21*00(419.9)		TRAJ27*00(559.5)		544|550|576|0|6||60.0		21|48|79|11|38||270.0		TGTGCTCCCTGAACACCAATGCAGGCAAATCAACCTTT	45	CAP*TP_AGKSTF	:::::::::0:-6:6:::::11:-1:38:::
3183	337.0	1.3249032270239372E-4	1	1.1548677676406051E-4	TGTGCTGTTGACCCCTACAGCAGTGCTTCCAAGATAATCTTT	NNNNNNNNNNNNNNNNNNNNNNNNNNNNNNNNNNNNNNNNNN	TRAV1-2*00(639.9)		TRAJ3*00(569.3)		620|628|654|0|8||80.0		24|51|82|15|42||270.0		TGTGCTGTTGACCCCTACAGCAGTGCTTCCAAGATAATCTTT	45	CAVDPYSSASKIIF	:::::::::0:-6:8:::::15:-4:42:::
3318	337.0	1.3249032270239372E-4	1	1.1548677676406051E-4	TGTGCTGTCAGATCGCCCTTTGGAAATGAGAAATTAACCTTT	NNNNNNNNNNNNNNNNNNNNNNNNNNNNNNNNNNNNNNNNNN	TRAV41*00(810)		TRAJ48*00(559.8)		512|526|544|0|14||140.0		27|52|83|17|42||250.0		TGTGCTGTCAGATCGCCCTTTGGAAATGAGAAATTAACCTTT	45	CAVRSPFGNEKLTF	:::::::::0:2:14:::::17:-7:42:::
3384	337.0	1.3249032270239372E-4	1	1.1548677676406051E-4	TGTGCTGTGCTCTGTTATGAACACAGGCTTTCAGAAACTTGTATTT	NNNNNNNNNNNNNNNNNNNNNNNNNNNNNNNNNNNNNNNNNNNNNN	TRAV20*00(509.7)		TRAJ8*00(587.9)		498|508|531|0|10||100.0		19|49|80|16|46||300.0		TGTGCTGTGCTCTGTTATGAACACAGGCTTTCAGAAACTTGTATTT	45	CAVLCYEH_GFQKLVF	:::::::::0:-3:10:::::16:1:46:::
3476	337.0	1.3249032270239372E-4	1	1.1548677676406051E-4	TGTGCTGTGCAACCGGTAACCAGTTCTATTTT	NNNNNNNNNNNNNNNNNNNNNNNNNNNNNNNN	TRAV21*00(745)		TRAJ49*00(509.7)		544|553|576|0|9||90.0		24|45|76|11|32||210.0		TGTGCTGTGCAACCGGTAACCAGTTCTATTTT	45	CAVQP_NQFYF	:::::::::0:-3:9:::::11:-4:32:::
3839	337.0	1.3249032270239372E-4	1	1.1548677676406051E-4	TGTGCTGTGACGGATAGCAACTATCAGTTAATCTGG	NNNNNNNNNNNNNNNNNNNNNNNNNNNNNNNNNNNN	TRAV1-2*00(659.6)		TRAJ33*00(539.8)		620|630|654|0|10||100.0		21|46|77|11|36||250.0		TGTGCTGTGACGGATAGCAACTATCAGTTAATCTGG	45	CAVTDSNYQLIW	:::::::::0:-4:10:::::11:-1:36:::
4174	337.0	1.3249032270239372E-4	1	1.1548677676406051E-4	TGTGCTGTGAGGGGAGACACCGGTAACCAGTTCTATTTT	NNNNNNNNNNNNNNNNNNNNNNNNNNNNNNNNNNNNNNN	TRAV8-4*00(659.7)		TRAJ49*00(529.7)		476|487|510|0|11||110.0		22|45|76|16|39||230.0		TGTGCTGTGAGGGGAGACACCGGTAACCAGTTCTATTTT	45	CAVRGDTGNQFYF	:::::::::0:-3:11:::::16:-2:39:::
4301	337.0	1.3249032270239372E-4	1	1.1548677676406051E-4	TGTGCTGTGAGAGAGGGGACTGGGGCAAACAACCTCTTCTTT	NNNNNNNNNNNNNNNNNNNNNNNNNNNNNNNNNNNNNNNNNN	TRAV21*00(979.2)		TRAJ36*00(509.5)		544|555|576|0|11||110.0		24|48|79|18|42||240.0		TGTGCTGTGAGAGAGGGGACTGGGGCAAACAACCTCTTCTTT	45	CAVREGTGANNLFF	:::::::::0:-1:11:::::18:-4:42:::
6052	337.0	1.3249032270239372E-4	1	1.1548677676406051E-4	TGTGCCCCGTTCGCAAGACAAGCTCAGCTTT	NNNNNNNNNNNNNNNNNNNNNNNNNNNNNNN	TRAV22*00(479.8)		TRAJ20*00(439.3)		526|531|559|0|5||50.0		32|46|77|17|31||140.0		TGTGCCCCGTTCGCAAGACAAGCTCAGCTTT	45	CAPFA_DKLSF	:::::::::0:-8:5:::::17:-12:31:::
6285	337.0	1.3249032270239372E-4	1	1.1548677676406051E-4	TGTGCCGTGATGGGTAACACCGACAAGCTCATCTTT	NNNNNNNNNNNNNNNNNNNNNNNNNNNNNNNNNNNN	TRAV8-1*00(569.5)		TRAJ34*00(519.4)		474|484|508|0|10||100.0		25|47|78|14|36||220.0		TGTGCCGTGATGGGTAACACCGACAAGCTCATCTTT	45	CAVMGNTDKLIF	:::::::::0:-4:10:::::14:-5:36:::
6297	337.0	1.3249032270239372E-4	1	1.1548677676406051E-4	TGTGCCGTGACCCCCTCTAGCAACACAGGCAAACTAATCTTT	NNNNNNNNNNNNNNNNNNNNNNNNNNNNNNNNNNNNNNNNNN	TRAV8-1*00(569.7)		TRAJ37*00(560.5)		474|484|508|0|10||100.0		23|51|82|14|42|SG27A|251.0		TGTGCCGTGACCCCCTCTAGCAACACAGGCAAACTAATCTTT	45	CAVTPSSNTGKLIF	:::::::::0:-4:10:::::14:-3:42:::
17422	337.0	1.3249032270239372E-4	1	1.1548677676406051E-4	TGTGCAGTCGCTAACACCAATGCAGGCAAATCAACCTTT	NNNNNNNNNNNNNNNNNNNNNNNNNNNNNNNNNNNNNNN	TRAV5*00(412.4)		TRAJ27*00(569.8)		523|530|556|0|7||70.0		20|48|79|11|39||280.0		TGTGCAGTCGCTAACACCAATGCAGGCAAATCAACCTTT	45	CAVANTNAGKSTF	:::::::::0:-6:7:::::11:0:39:::
17482	337.0	1.3249032270239372E-4	1	1.1548677676406051E-4	TGTGCAGCCCCTGACTCCGGGTATGCACTCAACTTC	NNNNNNNNNNNNNNNNNNNNNNNNNNNNNNNNNNNN	TRAV13-1*00(939.4)		TRAJ41*00(469.8)		511|519|544|0|8||80.0		30|51|82|15|36||210.0		TGTGCAGCCCCTGACTCCGGGTATGCACTCAACTTC	45	CAAPDSGYALNF	:::::::::0:-5:8:::::15:-10:36:::
18179	337.0	1.3249032270239372E-4	1	1.1548677676406051E-4	TGTGCAGGGCAGGAGGATAGCAACTATCAGTTAATCTGG	NNNNNNNNNNNNNNNNNNNNNNNNNNNNNNNNNNNNNNN	TRAV25*00(542.8)		TRAJ33*00(539.4)		620|630|649|0|10||100.0		21|46|77|14|39||250.0		TGTGCAGGGCAGGAGGATAGCAACTATCAGTTAATCTGG	45	CAGQEDSNYQLIW	:::::::::0:1:10:::::14:-1:39:::
18367	337.0	1.3249032270239372E-4	1	1.1548677676406051E-4	TGTGCAGAGGGTGGATCTCAGGGAGCCCAGAAGCTGGTATTT	NNNNNNNNNNNNNNNNNNNNNNNNNNNNNNNNNNNNNNNNNN	TRAV13-2*00(539.8)		TRAJ54*00(539.5)		506|515|539|0|9||90.0		24|49|80|17|42||250.0		TGTGCAGAGGGTGGATCTCAGGGAGCCCAGAAGCTGGTATTT	45	CAEGGSQGAQKLVF	:::::::::0:-4:9:::::17:-4:42:::
18391	337.0	1.3249032270239372E-4	1	1.1548677676406051E-4	TGTGCAGAGATCGGATGATCAAAGCTGCAGGCAACAAGCTAACTTTT	NNNNNNNNNNNNNNNNNNNNNNNNNNNNNNNNNNNNNNNNNNNNNNN	TRAV13-2*00(549.9)		TRAJ17*00(629.5)		506|516|539|0|10||100.0		19|52|83|14|47||330.0		TGTGCAGAGATCGGATGATCAAAGCTGCAGGCAACAAGCTAACTTTT	45	CAEIG*SK_AGNKLTF	:::::::::0:-3:10:::::14:1:47:::
18872	337.0	1.3249032270239372E-4	1	1.1548677676406051E-4	TGTGGCATTCCCCCTCCCGGTGGGGGAACAATGACATGCGCTTT	NNNNNNNNNNNNNNNNNNNNNNNNNNNNNNNNNNNNNNNNNNNN	TRAV30*00(410.7)		TRAJ43*00(479.7)		567|574|600|0|7|SC569T|41.0		25|43|74|26|44||180.0		TGTGGCATTCCCCCTCCCGGTGGGGGAACAATGACATGCGCTTT	45	CGIPPPG_GNNDMRF	:::::::::0:-6:7:::::26:-5:44:::
2109	336.0	1.3209717634422638E-4	1	1.1548677676406051E-4	TGTGCTTTAATACCGGCACTGCCAGTAAACTCACCTTT	NNNNNNNNNNNNNNNNNNNNNNNNNNNNNNNNNNNNNN	TRAV17*00(859.3)		TRAJ44*00(609.6)		490|496|523|0|6||60.0		22|52|83|8|38||300.0		TGTGCTTTAATACCGGCACTGCCAGTAAACTCACCTTT	45	CALIPA_ASKLTF	:::::::::0:-7:6:::::8:-2:38:::
2349	336.0	1.3209717634422638E-4	1	1.1548677676406051E-4	TGTGCTCTTGGGGAATTCGGCTCTAGCAACACAGGCAAACTAATCTTT	NNNNNNNNNNNNNNNNNNNNNNNNNNNNNNNNNNNNNNNNNNNNNNNN	TRDV1*00(1019.3)		TRAJ37*00(540.6)		573|588|610|0|15||150.0		21|51|82|18|48|SG27A|271.0		TGTGCTCTTGGGGAATTCGGCTCTAGCAACACAGGCAAACTAATCTTT	45	CALGEFGSSNTGKLIF	:::::::::0:-2:15:::::18:-1:48:::
2449	336.0	1.3209717634422638E-4	1	1.1548677676406051E-4	TGTGCTCTCTCTGGGGCTGGGAGTTACCAACTCACTTTC	NNNNNNNNNNNNNNNNNNNNNNNNNNNNNNNNNNNNNNN	TRAV16*00(799.1)		TRAJ28*00(586.2)		449|457|483|0|8||80.0		24|55|86|8|39||310.0		TGTGCTCTCTCTGGGGCTGGGAGTTACCAACTCACTTTC	45	CALSGAGSYQLTF	:::::::::0:-6:8:::::8:-4:39:::
3291	336.0	1.3209717634422638E-4	1	1.1548677676406051E-4	TGTGCTGTCACCGGTAACCAGTTCTATTTT	NNNNNNNNNNNNNNNNNNNNNNNNNNNNNN	TRAV41*00(779.8)		TRAJ49*00(519.9)		512|521|544|0|9||100.0		24|45|76|9|30||220.0		TGTGCTGTCACCGGTAACCAGTTCTATTTT	45	CAVTGNQFYF	:::::::::0:-3:9:::::9:-4:30:::
3686	336.0	1.3209717634422638E-4	1	1.1548677676406051E-4	TGTGCTGTGGAGCTCTTCGCGGGAGGAAGCTACATACCTACATTT	NNNNNNNNNNNNNNNNNNNNNNNNNNNNNNNNNNNNNNNNNNNNN	TRAV2*00(1019.4)		TRAJ6*00(509.9)		519|531|553|0|12||120.0		27|51|82|21|45||240.0		TGTGCTGTGGAGCTCTTCGCGGGAGGAAGCTACATACCTACATTT	45	CAVELFAGGSYIPTF	:::::::::0:-2:12:::::21:-7:45:::
3891	336.0	1.3209717634422638E-4	1	1.1548677676406051E-4	TGTGCTGTGAGTGCTGGGGCACTTAACAATGACATGCGCTTT	NNNNNNNNNNNNNNNNNNNNNNNNNNNNNNNNNNNNNNNNNN	TRAV8-6*00(699.6)		TRAJ43*00(489.6)		448|461|482|0|13||130.0		24|43|74|23|42||190.0		TGTGCTGTGAGTGCTGGGGCACTTAACAATGACATGCGCTTT	45	CAVSAGALNNDMRF	:::::::::0:-1:13:::::23:-4:42:::
3958	336.0	1.3209717634422638E-4	1	1.1548677676406051E-4	TGTGCTGTGAGTGATCGGGGGGGTTACCAGAAAGTTACCTTT	NNNNNNNNNNNNNNNNNNNNNNNNNNNNNNNNNNNNNNNNNN	TRAV8-4*00(709.4)		TRAJ13*00(529.8)		476|492|510|0|16||160.0		28|52|83|18|42||240.0		TGTGCTGTGAGTGATCGGGGGGGTTACCAGAAAGTTACCTTT	45	CAVSDRGGYQKVTF	:::::::::0:2:16:::::18:-8:42:::
4103	336.0	1.3209717634422638E-4	1	1.1548677676406051E-4	TGTGCTGTGAGCGAAGGCACAGGCTTTCAGAAACTTGTATTT	NNNNNNNNNNNNNNNNNNNNNNNNNNNNNNNNNNNNNNNNNN	TRAV8-6*00(680.7)		TRAJ8*00(539.7)		448|462|482|0|14|ST459C|111.0		24|49|80|17|42||250.0		TGTGCTGTGAGCGAAGGCACAGGCTTTCAGAAACTTGTATTT	45	CAVSEGTGFQKLVF	:::::::::0:0:14:::::17:-4:42:::
4507	336.0	1.3209717634422638E-4	1	1.1548677676406051E-4	TGTGCTGGTCCCGAACACCGGTAACCAGTTCTATTTT	NNNNNNNNNNNNNNNNNNNNNNNNNNNNNNNNNNNNN	TRAV35*00(469.9)		TRAJ49*00(559.2)		588|596|620|0|8||80.0		19|45|76|11|37||260.0		TGTGCTGGTCCCGAACACCGGTAACCAGTTCTATTTT	45	CAGPEH_GNQFYF	:::::::::0:-4:8:::::11:1:37:::
4540	336.0	1.3209717634422638E-4	1	1.1548677676406051E-4	TGTGCTGGGTATAATAATGCAGGCAACATGCTCACCTTT	NNNNNNNNNNNNNNNNNNNNNNNNNNNNNNNNNNNNNNN	TRAV36/DV7*00(589.7)		TRAJ39*00(599.7)		500|507|533|0|7||70.0		23|52|83|10|39||290.0		TGTGCTGGGTATAATAATGCAGGCAACATGCTCACCTTT	45	CAGYNNAGNMLTF	:::::::::0:-6:7:::::10:-3:39:::
4741	336.0	1.3209717634422638E-4	1	1.1548677676406051E-4	TGTGCTGGAATAGCTGACTGGGGGAGGAGGTGCTGACGGACTCACCTTT	NNNNNNNNNNNNNNNNNNNNNNNNNNNNNNNNNNNNNNNNNNNNNNNNN	TRAV41*00(582)		TRAJ45*00(579.9)		512|519|544|0|7||70.0		28|55|86|22|49||270.0		TGTGCTGGAATAGCTGACTGGGGGAGGAGGTGCTGACGGACTCACCTTT	45	CAGIADWG_GGADGLTF	:::::::::0:-5:7:::::22:-8:49:::
4757	336.0	1.3209717634422638E-4	1	1.1548677676406051E-4	TGTGCTATGCGGACGATGGAATATGGAAACAAGCTGGTCTTT	NNNNNNNNNNNNNNNNNNNNNNNNNNNNNNNNNNNNNNNNNN	TRAV21*00(931.3)		TRAJ47*00(510.5)		544|556|576|0|12|SG550ASA553C|62.0		19|46|77|15|42|SA36G|241.0		TGTGCTATGCGGACGATGGAATATGGAAACAAGCTGGTCTTT	45	CAMRTMEYGNKLVF	:::::::::0:0:12:::::15:1:42:::
4771	336.0	1.3209717634422638E-4	1	1.1548677676406051E-4	TGTGCTACCTCTGGTTCTGCAAGGCAACTGACCTTT	NNNNNNNNNNNNNNNNNNNNNNNNNNNNNNNNNNNN	TRAV17*00(879.7)		TRAJ22*00(579.6)		490|498|523|0|8||80.0		25|52|83|9|36||270.0		TGTGCTACCTCTGGTTCTGCAAGGCAACTGACCTTT	45	CATSGSARQLTF	:::::::::0:-5:8:::::9:-5:36:::
4849	336.0	1.3209717634422638E-4	1	1.1548677676406051E-4	TGTGCTACGGACGCTCAGGGAGCCCAGAAGCTGGTATTT	NNNNNNNNNNNNNNNNNNNNNNNNNNNNNNNNNNNNNNN	TRAV17*00(939.7)		TRAJ54*00(539.2)		490|504|523|0|14||140.0		24|49|80|14|39||250.0		TGTGCTACGGACGCTCAGGGAGCCCAGAAGCTGGTATTT	45	CATDAQGAQKLVF	:::::::::0:1:14:::::14:-4:39:::
4862	336.0	1.3209717634422638E-4	1	1.1548677676406051E-4	TGTGCTACGGACGCGGGTCTGGAAAACTGACAGCTGGGGGAAATTGCAGTTT	NNNNNNNNNNNNNNNNNNNNNNNNNNNNNNNNNNNNNNNNNNNNNNNNNNNN	TRAV17*00(949.7)		TRAJ24*00(530.5)		490|505|523|0|15||150.0		21|52|83|21|52|SC23A|281.0		TGTGCTACGGACGCGGGTCTGGAAAACTGACAGCTGGGGGAAATTGCAGTTT	45	CATDAGLEN_DSWGKLQF	:::::::::0:2:15:::::21:-1:52:::
4915	336.0	1.3209717634422638E-4	1	1.1548677676406051E-4	TGTGCTACAGGGAAGGGAAACAAGCTGGTCTTT	NNNNNNNNNNNNNNNNNNNNNNNNNNNNNNNNN	TRAV17*00(879)		TRAJ47*00(460.7)		490|498|523|0|8||80.0		28|46|77|15|33|SA36G|151.0		TGTGCTACAGGGAAGGGAAACAAGCTGGTCTTT	45	CATGKGNKLVF	:::::::::0:-5:8:::::15:-8:33:::
6040	336.0	1.3209717634422638E-4	1	1.1548677676406051E-4	TGTGCCCCCCAGAACTTGTATTT	NNNNNNNNNNNNNNNNNNNNNNN	TRAV13-2*00(499.7)		TRAJ8*00(399.8)		506|511|539|0|5||50.0		38|49|80|12|23||110.0		TGTGCCCCCCAGAACTTGTATTT	45	CAPQ_LVF	:::::::::0:-8:5:::::12:-18:23:::
17432	336.0	1.3209717634422638E-4	1	1.1548677676406051E-4	TGTGCAGTAGGGGGGGCTGCAGGCAACAAGCTAACTTTT	NNNNNNNNNNNNNNNNNNNNNNNNNNNNNNNNNNNNNNN	TRAV13-1*00(550)		TRAJ17*00(539.7)		511|518|544|0|7||70.0		28|52|83|15|39||240.0		TGTGCAGTAGGGGGGGCTGCAGGCAACAAGCTAACTTTT	45	CAVGGAAGNKLTF	:::::::::0:-6:7:::::15:-8:39:::
17765	336.0	1.3209717634422638E-4	1	1.1548677676406051E-4	TGTGCAGCAAGTAAGGGGAGCAGCTATAAATTGATCTTC	NNNNNNNNNNNNNNNNNNNNNNNNNNNNNNNNNNNNNNN	TRAV13-1*00(989.2)		TRAJ12*00(489.7)		511|524|544|0|13||130.0		28|49|80|18|39||210.0		TGTGCAGCAAGTAAGGGGAGCAGCTATAAATTGATCTTC	45	CAASKGSSYKLIF	:::::::::0:0:13:::::18:-8:39:::
18242	336.0	1.3209717634422638E-4	1	1.1548677676406051E-4	TGTGCAGGAGCTTTAGGGGGTACTAGCTATGGAAAGCTGACATTT	NNNNNNNNNNNNNNNNNNNNNNNNNNNNNNNNNNNNNNNNNNNNN	TRAV27*00(661.8)		TRAJ52*00(570.9)		552|564|582|0|12||120.0		28|58|89|15|45|ST30G|271.0		TGTGCAGGAGCTTTAGGGGGTACTAGCTATGGAAAGCTGACATTT	45	CAGALGGTSYGKLTF	:::::::::0:2:12:::::15:-8:45:::
18880	336.0	1.3209717634422638E-4	1	1.1548677676406051E-4	TGTGGCACAGAGCCGAATGCAGGCAACATGCTCACCTTT	NNNNNNNNNNNNNNNNNNNNNNNNNNNNNNNNNNNNNNN	TRAV30*00(460.7)		TRAJ39*00(549.8)		567|579|600|0|12|SC569T|91.0		28|52|83|15|39||240.0		TGTGGCACAGAGCCGAATGCAGGCAACATGCTCACCTTT	45	CGTEPNAGNMLTF	:::::::::0:-1:12:::::15:-8:39:::
20227	336.0	1.3209717634422638E-4	1	1.1548677676406051E-4	TGCATCCTGAGGCCTCAGGCAACATGCTCACCTTT	NNNNNNNNNNNNNNNNNNNNNNNNNNNNNNNNNNN	TRAV26-2*00(589.7)		TRAJ39*00(509.9)		791|802|826|0|11||110.0		32|52|83|15|35||200.0		TGCATCCTGAGGCCTCAGGCAACATGCTCACCTTT	45	CILRPQ_NMLTF	:::::::::0:-4:11:::::15:-12:35:::
21388	336.0	1.3209717634422638E-4	1	1.1548677676406051E-4	GAGATATCTAACTTTGGAAATGAGAAATTAACCTTT	NNNNNNNNNNNNNNNNNNNNNNNNNNNNNNNNNNNN	TRAV12-1*00(858.9)		TRAJ48*00(640.3)		539|539|572|0|0||0.0		16|52|83|0|36|ST18G|331.0		GAGATATCTAACTTTGGAAATGAGAAATTAACCTTT	45	EISNFGNEKLTF	:::::::::0:-13:0:::::0:4:36:::
768	335.0	1.3170402998605903E-4	2	2.3097355352812103E-4	TGTGCCCCCCCCGG	[[[[[[[[[[[[[[	TRAV19*00(642.2)		TRAJ30*00(309.9)		556|561|593|0|5||50.0		46|46|77|14|14||0.0		TGTGCCCCCCCCGG	58	CA_PR	:::::::::0:-12:5:::::14:-26:14:::
1816	335.0	1.3170402998605903E-4	1	1.1548677676406051E-4	TGTGTGGTGAGCGGACTCTGGGGCTGGGAGTTACCAACTCACTTTC	NNNNNNNNNNNNNNNNNNNNNNNNNNNNNNNNNNNNNNNNNNNNNN	TRAV10*00(1039)		TRAJ28*00(569.1)		575|588|608|0|13||130.0		23|55|86|14|46||320.0		TGTGTGGTGAGCGGACTCTGGGGCTGGGAGTTACCAACTCACTTTC	45	CVVSGLWG_GSYQLTF	:::::::::0:0:13:::::14:-3:46:::
2611	335.0	1.3170402998605903E-4	1	1.1548677676406051E-4	TGTGCTCTGAGTGCCCTATAACACCGACAAGCTCATCTTT	NNNNNNNNNNNNNNNNNNNNNNNNNNNNNNNNNNNNNNNN	TRAV9-2*00(752.3)		TRAJ34*00(539.4)		480|493|514|0|13||130.0		23|47|78|16|40||240.0		TGTGCTCTGAGTGCCCTATAACACCGACAAGCTCATCTTT	45	CALSAL*_TDKLIF	:::::::::0:-1:13:::::16:-3:40:::
2641	335.0	1.3170402998605903E-4	1	1.1548677676406051E-4	TGTGCTCTGAGTGGAAGTAACAATGCCAGACTCATGTTT	NNNNNNNNNNNNNNNNNNNNNNNNNNNNNNNNNNNNNNN	TRAV9-2*00(739.6)		TRAJ31*00(519.8)		480|493|514|0|13||130.0		24|46|77|17|39||220.0		TGTGCTCTGAGTGGAAGTAACAATGCCAGACTCATGTTT	45	CALSGSNNARLMF	:::::::::0:-1:13:::::17:-4:39:::
2828	335.0	1.3170402998605903E-4	1	1.1548677676406051E-4	TGTGCTCTGAGGTCGGCCAACGGGAGGAGGAAACAAACTCACCTTT	NNNNNNNNNNNNNNNNNNNNNNNNNNNNNNNNNNNNNNNNNNNNNN	TRAV9-2*00(726)		TRAJ10*00(569.6)		480|491|514|0|11||110.0		26|53|84|19|46||270.0		TGTGCTCTGAGGTCGGCCAACGGGAGGAGGAAACAAACTCACCTTT	45	CALRSANG_GGNKLTF	:::::::::0:-3:11:::::19:-6:46:::
2974	335.0	1.3170402998605903E-4	1	1.1548677676406051E-4	TGTGCTCTAAGTGGTTGGAACACCGGTAACCAGTTCTATTTT	NNNNNNNNNNNNNNNNNNNNNNNNNNNNNNNNNNNNNNNNNN	TRAV16*00(806.2)		TRAJ49*00(537.8)		449|463|483|0|14||140.0		17|45|76|14|42|SC19G|261.0		TGTGCTCTAAGTGGTTGGAACACCGGTAACCAGTTCTATTTT	45	CALSGWNTGNQFYF	:::::::::0:0:14:::::14:3:42:::
3048	335.0	1.3170402998605903E-4	1	1.1548677676406051E-4	TGTGCTCCCTTAACTTTGGAAATGAGAAATTAACCTTT	NNNNNNNNNNNNNNNNNNNNNNNNNNNNNNNNNNNNNN	TRAV38-1*00(519.8)		TRAJ48*00(589.3)		596|602|633|0|6||60.0		24|52|83|10|38||280.0		TGTGCTCCCTTAACTTTGGAAATGAGAAATTAACCTTT	45	CAPLTL_NEKLTF	:::::::::0:-11:6:::::10:-4:38:::
3871	335.0	1.3170402998605903E-4	1	1.1548677676406051E-4	TGTGCTGTGAGTCGTTCTAACGACTACAAGCTCAGCTTT	NNNNNNNNNNNNNNNNNNNNNNNNNNNNNNNNNNNNNNN	TRAV8-6*00(689.8)		TRAJ20*00(571)		448|460|482|0|12||120.0		19|46|77|12|39||270.0		TGTGCTGTGAGTCGTTCTAACGACTACAAGCTCAGCTTT	45	CAVSRSNDYKLSF	:::::::::0:-2:12:::::12:1:39:::
3926	335.0	1.3170402998605903E-4	1	1.1548677676406051E-4	TGTGCTGTGAGTGGGAGCAGTGCTTCCAAGATAATCTTT	NNNNNNNNNNNNNNNNNNNNNNNNNNNNNNNNNNNNNNN	TRAV8-6*00(699.7)		TRAJ3*00(539.8)		448|461|482|0|13||130.0		27|51|82|15|39||240.0		TGTGCTGTGAGTGGGAGCAGTGCTTCCAAGATAATCTTT	45	CAVSGSSASKIIF	:::::::::0:-1:13:::::15:-7:39:::
4146	335.0	1.3170402998605903E-4	1	1.1548677676406051E-4	TGTGCTGTGAGGCCAATAACCAGGGAGGAAAGCTTATCTTC	NNNNNNNNNNNNNNNNNNNNNNNNNNNNNNNNNNNNNNNNN	TRAV21*00(1009.3)		TRAJ23*00(490.6)		544|558|576|0|14||140.0		26|52|83|15|41||260.0		TGTGCTGTGAGGCCAATAACCAGGGAGGAAAGCTTATCTTC	45	CAVRPIT_GGKLIF	:::::::::0:2:14:::::15:-6:41:::
4285	335.0	1.3170402998605903E-4	1	1.1548677676406051E-4	TGTGCTGTGAGAGACATCGGGTCTAACGACTACAAGCTCAGCTTT	NNNNNNNNNNNNNNNNNNNNNNNNNNNNNNNNNNNNNNNNNNNNN	TRAV3*00(649.6)		TRAJ20*00(539.7)		437|454|473|0|17||170.0		22|46|77|21|45||240.0		TGTGCTGTGAGAGACATCGGGTCTAACGACTACAAGCTCAGCTTT	45	CAVRDIGSNDYKLSF	:::::::::0:1:17:::::21:-2:45:::
4398	335.0	1.3170402998605903E-4	1	1.1548677676406051E-4	TGTGCTGCTAGAACAACAGACTCGCTTTT	NNNNNNNNNNNNNNNNNNNNNNNNNNNNN	TRAV8-3*00(521.9)		TRAJ7*00(479.9)		455|462|489|0|7||70.0		29|48|79|10|29||190.0		TGTGCTGCTAGAACAACAGACTCGCTTTT	45	CAART_RLAF	:::::::::0:-7:7:::::10:-9:29:::
4412	335.0	1.3170402998605903E-4	1	1.1548677676406051E-4	TGTGCTGCCTACTCAGGAGGAAGCTACATACCTACATTT	NNNNNNNNNNNNNNNNNNNNNNNNNNNNNNNNNNNNNNN	TRAV20*00(479.7)		TRAJ6*00(579.4)		498|505|531|0|7||70.0		24|51|82|12|39||270.0		TGTGCTGCCTACTCAGGAGGAAGCTACATACCTACATTT	45	CAAYSGGSYIPTF	:::::::::0:-6:7:::::12:-4:39:::
4856	335.0	1.3170402998605903E-4	1	1.1548677676406051E-4	TGTGCTACGGACGCGTCGGATAACTATGGTCAGAATTTTGTCTTT	NNNNNNNNNNNNNNNNNNNNNNNNNNNNNNNNNNNNNNNNNNNNN	TRAV17*00(969.2)		TRAJ26*00(559.2)		490|507|523|0|17||170.0		21|49|80|17|45||280.0		TGTGCTACGGACGCGTCGGATAACTATGGTCAGAATTTTGTCTTT	45	CATDASDNYGQNFVF	:::::::::0:4:17:::::17:-1:45:::
17321	335.0	1.3170402998605903E-4	1	1.1548677676406051E-4	TGTGCGCTCCGTGACTCTGGGGCTGGGAGTTACCAACTCACTTTC	NNNNNNNNNNNNNNNNNNNNNNNNNNNNNNNNNNNNNNNNNNNNN	TRAV25*00(492.5)		TRAJ28*00(608.9)		620|625|649|0|5||50.0		23|55|86|13|45||320.0		TGTGCGCTCCGTGACTCTGGGGCTGGGAGTTACCAACTCACTTTC	45	CALRDSGAGSYQLTF	:::::::::0:-4:5:::::13:-3:45:::
17449	335.0	1.3170402998605903E-4	1	1.1548677676406051E-4	TGTGCAGCTCACTCGGATAGCAACTATCAGTTAATCTGG	NNNNNNNNNNNNNNNNNNNNNNNNNNNNNNNNNNNNNNN	TRAV13-1*00(559.9)		TRAJ33*00(539.7)		511|519|544|0|8||80.0		21|46|77|14|39||250.0		TGTGCAGCTCACTCGGATAGCAACTATCAGTTAATCTGG	45	CAAHSDSNYQLIW	:::::::::0:-5:8:::::14:-1:39:::
17525	335.0	1.3170402998605903E-4	1	1.1548677676406051E-4	TGTGCAGCGACTCACCTTT	NNNNNNNNNNNNNNNNNNN	TRAV13-1*00(939.4)		TRAJ44*00(409.7)		511|519|544|0|8||80.0		42|52|83|9|19||100.0		TGTGCAGCGACTCACCTTT	45	CAA_LTF	:::::::::0:-5:8:::::9:-22:19:::
17634	335.0	1.3170402998605903E-4	1	1.1548677676406051E-4	TGTGCAGCAACCACAGACATTAATAATGCAGGCAACATGCTCACCTTT	NNNNNNNNNNNNNNNNNNNNNNNNNNNNNNNNNNNNNNNNNNNNNNNN	TRAV29/DV5*00(510)		TRAJ39*00(589.7)		529|539|562|0|10||100.0		24|52|83|20|48||280.0		TGTGCAGCAACCACAGACATTAATAATGCAGGCAACATGCTCACCTTT	45	CAATTDINNAGNMLTF	:::::::::0:-3:10:::::20:-4:48:::
17743	335.0	1.3170402998605903E-4	1	1.1548677676406051E-4	TGTGCAGCAAGTAGGGACAATGACATGCGCTTT	NNNNNNNNNNNNNNNNNNNNNNNNNNNNNNNNN	TRAV13-1*00(609.9)		TRAJ43*00(469.9)		511|524|544|0|13||130.0		26|43|74|16|33||170.0		TGTGCAGCAAGTAGGGACAATGACATGCGCTTT	45	CAASRDNDMRF	:::::::::0:0:13:::::16:-6:33:::
18855	335.0	1.3170402998605903E-4	1	1.1548677676406051E-4	TGTGCAAGTCAGACAATCGCTGGTGGTACTAGCTATGGAAAGCTGACATTT	NNNNNNNNNNNNNNNNNNNNNNNNNNNNNNNNNNNNNNNNNNNNNNNNNNN	TRAV12-3*00(711.2)		TRAJ52*00(608.5)		562|569|595|0|7||70.0		25|58|89|18|51||330.0		TGTGCAAGTCAGACAATCGCTGGTGGTACTAGCTATGGAAAGCTGACATTT	45	CASQTIAGGTSYGKLTF	:::::::::0:-6:7:::::18:-5:51:::
20224	335.0	1.3170402998605903E-4	1	1.1548677676406051E-4	TGCATCCTGAGCGGTGGTAATGCAGGCAACATGCTCACCTTT	NNNNNNNNNNNNNNNNNNNNNNNNNNNNNNNNNNNNNNNNNN	TRAV26-2*00(589.3)		TRAJ39*00(559.6)		791|802|826|0|11||110.0		27|52|83|17|42||250.0		TGCATCCTGAGCGGTGGTAATGCAGGCAACATGCTCACCTTT	45	CILSGGNAGNMLTF	:::::::::0:-4:11:::::17:-7:42:::
2236	334.0	1.3131088362789168E-4	1	1.1548677676406051E-4	TGTGCTTATAGGAGCGCGAGAGACAGAGATGACAAGATCATCTTT	NNNNNNNNNNNNNNNNNNNNNNNNNNNNNNNNNNNNNNNNNNNNN	TRAV38-2/DV8*00(616.4)		TRAJ30*00(539.6)		602|620|638|0|18||180.0		23|46|77|22|45||230.0		TGTGCTTATAGGAGCGCGAGAGACAGAGATGACAAGATCATCTTT	45	CAYRSARDRDDKIIF	:::::::::0:2:18:::::22:-3:45:::
2264	334.0	1.3131088362789168E-4	1	1.1548677676406051E-4	TGTGCTTATAAGCCCGGCAACAACCGTAAGCTGATTTGG	NNNNNNNNNNNNNNNNNNNNNNNNNNNNNNNNNNNNNNN	TRAV38-2/DV8*00(559.9)		TRAJ38*00(539.4)		602|610|638|0|8||100.0		20|51|82|8|39|ST23GSG24CST26C|253.0		TGTGCTTATAAGCCCGGCAACAACCGTAAGCTGATTTGG	45	CAYKPGNNRKLIW	:::::::::0:-8:8:::::8:0:39:::
3124	334.0	1.3131088362789168E-4	1	1.1548677676406051E-4	TGTGCTCGAGCTTCTGGTTCTGCAAGGCAACTGACCTTT	NNNNNNNNNNNNNNNNNNNNNNNNNNNNNNNNNNNNNNN	TRAV24*00(775.4)		TRAJ22*00(573)		515|520|545|0|5||50.0		23|52|83|10|39||290.0		TGTGCTCGAGCTTCTGGTTCTGCAAGGCAACTGACCTTT	45	CARASGSARQLTF	:::::::::0:-5:5:::::10:-3:39:::
3269	334.0	1.3131088362789168E-4	1	1.1548677676406051E-4	TGTGCTGTCGGGGTAGGAGCCCAGAAGCTGGTATTT	NNNNNNNNNNNNNNNNNNNNNNNNNNNNNNNNNNNN	TRAV41*00(769.9)		TRAJ54*00(499.4)		512|521|544|0|9||90.0		28|49|80|15|36||210.0		TGTGCTGTCGGGGTAGGAGCCCAGAAGCTGGTATTT	45	CAVGVGAQKLVF	:::::::::0:-3:9:::::15:-8:36:::
4372	334.0	1.3131088362789168E-4	1	1.1548677676406051E-4	TGTGCTGTAGGAACCAATGCAGGCAAATCAACCTTT	NNNNNNNNNNNNNNNNNNNNNNNNNNNNNNNNNNNN	TRAV8-3*00(536.4)		TRAJ27*00(529.7)		455|466|489|0|11|SG463A|81.0		24|48|79|12|36||240.0		TGTGCTGTAGGAACCAATGCAGGCAAATCAACCTTT	45	CAVGTNAGKSTF	:::::::::0:-3:11:::::12:-4:36:::
5982	334.0	1.3131088362789168E-4	1	1.1548677676406051E-4	TGTGCCCTGATGGATAGCAACTATCAGTTAATCTGG	NNNNNNNNNNNNNNNNNNNNNNNNNNNNNNNNNNNN	TRAV1-2*00(609.6)		TRAJ33*00(559.4)		620|625|654|0|5||50.0		19|46|77|9|36||270.0		TGTGCCCTGATGGATAGCAACTATCAGTTAATCTGG	45	CALMDSNYQLIW	:::::::::0:-9:5:::::9:1:36:::
6167	334.0	1.3131088362789168E-4	1	1.1548677676406051E-4	TGTGCCGTGTCTGGTAAACGGAATATAGAAACAAACTGGTCTTT	NNNNNNNNNNNNNNNNNNNNNNNNNNNNNNNNNNNNNNNNNNNN	TRAV39*00(729.2)		TRAJ47*00(458.4)		507|516|540|0|9||90.0		21|46|77|19|44|SG28A|221.0		TGTGCCGTGTCTGGTAAACGGAATATAGAAACAAACTGGTCTTT	45	CAVSGKR_YRNKLVF	:::::::::0:-4:9:::::19:-1:44:::
6345	334.0	1.3131088362789168E-4	1	1.1548677676406051E-4	TGTGCCGTGAATGCTCCTAGCAACTATCAGTTAATCTGG	NNNNNNNNNNNNNNNNNNNNNNNNNNNNNNNNNNNNNNN	TRAV8-1*00(609.7)		TRAJ33*00(437.6)		474|488|508|0|14||140.0		24|46|77|17|39||220.0		TGTGCCGTGAATGCTCCTAGCAACTATCAGTTAATCTGG	45	CAVNAPSNYQLIW	:::::::::0:0:14:::::17:-4:39:::
17540	334.0	1.3131088362789168E-4	1	1.1548677676406051E-4	TGTGCAGCATGGATAGCAACTATCAGTTAATCTGG	NNNNNNNNNNNNNNNNNNNNNNNNNNNNNNNNNNN	TRAV23/DV6*00(459.8)		TRAJ33*00(569.8)		517|525|550|0|8||90.0		19|46|77|8|35||280.0		TGTGCAGCATGGATAGCAACTATCAGTTAATCTGG	45	CAAWIA_YQLIW	:::::::::0:-5:8:::::8:1:35:::
18349	334.0	1.3131088362789168E-4	1	1.1548677676406051E-4	TGTGCAGAGTGGTTTCAGGGAGCCCAGAAGCTGGTATTT	NNNNNNNNNNNNNNNNNNNNNNNNNNNNNNNNNNNNNNN	TRAV13-2*00(539.9)		TRAJ54*00(549.4)		506|515|539|0|9||90.0		23|49|80|13|39||260.0		TGTGCAGAGTGGTTTCAGGGAGCCCAGAAGCTGGTATTT	45	CAEWFQGAQKLVF	:::::::::0:-4:9:::::13:-3:39:::
19100	334.0	1.3131088362789168E-4	1	1.1548677676406051E-4	TGCGCTGTCTCCCTAACCCTCTAGCAACACAGGCAAACTAATCTTT	NNNNNNNNNNNNNNNNNNNNNNNNNNNNNNNNNNNNNNNNNNNNNN	TRAV1-1*00(650.8)		TRAJ37*00(560.8)		670|678|704|0|8||80.0		23|51|82|18|46|SG27A|251.0		TGCGCTGTCTCCCTAACCCTCTAGCAACACAGGCAAACTAATCTTT	45	CAVSLTL*_NTGKLIF	:::::::::0:-6:8:::::18:-3:46:::
1572	333.0	1.3091773726972434E-4	1	1.1548677676406051E-4	TGTGTTGTGGGCCCGGATAGCAACTATCAGTTAATCTGG	NNNNNNNNNNNNNNNNNNNNNNNNNNNNNNNNNNNNNNN	TRAV8-2*00(639.5)		TRAJ33*00(539.9)		466|475|500|0|9||90.0		21|46|77|14|39||250.0		TGTGTTGTGGGCCCGGATAGCAACTATCAGTTAATCTGG	45	CVVGPDSNYQLIW	:::::::::0:-5:9:::::14:-1:39:::
1996	333.0	1.3091773726972434E-4	1	1.1548677676406051E-4	TGTGCTTTTGTGGCAAATTCCGGGTATGCACTCAACTTC	NNNNNNNNNNNNNNNNNNNNNNNNNNNNNNNNNNNNNNN	TRAV38-2/DV8*00(529.7)		TRAJ41*00(519.7)		602|609|638|0|7||70.0		25|51|82|13|39||260.0		TGTGCTTTTGTGGCAAATTCCGGGTATGCACTCAACTTC	45	CAFVANSGYALNF	:::::::::0:-9:7:::::13:-5:39:::
2634	333.0	1.3091773726972434E-4	1	1.1548677676406051E-4	TGTGCTCTGAGTGGGGAGCAATGCTTCCAAGATAATCTTT	NNNNNNNNNNNNNNNNNNNNNNNNNNNNNNNNNNNNNNNN	TRAV9-2*00(754.4)		TRAJ3*00(510.7)		480|493|514|0|13||130.0		27|51|82|16|40|SG31A|211.0		TGTGCTCTGAGTGGGGAGCAATGCTTCCAAGATAATCTTT	45	CALSGEQ_ASKIIF	:::::::::0:-1:13:::::16:-7:40:::
2955	333.0	1.3091773726972434E-4	1	1.1548677676406051E-4	TGTGCTCTAATGCTTGAGGGAGTGGAGGTAGCAACTATAAACTGACATTT	NNNNNNNNNNNNNNNNNNNNNNNNNNNNNNNNNNNNNNNNNNNNNNNNNN	TRAV16*00(767.6)		TRAJ53*00(587.4)		449|459|483|0|10||100.0		25|55|86|20|50||300.0		TGTGCTCTAATGCTTGAGGGAGTGGAGGTAGCAACTATAAACTGACATTT	45	CALMLEGV_GSNYKLTF	:::::::::0:-4:10:::::20:-5:50:::
2966	333.0	1.3091773726972434E-4	1	1.1548677676406051E-4	TGTGCTCTAAGTCTTAGTGGAGGTAGCAACTATAAACTGACATTT	NNNNNNNNNNNNNNNNNNNNNNNNNNNNNNNNNNNNNNNNNNNNN	TRAV16*00(784.7)		TRAJ53*00(597.3)		449|461|483|0|12||120.0		24|55|86|14|45||310.0		TGTGCTCTAAGTCTTAGTGGAGGTAGCAACTATAAACTGACATTT	45	CALSLSGGSNYKLTF	:::::::::0:-2:12:::::14:-4:45:::
3215	333.0	1.3091773726972434E-4	1	1.1548677676406051E-4	TGTGCTGTCTCAACGGGAGGAGGAAACAAACTCACCTTT	NNNNNNNNNNNNNNNNNNNNNNNNNNNNNNNNNNNNNNN	TRAV2*00(979)		TRAJ10*00(529.2)		519|527|553|0|8||80.0		26|53|84|12|39||270.0		TGTGCTGTCTCAACGGGAGGAGGAAACAAACTCACCTTT	45	CAVSTGGGNKLTF	:::::::::0:-6:8:::::12:-6:39:::
3383	333.0	1.3091773726972434E-4	1	1.1548677676406051E-4	TGTGCTGTGCTTAAACTGGAGCCAATAGTAAGCTGACATTT	NNNNNNNNNNNNNNNNNNNNNNNNNNNNNNNNNNNNNNNNN	TRAV21*00(732.6)		TRAJ56*00(568.1)		544|553|576|0|9||90.0		20|51|82|10|41|ST23A|281.0		TGTGCTGTGCTTAAACTGGAGCCAATAGTAAGCTGACATTT	45	CAVLKLE_NSKLTF	:::::::::0:-3:9:::::10:0:41:::
3582	333.0	1.3091773726972434E-4	1	1.1548677676406051E-4	TGTGCTGTGGGTGCAGGAGGAGGTGCTGACGGACTCACCTTT	NNNNNNNNNNNNNNNNNNNNNNNNNNNNNNNNNNNNNNNNNN	TRAV8-3*00(630.6)		TRAJ45*00(599.4)		455|469|489|0|14||140.0		27|55|86|14|42||290.0		TGTGCTGTGGGTGCAGGAGGAGGTGCTGACGGACTCACCTTT	45	CAVGAGGGADGLTF	:::::::::0:0:14:::::14:-7:42:::
3617	333.0	1.3091773726972434E-4	1	1.1548677676406051E-4	TGTGCTGTGGGCGGGGGTTCAGGATACAGCACCCTCACCTTT	NNNNNNNNNNNNNNNNNNNNNNNNNNNNNNNNNNNNNNNNNN	TRAV1-2*00(649.9)		TRAJ11*00(559.4)		620|629|654|0|9||90.0		24|49|80|17|42||250.0		TGTGCTGTGGGCGGGGGTTCAGGATACAGCACCCTCACCTTT	45	CAVGGGSGYSTLTF	:::::::::0:-5:9:::::17:-4:42:::
4297	333.0	1.3091773726972434E-4	1	1.1548677676406051E-4	TGTGCTGTGAGAGACAGGGGGCTTTGGGAATGTGCTGCATTGC	NNNNNNNNNNNNNNNNNNNNNNNNNNNNNNNNNNNNNNNNNNN	TRAV3*00(639.5)		TRAJ35*00(549.8)		437|453|473|0|16||160.0		24|48|79|19|43||240.0		TGTGCTGTGAGAGACAGGGGGCTTTGGGAATGTGCTGCATTGC	45	CAVRDRG_FGNVLHC	:::::::::0:0:16:::::19:-4:43:::
4999	333.0	1.3091773726972434E-4	1	1.1548677676406051E-4	TGTGCCTTTGTGGACACCGACAAGCTCATCTTT	NNNNNNNNNNNNNNNNNNNNNNNNNNNNNNNNN	TRAV24*00(989.2)		TRAJ34*00(499.6)		515|524|545|0|9||90.0		27|47|78|13|33||200.0		TGTGCCTTTGTGGACACCGACAAGCTCATCTTT	45	CAFVDTDKLIF	:::::::::0:-1:9:::::13:-7:33:::
6191	333.0	1.3091773726972434E-4	1	1.1548677676406051E-4	TGTGCCGTGGTGAGATACCGGCACTGCCAGTAAACTCACCTTT	NNNNNNNNNNNNNNNNNNNNNNNNNNNNNNNNNNNNNNNNNNN	TRAV39*00(739.4)		TRAJ44*00(599.1)		507|517|540|0|10||100.0		23|52|83|14|43||290.0		TGTGCCGTGGTGAGATACCGGCACTGCCAGTAAACTCACCTTT	45	CAVVRYR_TASKLTF	:::::::::0:-3:10:::::14:-3:43:::
17300	333.0	1.3091773726972434E-4	1	1.1548677676406051E-4	TGTGCCAAGGGCGGAGCAACTATCAGTTAATCTGG	NNNNNNNNNNNNNNNNNNNNNNNNNNNNNNNNNNN	TRAV21*00(919.2)		TRAJ33*00(499.4)		544|549|576|0|5||50.0		25|46|77|14|35||210.0		TGTGCCAAGGGCGGAGCAACTATCAGTTAATCTGG	45	CAKGGA_YQLIW	:::::::::0:-7:5:::::14:-5:35:::
17419	333.0	1.3091773726972434E-4	1	1.1548677676406051E-4	TGTGCAGTCCACGTTTGGAATAACAATGCCAGACTCATGTTT	NNNNNNNNNNNNNNNNNNNNNNNNNNNNNNNNNNNNNNNNNN	TRAV13-2*00(519.9)		TRAJ31*00(559.8)		506|513|539|0|7||70.0		20|46|77|16|42||260.0		TGTGCAGTCCACGTTTGGAATAACAATGCCAGACTCATGTTT	45	CAVHVWNNNARLMF	:::::::::0:-6:7:::::16:0:42:::
18049	333.0	1.3091773726972434E-4	1	1.1548677676406051E-4	TGTGCAGCAAGGGATCAATCGAACTCAAATTCCGGGTATGCACTCAACTTC	NNNNNNNNNNNNNNNNNNNNNNNNNNNNNNNNNNNNNNNNNNNNNNNNNNN	TRAV23/DV6*00(476.7)		TRAJ41*00(589.1)		517|528|550|0|11||110.0		18|51|82|18|51||330.0		TGTGCAGCAAGGGATCAATCGAACTCAAATTCCGGGTATGCACTCAACTTC	45	CAARDQSNSNSGYALNF	:::::::::0:-2:11:::::18:2:51:::
20306	333.0	1.3091773726972434E-4	1	1.1548677676406051E-4	TGCATCCCCAAACTGGGGCAAACAACCTCTTCTTT	NNNNNNNNNNNNNNNNNNNNNNNNNNNNNNNNNNN	TRAV26-2*00(839.6)		TRAJ36*00(579.7)		791|798|826|0|7||70.0		21|48|79|8|35||270.0		TGCATCCCCAAACTGGGGCAAACAACCTCTTCTTT	45	CIPKLG_NNLFF	:::::::::0:-8:7:::::8:-1:35:::
20442	333.0	1.3091773726972434E-4	1	1.1548677676406051E-4	TGCATCGTCAGAGCCTGCTGGTGGTACTAGCTATGGAAAGCTGACATTT	NNNNNNNNNNNNNNNNNNNNNNNNNNNNNNNNNNNNNNNNNNNNNNNNN	TRAV26-1*00(619.6)		TRAJ52*00(639.7)		763|776|799|0|13||130.0		24|58|89|15|49||340.0		TGCATCGTCAGAGCCTGCTGGTGGTACTAGCTATGGAAAGCTGACATTT	45	CIVRACWW_TSYGKLTF	:::::::::0:-3:13:::::15:-4:49:::
1486	332.0	1.3052459091155702E-4	1	1.1548677676406051E-4	TCTTCAGACCCTGCCGATACCGGCACTGCCAGTAAACTCACCTTT	NNNNNNNNNNNNNNNNNNNNNNNNNNNNNNNNNNNNNNNNNNNNN	TRAV21*00(719.3)		TRAJ44*00(539.7)		544|545|576|0|1||10.0		23|52|83|16|45||290.0		TCTTCAGACCCTGCCGATACCGGCACTGCCAGTAAACTCACCTTT	45	SSDPADTGTASKLTF	:::::::::0:-11:1:::::16:-3:45:::
1634	332.0	1.3052459091155702E-4	1	1.1548677676406051E-4	TGTGTCTGGGGCAACACAGGCAAACTAATCTTT	NNNNNNNNNNNNNNNNNNNNNNNNNNNNNNNNN	TRAV9-2*00(661.2)		TRAJ37*00(549.4)		480|484|514|0|4||40.0		27|51|82|9|33||240.0		TGTGTCTGGGGCAACACAGGCAAACTAATCTTT	45	CVWGNTGKLIF	:::::::::0:-10:4:::::9:-7:33:::
2839	332.0	1.3052459091155702E-4	1	1.1548677676406051E-4	TGTGCTCTGAGGGGCTCTAGCAACACAGGCAAACTAATCTTT	NNNNNNNNNNNNNNNNNNNNNNNNNNNNNNNNNNNNNNNNNN	TRAV9-2*00(719.7)		TRAJ37*00(580.7)		480|491|514|0|11||110.0		21|51|82|12|42|SG27A|271.0		TGTGCTCTGAGGGGCTCTAGCAACACAGGCAAACTAATCTTT	45	CALRGSSNTGKLIF	:::::::::0:-3:11:::::12:-1:42:::
3036	332.0	1.3052459091155702E-4	1	1.1548677676406051E-4	TGTGCTCCTTCACCAGGCAGGAACTGCTCTGATCTTT	NNNNNNNNNNNNNNNNNNNNNNNNNNNNNNNNNNNNN	TRAV16*00(939.1)		TRAJ15*00(549.9)		449|456|483|0|7||70.0		23|49|80|11|37||260.0		TGTGCTCCTTCACCAGGCAGGAACTGCTCTGATCTTT	45	CAPSPG_GTALIF	:::::::::0:-7:7:::::11:-3:37:::
4002	332.0	1.3052459091155702E-4	1	1.1548677676406051E-4	TGTGCTGTGAGTGACTTAATTCAGGGAGCCCAGAAGCTGGTATTT	NNNNNNNNNNNNNNNNNNNNNNNNNNNNNNNNNNNNNNNNNNNNN	TRAV8-6*00(709.5)		TRAJ54*00(579.3)		448|462|482|0|14||140.0		20|49|80|16|45||290.0		TGTGCTGTGAGTGACTTAATTCAGGGAGCCCAGAAGCTGGTATTT	45	CAVSDLIQGAQKLVF	:::::::::0:0:14:::::16:0:45:::
4361	332.0	1.3052459091155702E-4	1	1.1548677676406051E-4	TGTGCTGTATCACATAAGCAACTTCAACAAATTTTACTTT	NNNNNNNNNNNNNNNNNNNNNNNNNNNNNNNNNNNNNNNN	TRAV8-3*00(567.4),TRAV8-5*00(561)		TRAJ21*00(529.6)		455|463|489|0|8||80.0;1528|1535|1562|0|7||70.0		22|44|75|18|40||220.0		TGTGCTGTATCACATAAGCAACTTCAACAAATTTTACTTT	45	CAVSHKQ_FNKFYF	:::::::::0:-6:8:::::18:-2:40:::
4435	332.0	1.3052459091155702E-4	1	1.1548677676406051E-4	TGTGCTGCCGCCTCTAATGCTGGCAACAACCGTAAGCTGATTTGG	NNNNNNNNNNNNNNNNNNNNNNNNNNNNNNNNNNNNNNNNNNNNN	TRAV21*00(429.7)		TRAJ38*00(609.9)		544|551|576|0|7||70.0		20|51|82|14|45||310.0		TGTGCTGCCGCCTCTAATGCTGGCAACAACCGTAAGCTGATTTGG	45	CAAASNAGNNRKLIW	:::::::::0:-5:7:::::14:0:45:::
4707	332.0	1.3052459091155702E-4	1	1.1548677676406051E-4	TGTGCTGGGGGGGTAATGCAGGCAACATGCTCACCTTT	NNNNNNNNNNNNNNNNNNNNNNNNNNNNNNNNNNNNNN	TRAV22*00(500.6)		TRAJ39*00(558.5)		526|536|559|0|10|ST533G|71.0		27|52|83|13|38||250.0		TGTGCTGGGGGGGTAATGCAGGCAACATGCTCACCTTT	45	CAGGVM_GNMLTF	:::::::::0:-3:10:::::13:-7:38:::
4796	332.0	1.3052459091155702E-4	1	1.1548677676406051E-4	TGTGCTACGGTGGAAACTGACAGCTGGGGGAAATTGCAGTTT	NNNNNNNNNNNNNNNNNNNNNNNNNNNNNNNNNNNNNNNNNN	TRAV17*00(899.6)		TRAJ24*00(569.6)		490|500|523|0|10||100.0		24|52|83|14|42||280.0		TGTGCTACGGTGGAAACTGACAGCTGGGGGAAATTGCAGTTT	45	CATVETDSWGKLQF	:::::::::0:-3:10:::::14:-4:42:::
4852	332.0	1.3052459091155702E-4	1	1.1548677676406051E-4	TGTGCTACGGACGCTAAGGGGTCATGGTCAGAATTTTGTCTTT	NNNNNNNNNNNNNNNNNNNNNNNNNNNNNNNNNNNNNNNNNNN	TRAV17*00(938.2)		TRAJ26*00(489.4)		490|504|523|0|14||140.0		29|49|80|23|43||200.0		TGTGCTACGGACGCTAAGGGGTCATGGTCAGAATTTTGTCTTT	45	CATDAKG_HGQNFVF	:::::::::0:1:14:::::23:-9:43:::
6234	332.0	1.3052459091155702E-4	1	1.1548677676406051E-4	TGTGCCGTGGACGAGATGCTAATGCTGGTGGTACTAGCTATGGAAAGCTGACATTT	NNNNNNNNNNNNNNNNNNNNNNNNNNNNNNNNNNNNNNNNNNNNNNNNNNNNNNNN	TRAV39*00(738.9)		TRAJ52*00(689.2)		507|519|540|0|12||120.0		19|58|89|17|56||390.0		TGTGCCGTGGACGAGATGCTAATGCTGGTGGTACTAGCTATGGAAAGCTGACATTT	45	CAVDEMLML_GTSYGKLTF	:::::::::0:-1:12:::::17:1:56:::
17415	332.0	1.3052459091155702E-4	1	1.1548677676406051E-4	TGTGCAGTCCTGGGGTGGGGGTTACCAGAAAGTTACCTTT	NNNNNNNNNNNNNNNNNNNNNNNNNNNNNNNNNNNNNNNN	TRAV5*00(429.6)		TRAJ13*00(520.7)		523|530|556|0|7||70.0		27|52|83|15|40||250.0		TGTGCAGTCCTGGGGTGGGGGTTACCAGAAAGTTACCTTT	45	CAVLGWG_YQKVTF	:::::::::0:-6:7:::::15:-7:40:::
17583	332.0	1.3052459091155702E-4	1	1.1548677676406051E-4	TGTGCAGCAGATGGTGGAGGTAGCAACTATAAACTGACATTT	NNNNNNNNNNNNNNNNNNNNNNNNNNNNNNNNNNNNNNNNNN	TRAV29/DV5*00(539.9)		TRAJ53*00(600.6)		529|538|562|0|9||90.0		23|55|86|10|42|SA25G|291.0		TGTGCAGCAGATGGTGGAGGTAGCAACTATAAACTGACATTT	45	CAADGGGSNYKLTF	:::::::::0:-4:9:::::10:-3:42:::
17927	332.0	1.3052459091155702E-4	1	1.1548677676406051E-4	TGTGCAGCAAGCGGGGTCGAAGGCTTTGGGAATGTGCTGCATTGC	NNNNNNNNNNNNNNNNNNNNNNNNNNNNNNNNNNNNNNNNNNNNN	TRAV29/DV5*00(543.5)		TRAJ35*00(552.2)		529|542|562|0|13||130.0		23|48|79|20|45||250.0		TGTGCAGCAAGCGGGGTCGAAGGCTTTGGGAATGTGCTGCATTGC	45	CAASGVEGFGNVLHC	:::::::::0:0:13:::::20:-3:45:::
17929	332.0	1.3052459091155702E-4	1	1.1548677676406051E-4	TGTGCAGCAAGCGGGGCCTCAGGAACCTACAAATACATCTTT	NNNNNNNNNNNNNNNNNNNNNNNNNNNNNNNNNNNNNNNNNN	TRAV29/DV5*00(539.4)		TRAJ40*00(549.8)		529|542|562|0|13||130.0		24|50|81|16|42||260.0		TGTGCAGCAAGCGGGGCCTCAGGAACCTACAAATACATCTTT	45	CAASGASGTYKYIF	:::::::::0:0:13:::::16:-4:42:::
17943	332.0	1.3052459091155702E-4	1	1.1548677676406051E-4	TGTGCAGCAAGCGGAAACTCAAATTCCGGGTATGCACTCAACTTC	NNNNNNNNNNNNNNNNNNNNNNNNNNNNNNNNNNNNNNNNNNNNN	TRAV29/DV5*00(539.8)		TRAJ41*00(559.5)		529|542|562|0|13||130.0		21|51|82|15|45||300.0		TGTGCAGCAAGCGGAAACTCAAATTCCGGGTATGCACTCAACTTC	45	CAASGNSNSGYALNF	:::::::::0:0:13:::::15:-1:45:::
18088	332.0	1.3052459091155702E-4	1	1.1548677676406051E-4	TGTGCAGCAAAGGACACGGGCAGGAGAGCACTTACTTTT	NNNNNNNNNNNNNNNNNNNNNNNNNNNNNNNNNNNNNNN	TRAV13-1*00(774.1)		TRAJ5*00(569.5)		511|521|544|0|10||100.0		21|49|80|11|39||280.0		TGTGCAGCAAAGGACACGGGCAGGAGAGCACTTACTTTT	45	CAAKDTGRRALTF	:::::::::0:-3:10:::::11:-1:39:::
18350	332.0	1.3052459091155702E-4	1	1.1548677676406051E-4	TGTGCAGAGTGGTGGGGGCAGCAGTGCTTCCAAGATAATCTTT	NNNNNNNNNNNNNNNNNNNNNNNNNNNNNNNNNNNNNNNNNNN	TRAV5*00(449.7)		TRAJ3*00(549.3)		523|532|556|0|9||90.0		26|51|82|18|43||250.0		TGTGCAGAGTGGTGGGGGCAGCAGTGCTTCCAAGATAATCTTT	45	CAEWWGQ_SASKIIF	:::::::::0:-4:9:::::18:-6:43:::
18371	332.0	1.3052459091155702E-4	1	1.1548677676406051E-4	TGTGCAGAGGGGTCTGCTGGCAACAACCGTAAGCTGATTTGG	NNNNNNNNNNNNNNNNNNNNNNNNNNNNNNNNNNNNNNNNNN	TRAV13-1*00(929.2)		TRAJ38*00(539.7)		511|518|544|0|7||70.0		23|51|82|14|42||280.0		TGTGCAGAGGGGTCTGCTGGCAACAACCGTAAGCTGATTTGG	45	CAEGSAGNNRKLIW	:::::::::0:-6:7:::::14:-3:42:::
20162	332.0	1.3052459091155702E-4	1	1.1548677676406051E-4	TGCGGCACACAACCAGACCTGGGGCTGGGAGTTACCAACTCACTTTC	NNNNNNNNNNNNNNNNNNNNNNNNNNNNNNNNNNNNNNNNNNNNNNN	TRAV30*00(459.8)		TRAJ28*00(579.5)		567|576|600|0|9||90.0		26|55|86|18|47||290.0		TGCGGCACACAACCAGACCTGGGGCTGGGAGTTACCAACTCACTTTC	45	CGTQPDLG_GSYQLTF	:::::::::0:-4:9:::::18:-6:47:::
20425	332.0	1.3052459091155702E-4	1	1.1548677676406051E-4	TGCATCGTCAGAGTCGAGGGGGCCAGGCAGGAACTGCTCTGATCTTT	NNNNNNNNNNNNNNNNNNNNNNNNNNNNNNNNNNNNNNNNNNNNNNN	TRAV26-1*00(649.8)		TRAJ15*00(559.6)		763|779|799|0|16||160.0		24|49|80|22|47||250.0		TGCATCGTCAGAGTCGAGGGGGCCAGGCAGGAACTGCTCTGATCTTT	45	CIVRVEGA_AGTALIF	:::::::::0:0:16:::::22:-4:47:::
1718	331.0	1.3013144455338967E-4	1	1.1548677676406051E-4	TGTGTGGTGATCCTTGACACAGGCTTTCAGAAACTTGTATTT	NNNNNNNNNNNNNNNNNNNNNNNNNNNNNNNNNNNNNNNNNN	TRAV12-1*00(745.9)		TRAJ8*00(528.2)		539|549|572|0|10||100.0		23|49|80|16|42||260.0		TGTGTGGTGATCCTTGACACAGGCTTTCAGAAACTTGTATTT	45	CVVILDTGFQKLVF	:::::::::0:-3:10:::::16:-3:42:::
2023	331.0	1.3013144455338967E-4	1	1.1548677676406051E-4	TGTGCTTTCGAACACCGGTAACCAGTTCTATTTT	NNNNNNNNNNNNNNNNNNNNNNNNNNNNNNNNNN	TRAV38-2/DV8*00(533.3)		TRAJ49*00(579.2)		602|609|638|0|7||70.0		18|45|76|7|34||280.0		TGTGCTTTCGAACACCGGTAACCAGTTCTATTTT	45	CAFEHR_NQFYF	:::::::::0:-9:7:::::7:2:34:::
2076	331.0	1.3013144455338967E-4	1	1.1548677676406051E-4	TGTGCTTTCATGAAGCACCGATGCAGGCAACATGCTCACCTTT	NNNNNNNNNNNNNNNNNNNNNNNNNNNNNNNNNNNNNNNNNNN	TRAV38-1*00(629.7)		TRAJ39*00(540)		596|613|633|0|17||170.0		29|52|83|20|43||230.0		TGTGCTTTCATGAAGCACCGATGCAGGCAACATGCTCACCTTT	45	CAFMKHR_AGNMLTF	:::::::::0:0:17:::::20:-9:43:::
2291	331.0	1.3013144455338967E-4	1	1.1548677676406051E-4	TGTGCTCTTCCTATGGCTCTAGCAACACAGGCAAACTAATCTTT	NNNNNNNNNNNNNNNNNNNNNNNNNNNNNNNNNNNNNNNNNNNN	TRAV19*00(689.9)		TRAJ37*00(600.3)		556|564|593|0|8||80.0		19|51|82|12|44|SG27A|291.0		TGTGCTCTTCCTATGGCTCTAGCAACACAGGCAAACTAATCTTT	45	CALPMAL_NTGKLIF	:::::::::0:-9:8:::::12:1:44:::
2445	331.0	1.3013144455338967E-4	1	1.1548677676406051E-4	TGTGCTCTTAAACGGGGTAACACCGACAAGCTCATCTTT	NNNNNNNNNNNNNNNNNNNNNNNNNNNNNNNNNNNNNNN	TRAV19*00(689.7)		TRAJ34*00(519.6)		556|564|593|0|8||80.0		25|47|78|17|39||220.0		TGTGCTCTTAAACGGGGTAACACCGACAAGCTCATCTTT	45	CALKRGNTDKLIF	:::::::::0:-9:8:::::17:-5:39:::
2521	331.0	1.3013144455338967E-4	1	1.1548677676406051E-4	TGTGCTCTGGATGATGCTGGCAACAACCGTAAGCTGATTTGG	NNNNNNNNNNNNNNNNNNNNNNNNNNNNNNNNNNNNNNNNNN	TRAV9-2*00(701.7)		TRAJ38*00(589.7)		480|493|514|0|13|SA489GSG490A|92.0		22|51|82|13|42||291.0		TGTGCTCTGGATGATGCTGGCAACAACCGTAAGCTGATTTGG	45	CALDDAGNNRKLIW	:::::::::0:-1:13:::::13:-2:42:::
2643	331.0	1.3013144455338967E-4	1	1.1548677676406051E-4	TGTGCTCTGAGTGATTTTAGGGGAGGAAAGCTTATCTTC	NNNNNNNNNNNNNNNNNNNNNNNNNNNNNNNNNNNNNNN	TRAV9-2*00(759.7)		TRAJ23*00(460.4)		480|495|514|0|15||150.0		33|52|83|20|39||190.0		TGTGCTCTGAGTGATTTTAGGGGAGGAAAGCTTATCTTC	45	CALSDFRGGKLIF	:::::::::0:1:15:::::20:-13:39:::
2883	331.0	1.3013144455338967E-4	1	1.1548677676406051E-4	TGTGCTCTGAAGTATACCCAGGCAGGAACTGCTCTGATCTTT	NNNNNNNNNNNNNNNNNNNNNNNNNNNNNNNNNNNNNNNNNN	TRAV9-2*00(722.2)		TRAJ15*00(559.2)		480|490|514|0|10||100.0		24|49|80|17|42||250.0		TGTGCTCTGAAGTATACCCAGGCAGGAACTGCTCTGATCTTT	45	CALKYTQAGTALIF	:::::::::0:-4:10:::::17:-4:42:::
3000	331.0	1.3013144455338967E-4	1	1.1548677676406051E-4	TGTGCTCTAAGGTGGGGTCACGGGAGGAGGAAACAAACTCACCTTT	NNNNNNNNNNNNNNNNNNNNNNNNNNNNNNNNNNNNNNNNNNNNNN	TRAV16*00(979.2)		TRAJ10*00(549.5)		449|460|483|0|11||110.0		24|53|84|17|46||290.0		TGTGCTCTAAGGTGGGGTCACGGGAGGAGGAAACAAACTCACCTTT	45	CALRWGHG_GGNKLTF	:::::::::0:-3:11:::::17:-4:46:::
3349	331.0	1.3013144455338967E-4	1	1.1548677676406051E-4	TGTGCTGTGTTCCGGAATAACAATGCCAGACTCATGTTT	NNNNNNNNNNNNNNNNNNNNNNNNNNNNNNNNNNNNNNN	TRAV8-6*00(659.3)		TRAJ31*00(599.5)		448|457|482|0|9||90.0		16|46|77|9|39||300.0		TGTGCTGTGTTCCGGAATAACAATGCCAGACTCATGTTT	45	CAVFRNNNARLMF	:::::::::0:-5:9:::::9:4:39:::
3747	331.0	1.3013144455338967E-4	1	1.1548677676406051E-4	TGTGCTGTGGAGGAGGGCTCTAGCAACACAGGCAAACTAATCTTT	NNNNNNNNNNNNNNNNNNNNNNNNNNNNNNNNNNNNNNNNNNNNN	TRAV2*00(589.3)		TRAJ37*00(580.6)		519|533|553|0|14||140.0		21|51|82|15|45|SG27A|271.0		TGTGCTGTGGAGGAGGGCTCTAGCAACACAGGCAAACTAATCTTT	45	CAVEEGSSNTGKLIF	:::::::::0:0:14:::::15:-1:45:::
4234	331.0	1.3013144455338967E-4	1	1.1548677676406051E-4	TGTGCTGTGAGAGCAATTAACCAGGGAGGAAAGCTTATCTTC	NNNNNNNNNNNNNNNNNNNNNNNNNNNNNNNNNNNNNNNNNN	TRAV3*00(609.6)		TRAJ23*00(560)		437|450|473|0|13||130.0		27|52|83|17|42||250.0		TGTGCTGTGAGAGCAATTAACCAGGGAGGAAAGCTTATCTTC	45	CAVRAINQGGKLIF	:::::::::0:-3:13:::::17:-7:42:::
4517	331.0	1.3013144455338967E-4	1	1.1548677676406051E-4	TGTGCTGGCTACTTGGAATATAGAAACAAACTGGTCTTT	NNNNNNNNNNNNNNNNNNNNNNNNNNNNNNNNNNNNNNN	TRAV36/DV7*00(589.3)		TRAJ47*00(540.3)		500|507|533|0|7||70.0		20|46|77|13|39|SG28A|231.0		TGTGCTGGCTACTTGGAATATAGAAACAAACTGGTCTTT	45	CAGYLEYRNKLVF	:::::::::0:-6:7:::::13:0:39:::
6032	331.0	1.3013144455338967E-4	1	1.1548677676406051E-4	TGTGCCCCCCCTATTCCGGGTATGCACTCAACTTC	NNNNNNNNNNNNNNNNNNNNNNNNNNNNNNNNNNN	TRAV24*00(675.1)		TRAJ41*00(489.3)		515|521|545|0|6||60.0		28|51|82|12|35||230.0		TGTGCCCCCCCTATTCCGGGTATGCACTCAACTTC	45	CAPPIP_YALNF	:::::::::0:-4:6:::::12:-8:35:::
17357	331.0	1.3013144455338967E-4	1	1.1548677676406051E-4	TGTGCGACGATAATTCAGGGAGCCCAGAAGCTGGTATTT	NNNNNNNNNNNNNNNNNNNNNNNNNNNNNNNNNNNNNNN	TRAV17*00(860.6)		TRAJ54*00(589.3)		490|499|523|0|9|ST495G|61.0		19|49|80|9|39||300.0		TGTGCGACGATAATTCAGGGAGCCCAGAAGCTGGTATTT	45	CATIIQGAQKLVF	:::::::::0:-4:9:::::9:1:39:::
17801	331.0	1.3013144455338967E-4	1	1.1548677676406051E-4	TGTGCAGCAAGCTAGGCCAAATTCCGGGTATGCACTCAACTTC	NNNNNNNNNNNNNNNNNNNNNNNNNNNNNNNNNNNNNNNNNNN	TRAV29/DV5*00(569.6)		TRAJ41*00(519.7)		529|541|562|0|12||120.0		25|51|82|17|43||260.0		TGTGCAGCAAGCTAGGCCAAATTCCGGGTATGCACTCAACTTC	45	CAAS*AK_SGYALNF	:::::::::0:-1:12:::::17:-5:43:::
17898	331.0	1.3013144455338967E-4	1	1.1548677676406051E-4	TGTGCAGCAAGCGCGAGCCCTGGGGCTGGGAGTTACCAACTCACTTTC	NNNNNNNNNNNNNNNNNNNNNNNNNNNNNNNNNNNNNNNNNNNNNNNN	TRAV29/DV5*00(599.8)		TRAJ28*00(579.8)		529|544|562|0|15||150.0		26|55|86|19|48||290.0		TGTGCAGCAAGCGCGAGCCCTGGGGCTGGGAGTTACCAACTCACTTTC	45	CAASASPGAGSYQLTF	:::::::::0:2:15:::::19:-6:48:::
17988	331.0	1.3013144455338967E-4	1	1.1548677676406051E-4	TGTGCAGCAAGCATACACGACTCTGGGGCTGGGAGTTACCAACTCACTTTC	NNNNNNNNNNNNNNNNNNNNNNNNNNNNNNNNNNNNNNNNNNNNNNNNNNN	TRAV23/DV6*00(508.7)		TRAJ28*00(609.3)		517|531|550|0|14||140.0		23|55|86|19|51||320.0		TGTGCAGCAAGCATACACGACTCTGGGGCTGGGAGTTACCAACTCACTTTC	45	CAASIHDSGAGSYQLTF	:::::::::0:1:14:::::19:-3:51:::
18266	331.0	1.3013144455338967E-4	1	1.1548677676406051E-4	TGTGCAGGAGCCCCGACTCAGGGCGGATCTGAAAAGCTGGTCTTT	NNNNNNNNNNNNNNNNNNNNNNNNNNNNNNNNNNNNNNNNNNNNN	TRAV27*00(651.9)		TRAJ57*00(598.1)		552|566|582|0|14|ST563C|111.0		22|52|83|15|45||300.0		TGTGCAGGAGCCCCGACTCAGGGCGGATCTGAAAAGCTGGTCTTT	45	CAGAPTQGGSEKLVF	:::::::::0:4:14:::::15:-2:45:::
18299	331.0	1.3013144455338967E-4	1	1.1548677676406051E-4	TGTGCAGGAGAGGGTGCTGGCAACAACCGTAAGCTGATTTGG	NNNNNNNNNNNNNNNNNNNNNNNNNNNNNNNNNNNNNNNNNN	TRAV27*00(641.6)		TRAJ38*00(579.5)		552|562|582|0|10||100.0		23|51|82|14|42||280.0		TGTGCAGGAGAGGGTGCTGGCAACAACCGTAAGCTGATTTGG	45	CAGEGAGNNRKLIW	:::::::::0:0:10:::::14:-3:42:::
18303	331.0	1.3013144455338967E-4	1	1.1548677676406051E-4	TGTGCAGGAGAATATTGGACACCGGTAACCAGTTCTATTTT	NNNNNNNNNNNNNNNNNNNNNNNNNNNNNNNNNNNNNNNNN	TRAV27*00(623.8)		TRAJ49*00(529.6)		552|562|582|0|10||100.0		22|45|76|18|41||230.0		TGTGCAGGAGAATATTGGACACCGGTAACCAGTTCTATTTT	45	CAGEYWT_GNQFYF	:::::::::0:0:10:::::18:-2:41:::
18972	331.0	1.3013144455338967E-4	1	1.1548677676406051E-4	TGCCTCGTGGCCCCCCCGGAGCACCCTCACCTTT	NNNNNNNNNNNNNNNNNNNNNNNNNNNNNNNNNN	TRAV4*00(968.6)		TRAJ11*00(459.7)		768|778|804|0|10||100.0		34|49|80|19|34||150.0		TGCCTCGTGGCCCCCCCGGAGCACCCTCACCTTT	45	CLVAPP_STLTF	:::::::::0:-6:10:::::19:-14:34:::
19054	331.0	1.3013144455338967E-4	1	1.1548677676406051E-4	TGCCTCGTGGGGTTTCAGAAACTTGTATTT	NNNNNNNNNNNNNNNNNNNNNNNNNNNNNN	TRAV4*00(979.3)		TRAJ8*00(470.4)		768|778|804|0|10||110.0		29|49|80|10|30|SC30G|181.0		TGCCTCGTGGGGTTTCAGAAACTTGTATTT	45	CLVGFQKLVF	:::::::::0:-6:10:::::10:-9:30:::
1554	330.0	1.2973829819522232E-4	1	1.1548677676406051E-4	TGTCCCGCGGGGCAGGCAACATGCTCACCTTT	NNNNNNNNNNNNNNNNNNNNNNNNNNNNNNNN	TRAV9-2*00(657.7)		TRAJ39*00(519.6)		480|483|514|0|3||30.0		31|52|83|11|32||210.0		TGTCCCGCGGGGCAGGCAACATGCTCACCTTT	45	CPAGQ_NMLTF	:::::::::0:-11:3:::::11:-11:32:::
2451	330.0	1.2973829819522232E-4	1	1.1548677676406051E-4	TGTGCTCTCTCGCGGCAAACTGGGGCAAACAACCTCTTCTTT	NNNNNNNNNNNNNNNNNNNNNNNNNNNNNNNNNNNNNNNNNN	TRAV16*00(736.3)		TRAJ36*00(558.1)		449|457|483|0|8||80.0		21|48|79|15|42||270.0		TGTGCTCTCTCGCGGCAAACTGGGGCAAACAACCTCTTCTTT	45	CALSRQTGANNLFF	:::::::::0:-6:8:::::15:-1:42:::
2954	330.0	1.2973829819522232E-4	1	1.1548677676406051E-4	TGTGCTCTAATCCCTAACGACTACAAGCTCAGCTTT	NNNNNNNNNNNNNNNNNNNNNNNNNNNNNNNNNNNN	TRAV9-2*00(707)		TRAJ20*00(535.9)		480|488|514|0|8||80.0		23|46|77|13|36||230.0		TGTGCTCTAATCCCTAACGACTACAAGCTCAGCTTT	45	CALIPNDYKLSF	:::::::::0:-6:8:::::13:-3:36:::
2969	330.0	1.2973829819522232E-4	1	1.1548677676406051E-4	TGTGCTCTAAGTCGGGCACTAGCAACACAGGCAAACTAATCTTT	NNNNNNNNNNNNNNNNNNNNNNNNNNNNNNNNNNNNNNNNNNNN	TRAV16*00(529.6)		TRAJ37*00(551.8)		449|461|483|0|12||120.0		21|51|82|14|44|ST24ASG27A|242.0		TGTGCTCTAAGTCGGGCACTAGCAACACAGGCAAACTAATCTTT	45	CALSRAL_NTGKLIF	:::::::::0:-2:12:::::14:-1:44:::
3603	330.0	1.2973829819522232E-4	1	1.1548677676406051E-4	TGTGCTGTGGGTACCGGCCAGAAGCTGCTCTTT	NNNNNNNNNNNNNNNNNNNNNNNNNNNNNNNNN	TRAV8-3*00(639.9)		TRAJ16*00(450.5)		455|467|489|0|12||120.0		31|49|80|15|33||180.0		TGTGCTGTGGGTACCGGCCAGAAGCTGCTCTTT	45	CAVGTGQKLLF	:::::::::0:-2:12:::::15:-11:33:::
3643	330.0	1.2973829819522232E-4	1	1.1548677676406051E-4	TGTGCTGTGGGGGACTATTCAGGAGGAGGTGCTGACGGACTCACCTTT	NNNNNNNNNNNNNNNNNNNNNNNNNNNNNNNNNNNNNNNNNNNNNNNN	TRAV8-3*00(600.9)		TRAJ45*00(639.3)		455|466|489|0|11||110.0		22|55|86|15|48||330.0		TGTGCTGTGGGGGACTATTCAGGAGGAGGTGCTGACGGACTCACCTTT	45	CAVGDYSGGGADGLTF	:::::::::0:-3:11:::::15:-2:48:::
3735	330.0	1.2973829819522232E-4	1	1.1548677676406051E-4	TGTGCTGTGGAGGATACTGGAGGCTTCAAAACTATCTTT	NNNNNNNNNNNNNNNNNNNNNNNNNNNNNNNNNNNNNNN	TRAV2*00(812.9)		TRAJ9*00(520)		519|535|553|0|16|SC534A|151.0		27|50|81|16|39||260.0		TGTGCTGTGGAGGATACTGGAGGCTTCAAAACTATCTTT	45	CAVEDTGGFKTIF	:::::::::0:2:16:::::16:-7:39:::
3852	330.0	1.2973829819522232E-4	1	1.1548677676406051E-4	TGTGCTGTGAGTTATATAACTCAGGGCGGATCTGAAAAGCTGGTCTTT	NNNNNNNNNNNNNNNNNNNNNNNNNNNNNNNNNNNNNNNNNNNNNNNN	TRAV8-6*00(690.6)		TRAJ57*00(639.4)		448|463|482|0|15|SG460T|121.0		19|52|83|15|48||340.0		TGTGCTGTGAGTTATATAACTCAGGGCGGATCTGAAAAGCTGGTCTTT	45	CAVSYITQGGSEKLVF	:::::::::0:1:15:::::15:1:48:::
4022	330.0	1.2973829819522232E-4	1	1.1548677676406051E-4	TGTGCTGTGAGTGAGGGCACCGGTAACCAGTTCTATTTT	NNNNNNNNNNNNNNNNNNNNNNNNNNNNNNNNNNNNNNN	TRAV8-4*00(656.9)		TRAJ49*00(519.6)		476|490|510|0|14||140.0		23|45|76|17|39||220.0		TGTGCTGTGAGTGAGGGCACCGGTAACCAGTTCTATTTT	45	CAVSEGTGNQFYF	:::::::::0:0:14:::::17:-3:39:::
4382	330.0	1.2973829819522232E-4	1	1.1548677676406051E-4	TGTGCTGTAAGGACGTGCAGGGAGCCCAGAAGCTGGTATTT	NNNNNNNNNNNNNNNNNNNNNNNNNNNNNNNNNNNNNNNNN	TRAV21*00(957.2)		TRAJ54*00(488.8)		544|556|576|0|12|SG552A|91.0		25|49|80|17|41||240.0		TGTGCTGTAAGGACGTGCAGGGAGCCCAGAAGCTGGTATTT	45	CAVRTCR_AQKLVF	:::::::::0:0:12:::::17:-5:41:::
4410	330.0	1.2973829819522232E-4	1	1.1548677676406051E-4	TGTGCTGCCTGGTCAGGAACCTACAAATACATCTTT	NNNNNNNNNNNNNNNNNNNNNNNNNNNNNNNNNNNN	TRAV41*00(571.8)		TRAJ40*00(529.3)		512|519|544|0|7||70.0		26|50|81|12|36||240.0		TGTGCTGCCTGGTCAGGAACCTACAAATACATCTTT	45	CAAWSGTYKYIF	:::::::::0:-5:7:::::12:-6:36:::
4709	330.0	1.2973829819522232E-4	1	1.1548677676406051E-4	TGTGCTGGGGGGGGTGGGAATATGGAAACAAGCTGGTCTTT	NNNNNNNNNNNNNNNNNNNNNNNNNNNNNNNNNNNNNNNNN	TRAV22*00(500)		TRAJ47*00(530.1)		526|536|559|0|10|ST533G|71.0		21|46|77|16|41|SA36G|221.0		TGTGCTGGGGGGGGTGGGAATATGGAAACAAGCTGGTCTTT	45	CAGGGGN_GNKLVF	:::::::::0:-3:10:::::16:-1:41:::
4715	330.0	1.2973829819522232E-4	1	1.1548677676406051E-4	TGTGCTGGGGAGGAGGAGGTGCTGACGGACTCACCTTT	NNNNNNNNNNNNNNNNNNNNNNNNNNNNNNNNNNNNNN	TRAV6*00(429.7)		TRAJ45*00(589.7)		535|541|568|0|6||60.0		27|55|86|10|38||280.0		TGTGCTGGGGAGGAGGAGGTGCTGACGGACTCACCTTT	45	CAGEEE_ADGLTF	:::::::::0:-7:6:::::10:-7:38:::
4743	330.0	1.2973829819522232E-4	1	1.1548677676406051E-4	TGTGCTGACGCATACTCTGGGGCTGGGAGTTACCAACTCACTTTC	NNNNNNNNNNNNNNNNNNNNNNNNNNNNNNNNNNNNNNNNNNNNN	TRAV41*00(571.3)		TRAJ28*00(649.3)		512|519|544|0|7||70.0		19|55|86|9|45||360.0		TGTGCTGACGCATACTCTGGGGCTGGGAGTTACCAACTCACTTTC	45	CADAYSGAGSYQLTF	:::::::::0:-5:7:::::9:1:45:::
6122	330.0	1.2973829819522232E-4	1	1.1548677676406051E-4	TGTGCCGTTCTCCCGGCGGGCTTTGGGAATGTGCTGCATTGC	NNNNNNNNNNNNNNNNNNNNNNNNNNNNNNNNNNNNNNNNNN	TRAV12-2*00(479.8)		TRAJ35*00(549.6)		551|559|584|0|8||80.0		24|48|79|18|42||240.0		TGTGCCGTTCTCCCGGCGGGCTTTGGGAATGTGCTGCATTGC	45	CAVLPAGFGNVLHC	:::::::::0:-5:8:::::18:-4:42:::
17398	330.0	1.2973829819522232E-4	1	1.1548677676406051E-4	TGTGCAGTTTCTGACATGGATAGCAACTATCAGTTAATCTGG	NNNNNNNNNNNNNNNNNNNNNNNNNNNNNNNNNNNNNNNNNN	TRAV12-3*00(504.3)		TRAJ33*00(553.3)		562|568|595|0|6||60.0		18|46|77|14|42||280.0		TGTGCAGTTTCTGACATGGATAGCAACTATCAGTTAATCTGG	45	CAVSDMDSNYQLIW	:::::::::0:-7:6:::::14:2:42:::
17466	330.0	1.2973829819522232E-4	1	1.1548677676406051E-4	TGTGCAGCCTCTAGGCGAACCAGTTCTATTTT	NNNNNNNNNNNNNNNNNNNNNNNNNNNNNNNN	TRAV13-1*00(559.5)		TRAJ49*00(449.9)		511|519|544|0|8||80.0		30|45|76|17|32||150.0		TGTGCAGCCTCTAGGCGAACCAGTTCTATTTT	45	CAASR_NQFYF	:::::::::0:-5:8:::::17:-10:32:::
17631	330.0	1.2973829819522232E-4	1	1.1548677676406051E-4	TGTGCAGCAACCGGGAGGAAAGCTTATCTTC	NNNNNNNNNNNNNNNNNNNNNNNNNNNNNNN	TRAV23/DV6*00(470)		TRAJ23*00(461)		517|527|550|0|10||100.0		33|52|83|12|31||190.0		TGTGCAGCAACCGGGAGGAAAGCTTATCTTC	45	CAATG_GKLIF	:::::::::0:-3:10:::::12:-13:31:::
17931	330.0	1.2973829819522232E-4	1	1.1548677676406051E-4	TGTGCAGCAAGCGGGGGTGCAGGCAACATGCTCACCTTT	NNNNNNNNNNNNNNNNNNNNNNNNNNNNNNNNNNNNNNN	TRAV23/DV6*00(489.9)		TRAJ39*00(529.5)		517|529|550|0|12||120.0		30|52|83|17|39||220.0		TGTGCAGCAAGCGGGGGTGCAGGCAACATGCTCACCTTT	45	CAASGGAGNMLTF	:::::::::0:-1:12:::::17:-10:39:::
18032	330.0	1.2973829819522232E-4	1	1.1548677676406051E-4	TGTGCAGCAAGGTTGGATAGCAACTATCAGTTAATCTGG	NNNNNNNNNNNNNNNNNNNNNNNNNNNNNNNNNNNNNNN	TRAV23/DV6*00(479.7)		TRAJ33*00(549.9)		517|528|550|0|11||110.0		20|46|77|13|39||260.0		TGTGCAGCAAGGTTGGATAGCAACTATCAGTTAATCTGG	45	CAARLDSNYQLIW	:::::::::0:-2:11:::::13:0:39:::
18496	330.0	1.2973829819522232E-4	1	1.1548677676406051E-4	TGTGCAGAGAATAGAGTCTATGGTCAGAATTTTGTCTTT	NNNNNNNNNNNNNNNNNNNNNNNNNNNNNNNNNNNNNNN	TRAV13-2*00(582.5)		TRAJ26*00(509.8)		506|526|539|0|20|ST519GST521GSC525A|133.0		30|49|80|20|39||220.0		TGTGCAGAGAATAGAGTCTATGGTCAGAATTTTGTCTTT	45	CAENRVYGQNFVF	:::::::::0:7:20:::::20:-10:39:::
18632	330.0	1.2973829819522232E-4	1	1.1548677676406051E-4	TGTGCAATGAGCGCGCTCTCGGAATATAGAAACAAACTGGTCTTT	NNNNNNNNNNNNNNNNNNNNNNNNNNNNNNNNNNNNNNNNNNNNN	TRAV12-3*00(726)		TRAJ47*00(513.6)		562|580|595|0|18||180.0		21|46|77|20|45|SG28A|221.0		TGTGCAATGAGCGCGCTCTCGGAATATAGAAACAAACTGGTCTTT	45	CAMSALSEYRNKLVF	:::::::::0:5:18:::::20:-1:45:::
18958	330.0	1.2973829819522232E-4	1	1.1548677676406051E-4	TGCCTCGTCGTTTCGTATAACCAGGGAGGAAAGCTTATCTTC	NNNNNNNNNNNNNNNNNNNNNNNNNNNNNNNNNNNNNNNNNN	TRAV4*00(732)		TRAJ23*00(520)		768|776|804|0|8||80.0		25|52|83|15|42||270.0		TGCCTCGTCGTTTCGTATAACCAGGGAGGAAAGCTTATCTTC	45	CLVVSYNQGGKLIF	:::::::::0:-8:8:::::15:-5:42:::
20434	330.0	1.2973829819522232E-4	1	1.1548677676406051E-4	TGCATCGTCAGAGTGTAGGTTCAGGATAGGCTTTGGGAATGTGCTGCATTGC	NNNNNNNNNNNNNNNNNNNNNNNNNNNNNNNNNNNNNNNNNNNNNNNNNNNN	TRAV26-1*00(629.4)		TRAJ35*00(579.1)		763|777|799|0|14||140.0		20|48|79|24|52||280.0		TGCATCGTCAGAGTGTAGGTTCAGGATAGGCTTTGGGAATGTGCTGCATTGC	45	CIVRV*VQD_GFGNVLHC	:::::::::0:-2:14:::::24:0:52:::
1476	329.0	1.2934515183705498E-4	1	1.1548677676406051E-4	TTCCCCGCCAGGGAGGAAAGCTTATCTTC	NNNNNNNNNNNNNNNNNNNNNNNNNNNNN	TRAV29/DV5*00(419.9)		TRAJ23*00(529.4)		529|530|562|0|1||10.0		30|52|83|7|29||220.0		TTCCCCGCCAGGGAGGAAAGCTTATCTTC	45	FPARE_KLIF	:::::::::0:-12:1:::::7:-10:29:::
1670	329.0	1.2934515183705498E-4	1	1.1548677676406051E-4	TGTGTGGTCCGACGAGGGTTCAGGAGGAGGTGCTGACGGACTCACCTTT	NNNNNNNNNNNNNNNNNNNNNNNNNNNNNNNNNNNNNNNNNNNNNNNNN	TRAV12-1*00(925.5)		TRAJ45*00(578.6)		539|547|572|0|8||80.0		24|55|86|18|49||310.0		TGTGTGGTCCGACGAGGGTTCAGGAGGAGGTGCTGACGGACTCACCTTT	45	CVVRRGFR_GGADGLTF	:::::::::0:-5:8:::::18:-4:49:::
1693	329.0	1.2934515183705498E-4	1	1.1548677676406051E-4	TGTGTGGTGGTCGAGGGAGGAAGCTACATACCTACATTT	NNNNNNNNNNNNNNNNNNNNNNNNNNNNNNNNNNNNNNN	TRAV12-1*00(891.6)		TRAJ6*00(519.6)		539|548|572|0|9||90.0		27|51|82|15|39||240.0		TGTGTGGTGGTCGAGGGAGGAAGCTACATACCTACATTT	45	CVVVEGGSYIPTF	:::::::::0:-4:9:::::15:-7:39:::
2069	329.0	1.2934515183705498E-4	1	1.1548677676406051E-4	TGTGCTTTCATGAAGCATGGCTAACGACTACAAGCTCAGCTTT	NNNNNNNNNNNNNNNNNNNNNNNNNNNNNNNNNNNNNNNNNNN	TRAV38-1*00(650)		TRAJ20*00(530.8)		596|615|633|0|19||190.0		23|46|77|20|43||230.0		TGTGCTTTCATGAAGCATGGCTAACGACTACAAGCTCAGCTTT	45	CAFMKHG_NDYKLSF	:::::::::0:2:19:::::20:-3:43:::
2442	329.0	1.2934515183705498E-4	1	1.1548677676406051E-4	TGTGCTCTTAATTCAGGAGGAGGTGCTGACGGACTCACCTTT	NNNNNNNNNNNNNNNNNNNNNNNNNNNNNNNNNNNNNNNNNN	TRAV9-2*00(704.8)		TRAJ45*00(629.6)		480|488|514|0|8||80.0		23|55|86|10|42||320.0		TGTGCTCTTAATTCAGGAGGAGGTGCTGACGGACTCACCTTT	45	CALNSGGGADGLTF	:::::::::0:-6:8:::::10:-3:42:::
3446	329.0	1.2934515183705498E-4	1	1.1548677676406051E-4	TGTGCTGTGCAGGCGGGATTAGGGAGAAACAAACTGGTCTTT	NNNNNNNNNNNNNNNNNNNNNNNNNNNNNNNNNNNNNNNNNN	TRAV20*00(549.5)		TRAJ47*00(479.9)		498|512|531|0|14||140.0		29|46|77|25|42||170.0		TGTGCTGTGCAGGCGGGATTAGGGAGAAACAAACTGGTCTTT	45	CAVQAGLGRNKLVF	:::::::::0:1:14:::::25:-9:42:::
3614	329.0	1.2934515183705498E-4	1	1.1548677676406051E-4	TGTGCTGTGGGCGCATCAGGGAGCCCAGAAGCTGGTATTT	NNNNNNNNNNNNNNNNNNNNNNNNNNNNNNNNNNNNNNNN	TRAV8-3*00(617.4)		TRAJ54*00(539.8)		455|469|489|0|14|ST466C|111.0		24|49|80|15|40||250.0		TGTGCTGTGGGCGCATCAGGGAGCCCAGAAGCTGGTATTT	45	CAVGASG_AQKLVF	:::::::::0:0:14:::::15:-4:40:::
4038	329.0	1.2934515183705498E-4	1	1.1548677676406051E-4	TGTGCTGTGAGTGAACGAGTCGGGAACAACAGACTCGCTTTT	NNNNNNNNNNNNNNNNNNNNNNNNNNNNNNNNNNNNNNNNNN	TRAV8-6*00(709.7)		TRAJ7*00(499.8)		448|462|482|0|14||140.0		27|48|79|21|42||210.0		TGTGCTGTGAGTGAACGAGTCGGGAACAACAGACTCGCTTTT	45	CAVSERVGNNRLAF	:::::::::0:0:14:::::21:-7:42:::
4748	329.0	1.2934515183705498E-4	1	1.1548677676406051E-4	TGTGCTGAGGGAGCCCAGAAGCTGGTATTT	NNNNNNNNNNNNNNNNNNNNNNNNNNNNNN	TRAV41*00(749.8)		TRAJ54*00(519.7)		512|519|544|0|7||70.0		26|49|80|7|30||230.0		TGTGCTGAGGGAGCCCAGAAGCTGGTATTT	45	CAEGAQKLVF	:::::::::0:-5:7:::::7:-6:30:::
4810	329.0	1.2934515183705498E-4	1	1.1548677676406051E-4	TGTGCTACGGGTAGCTATGGTCAGAATTTTGTCTTT	NNNNNNNNNNNNNNNNNNNNNNNNNNNNNNNNNNNN	TRAV17*00(899.4)		TRAJ26*00(511.1)		490|499|523|0|9||100.0		22|49|80|9|36|SA23GSA26G|222.0		TGTGCTACGGGTAGCTATGGTCAGAATTTTGTCTTT	45	CATGSYGQNFVF	:::::::::0:-4:9:::::9:-2:36:::
4822	329.0	1.2934515183705498E-4	1	1.1548677676406051E-4	TGTGCTACGGGGGGTTATACTGGAGCCAATAGTAAGCTGACATTT	NNNNNNNNNNNNNNNNNNNNNNNNNNNNNNNNNNNNNNNNNNNNN	TRAV17*00(897.6)		TRAJ56*00(589.5)		490|500|523|0|10||100.0		20|51|82|14|45||310.0		TGTGCTACGGGGGGTTATACTGGAGCCAATAGTAAGCTGACATTT	45	CATGGYTGANSKLTF	:::::::::0:-3:10:::::14:0:45:::
5004	329.0	1.2934515183705498E-4	1	1.1548677676406051E-4	TGTGCCTTTGATCATGGCTCTAGCAACACAGGCAAACTAATCTTT	NNNNNNNNNNNNNNNNNNNNNNNNNNNNNNNNNNNNNNNNNNNNN	TRAV24*00(878.9)		TRAJ37*00(579)		515|524|545|0|9||90.0		18|51|82|12|45|SG27A|301.0		TGTGCCTTTGATCATGGCTCTAGCAACACAGGCAAACTAATCTTT	45	CAFDHGSSNTGKLIF	:::::::::0:-1:9:::::12:2:45:::
6063	329.0	1.2934515183705498E-4	1	1.1548677676406051E-4	TGTGCCCCGGAAATGCAGGCAACATGCTCACCTTT	NNNNNNNNNNNNNNNNNNNNNNNNNNNNNNNNNNN	TRAV19*00(659.8)		TRAJ39*00(549.7)		556|561|593|0|5||50.0		28|52|83|11|35||240.0		TGTGCCCCGGAAATGCAGGCAACATGCTCACCTTT	45	CAPEMQ_NMLTF	:::::::::0:-12:5:::::11:-8:35:::
17460	329.0	1.2934515183705498E-4	1	1.1548677676406051E-4	TGTGCAGCTAGCACCTTAATGCTGGCAACAACCGTAAGCTGATTTGG	NNNNNNNNNNNNNNNNNNNNNNNNNNNNNNNNNNNNNNNNNNNNNNN	TRAV29/DV5*00(500.8)		TRAJ38*00(610)		529|541|562|0|12|SA537T|91.0		20|51|82|16|47||310.0		TGTGCAGCTAGCACCTTAATGCTGGCAACAACCGTAAGCTGATTTGG	45	CAASTLML_NNRKLIW	:::::::::0:-1:12:::::16:0:47:::
17624	329.0	1.2934515183705498E-4	1	1.1548677676406051E-4	TGTGCAGCAACCCCCGACTACAAGCTCAGCTTT	NNNNNNNNNNNNNNNNNNNNNNNNNNNNNNNNN	TRAV29/DV5*00(549.8)		TRAJ20*00(489.6)		529|539|562|0|10||100.0		27|46|77|14|33||190.0		TGTGCAGCAACCCCCGACTACAAGCTCAGCTTT	45	CAATPDYKLSF	:::::::::0:-3:10:::::14:-7:33:::
17832	329.0	1.2934515183705498E-4	1	1.1548677676406051E-4	TGTGCAGCAAGCCGGCTAATAATGCAGGCAACATGCTCACCTTT	NNNNNNNNNNNNNNNNNNNNNNNNNNNNNNNNNNNNNNNNNNNN	TRAV29/DV5*00(569.4)		TRAJ39*00(589.3)		529|541|562|0|12||120.0		24|52|83|16|44||280.0		TGTGCAGCAAGCCGGCTAATAATGCAGGCAACATGCTCACCTTT	45	CAASRLI_AGNMLTF	:::::::::0:-1:12:::::16:-4:44:::
17959	329.0	1.2934515183705498E-4	1	1.1548677676406051E-4	TGTGCAGCAAGCGAGTGGGGCTGGGAGTTACCAACTCACTTTC	NNNNNNNNNNNNNNNNNNNNNNNNNNNNNNNNNNNNNNNNNNN	TRAV29/DV5*00(539.7)		TRAJ28*00(569.7)		529|542|562|0|13||130.0		27|55|86|15|43||280.0		TGTGCAGCAAGCGAGTGGGGCTGGGAGTTACCAACTCACTTTC	45	CAASEWG_GSYQLTF	:::::::::0:0:13:::::15:-7:43:::
18099	329.0	1.2934515183705498E-4	1	1.1548677676406051E-4	TGTGCAGGTTATCGGTTTTCAGATGGCCAGAAGCTGCTCTTT	NNNNNNNNNNNNNNNNNNNNNNNNNNNNNNNNNNNNNNNNNN	TRAV27*00(608.8)		TRAJ16*00(570.8)		552|560|582|0|8||80.0		19|49|80|12|42||300.0		TGTGCAGGTTATCGGTTTTCAGATGGCCAGAAGCTGCTCTTT	45	CAGYRFSDGQKLLF	:::::::::0:-2:8:::::12:1:42:::
18584	329.0	1.2934515183705498E-4	1	1.1548677676406051E-4	TGTGCAATGACCACCGGTAACCAGTTCTATTTT	NNNNNNNNNNNNNNNNNNNNNNNNNNNNNNNNN	TRAV12-3*00(730.6)		TRAJ49*00(520.9)		562|571|595|0|9||100.0		21|45|76|9|33|SA22C|221.0		TGTGCAATGACCACCGGTAACCAGTTCTATTTT	45	CAMTTGNQFYF	:::::::::0:-4:9:::::9:-1:33:::
18643	329.0	1.2934515183705498E-4	1	1.1548677676406051E-4	TGTGCAATGAGCGCGACATACAACTTCAACAAATTTTACTTT	NNNNNNNNNNNNNNNNNNNNNNNNNNNNNNNNNNNNNNNNNN	TRAV12-3*00(1007.8)		TRAJ21*00(519.3)		562|577|595|0|15||150.0		19|44|75|17|42||250.0		TGTGCAATGAGCGCGACATACAACTTCAACAAATTTTACTTT	45	CAMSATYNFNKFYF	:::::::::0:2:15:::::17:1:42:::
19111	329.0	1.2934515183705498E-4	1	1.1548677676406051E-4	TGCGCTGTGGGCCCCTGGGGGTTACCAGAAAGTTACCTTT	NNNNNNNNNNNNNNNNNNNNNNNNNNNNNNNNNNNNNNNN	TRAV1-1*00(660.6)		TRAJ13*00(530.9)		670|679|704|0|9||90.0		26|52|83|14|40||260.0		TGCGCTGTGGGCCCCTGGGGGTTACCAGAAAGTTACCTTT	45	CAVGPWG_YQKVTF	:::::::::0:-5:9:::::14:-6:40:::
20299	329.0	1.2934515183705498E-4	1	1.1548677676406051E-4	TGCATCCTAGAATACACTCAGGGAGCCCAGAAGCTGGTATTT	NNNNNNNNNNNNNNNNNNNNNNNNNNNNNNNNNNNNNNNNNN	TRAV26-2*00(699.8)		TRAJ54*00(539.4)		791|799|826|0|8||80.0		24|49|80|17|42||250.0		TGCATCCTAGAATACACTCAGGGAGCCCAGAAGCTGGTATTT	45	CILEYTQGAQKLVF	:::::::::0:-7:8:::::17:-4:42:::
20353	329.0	1.2934515183705498E-4	1	1.1548677676406051E-4	TGCATCGTCAGGGCCACCTTTGGAAATGAGAAATTAACCTTT	NNNNNNNNNNNNNNNNNNNNNNNNNNNNNNNNNNNNNNNNNN	TRAV26-1*00(598.8)		TRAJ48*00(559.5)		763|774|799|0|11||110.0		27|52|83|17|42||250.0		TGCATCGTCAGGGCCACCTTTGGAAATGAGAAATTAACCTTT	45	CIVRATFGNEKLTF	:::::::::0:-5:11:::::17:-7:42:::
20471	329.0	1.2934515183705498E-4	1	1.1548677676406051E-4	TGCATCGTAAAAAGAGGCTCAACCCTGGGGAGGCTATACTTT	NNNNNNNNNNNNNNNNNNNNNNNNNNNNNNNNNNNNNNNNNN	TRAV26-1*00(569.5)		TRAJ18*00(609.5)		763|771|799|0|8||80.0		25|55|86|12|42||300.0		TGCATCGTAAAAAGAGGCTCAACCCTGGGGAGGCTATACTTT	45	CIVKRGSTLGRLYF	:::::::::0:-8:8:::::12:-5:42:::
2779	328.0	1.2895200547888766E-4	1	1.1548677676406051E-4	TGTGCTCTGAGTGAACGGAATAATGCAGGCAACATGCTCACCTTT	NNNNNNNNNNNNNNNNNNNNNNNNNNNNNNNNNNNNNNNNNNNNN	TRAV9-2*00(749.7)		TRAJ39*00(579.5)		480|494|514|0|14||140.0		25|52|83|18|45||270.0		TGTGCTCTGAGTGAACGGAATAATGCAGGCAACATGCTCACCTTT	45	CALSERNNAGNMLTF	:::::::::0:0:14:::::18:-5:45:::
3179	328.0	1.2895200547888766E-4	1	1.1548677676406051E-4	TGTGCTGTTGGTGGTGCTACAAACAAGCTCATCTTT	NNNNNNNNNNNNNNNNNNNNNNNNNNNNNNNNNNNN	TRAV2*00(978.6)		TRAJ32*00(549.3)		519|527|553|0|8||80.0		27|55|86|8|36||280.0		TGTGCTGTTGGTGGTGCTACAAACAAGCTCATCTTT	45	CAVGGATNKLIF	:::::::::0:-6:8:::::8:-7:36:::
3444	328.0	1.2895200547888766E-4	1	1.1548677676406051E-4	TGTGCTGTGCAGGCGGGCAGAGATGACAAGATCATCTTT	NNNNNNNNNNNNNNNNNNNNNNNNNNNNNNNNNNNNNNN	TRAV20*00(549.2)		TRAJ30*00(529.1)		498|512|531|0|14||140.0		24|46|77|17|39||220.0		TGTGCTGTGCAGGCGGGCAGAGATGACAAGATCATCTTT	45	CAVQAGRDDKIIF	:::::::::0:1:14:::::17:-4:39:::
3566	328.0	1.2895200547888766E-4	1	1.1548677676406051E-4	TGTGCTGTGGGTGCGTAGTAGGGAGGTGCTGACGGACTCACCTTT	NNNNNNNNNNNNNNNNNNNNNNNNNNNNNNNNNNNNNNNNNNNNN	TRAV8-3*00(669.8)		TRAJ45*00(549.3)		455|470|489|0|15||150.0		31|55|86|21|45||240.0		TGTGCTGTGGGTGCGTAGTAGGGAGGTGCTGACGGACTCACCTTT	45	CAVGA**GGADGLTF	:::::::::0:1:15:::::21:-11:45:::
3892	328.0	1.2895200547888766E-4	1	1.1548677676406051E-4	TGTGCTGTGAGTGCTGGGGCAAACAACCTCTTCTTT	NNNNNNNNNNNNNNNNNNNNNNNNNNNNNNNNNNNN	TRAV8-4*00(679.2)		TRAJ36*00(539.4)		476|489|510|0|13||130.0		25|48|79|13|36||230.0		TGTGCTGTGAGTGCTGGGGCAAACAACCTCTTCTTT	45	CAVSAGANNLFF	:::::::::0:-1:13:::::13:-5:36:::
4477	328.0	1.2895200547888766E-4	1	1.1548677676406051E-4	TGTGCTGCGAACCAGGCCAGACTCATGTTT	NNNNNNNNNNNNNNNNNNNNNNNNNNNNNN	TRAV9-2*00(684)		TRAJ31*00(451.7)		480|486|514|0|6||60.0		25|46|77|9|30|SA28CST30G|152.0		TGTGCTGCGAACCAGGCCAGACTCATGTTT	45	CAANQARLMF	:::::::::0:-8:6:::::9:-5:30:::
4878	328.0	1.2895200547888766E-4	1	1.1548677676406051E-4	TGTGCTACGGACGCAGGGATAACTATGGTCAGAATTTTGTCTTT	NNNNNNNNNNNNNNNNNNNNNNNNNNNNNNNNNNNNNNNNNNNN	TRAV17*00(939.4)		TRAJ26*00(579.6)		490|504|523|0|14||140.0		20|49|80|15|44||290.0		TGTGCTACGGACGCAGGGATAACTATGGTCAGAATTTTGTCTTT	45	CATDAGI_YGQNFVF	:::::::::0:1:14:::::15:0:44:::
4913	328.0	1.2895200547888766E-4	1	1.1548677676406051E-4	TGTGCTACGAGGAGGGTTACCAGAAAGTTACCTTT	NNNNNNNNNNNNNNNNNNNNNNNNNNNNNNNNNNN	TRAV1-2*00(619.8)		TRAJ13*00(519.8)		620|626|654|0|6||60.0		30|52|83|13|35||220.0		TGTGCTACGAGGAGGGTTACCAGAAAGTTACCTTT	45	CATRRV_QKVTF	:::::::::0:-8:6:::::13:-10:35:::
6203	328.0	1.2895200547888766E-4	1	1.1548677676406051E-4	TGTGCCGTGGCCATCGAACAGAGATGACAAGATCATCTTT	NNNNNNNNNNNNNNNNNNNNNNNNNNNNNNNNNNNNNNNN	TRAV39*00(750.4)		TRAJ30*00(559.9)		507|521|540|0|14|SA517C|111.0		21|46|77|15|40||250.0		TGTGCCGTGGCCATCGAACAGAGATGACAAGATCATCTTT	45	CAVAIEQ_DDKIIF	:::::::::0:1:14:::::15:-1:40:::
6522	328.0	1.2895200547888766E-4	1	1.1548677676406051E-4	TGTGCCGCAATCCCCTCAGGAACCTACAAATACATCTTT	NNNNNNNNNNNNNNNNNNNNNNNNNNNNNNNNNNNNNNN	TRAV8-1*00(540)		TRAJ40*00(549.6)		474|481|508|0|7||70.0		24|50|81|13|39||260.0		TGTGCCGCAATCCCCTCAGGAACCTACAAATACATCTTT	45	CAAIPSGTYKYIF	:::::::::0:-7:7:::::13:-4:39:::
17941	328.0	1.2895200547888766E-4	1	1.1548677676406051E-4	TGTGCAGCAAGCGGAGGTTATGGAGGAAGCCAAGGAAATCTCATCTTT	NNNNNNNNNNNNNNNNNNNNNNNNNNNNNNNNNNNNNNNNNNNNNNNN	TRAV29/DV5*00(579.3)		TRAJ42*00(609.8)		529|542|562|0|13||130.0		24|55|86|17|48||310.0		TGTGCAGCAAGCGGAGGTTATGGAGGAAGCCAAGGAAATCTCATCTTT	45	CAASGGYGGSQGNLIF	:::::::::0:0:13:::::17:-4:48:::
18187	328.0	1.2895200547888766E-4	1	1.1548677676406051E-4	TGTGCAGGGGTCTACAATAACAATGACATGCGCTTT	NNNNNNNNNNNNNNNNNNNNNNNNNNNNNNNNNNNN	TRAV27*00(606.1)		TRAJ43*00(539.4)		552|560|582|0|8||80.0		19|43|74|12|36||240.0		TGTGCAGGGGTCTACAATAACAATGACATGCGCTTT	45	CAGVYNNNDMRF	:::::::::0:-2:8:::::12:1:36:::
18526	328.0	1.2895200547888766E-4	1	1.1548677676406051E-4	TGTGCAGAGAAAACTATATCTAACTTTGGAAATGAGAAATTAACCTTT	NNNNNNNNNNNNNNNNNNNNNNNNNNNNNNNNNNNNNNNNNNNNNNNN	TRAV13-2*00(559.7)		TRAJ48*00(649.1)		506|517|539|0|11||110.0		18|52|83|14|48||340.0		TGTGCAGAGAAAACTATATCTAACTTTGGAAATGAGAAATTAACCTTT	45	CAEKTISNFGNEKLTF	:::::::::0:-2:11:::::14:2:48:::
18578	328.0	1.2895200547888766E-4	1	1.1548677676406051E-4	TGTGCAATGATAGTTAGCAACTATCAGTTAATCTGG	NNNNNNNNNNNNNNNNNNNNNNNNNNNNNNNNNNNN	TRAV12-3*00(768.6)		TRAJ33*00(509.7)		562|572|595|0|10||100.0		24|46|77|14|36||220.0		TGTGCAATGATAGTTAGCAACTATCAGTTAATCTGG	45	CAMIVSNYQLIW	:::::::::0:-3:10:::::14:-4:36:::
18980	328.0	1.2895200547888766E-4	1	1.1548677676406051E-4	TGCCTCGTGGGTCGCTTTTATAACCAGGGAGGAAAGCTTATCTTC	NNNNNNNNNNNNNNNNNNNNNNNNNNNNNNNNNNNNNNNNNNNNN	TRAV4*00(790.8)		TRAJ23*00(537.5)		768|780|804|0|12||120.0		23|52|83|16|45||290.0		TGCCTCGTGGGTCGCTTTTATAACCAGGGAGGAAAGCTTATCTTC	45	CLVGRFYNQGGKLIF	:::::::::0:-4:12:::::16:-3:45:::
19086	328.0	1.2895200547888766E-4	1	1.1548677676406051E-4	TGCCACCTAACCCTAACCCTAACCCTAACCCTAACCCTAACCCTAACCCTAACCCTAACCCTAACCCTAACCCTAACCCTAACCCTCGAGGGAGCCCAGAAGCTGGTATTT	NNNNNNNNNNNNNNNNNNNNNNNNNNNNNNNNNNNNNNNNNNNNNNNNNNNNNNNNNNNNNNNNNNNNNNNNNNNNNNNNNNNNNNNNNNNNNNNNNNNNNNNNNNNNNNN	TRAV26-2*00(798.3)		TRAJ54*00(478.4)		791|794|826|0|3||30.0		26|49|80|88|111||230.0		TGCCACCTAACCCTAACCCTAACCCTAACCCTAACCCTAACCCTAACCCTAACCCTAACCCTAACCCTAACCCTAACCCTAACCCTCGAGGGAGCCCAGAAGCTGGTATTT	45	CHLTLTLTLTLTLTLTLTLTLTLTLTLTLEGAQKLVF	:::::::::0:-12:3:::::88:-6:111:::
20283	328.0	1.2895200547888766E-4	1	1.1548677676406051E-4	TGCATCCTGAGAGACGAGTATTCAGGAGGAGGTGCTGACGGACTCACCTTT	NNNNNNNNNNNNNNNNNNNNNNNNNNNNNNNNNNNNNNNNNNNNNNNNNNN	TRAV26-2*00(639.9)		TRAJ45*00(649.3)		791|807|826|0|16||160.0		21|55|86|17|51||340.0		TGCATCCTGAGAGACGAGTATTCAGGAGGAGGTGCTGACGGACTCACCTTT	45	CILRDEYSGGGADGLTF	:::::::::0:1:16:::::17:-1:51:::
20369	328.0	1.2895200547888766E-4	1	1.1548677676406051E-4	TGCATCGTCAGACGTAAATAGATAACGACTACAAGCTCAGCTTT	NNNNNNNNNNNNNNNNNNNNNNNNNNNNNNNNNNNNNNNNNNNN	TRAV26-1*00(609.4)		TRAJ20*00(522.3)		763|775|799|0|12||120.0		24|46|77|22|44||220.0		TGCATCGTCAGACGTAAATAGATAACGACTACAAGCTCAGCTTT	45	CIVRRK*_NDYKLSF	:::::::::0:-4:12:::::22:-4:44:::
1759	327.0	1.285588591207203E-4	1	1.1548677676406051E-4	TGTGTGGTGAGTCCCTTCTGGTTCTGCAAGGCAACTGACCTTT	NNNNNNNNNNNNNNNNNNNNNNNNNNNNNNNNNNNNNNNNNNN	TRAV10*00(895.4)		TRAJ22*00(573.5)		575|586|608|0|11||110.0		23|52|83|14|43||290.0		TGTGTGGTGAGTCCCTTCTGGTTCTGCAAGGCAACTGACCTTT	45	CVVSPFW_SARQLTF	:::::::::0:-2:11:::::14:-3:43:::
1907	327.0	1.285588591207203E-4	1	1.1548677676406051E-4	TGTGTGGTGAACATCGGAGCAGGCAACATGCTCACCTTT	NNNNNNNNNNNNNNNNNNNNNNNNNNNNNNNNNNNNNNN	TRAV12-1*00(832)		TRAJ39*00(500.7)		539|553|572|0|14||140.0		31|52|83|18|39||210.0		TGTGTGGTGAACATCGGAGCAGGCAACATGCTCACCTTT	45	CVVNIGAGNMLTF	:::::::::0:1:14:::::18:-11:39:::
1934	327.0	1.285588591207203E-4	1	1.1548677676406051E-4	TGTGTGGTGAACAGATAACACCAATGCAGGCAAATCAACCTTT	NNNNNNNNNNNNNNNNNNNNNNNNNNNNNNNNNNNNNNNNNNN	TRAV12-1*00(989.1)		TRAJ27*00(549.8)		539|552|572|0|13||130.0		19|48|79|14|43||290.0		TGTGTGGTGAACAGATAACACCAATGCAGGCAAATCAACCTTT	45	CVVNR*H_NAGKSTF	:::::::::0:0:13:::::14:1:43:::
2567	327.0	1.285588591207203E-4	1	1.1548677676406051E-4	TGTGCTCTGACGCCTGGGGGTTACCAGAAAGTTACCTTT	NNNNNNNNNNNNNNNNNNNNNNNNNNNNNNNNNNNNNNN	TRAV9-2*00(709.5)		TRAJ13*00(529.9)		480|490|514|0|10||100.0		26|52|83|13|39||260.0		TGTGCTCTGACGCCTGGGGGTTACCAGAAAGTTACCTTT	45	CALTPGGYQKVTF	:::::::::0:-4:10:::::13:-6:39:::
2937	327.0	1.285588591207203E-4	1	1.1548677676406051E-4	TGTGCTCTAGACGTAAGGGCCCCCGGGATAGCAACTATCAGTTAATCTGG	NNNNNNNNNNNNNNNNNNNNNNNNNNNNNNNNNNNNNNNNNNNNNNNNNN	TRAV6*00(489.8)		TRAJ33*00(539.9)		535|547|568|0|12||120.0		21|46|77|25|50||250.0		TGTGCTCTAGACGTAAGGGCCCCCGGGATAGCAACTATCAGTTAATCTGG	45	CALDVRAP_DSNYQLIW	:::::::::0:-1:12:::::25:-1:50:::
3085	327.0	1.285588591207203E-4	1	1.1548677676406051E-4	TGTGCTCCGTTAGCTGCAGGCAACAAGCTAACTTTT	NNNNNNNNNNNNNNNNNNNNNNNNNNNNNNNNNNNN	TRAV9-2*00(679.6)		TRAJ17*00(550)		480|487|514|0|7||70.0		27|52|83|11|36||250.0		TGTGCTCCGTTAGCTGCAGGCAACAAGCTAACTTTT	45	CAPLAAGNKLTF	:::::::::0:-7:7:::::11:-7:36:::
3188	327.0	1.285588591207203E-4	1	1.1548677676406051E-4	TGTGCTGTTATGGATAGCAACTATCAGTTAATCTGG	NNNNNNNNNNNNNNNNNNNNNNNNNNNNNNNNNNNN	TRAV1-2*00(639.8)		TRAJ33*00(559.4)		620|628|654|0|8||80.0		19|46|77|9|36||270.0		TGTGCTGTTATGGATAGCAACTATCAGTTAATCTGG	45	CAVMDSNYQLIW	:::::::::0:-6:8:::::9:1:36:::
3332	327.0	1.285588591207203E-4	1	1.1548677676406051E-4	TGTGCTGTCAGAGGTGCTGACGGACTCACCTTT	NNNNNNNNNNNNNNNNNNNNNNNNNNNNNNNNN	TRAV41*00(799.5)		TRAJ45*00(519.2)		512|523|544|0|11||120.0		33|55|86|11|33||230.0		TGTGCTGTCAGAGGTGCTGACGGACTCACCTTT	45	CAVRGADGLTF	:::::::::0:-1:11:::::11:-13:33:::
3425	327.0	1.285588591207203E-4	1	1.1548677676406051E-4	TGTGCTGTGCAGCTTGGAACAGGAGGAAGCTACATACCTACATTT	NNNNNNNNNNNNNNNNNNNNNNNNNNNNNNNNNNNNNNNNNNNNN	TRAV20*00(529.7)		TRAJ6*00(569.9)		498|510|531|0|12||120.0		25|51|82|19|45||260.0		TGTGCTGTGCAGCTTGGAACAGGAGGAAGCTACATACCTACATTT	45	CAVQLGTGGSYIPTF	:::::::::0:-1:12:::::19:-5:45:::
3484	327.0	1.285588591207203E-4	1	1.1548677676406051E-4	TGTGCTGTGGTTATGTACAATAACAATGACATGCGCTTT	NNNNNNNNNNNNNNNNNNNNNNNNNNNNNNNNNNNNNNN	TRAV8-3*00(619.7)		TRAJ43*00(559.9)		455|465|489|0|10||100.0		17|43|74|13|39||260.0		TGTGCTGTGGTTATGTACAATAACAATGACATGCGCTTT	45	CAVVMYNNNDMRF	:::::::::0:-4:10:::::13:3:39:::
3515	327.0	1.285588591207203E-4	1	1.1548677676406051E-4	TGTGCTGTGGCCCTTGAGGAACAGAGATGACAAGATCATCTTT	NNNNNNNNNNNNNNNNNNNNNNNNNNNNNNNNNNNNNNNNNNN	TRAV22*00(529.7)		TRAJ30*00(559.4)		526|536|559|0|10||100.0		21|46|77|18|43||250.0		TGTGCTGTGGCCCTTGAGGAACAGAGATGACAAGATCATCTTT	45	CAVALEE_RDDKIIF	:::::::::0:-3:10:::::18:-1:43:::
4005	327.0	1.285588591207203E-4	1	1.1548677676406051E-4	TGTGCTGTGAGTGACTACCAACTCACTTTC	NNNNNNNNNNNNNNNNNNNNNNNNNNNNNN	TRAV8-4*00(673.1)		TRAJ28*00(439.4)		476|490|510|0|14||140.0		40|55|86|15|30||150.0		TGTGCTGTGAGTGACTACCAACTCACTTTC	45	CAVSDYQLTF	:::::::::0:0:14:::::15:-20:30:::
4145	327.0	1.285588591207203E-4	1	1.1548677676406051E-4	TGTGCTGTGAGGCCAATAGATGGCCAGAAGCTGCTCTTT	NNNNNNNNNNNNNNNNNNNNNNNNNNNNNNNNNNNNNNN	TRAV8-6*00(679.5)		TRAJ16*00(490.9)		448|459|482|0|11||110.0		27|49|80|17|39||220.0		TGTGCTGTGAGGCCAATAGATGGCCAGAAGCTGCTCTTT	45	CAVRPIDGQKLLF	:::::::::0:-3:11:::::17:-7:39:::
4188	327.0	1.285588591207203E-4	1	1.1548677676406051E-4	TGTGCTGTGAGGACAACTGACAGCTGGGGGAAATTGCAGTTT	NNNNNNNNNNNNNNNNNNNNNNNNNNNNNNNNNNNNNNNNNN	TRAV8-4*00(625.2)		TRAJ24*00(599.6)		476|484|510|0|8||110.0		18|52|83|8|42|SC18GST20G|312.0		TGTGCTGTGAGGACAACTGACAGCTGGGGGAAATTGCAGTTT	45	CAVRTTDSWGKLQF	:::::::::0:-6:8:::::8:2:42:::
4396	327.0	1.285588591207203E-4	1	1.1548677676406051E-4	TGTGCTGCTATTCATGCTGGCAACAACCGTAAGCTGATTTGG	NNNNNNNNNNNNNNNNNNNNNNNNNNNNNNNNNNNNNNNNNN	TRAV21*00(429.8)		TRAJ38*00(589.7)		544|551|576|0|7||70.0		22|51|82|13|42||290.0		TGTGCTGCTATTCATGCTGGCAACAACCGTAAGCTGATTTGG	45	CAAIHAGNNRKLIW	:::::::::0:-5:7:::::13:-2:42:::
4406	327.0	1.285588591207203E-4	1	1.1548677676406051E-4	TGTGCTGCCTCGGGCTATCAGGAGGAAGCTACATACCTACATTT	NNNNNNNNNNNNNNNNNNNNNNNNNNNNNNNNNNNNNNNNNNNN	TRAV8-6*00(637.9)		TRAJ6*00(589.8)		448|455|482|0|7||70.0		23|51|82|16|44||280.0		TGTGCTGCCTCGGGCTATCAGGAGGAAGCTACATACCTACATTT	45	CAASGYQ_GSYIPTF	:::::::::0:-7:7:::::16:-3:44:::
4645	327.0	1.285588591207203E-4	1	1.1548677676406051E-4	TGTGCTGGGCAGCCTAATGAGAAATTAACCTTT	NNNNNNNNNNNNNNNNNNNNNNNNNNNNNNNNN	TRAV35*00(782.4)		TRAJ48*00(489.6)		588|601|620|0|13||130.0		34|52|83|15|33||180.0		TGTGCTGGGCAGCCTAATGAGAAATTAACCTTT	45	CAGQPNEKLTF	:::::::::0:1:13:::::15:-14:33:::
4968	327.0	1.285588591207203E-4	1	1.1548677676406051E-4	TGTGCTAGGAGGGATAGCAACTATCAGTTAATCTGG	NNNNNNNNNNNNNNNNNNNNNNNNNNNNNNNNNNNN	TRAV1-2*00(622.3)		TRAJ33*00(549)		620|633|654|0|13|SG626AST627GSA631G|63.0		23|46|77|13|36||250.0		TGTGCTAGGAGGGATAGCAACTATCAGTTAATCTGG	45	CARRDSNYQLIW	:::::::::0:-1:13:::::13:-3:36:::
6091	327.0	1.285588591207203E-4	1	1.1548677676406051E-4	TGTGCCCGGAATTCAGGAGGAGGTGCTGACGGACTCACCTTT	NNNNNNNNNNNNNNNNNNNNNNNNNNNNNNNNNNNNNNNNNN	TRAV9-2*00(659.7)		TRAJ45*00(629.8)		480|485|514|0|5||50.0		23|55|86|10|42||320.0		TGTGCCCGGAATTCAGGAGGAGGTGCTGACGGACTCACCTTT	45	CARNSGGGADGLTF	:::::::::0:-9:5:::::10:-3:42:::
6567	327.0	1.285588591207203E-4	1	1.1548677676406051E-4	TGTGCCGGAATAGTGGAGGTAGCAACTATAAACTGACATTT	NNNNNNNNNNNNNNNNNNNNNNNNNNNNNNNNNNNNNNNNN	TRAV38-2/DV8*00(509.3)		TRAJ53*00(649.6)		602|607|638|0|5||50.0		21|55|86|7|41||340.0		TGTGCCGGAATAGTGGAGGTAGCAACTATAAACTGACATTT	45	CAGIVEV_NYKLTF	:::::::::0:-11:5:::::7:-1:41:::
6576	327.0	1.285588591207203E-4	1	1.1548677676406051E-4	TGTGCCGACCCGCGTATGTTGGGATACAGCACCCTCACCTTT	NNNNNNNNNNNNNNNNNNNNNNNNNNNNNNNNNNNNNNNNNN	TRAV12-2*00(777.4)		TRAJ11*00(492.2)		551|558|584|0|7||70.0		28|49|80|21|42||210.0		TGTGCCGACCCGCGTATGTTGGGATACAGCACCCTCACCTTT	45	CADPRMLGYSTLTF	:::::::::0:-6:7:::::21:-8:42:::
17403	327.0	1.285588591207203E-4	1	1.1548677676406051E-4	TGTGCAGTTCGAGGGGGATATAATTCAGGGAGCCCAGAAGCTGGTATTT	NNNNNNNNNNNNNNNNNNNNNNNNNNNNNNNNNNNNNNNNNNNNNNNNN	TRAV13-2*00(519.6)		TRAJ54*00(599.3)		506|513|539|0|7||70.0		18|49|80|18|49||310.0		TGTGCAGTTCGAGGGGGATATAATTCAGGGAGCCCAGAAGCTGGTATTT	45	CAVRGGYN_QGAQKLVF	:::::::::0:-6:7:::::18:2:49:::
17500	327.0	1.285588591207203E-4	1	1.1548677676406051E-4	TGTGCAGCCGATAATGCAGGCAACATGCTCACCTTT	NNNNNNNNNNNNNNNNNNNNNNNNNNNNNNNNNNNN	TRAV25*00(554.5)		TRAJ39*00(569.7)		620|627|649|0|7||70.0		26|52|83|10|36||260.0		TGTGCAGCCGATAATGCAGGCAACATGCTCACCTTT	45	CAADNAGNMLTF	:::::::::0:-2:7:::::10:-6:36:::
17953	327.0	1.285588591207203E-4	1	1.1548677676406051E-4	TGTGCAGCAAGCGACTTATGGAAACAAGCTGGTCTTT	NNNNNNNNNNNNNNNNNNNNNNNNNNNNNNNNNNNNN	TRAV29/DV5*00(579.7)		TRAJ47*00(490.6)		529|542|562|0|13||130.0		25|46|77|16|37|SA36G|181.0		TGTGCAGCAAGCGACTTATGGAAACAAGCTGGTCTTT	45	CAASDL_GNKLVF	:::::::::0:0:13:::::16:-5:37:::
18355	327.0	1.285588591207203E-4	1	1.1548677676406051E-4	TGTGCAGAGCCCCCTTACTCAGGGCGGATCTGAAAAGCTGGTCTTT	NNNNNNNNNNNNNNNNNNNNNNNNNNNNNNNNNNNNNNNNNNNNNN	TRAV13-2*00(539.7)		TRAJ57*00(599.8)		506|515|539|0|9||90.0		22|52|83|16|46||300.0		TGTGCAGAGCCCCCTTACTCAGGGCGGATCTGAAAAGCTGGTCTTT	45	CAEPPYSG_GSEKLVF	:::::::::0:-4:9:::::16:-2:46:::
19004	327.0	1.285588591207203E-4	1	1.1548677676406051E-4	TGCCTCGTGGGTGACCCCCTGAATTATGGAGGAAGCCAAGGAAATCTCATCTTT	NNNNNNNNNNNNNNNNNNNNNNNNNNNNNNNNNNNNNNNNNNNNNNNNNNNNNN	TRAV4*00(770.2)		TRAJ42*00(631.6)		768|783|804|0|15||150.0		20|55|86|19|54||350.0		TGCCTCGTGGGTGACCCCCTGAATTATGGAGGAAGCCAAGGAAATCTCATCTTT	45	CLVGDPLNYGGSQGNLIF	:::::::::0:-1:15:::::19:0:54:::
19030	327.0	1.285588591207203E-4	1	1.1548677676406051E-4	TGCCTCGTGGGTGACATACGTCGGTCGTGGAATAACAATGACATGCGCTTT	NNNNNNNNNNNNNNNNNNNNNNNNNNNNNNNNNNNNNNNNNNNNNNNNNNN	TRAV4*00(1010)		TRAJ43*00(469.5)		768|785|804|0|17||170.0		22|43|74|30|51||210.0		TGCCTCGTGGGTGACATACGTCGGTCGTGGAATAACAATGACATGCGCTTT	45	CLVGDIRRSWNNNDMRF	:::::::::0:1:17:::::30:-2:51:::
20468	327.0	1.285588591207203E-4	1	1.1548677676406051E-4	TGCATCGTGTCCATTAGTGGAGGTAGCAACTATAAACTGACATTT	NNNNNNNNNNNNNNNNNNNNNNNNNNNNNNNNNNNNNNNNNNNNN	TRAV26-1*00(569.8)		TRAJ53*00(619.2)		763|771|799|0|8||80.0		24|55|86|14|45||310.0		TGCATCGTGTCCATTAGTGGAGGTAGCAACTATAAACTGACATTT	45	CIVSISGGSNYKLTF	:::::::::0:-8:8:::::14:-4:45:::
1594	326.0	1.2816571276255296E-4	1	1.1548677676406051E-4	TGTGTTGTGAGTGTGGGAAAACAATGACATGCGCTTT	NNNNNNNNNNNNNNNNNNNNNNNNNNNNNNNNNNNNN	TRAV8-2*00(648.1)		TRAJ43*00(479.5)		466|479|500|0|13||130.0		25|43|74|19|37||180.0		TGTGTTGTGAGTGTGGGAAAACAATGACATGCGCTTT	45	CVVSVG_NNDMRF	:::::::::0:-1:13:::::19:-5:37:::
2041	326.0	1.2816571276255296E-4	1	1.1548677676406051E-4	TGTGCTTTCATGACCGGGCCAAGGGAGCCCAGAAGCTGGTATTT	NNNNNNNNNNNNNNNNNNNNNNNNNNNNNNNNNNNNNNNNNNNN	TRAV38-1*00(589.3)		TRAJ54*00(519.5)		596|609|633|0|13||130.0		26|49|80|21|44||230.0		TGTGCTTTCATGACCGGGCCAAGGGAGCCCAGAAGCTGGTATTT	45	CAFMTGP_GAQKLVF	:::::::::0:-4:13:::::21:-6:44:::
2108	326.0	1.2816571276255296E-4	1	1.1548677676406051E-4	TGTGCTTTAGAATCTCGATGCTGGTGGTACTAGCTATGGAAAGCTGACATTT	NNNNNNNNNNNNNNNNNNNNNNNNNNNNNNNNNNNNNNNNNNNNNNNNNNNN	TRAV38-1*00(539.4)		TRAJ52*00(649.7)		596|604|633|0|8||80.0		23|58|89|17|52||350.0		TGTGCTTTAGAATCTCGATGCTGGTGGTACTAGCTATGGAAAGCTGACATTT	45	CALESRCWW_TSYGKLTF	:::::::::0:-9:8:::::17:-3:52:::
2211	326.0	1.2816571276255296E-4	1	1.1548677676406051E-4	TGTGCTTATAGGAGTCAAGTTTCCGGGTATGCACTCAACTTC	NNNNNNNNNNNNNNNNNNNNNNNNNNNNNNNNNNNNNNNNNN	TRAV38-2/DV8*00(599.8)		TRAJ41*00(479.3)		602|616|638|0|14||140.0		29|51|82|20|42||220.0		TGTGCTTATAGGAGTCAAGTTTCCGGGTATGCACTCAACTTC	45	CAYRSQVSGYALNF	:::::::::0:-2:14:::::20:-9:42:::
2765	326.0	1.2816571276255296E-4	1	1.1548677676406051E-4	TGTGCTCTGAGTGAGGAAGGGAAATTCAGGAGGAGGTGCTGACGGACTCACCTTT	NNNNNNNNNNNNNNNNNNNNNNNNNNNNNNNNNNNNNNNNNNNNNNNNNNNNNNN	TRAV9-2*00(739.2)		TRAJ45*00(629.2)		480|494|514|0|14||140.0		23|55|86|23|55||320.0		TGTGCTCTGAGTGAGGAAGGGAAATTCAGGAGGAGGTGCTGACGGACTCACCTTT	45	CALSEEGKF_GGGADGLTF	:::::::::0:0:14:::::23:-3:55:::
2834	326.0	1.2816571276255296E-4	1	1.1548677676406051E-4	TGTGCTCTGAGGGTATCTAACTTTGGAAATGAGAAATTAACCTTT	NNNNNNNNNNNNNNNNNNNNNNNNNNNNNNNNNNNNNNNNNNNNN	TRAV9-2*00(719.4)		TRAJ48*00(629.1)		480|491|514|0|11||110.0		20|52|83|13|45||320.0		TGTGCTCTGAGGGTATCTAACTTTGGAAATGAGAAATTAACCTTT	45	CALRVSNFGNEKLTF	:::::::::0:-3:11:::::13:0:45:::
3121	326.0	1.2816571276255296E-4	1	1.1548677676406051E-4	TGTGCTCGGTGTACAGCAGTGCTTCCAAGATAATCTTT	NNNNNNNNNNNNNNNNNNNNNNNNNNNNNNNNNNNNNN	TRAV19*00(679)		TRAJ3*00(590.2)		556|563|593|0|7||70.0		20|51|82|7|38|SG22T|291.0		TGTGCTCGGTGTACAGCAGTGCTTCCAAGATAATCTTT	45	CARCTA_ASKIIF	:::::::::0:-10:7:::::7:0:38:::
3401	326.0	1.2816571276255296E-4	1	1.1548677676406051E-4	TGTGCTGTGCCAGGGGGGCTGGGAGTTACCAACTCACTTTC	NNNNNNNNNNNNNNNNNNNNNNNNNNNNNNNNNNNNNNNNN	TRAV8-3*00(580.6)		TRAJ28*00(559.1)		455|464|489|0|9||90.0		28|55|86|14|41||270.0		TGTGCTGTGCCAGGGGGGCTGGGAGTTACCAACTCACTTTC	45	CAVPGGL_SYQLTF	:::::::::0:-5:9:::::14:-8:41:::
3531	326.0	1.2816571276255296E-4	1	1.1548677676406051E-4	TGTGCTGTGGCGGGAAAGAAACAAACTGGTCTTT	NNNNNNNNNNNNNNNNNNNNNNNNNNNNNNNNNN	TRAV36/DV7*00(620)		TRAJ47*00(478.7)		500|513|533|0|13|SA510C|101.0		29|46|77|17|34||170.0		TGTGCTGTGGCGGGAAAGAAACAAACTGGTCTTT	45	CAVAGK_NKLVF	:::::::::0:0:13:::::17:-9:34:::
3843	326.0	1.2816571276255296E-4	1	1.1548677676406051E-4	TGTGCTGTGAGTTTTTCAGGAGGAGGTGCTGACGGACTCACCTTT	NNNNNNNNNNNNNNNNNNNNNNNNNNNNNNNNNNNNNNNNNNNNN	TRAV8-4*00(633)		TRAJ45*00(618.7)		476|488|510|0|12||120.0		24|55|86|14|45||310.0		TGTGCTGTGAGTTTTTCAGGAGGAGGTGCTGACGGACTCACCTTT	45	CAVSFSGGGADGLTF	:::::::::0:-2:12:::::14:-4:45:::
4138	326.0	1.2816571276255296E-4	1	1.1548677676406051E-4	TGTGCTGTGAGGCCGGAGATCAAAGCTGCAGGCAACAAGCTAACTTTT	NNNNNNNNNNNNNNNNNNNNNNNNNNNNNNNNNNNNNNNNNNNNNNNN	TRAV21*00(1009.5)		TRAJ17*00(569.6)		544|558|576|0|14||140.0		21|52|83|17|48||310.0		TGTGCTGTGAGGCCGGAGATCAAAGCTGCAGGCAACAAGCTAACTTTT	45	CAVRPEIKAAGNKLTF	:::::::::0:2:14:::::17:-1:48:::
4167	326.0	1.2816571276255296E-4	1	1.1548677676406051E-4	TGTGCTGTGAGGGGGGGTTCTTGAGATAGCAGCTATAAATTGATCTTC	NNNNNNNNNNNNNNNNNNNNNNNNNNNNNNNNNNNNNNNNNNNNNNNN	TRAV1-2*00(667.8)		TRAJ12*00(509.7)		620|631|654|0|11||110.0		25|49|80|24|48||240.0		TGTGCTGTGAGGGGGGGTTCTTGAGATAGCAGCTATAAATTGATCTTC	45	CAVRGGS*DSSYKLIF	:::::::::0:-3:11:::::24:-5:48:::
4758	326.0	1.2816571276255296E-4	1	1.1548677676406051E-4	TGTGCTATGATGGATAGCAGCTATAAATTGATCTTC	NNNNNNNNNNNNNNNNNNNNNNNNNNNNNNNNNNNN	TRAV9-2*00(680.5)		TRAJ12*00(560.4)		480|489|514|0|9|SC486A|71.0		22|49|80|9|36||280.0		TGTGCTATGATGGATAGCAGCTATAAATTGATCTTC	45	CAMMDSSYKLIF	:::::::::0:-5:9:::::9:-2:36:::
5983	326.0	1.2816571276255296E-4	1	1.1548677676406051E-4	TGTGCCCTGATACAACTTCAACAAATTTTACTTT	NNNNNNNNNNNNNNNNNNNNNNNNNNNNNNNNNN	TRAV20*00(459.6)		TRAJ21*00(559.5)		498|503|531|0|5||50.0		19|44|75|9|34||250.0		TGTGCCCTGATACAACTTCAACAAATTTTACTTT	45	CALIQL_NKFYF	:::::::::0:-8:5:::::9:1:34:::
6325	326.0	1.2816571276255296E-4	1	1.1548677676406051E-4	TGTGCCGTGAGGAGGGATGGAAATGAGAAATTAACCTTT	NNNNNNNNNNNNNNNNNNNNNNNNNNNNNNNNNNNNNNN	TRAV12-2*00(650)		TRAJ48*00(517.5)		551|561|584|0|10||100.0		30|52|83|17|39||220.0		TGTGCCGTGAGGAGGGATGGAAATGAGAAATTAACCTTT	45	CAVRRDGNEKLTF	:::::::::0:-3:10:::::17:-10:39:::
6343	326.0	1.2816571276255296E-4	1	1.1548677676406051E-4	TGTGCCGTGAATGTAGGTTCTGCAAGGCAACTGACCTTT	NNNNNNNNNNNNNNNNNNNNNNNNNNNNNNNNNNNNNNN	TRAV8-1*00(599.5)		TRAJ22*00(549.8)		474|487|508|0|13||130.0		28|52|83|15|39||240.0		TGTGCCGTGAATGTAGGTTCTGCAAGGCAACTGACCTTT	45	CAVNVGSARQLTF	:::::::::0:-1:13:::::15:-8:39:::
17494	326.0	1.2816571276255296E-4	1	1.1548677676406051E-4	TGTGCAGCCGCCGAAGCCTCATGAACAGAGATGACAAGATCATCTTT	NNNNNNNNNNNNNNNNNNNNNNNNNNNNNNNNNNNNNNNNNNNNNNN	TRAV29/DV5*00(530)		TRAJ30*00(599.9)		529|537|562|0|8||80.0		17|46|77|18|47||290.0		TGTGCAGCCGCCGAAGCCTCATGAACAGAGATGACAAGATCATCTTT	45	CAAAEAS*_RDDKIIF	:::::::::0:-5:8:::::18:3:47:::
17519	326.0	1.2816571276255296E-4	1	1.1548677676406051E-4	TGTGCAGCGGGATCGGAGGAGGTGCTGACGGACTCACCTTT	NNNNNNNNNNNNNNNNNNNNNNNNNNNNNNNNNNNNNNNNN	TRAV23/DV6*00(449.7)		TRAJ45*00(579.9)		517|525|550|0|8||80.0		28|55|86|14|41||270.0		TGTGCAGCGGGATCGGAGGAGGTGCTGACGGACTCACCTTT	45	CAAGSEE_ADGLTF	:::::::::0:-5:8:::::14:-8:41:::
17682	326.0	1.2816571276255296E-4	1	1.1548677676406051E-4	TGTGCAGCAAGTGTCCTTAATGCTGGTGGTACTAGCTATGGAAAGCTGACATTT	NNNNNNNNNNNNNNNNNNNNNNNNNNNNNNNNNNNNNNNNNNNNNNNNNNNNNN	TRAV29/DV5*00(559.7)		TRAJ52*00(669.5)		529|540|562|0|11||110.0		21|58|89|17|54||370.0		TGTGCAGCAAGTGTCCTTAATGCTGGTGGTACTAGCTATGGAAAGCTGACATTT	45	CAASVLNAGGTSYGKLTF	:::::::::0:-2:11:::::17:-1:54:::
18234	326.0	1.2816571276255296E-4	1	1.1548677676406051E-4	TGTGCAGGACATTCTAGCAACACAGGCAAACTAATCTTT	NNNNNNNNNNNNNNNNNNNNNNNNNNNNNNNNNNNNNNN	TRAV27*00(647.9)		TRAJ37*00(550.7)		552|561|582|0|9||90.0		24|51|82|12|39|SG27A|241.0		TGTGCAGGACATTCTAGCAACACAGGCAAACTAATCTTT	45	CAGHSSNTGKLIF	:::::::::0:-1:9:::::12:-4:39:::
19166	326.0	1.2816571276255296E-4	1	1.1548677676406051E-4	TGCGCTGCTTATGGTGGTGCTACAAACAAGCTCATCTTT	NNNNNNNNNNNNNNNNNNNNNNNNNNNNNNNNNNNNNNN	TRAV1-1*00(629.3)		TRAJ32*00(609.7)		670|677|704|0|7||70.0		24|55|86|8|39||310.0		TGCGCTGCTTATGGTGGTGCTACAAACAAGCTCATCTTT	45	CAAYGGATNKLIF	:::::::::0:-7:7:::::8:-4:39:::
1766	325.0	1.2777256640438562E-4	1	1.1548677676406051E-4	TGTGTGGTGAGCTGGCAAGAATAACAATGCCAGACTCATGTTT	NNNNNNNNNNNNNNNNNNNNNNNNNNNNNNNNNNNNNNNNNNN	TRAV10*00(679.5)		TRAJ31*00(549.5)		575|587|608|0|12||120.0		21|46|77|18|43||250.0		TGTGTGGTGAGCTGGCAAGAATAACAATGCCAGACTCATGTTT	45	CVVSWQE_NNARLMF	:::::::::0:-1:12:::::18:-1:43:::
1857	325.0	1.2777256640438562E-4	1	1.1548677676406051E-4	TGTGTGGTGAACTAGGGCAGCAATGCTTCCAAGATAATCTTT	NNNNNNNNNNNNNNNNNNNNNNNNNNNNNNNNNNNNNNNNNN	TRAV12-1*00(979.3)		TRAJ3*00(480.6)		539|551|572|0|12||120.0		26|51|82|17|42|SG31A|221.0		TGTGTGGTGAACTAGGGCAGCAATGCTTCCAAGATAATCTTT	45	CVVN*GSNASKIIF	:::::::::0:-1:12:::::17:-6:42:::
2098	325.0	1.2777256640438562E-4	1	1.1548677676406051E-4	TGTGCTTTGTAACCCCACAATAACAATGACATGCGCTTT	NNNNNNNNNNNNNNNNNNNNNNNNNNNNNNNNNNNNNNN	TRAV38-1*00(539.9)		TRAJ43*00(529.8)		596|604|633|0|8||80.0		20|43|74|16|39||230.0		TGTGCTTTGTAACCCCACAATAACAATGACATGCGCTTT	45	CAL*PHNNNDMRF	:::::::::0:-9:8:::::16:0:39:::
2327	325.0	1.2777256640438562E-4	1	1.1548677676406051E-4	TGTGCTCTTGGGGGACCTTATTCTGGGGGTTACCAGAAAGTTACCTTT	NNNNNNNNNNNNNNNNNNNNNNNNNNNNNNNNNNNNNNNNNNNNNNNN	TRDV1*00(999.2)		TRAJ13*00(549.4)		573|589|610|0|16|SA586G|131.0		23|52|83|19|48||290.0		TGTGCTCTTGGGGGACCTTATTCTGGGGGTTACCAGAAAGTTACCTTT	45	CALGGPYSGGYQKVTF	:::::::::0:-1:16:::::19:-3:48:::
2615	325.0	1.2777256640438562E-4	1	1.1548677676406051E-4	TGTGCTCTGAGTGCGACCGACGTGATCAGGAGGAGGTGCTGACGGACTCACCTTT	NNNNNNNNNNNNNNNNNNNNNNNNNNNNNNNNNNNNNNNNNNNNNNNNNNNNNNN	TRAV9-2*00(746)		TRAJ45*00(608.8)		480|493|514|0|13||130.0		25|55|86|25|55||300.0		TGTGCTCTGAGTGCGACCGACGTGATCAGGAGGAGGTGCTGACGGACTCACCTTT	45	CALSATDVI_GGGADGLTF	:::::::::0:-1:13:::::25:-5:55:::
2708	325.0	1.2777256640438562E-4	1	1.1548677676406051E-4	TGTGCTCTGAGTGAGGTGCTTCAGGGAGCCCAGAAGCTGGTATTT	NNNNNNNNNNNNNNNNNNNNNNNNNNNNNNNNNNNNNNNNNNNNN	TRAV19*00(779.8)		TRAJ54*00(538.4)		556|577|593|0|21|SC572TSC575T|172.0		25|49|80|21|45||260.0		TGTGCTCTGAGTGAGGTGCTTCAGGGAGCCCAGAAGCTGGTATTT	45	CALSEVLQGAQKLVF	:::::::::0:4:21:::::21:-5:45:::
2780	325.0	1.2777256640438562E-4	1	1.1548677676406051E-4	TGTGCTCTGAGTGAACGAGCCGGTAACCAGTTCTATTTT	NNNNNNNNNNNNNNNNNNNNNNNNNNNNNNNNNNNNNNN	TRAV19*00(749.9)		TRAJ49*00(499.5)		556|570|593|0|14||140.0		25|45|76|19|39||200.0		TGTGCTCTGAGTGAACGAGCCGGTAACCAGTTCTATTTT	45	CALSERAGNQFYF	:::::::::0:-3:14:::::19:-5:39:::
2971	325.0	1.2777256640438562E-4	1	1.1548677676406051E-4	TGTGCTCTAAGTGCTTACGAACACCGGTAACCAGTTCTATTTT	NNNNNNNNNNNNNNNNNNNNNNNNNNNNNNNNNNNNNNNNNNN	TRAV16*00(999.4)		TRAJ49*00(519.7)		449|462|483|0|13||130.0		19|45|76|17|43||260.0		TGTGCTCTAAGTGCTTACGAACACCGGTAACCAGTTCTATTTT	45	CALSAYE_TGNQFYF	:::::::::0:-1:13:::::17:1:43:::
3245	325.0	1.2777256640438562E-4	1	1.1548677676406051E-4	TGTGCTGTCCGGGAGGGGTCGGGCGGATCTGAAAAGCTGGTCTTT	NNNNNNNNNNNNNNNNNNNNNNNNNNNNNNNNNNNNNNNNNNNNN	TRAV8-6*00(649.3)		TRAJ57*00(549.3)		448|456|482|0|8||80.0		27|52|83|20|45||250.0		TGTGCTGTCCGGGAGGGGTCGGGCGGATCTGAAAAGCTGGTCTTT	45	CAVREGSGGSEKLVF	:::::::::0:-6:8:::::20:-7:45:::
4238	325.0	1.2777256640438562E-4	1	1.1548677676406051E-4	TGTGCTGTGAGAGGGGGGAACACAGGCTTTCAGAAACTTGTATTT	NNNNNNNNNNNNNNNNNNNNNNNNNNNNNNNNNNNNNNNNNNNNN	TRAV3*00(609.6)		TRAJ8*00(569.6)		437|450|473|0|13||130.0		21|49|80|17|45||280.0		TGTGCTGTGAGAGGGGGGAACACAGGCTTTCAGAAACTTGTATTT	45	CAVRGGNTGFQKLVF	:::::::::0:-3:13:::::17:-1:45:::
4239	325.0	1.2777256640438562E-4	1	1.1548677676406051E-4	TGTGCTGTGAGAGGGGAAAATAATGCAGGCAACATGCTCACCTTT	NNNNNNNNNNNNNNNNNNNNNNNNNNNNNNNNNNNNNNNNNNNNN	TRAV1-2*00(689.4)		TRAJ39*00(579.9)		620|633|654|0|13||130.0		25|52|83|18|45||270.0		TGTGCTGTGAGAGGGGAAAATAATGCAGGCAACATGCTCACCTTT	45	CAVRGENNAGNMLTF	:::::::::0:-1:13:::::18:-5:45:::
4380	325.0	1.2777256640438562E-4	1	1.1548677676406051E-4	TGTGCTGTAAGTGGAGGTAGCAACTATAAACTGACATTT	NNNNNNNNNNNNNNNNNNNNNNNNNNNNNNNNNNNNNNN	TRAV22*00(509.7)		TRAJ53*00(609)		526|534|559|0|8||80.0		25|55|86|9|39||300.0		TGTGCTGTAAGTGGAGGTAGCAACTATAAACTGACATTT	45	CAVSGGSNYKLTF	:::::::::0:-5:8:::::9:-5:39:::
6504	325.0	1.2777256640438562E-4	1	1.1548677676406051E-4	TGTGCCGCCGACGGAGGCAAACTAATCTTT	NNNNNNNNNNNNNNNNNNNNNNNNNNNNNN	TRAV13-1*00(910.4)		TRAJ37*00(469.7)		511|519|544|0|8|SA516C|51.0		35|51|82|14|30||160.0		TGTGCCGCCGACGGAGGCAAACTAATCTTT	45	CAADGGKLIF	:::::::::0:-5:8:::::14:-15:30:::
17809	325.0	1.2777256640438562E-4	1	1.1548677676406051E-4	TGTGCAGCAAGCCTCGTCCTCTCTAGCAACACAGGCAAACTAATCTTT	NNNNNNNNNNNNNNNNNNNNNNNNNNNNNNNNNNNNNNNNNNNNNNNN	TRAV23/DV6*00(457)		TRAJ37*00(560.8)		517|529|550|0|12||120.0		23|51|82|20|48|SG27A|251.0		TGTGCAGCAAGCCTCGTCCTCTCTAGCAACACAGGCAAACTAATCTTT	45	CAASLVLSSNTGKLIF	:::::::::0:-1:12:::::20:-3:48:::
18062	325.0	1.2777256640438562E-4	1	1.1548677676406051E-4	TGTGCAGCAAGAGGCAGAGATGACAAGATCATCTTT	NNNNNNNNNNNNNNNNNNNNNNNNNNNNNNNNNNNN	TRAV29/DV5*00(520)		TRAJ30*00(529.7)		529|540|562|0|11||110.0		24|46|77|14|36||220.0		TGTGCAGCAAGAGGCAGAGATGACAAGATCATCTTT	45	CAARGRDDKIIF	:::::::::0:-2:11:::::14:-4:36:::
18101	325.0	1.2777256640438562E-4	1	1.1548677676406051E-4	TGTGCAGGTCTTCCATATAGAAACAAACTGGTCTTT	NNNNNNNNNNNNNNNNNNNNNNNNNNNNNNNNNNNN	TRAV27*00(621.3)		TRAJ47*00(500.2)		552|560|582|0|8||80.0		24|46|77|14|36|SG28A|191.0		TGTGCAGGTCTTCCATATAGAAACAAACTGGTCTTT	45	CAGLPYRNKLVF	:::::::::0:-2:8:::::14:-4:36:::
18223	325.0	1.2777256640438562E-4	1	1.1548677676406051E-4	TGTGCAGGATCCTCCTATGGTGGTGCTACAAACAAGCTCATCTTT	NNNNNNNNNNNNNNNNNNNNNNNNNNNNNNNNNNNNNNNNNNNNN	TRAV13-1*00(549.7)		TRAJ32*00(599.5)		511|518|544|0|7||70.0		25|55|86|15|45||300.0		TGTGCAGGATCCTCCTATGGTGGTGCTACAAACAAGCTCATCTTT	45	CAGSSYGGATNKLIF	:::::::::0:-6:7:::::15:-5:45:::
18341	325.0	1.2777256640438562E-4	1	1.1548677676406051E-4	TGTGCAGAGTCTTACAGAGATGACAAGATCATCTTT	NNNNNNNNNNNNNNNNNNNNNNNNNNNNNNNNNNNN	TRAV13-2*00(539.8)		TRAJ30*00(539.3)		506|515|539|0|9||90.0		23|46|77|13|36||230.0		TGTGCAGAGTCTTACAGAGATGACAAGATCATCTTT	45	CAESYRDDKIIF	:::::::::0:-4:9:::::13:-3:36:::
18407	325.0	1.2777256640438562E-4	1	1.1548677676406051E-4	TGTGCAGAGACCGGTGTGGGAAGGCAACTGACCTTT	NNNNNNNNNNNNNNNNNNNNNNNNNNNNNNNNNNNN	TRAV5*00(459.6)		TRAJ22*00(469.6)		523|533|556|0|10||100.0		36|52|83|20|36||160.0		TGTGCAGAGACCGGTGTGGGAAGGCAACTGACCTTT	45	CAETGVGRQLTF	:::::::::0:-3:10:::::20:-16:36:::
18475	325.0	1.2777256640438562E-4	1	1.1548677676406051E-4	TGTGCAGAGAATCGAGGTAACCAGTTCTATTTT	NNNNNNNNNNNNNNNNNNNNNNNNNNNNNNNNN	TRAV13-2*00(569.9)		TRAJ49*00(480)		506|518|539|0|12||120.0		27|45|76|15|33||180.0		TGTGCAGAGAATCGAGGTAACCAGTTCTATTTT	45	CAENRGNQFYF	:::::::::0:-1:12:::::15:-7:33:::
18957	325.0	1.2777256640438562E-4	1	1.1548677676406051E-4	TGCCTCGTTCAAACTGGGGCAAACAACCTCTTCTTT	NNNNNNNNNNNNNNNNNNNNNNNNNNNNNNNNNNNN	TRAV4*00(949.2)		TRAJ36*00(579.4)		768|776|804|0|8||80.0		20|48|79|8|36||280.0		TGCCTCGTTCAAACTGGGGCAAACAACCTCTTCTTT	45	CLVQTGANNLFF	:::::::::0:-8:8:::::8:0:36:::
1496	324.0	1.273794200462183E-4	1	1.1548677676406051E-4	TCCAAATAATGCTGGTGGTACTAGCTATGGAAAGCTGACATTT	NNNNNNNNNNNNNNNNNNNNNNNNNNNNNNNNNNNNNNNNNNN	TRAV36/DV7*00(529.8)		TRAJ52*00(669.2)		500|501|533|0|1||10.0		21|58|89|6|43||370.0		TCCAAATAATGCTGGTGGTACTAGCTATGGAAAGCTGACATTT	45	SK*CWWY_SYGKLTF	:::::::::0:-12:1:::::6:-1:43:::
1941	324.0	1.273794200462183E-4	1	1.1548677676406051E-4	TGTGTGGTGAACAACGGAAACAAGCTGGTCTTT	NNNNNNNNNNNNNNNNNNNNNNNNNNNNNNNNN	TRAV12-1*00(989.4)		TRAJ47*00(460.8)		539|552|572|0|13||130.0		28|46|77|15|33|SA36G|151.0		TGTGTGGTGAACAACGGAAACAAGCTGGTCTTT	45	CVVNNGNKLVF	:::::::::0:0:13:::::15:-8:33:::
2183	324.0	1.273794200462183E-4	1	1.1548677676406051E-4	TGTGCTTATAGTTCTCCCAGCTAATGCTGGTGGTACTAGCTATGGAAAGCTGACATTT	NNNNNNNNNNNNNNNNNNNNNNNNNNNNNNNNNNNNNNNNNNNNNNNNNNNNNNNNNN	TRAV38-2/DV8*00(569.5)		TRAJ52*00(627.6)		602|613|638|0|11||110.0		18|58|89|18|58||400.0		TGTGCTTATAGTTCTCCCAGCTAATGCTGGTGGTACTAGCTATGGAAAGCTGACATTT	45	CAYSSPS*CW_GTSYGKLTF	:::::::::0:-5:11:::::18:2:58:::
2260	324.0	1.273794200462183E-4	1	1.1548677676406051E-4	TGTGCTTATAATTCGGTTCAGGGAGCCCAGAAGCTGGTATTT	NNNNNNNNNNNNNNNNNNNNNNNNNNNNNNNNNNNNNNNNNN	TRAV38-2/DV8*00(560)		TRAJ54*00(549.6)		602|612|638|0|10||100.0		23|49|80|16|42||260.0		TGTGCTTATAATTCGGTTCAGGGAGCCCAGAAGCTGGTATTT	45	CAYNSVQGAQKLVF	:::::::::0:-6:10:::::16:-3:42:::
2478	324.0	1.273794200462183E-4	1	1.1548677676406051E-4	TGTGCTCTCACCGTTAATGCCAGACTCATGTTT	NNNNNNNNNNNNNNNNNNNNNNNNNNNNNNNNN	TRAV16*00(766.5)		TRAJ31*00(479.8)		449|457|483|0|8||80.0		28|46|77|15|33||180.0		TGTGCTCTCACCGTTAATGCCAGACTCATGTTT	45	CALTVNARLMF	:::::::::0:-6:8:::::15:-8:33:::
3258	324.0	1.273794200462183E-4	1	1.1548677676406051E-4	TGTGCTGTCGCGGGTGCTGACGGACTCACCTTT	NNNNNNNNNNNNNNNNNNNNNNNNNNNNNNNNN	TRAV41*00(769.8)		TRAJ45*00(519.5)		512|521|544|0|9||90.0		34|55|86|12|33||210.0		TGTGCTGTCGCGGGTGCTGACGGACTCACCTTT	45	CAVAGADGLTF	:::::::::0:-3:9:::::12:-14:33:::
3431	324.0	1.273794200462183E-4	1	1.1548677676406051E-4	TGTGCTGTGCAGGCTCGGGGCTCTAGCAACACAGGCAAACTAATCTTT	NNNNNNNNNNNNNNNNNNNNNNNNNNNNNNNNNNNNNNNNNNNNNNNN	TRAV20*00(549.6)		TRAJ37*00(580.2)		498|512|531|0|14||140.0		21|51|82|18|48|SG27A|271.0		TGTGCTGTGCAGGCTCGGGGCTCTAGCAACACAGGCAAACTAATCTTT	45	CAVQARGSSNTGKLIF	:::::::::0:1:14:::::18:-1:48:::
4175	324.0	1.273794200462183E-4	1	1.1548677676406051E-4	TGTGCTGTGAGGGGAAAAACACAGGCTTTCAGAAACTTGTATTT	NNNNNNNNNNNNNNNNNNNNNNNNNNNNNNNNNNNNNNNNNNNN	TRAV21*00(819.8)		TRAJ8*00(533.2)		544|556|576|0|12||120.0		22|49|80|17|44||270.0		TGTGCTGTGAGGGGAAAAACACAGGCTTTCAGAAACTTGTATTT	45	CAVRGKT_GFQKLVF	:::::::::0:0:12:::::17:-2:44:::
4812	324.0	1.273794200462183E-4	1	1.1548677676406051E-4	TGTGCTACGGGCTCCCCTGGGGCAAACAACCTCTTCTTT	NNNNNNNNNNNNNNNNNNNNNNNNNNNNNNNNNNNNNNN	TRAV17*00(899.4)		TRAJ36*00(539)		490|500|523|0|10||100.0		25|48|79|16|39||230.0		TGTGCTACGGGCTCCCCTGGGGCAAACAACCTCTTCTTT	45	CATGSPGANNLFF	:::::::::0:-3:10:::::16:-5:39:::
17343	324.0	1.273794200462183E-4	1	1.1548677676406051E-4	TGTGCGGGCCCAGCCCCTGGGGAGGCTATACTTT	NNNNNNNNNNNNNNNNNNNNNNNNNNNNNNNNNN	TRAV25*00(509.2)		TRAJ18*00(509.7)		620|631|649|0|11|SA625GSG628C|52.0		35|55|86|14|34||200.0		TGTGCGGGCCCAGCCCCTGGGGAGGCTATACTTT	45	CAGPAP_GRLYF	:::::::::0:2:11:::::14:-15:34:::
17647	324.0	1.273794200462183E-4	1	1.1548677676406051E-4	TGTGCAGCAAGTTCCGCTACCTCAGGAACCTACAAATACATCTTT	NNNNNNNNNNNNNNNNNNNNNNNNNNNNNNNNNNNNNNNNNNNNN	TRAV29/DV5*00(559.8)		TRAJ40*00(579.4)		529|540|562|0|11||110.0		21|50|81|16|45||290.0		TGTGCAGCAAGTTCCGCTACCTCAGGAACCTACAAATACATCTTT	45	CAASSATSGTYKYIF	:::::::::0:-2:11:::::16:-1:45:::
17662	324.0	1.273794200462183E-4	1	1.1548677676406051E-4	TGTGCAGCAAGTCTGAGTGGAGGTAGCAACTATAAACTGACATTT	NNNNNNNNNNNNNNNNNNNNNNNNNNNNNNNNNNNNNNNNNNNNN	TRAV13-1*00(837.1)		TRAJ53*00(584.5)		511|523|544|0|12||120.0		25|55|86|15|45||300.0		TGTGCAGCAAGTCTGAGTGGAGGTAGCAACTATAAACTGACATTT	45	CAASLSGGSNYKLTF	:::::::::0:-1:12:::::15:-5:45:::
17817	324.0	1.273794200462183E-4	1	1.1548677676406051E-4	TGTGCAGCAAGCCCTAGGTACCCGACAAGCTCATCTTT	NNNNNNNNNNNNNNNNNNNNNNNNNNNNNNNNNNNNNN	TRAV29/DV5*00(569.9)		TRAJ34*00(469.9)		529|541|562|0|12||120.0		30|47|78|21|38||170.0		TGTGCAGCAAGCCCTAGGTACCCGACAAGCTCATCTTT	45	CAASPR_PDKLIF	:::::::::0:-1:12:::::21:-10:38:::
18597	324.0	1.273794200462183E-4	1	1.1548677676406051E-4	TGTGCAATGAGCTTGAATTATGGAGGAAGCCAAGGAAATCTCATCTTT	NNNNNNNNNNNNNNNNNNNNNNNNNNNNNNNNNNNNNNNNNNNNNNNN	TRAV12-3*00(979.1)		TRAJ42*00(609.7)		562|574|595|0|12||120.0		20|55|86|13|48||350.0		TGTGCAATGAGCTTGAATTATGGAGGAAGCCAAGGAAATCTCATCTTT	45	CAMSLNYGGSQGNLIF	:::::::::0:-1:12:::::13:0:48:::
18612	324.0	1.273794200462183E-4	1	1.1548677676406051E-4	TGTGCAATGAGCCCGAGAGGGGGAGCCCAGAAGCTGGTATTT	NNNNNNNNNNNNNNNNNNNNNNNNNNNNNNNNNNNNNNNNNN	TRAV12-3*00(980.3)		TRAJ54*00(469.8)		562|577|595|0|15|SG574C|121.0		27|49|80|20|42||220.0		TGTGCAATGAGCCCGAGAGGGGGAGCCCAGAAGCTGGTATTT	45	CAMSPRGGAQKLVF	:::::::::0:2:15:::::20:-7:42:::
20199	324.0	1.273794200462183E-4	1	1.1548677676406051E-4	TGCATCCTGCAGGTTCGTGGAGGTAGCAACTATAAACTGACATTT	NNNNNNNNNNNNNNNNNNNNNNNNNNNNNNNNNNNNNNNNNNNNN	TRAV26-2*00(711.1)		TRAJ53*00(580.2)		791|800|826|0|9||90.0		26|55|86|16|45||290.0		TGCATCCTGCAGGTTCGTGGAGGTAGCAACTATAAACTGACATTT	45	CILQVRGGSNYKLTF	:::::::::0:-6:9:::::16:-6:45:::
2755	323.0	1.2698627368805095E-4	1	1.1548677676406051E-4	TGTGCTCTGAGTGAGGGGGGTAGGACTCAAATTCCGGGTATGCACTCAACTTC	NNNNNNNNNNNNNNNNNNNNNNNNNNNNNNNNNNNNNNNNNNNNNNNNNNNNN	TRAV19*00(759.4)		TRAJ41*00(549.7)		556|572|593|0|16||160.0		22|51|82|24|53||290.0		TGTGCTCTGAGTGAGGGGGGTAGGACTCAAATTCCGGGTATGCACTCAACTTC	45	CALSEGGRT_NSGYALNF	:::::::::0:-1:16:::::24:-2:53:::
2842	323.0	1.2698627368805095E-4	1	1.1548677676406051E-4	TGTGCTCTGAGGGGGCTGCAGGCAACAAGCTAACTTTT	NNNNNNNNNNNNNNNNNNNNNNNNNNNNNNNNNNNNNN	TRAV9-2*00(719.7)		TRAJ17*00(539.5)		480|491|514|0|11||110.0		28|52|83|14|38||240.0		TGTGCTCTGAGGGGGCTGCAGGCAACAAGCTAACTTTT	45	CALRGL_GNKLTF	:::::::::0:-3:11:::::14:-8:38:::
3522	323.0	1.2698627368805095E-4	1	1.1548677676406051E-4	TGTGCTGTGGCCCCCCGGGCGGACCGGTAACCAGTTCTATTTT	NNNNNNNNNNNNNNNNNNNNNNNNNNNNNNNNNNNNNNNNNNN	TRAV8-3*00(553.7)		TRAJ49*00(509.6)		455|465|489|0|10||100.0		24|45|76|22|43||210.0		TGTGCTGTGGCCCCCCGGGCGGACCGGTAACCAGTTCTATTTT	45	CAVAPRA_TGNQFYF	:::::::::0:-4:10:::::22:-4:43:::
3556	323.0	1.2698627368805095E-4	1	1.1548677676406051E-4	TGTGCTGTGGGTGCTCTACCTCAGGAACCTACAAATACATCTTT	NNNNNNNNNNNNNNNNNNNNNNNNNNNNNNNNNNNNNNNNNNNN	TRAV8-3*00(594)		TRAJ40*00(579.3)		455|469|489|0|14||140.0		21|50|81|15|44||290.0		TGTGCTGTGGGTGCTCTACCTCAGGAACCTACAAATACATCTTT	45	CAVGALP_GTYKYIF	:::::::::0:0:14:::::15:-1:44:::
3796	323.0	1.2698627368805095E-4	1	1.1548677676406051E-4	TGTGCTGTGATGCGGATGGATAGCAGCTATAAATTGATCTTC	NNNNNNNNNNNNNNNNNNNNNNNNNNNNNNNNNNNNNNNNNN	TRAV8-4*00(614.6)		TRAJ12*00(570.9)		476|486|510|0|10||100.0		17|49|80|10|42|SC18G|301.0		TGTGCTGTGATGCGGATGGATAGCAGCTATAAATTGATCTTC	45	CAVMRMDSSYKLIF	:::::::::0:-4:10:::::10:3:42:::
4471	323.0	1.2698627368805095E-4	1	1.1548677676406051E-4	TGTGCTGCGATCGACAGAGGCTCAACCCTGGGGAGGCTATACTTT	NNNNNNNNNNNNNNNNNNNNNNNNNNNNNNNNNNNNNNNNNNNNN	TRAV21*00(700.7)		TRAJ18*00(628.6)		544|554|576|0|10|ST551C|71.0		21|55|86|11|45||340.0		TGTGCTGCGATCGACAGAGGCTCAACCCTGGGGAGGCTATACTTT	45	CAAIDRGSTLGRLYF	:::::::::0:-2:10:::::11:-1:45:::
4657	323.0	1.2698627368805095E-4	1	1.1548677676406051E-4	TGTGCTGGGCAGCATAACTATGGTCAGAATTTTGTCTTT	NNNNNNNNNNNNNNNNNNNNNNNNNNNNNNNNNNNNNNN	TRAV35*00(955.1)		TRAJ26*00(559.8)		588|601|620|0|13||130.0		23|49|80|13|39||260.0		TGTGCTGGGCAGCATAACTATGGTCAGAATTTTGTCTTT	45	CAGQHNYGQNFVF	:::::::::0:1:13:::::13:-3:39:::
4722	323.0	1.2698627368805095E-4	1	1.1548677676406051E-4	TGTGCTGGGATCAATGCTGGTGGTACTAGCTATGGAAAGCTGACATTT	NNNNNNNNNNNNNNNNNNNNNNNNNNNNNNNNNNNNNNNNNNNNNNNN	TRAV35*00(929.7)		TRAJ52*00(619.9)		588|597|620|0|9||90.0		22|58|89|12|48||360.0		TGTGCTGGGATCAATGCTGGTGGTACTAGCTATGGAAAGCTGACATTT	45	CAGINAGGTSYGKLTF	:::::::::0:-3:9:::::12:-2:48:::
4889	323.0	1.2698627368805095E-4	1	1.1548677676406051E-4	TGTGCTACGGACGAGGCTGGTTCTGCAAGGCAACTGACCTTT	NNNNNNNNNNNNNNNNNNNNNNNNNNNNNNNNNNNNNNNNNN	TRAV17*00(929.3)		TRAJ22*00(540.3)		490|503|523|0|13||130.0		26|52|83|16|42||260.0		TGTGCTACGGACGAGGCTGGTTCTGCAAGGCAACTGACCTTT	45	CATDEAGSARQLTF	:::::::::0:0:13:::::16:-6:42:::
6382	323.0	1.2698627368805095E-4	1	1.1548677676406051E-4	TGTGCCGTGAACCCTTCTACCTCAGGAACCTACAAATACATCTTT	NNNNNNNNNNNNNNNNNNNNNNNNNNNNNNNNNNNNNNNNNNNNN	TRAV12-2*00(736.1)		TRAJ40*00(559.4)		551|563|584|0|12||120.0		21|50|81|16|45||290.0		TGTGCCGTGAACCCTTCTACCTCAGGAACCTACAAATACATCTTT	45	CAVNPSTSGTYKYIF	:::::::::0:-1:12:::::16:-1:45:::
6444	323.0	1.2698627368805095E-4	1	1.1548677676406051E-4	TGTGCCGTGAAGGAGGAAGCCAAGGAAATCTCATCTTT	NNNNNNNNNNNNNNNNNNNNNNNNNNNNNNNNNNNNNN	TRAV8-1*00(579.6)		TRAJ42*00(569.8)		474|485|508|0|11||110.0		28|55|86|11|38||270.0		TGTGCCGTGAAGGAGGAAGCCAAGGAAATCTCATCTTT	45	CAVKEE_QGNLIF	:::::::::0:-3:11:::::11:-8:38:::
6489	323.0	1.2698627368805095E-4	1	1.1548677676406051E-4	TGTGCCGCCTCCAACTTCAACAAATTTTACTTT	NNNNNNNNNNNNNNNNNNNNNNNNNNNNNNNNN	TRAV5*00(411.1)		TRAJ21*00(531)		523|528|556|0|5||50.0		22|44|75|11|33||220.0		TGTGCCGCCTCCAACTTCAACAAATTTTACTTT	45	CAASNFNKFYF	:::::::::0:-8:5:::::11:-2:33:::
17441	323.0	1.2698627368805095E-4	1	1.1548677676406051E-4	TGTGCAGCTTGACCCCCTCGCGCGATGGCCAGAAGCTGCTCTTT	NNNNNNNNNNNNNNNNNNNNNNNNNNNNNNNNNNNNNNNNNNNN	TRAV13-2*00(519.6)		TRAJ16*00(480.4)		506|513|539|0|7||70.0		28|49|80|23|44||210.0		TGTGCAGCTTGACCCCCTCGCGCGATGGCCAGAAGCTGCTCTTT	45	CAA*PPR_DGQKLLF	:::::::::0:-6:7:::::23:-8:44:::
17570	323.0	1.2698627368805095E-4	1	1.1548677676406051E-4	TGTGCAGCAGTAAGGGGAAATTCCGGGTATGCACTCAACTTC	NNNNNNNNNNNNNNNNNNNNNNNNNNNNNNNNNNNNNNNNNN	TRAV13-1*00(569.6)		TRAJ41*00(509.4)		511|520|544|0|9||90.0		26|51|82|17|42||250.0		TGTGCAGCAGTAAGGGGAAATTCCGGGTATGCACTCAACTTC	45	CAAVRGNSGYALNF	:::::::::0:-4:9:::::17:-6:42:::
18013	323.0	1.2698627368805095E-4	1	1.1548677676406051E-4	TGTGCAGCAAGCAGGACCTCAAATTCCGGGTATGCACTCAACTTC	NNNNNNNNNNNNNNNNNNNNNNNNNNNNNNNNNNNNNNNNNNNNN	TRAV23/DV6*00(499.5)		TRAJ41*00(540.6)		517|530|550|0|13||130.0		20|51|82|14|45|SA22C|281.0		TGTGCAGCAAGCAGGACCTCAAATTCCGGGTATGCACTCAACTTC	45	CAASRTSNSGYALNF	:::::::::0:0:13:::::14:0:45:::
18362	323.0	1.2698627368805095E-4	1	1.1548677676406051E-4	TGTGCAGAGGTCACCTCAGGAACCTACAAATACATCTTT	NNNNNNNNNNNNNNNNNNNNNNNNNNNNNNNNNNNNNNN	TRAV13-2*00(539.9)		TRAJ40*00(559.5)		506|515|539|0|9||90.0		23|50|81|12|39||270.0		TGTGCAGAGGTCACCTCAGGAACCTACAAATACATCTTT	45	CAEVTSGTYKYIF	:::::::::0:-4:9:::::12:-3:39:::
18846	323.0	1.2698627368805095E-4	1	1.1548677676406051E-4	TGTGCAACTACACCCTCGGGAATATAATTCAGGGAGCCCAGAAGCTGGTATTT	NNNNNNNNNNNNNNNNNNNNNNNNNNNNNNNNNNNNNNNNNNNNNNNNNNNNN	TRAV12-3*00(929.4)		TRAJ54*00(559.7)		562|569|595|0|7||70.0		18|49|80|22|53||310.0		TGTGCAACTACACCCTCGGGAATATAATTCAGGGAGCCCAGAAGCTGGTATTT	45	CATTPSGI*_QGAQKLVF	:::::::::0:-6:7:::::22:2:53:::
18909	323.0	1.2698627368805095E-4	1	1.1548677676406051E-4	TGTGGAGCAGACATTGGCGGCCAGAAGCTGCTCTTT	NNNNNNNNNNNNNNNNNNNNNNNNNNNNNNNNNNNN	TRAV34*00(529.7)		TRAJ16*00(450.9)		603|617|636|0|14||140.0		31|49|80|18|36||180.0		TGTGGAGCAGACATTGGCGGCCAGAAGCTGCTCTTT	45	CGADIGGQKLLF	:::::::::0:1:14:::::18:-11:36:::
18995	323.0	1.2698627368805095E-4	1	1.1548677676406051E-4	TGCCTCGTGGGTGGAGGATGCTGGCAACAACCGTAAGCTGATTTGG	NNNNNNNNNNNNNNNNNNNNNNNNNNNNNNNNNNNNNNNNNNNNNN	TRAV4*00(999.5)		TRAJ38*00(549.7)		768|781|804|0|13||130.0		22|51|82|17|46||290.0		TGCCTCGTGGGTGGAGGATGCTGGCAACAACCGTAAGCTGATTTGG	45	CLVGGGCW_NNRKLIW	:::::::::0:-3:13:::::17:-2:46:::
19018	323.0	1.2698627368805095E-4	1	1.1548677676406051E-4	TGCCTCGTGGGTGACGGGGATGACATGCGCTTT	NNNNNNNNNNNNNNNNNNNNNNNNNNNNNNNNN	TRAV4*00(1019.8)		TRAJ43*00(439.7)		768|783|804|0|15||150.0		29|43|74|19|33||140.0		TGCCTCGTGGGTGACGGGGATGACATGCGCTTT	45	CLVGDGDDMRF	:::::::::0:-1:15:::::19:-9:33:::
1650	322.0	1.265931273298836E-4	1	1.1548677676406051E-4	TGTGTGCCCCGATAGGCTTTGGGAATGTGCTGCATTGC	NNNNNNNNNNNNNNNNNNNNNNNNNNNNNNNNNNNNNN	TRAV10*00(619.5)		TRAJ35*00(599.6)		575|581|608|0|6||60.0		19|48|79|9|38||290.0		TGTGTGCCCCGATAGGCTTTGGGAATGTGCTGCATTGC	45	CVPR*A_GNVLHC	:::::::::0:-7:6:::::9:1:38:::
2021	322.0	1.265931273298836E-4	1	1.1548677676406051E-4	TGTGCTTTCGGCTCTAGCAACACAGGCAAACTAATCTTT	NNNNNNNNNNNNNNNNNNNNNNNNNNNNNNNNNNNNNNN	TRAV22*00(489.7)		TRAJ37*00(579.9)		526|532|559|0|6||60.0		21|51|82|9|39|SG27A|271.0		TGTGCTTTCGGCTCTAGCAACACAGGCAAACTAATCTTT	45	CAFGSSNTGKLIF	:::::::::0:-7:6:::::9:-1:39:::
2529	322.0	1.265931273298836E-4	1	1.1548677676406051E-4	TGTGCTCTGATTCGAGGGAGGAAAGCTTATCTTC	NNNNNNNNNNNNNNNNNNNNNNNNNNNNNNNNNN	TRAV9-2*00(729.9)		TRAJ23*00(471.2)		480|490|514|0|10||100.0		32|52|83|14|34||200.0		TGTGCTCTGATTCGAGGGAGGAAAGCTTATCTTC	45	CALIRG_GKLIF	:::::::::0:-4:10:::::14:-12:34:::
2744	322.0	1.265931273298836E-4	1	1.1548677676406051E-4	TGTGCTCTGAGTGAGGCGAACTATGGGAACAACAGACTCGCTTTT	NNNNNNNNNNNNNNNNNNNNNNNNNNNNNNNNNNNNNNNNNNNNN	TRAV19*00(749.4)		TRAJ7*00(549.7)		556|574|593|0|18||180.0		22|48|79|19|45||260.0		TGTGCTCTGAGTGAGGCGAACTATGGGAACAACAGACTCGCTTTT	45	CALSEANYGNNRLAF	:::::::::0:1:18:::::19:-2:45:::
3065	322.0	1.265931273298836E-4	1	1.1548677676406051E-4	TGTGCTCCCCCCTGAGGGCCGTTATAACCAGGGAGGAAAGCTTATCTTC	NNNNNNNNNNNNNNNNNNNNNNNNNNNNNNNNNNNNNNNNNNNNNNNNN	TRAV16*00(939.4)		TRAJ23*00(477.7)		449|456|483|0|7||70.0		24|52|83|21|49||280.0		TGTGCTCCCCCCTGAGGGCCGTTATAACCAGGGAGGAAAGCTTATCTTC	45	CAPP*GPL_NQGGKLIF	:::::::::0:-7:7:::::21:-4:49:::
3599	322.0	1.265931273298836E-4	1	1.1548677676406051E-4	TGTGCTGTGGGTGAAGTGAGCTGGTGGTACTAGCTATGGAAAGCTGACATTT	NNNNNNNNNNNNNNNNNNNNNNNNNNNNNNNNNNNNNNNNNNNNNNNNNNNN	TRAV8-3*00(584.2)		TRAJ52*00(629.7)		455|468|489|0|13||130.0		25|58|89|19|52||330.0		TGTGCTGTGGGTGAAGTGAGCTGGTGGTACTAGCTATGGAAAGCTGACATTT	45	CAVGEVSWW_TSYGKLTF	:::::::::0:-1:13:::::19:-5:52:::
3968	322.0	1.265931273298836E-4	1	1.1548677676406051E-4	TGTGCTGTGAGTGATCACGAGGGTGGTACTAGCTATGGAAAGCTGACATTT	NNNNNNNNNNNNNNNNNNNNNNNNNNNNNNNNNNNNNNNNNNNNNNNNNNN	TRAV8-4*00(729.4)		TRAJ52*00(599.6)		476|494|510|0|18||180.0		28|58|89|21|51||300.0		TGTGCTGTGAGTGATCACGAGGGTGGTACTAGCTATGGAAAGCTGACATTT	45	CAVSDHEGGTSYGKLTF	:::::::::0:4:18:::::21:-8:51:::
4503	322.0	1.265931273298836E-4	1	1.1548677676406051E-4	TGTGCTGGTTGGAAGGGCGGATCTGAAAAGCTGGTCTTT	NNNNNNNNNNNNNNNNNNNNNNNNNNNNNNNNNNNNNNN	TRAV36/DV7*00(560.9)		TRAJ57*00(569.5)		500|507|533|0|7||70.0		26|52|83|13|39||260.0		TGTGCTGGTTGGAAGGGCGGATCTGAAAAGCTGGTCTTT	45	CAGWKGGSEKLVF	:::::::::0:-6:7:::::13:-6:39:::
4970	322.0	1.265931273298836E-4	1	1.1548677676406051E-4	TGTGCTAATACTGGAGGCTTCAAAACTATCTTT	NNNNNNNNNNNNNNNNNNNNNNNNNNNNNNNNN	TRAV36/DV7*00(579.6)		TRAJ9*00(569.5)		500|506|533|0|6||60.0		23|50|81|6|33||270.0		TGTGCTAATACTGGAGGCTTCAAAACTATCTTT	45	CANTGGFKTIF	:::::::::0:-7:6:::::6:-3:33:::
5621	322.0	1.265931273298836E-4	1	1.1548677676406051E-4	TGTGCCTTGGGGTATAACACCAATGCAGGCAAATCAACCTTT	NNNNNNNNNNNNNNNNNNNNNNNNNNNNNNNNNNNNNNNNNN	TRAV24*00(476.3)		TRAJ27*00(589.7)		515|523|545|0|8||80.0		18|48|79|12|42||300.0		TGTGCCTTGGGGTATAACACCAATGCAGGCAAATCAACCTTT	45	CALGYNTNAGKSTF	:::::::::0:-2:8:::::12:2:42:::
5693	322.0	1.265931273298836E-4	1	1.1548677676406051E-4	TGTGCCTCCGATCAAACTGGGGCAAACAACCTCTTCTTT	NNNNNNNNNNNNNNNNNNNNNNNNNNNNNNNNNNNNNNN	TRAV24*00(479.9)		TRAJ36*00(610)		515|522|545|0|7||70.0		18|48|79|9|39||300.0		TGTGCCTCCGATCAAACTGGGGCAAACAACCTCTTCTTT	45	CASDQTGANNLFF	:::::::::0:-3:7:::::9:2:39:::
6133	322.0	1.265931273298836E-4	1	1.1548677676406051E-4	TGTGCCGTTATAGGGAGGAAGCCAAGGAAATCTCATCTTT	NNNNNNNNNNNNNNNNNNNNNNNNNNNNNNNNNNNNNNNN	TRAV12-2*00(708.8)		TRAJ42*00(554.7)		551|559|584|0|8||80.0		25|55|86|10|40|ST27G|271.0		TGTGCCGTTATAGGGAGGAAGCCAAGGAAATCTCATCTTT	45	CAVIGRK_QGNLIF	:::::::::0:-5:8:::::10:-5:40:::
6206	322.0	1.265931273298836E-4	1	1.1548677676406051E-4	TGTGCCGTGGCGGAACCAGGGAGGAAAGCTTATCTTC	NNNNNNNNNNNNNNNNNNNNNNNNNNNNNNNNNNNNN	TRAV8-1*00(560)		TRAJ23*00(510.7)		474|483|508|0|9||90.0		28|52|83|13|37||240.0		TGTGCCGTGGCGGAACCAGGGAGGAAAGCTTATCTTC	45	CAVAEP_GGKLIF	:::::::::0:-5:9:::::13:-8:37:::
6323	322.0	1.265931273298836E-4	1	1.1548677676406051E-4	TGTGCCGTGAGGGGAGGAGGTGCTGACGGACTCACCTTT	NNNNNNNNNNNNNNNNNNNNNNNNNNNNNNNNNNNNNNN	TRAV12-2*00(469.2)		TRAJ45*00(579.5)		551|561|584|0|10||100.0		28|55|86|12|39||270.0		TGTGCCGTGAGGGGAGGAGGTGCTGACGGACTCACCTTT	45	CAVRGGGADGLTF	:::::::::0:-3:10:::::12:-8:39:::
6699	322.0	1.265931273298836E-4	1	1.1548677676406051E-4	TGTGCCATCAAAAGGGGGGAACCTACAAATACATCTTT	NNNNNNNNNNNNNNNNNNNNNNNNNNNNNNNNNNNNNN	TRAV16*00(736.9)		TRAJ40*00(493.7)		449|454|483|0|5||50.0		29|50|81|17|38||210.0		TGTGCCATCAAAAGGGGGGAACCTACAAATACATCTTT	45	CAIKRG_TYKYIF	:::::::::0:-9:5:::::17:-9:38:::
17659	322.0	1.265931273298836E-4	1	1.1548677676406051E-4	TGTGCAGCAAGTCTCCGGGGAAGCCAAGGAAATCTCATCTTT	NNNNNNNNNNNNNNNNNNNNNNNNNNNNNNNNNNNNNNNNNN	TRAV13-1*00(599.7)		TRAJ42*00(539.2)		511|523|544|0|12||120.0		31|55|86|18|42||240.0		TGTGCAGCAAGTCTCCGGGGAAGCCAAGGAAATCTCATCTTT	45	CAASLRGSQGNLIF	:::::::::0:-1:12:::::18:-11:42:::
17994	322.0	1.265931273298836E-4	1	1.1548677676406051E-4	TGTGCAGCAAGCACGTTAACTGGGGCAAACAACCTCTTCTTT	NNNNNNNNNNNNNNNNNNNNNNNNNNNNNNNNNNNNNNNNNN	TRAV23/DV6*00(499.9)		TRAJ36*00(559.6)		517|530|550|0|13||130.0		23|48|79|17|42||250.0		TGTGCAGCAAGCACGTTAACTGGGGCAAACAACCTCTTCTTT	45	CAASTLTGANNLFF	:::::::::0:0:13:::::17:-3:42:::
18253	322.0	1.265931273298836E-4	1	1.1548677676406051E-4	TGTGCAGGAGCTGGAGAATAGTGGAGGTAGCAACTATAAACTGACATTT	NNNNNNNNNNNNNNNNNNNNNNNNNNNNNNNNNNNNNNNNNNNNNNNNN	TRAV27*00(638)		TRAJ53*00(659.3)		552|564|582|0|12||120.0		20|55|86|14|49||350.0		TGTGCAGGAGCTGGAGAATAGTGGAGGTAGCAACTATAAACTGACATTT	45	CAGAGE*W_GSNYKLTF	:::::::::0:2:12:::::14:0:49:::
18405	322.0	1.265931273298836E-4	1	1.1548677676406051E-4	TGTGCAGAGACCCCATCTTATAACACCGACAAGCTCATCTTT	NNNNNNNNNNNNNNNNNNNNNNNNNNNNNNNNNNNNNNNNNN	TRAV5*00(459.7)		TRAJ34*00(579.8)		523|533|556|0|10||100.0		19|47|78|14|42||280.0		TGTGCAGAGACCCCATCTTATAACACCGACAAGCTCATCTTT	45	CAETPSYNTDKLIF	:::::::::0:-3:10:::::14:1:42:::
20345	322.0	1.265931273298836E-4	1	1.1548677676406051E-4	TGCATCGTCAGTAGTAGTGGTGCTACAAACAAGCTCATCTTT	NNNNNNNNNNNNNNNNNNNNNNNNNNNNNNNNNNNNNNNNNN	TRAV26-1*00(599.5)		TRAJ32*00(559.9)		763|774|799|0|11||110.0		29|55|86|16|42||260.0		TGCATCGTCAGTAGTAGTGGTGCTACAAACAAGCTCATCTTT	45	CIVSSSGATNKLIF	:::::::::0:-5:11:::::16:-9:42:::
20381	322.0	1.265931273298836E-4	1	1.1548677676406051E-4	TGCATCGTCAGAGTCCCTCTAATGCTGGCAACAACCGTAAGCTGATTTGG	NNNNNNNNNNNNNNNNNNNNNNNNNNNNNNNNNNNNNNNNNNNNNNNNNN	TRAV26-1*00(639.1)		TRAJ38*00(609.5)		763|778|799|0|15||150.0		20|51|82|19|50||310.0		TGCATCGTCAGAGTCCCTCTAATGCTGGCAACAACCGTAAGCTGATTTGG	45	CIVRVPLM_GNNRKLIW	:::::::::0:-1:15:::::19:0:50:::
1592	321.0	1.2619998097171625E-4	1	1.1548677676406051E-4	TGTGTTGTGAGTGTTCTAAATAACAATGCCAGACTCATGTTT	NNNNNNNNNNNNNNNNNNNNNNNNNNNNNNNNNNNNNNNNNN	TRAV8-2*00(680.7)		TRAJ31*00(539.8)		466|482|500|0|16|SA479T|131.0		22|46|77|18|42||240.0		TGTGTTGTGAGTGTTCTAAATAACAATGCCAGACTCATGTTT	45	CVVSVLNNNARLMF	:::::::::0:2:16:::::18:-2:42:::
1978	321.0	1.2619998097171625E-4	1	1.1548677676406051E-4	TGTGTGGGCAATAATGCAGGCAACATGCTCACCTTT	NNNNNNNNNNNNNNNNNNNNNNNNNNNNNNNNNNNN	TRAV12-1*00(929.8)		TRAJ39*00(579.2)		539|546|572|0|7||70.0		25|52|83|9|36||270.0		TGTGTGGGCAATAATGCAGGCAACATGCTCACCTTT	45	CVGNNAGNMLTF	:::::::::0:-6:7:::::9:-5:36:::
2423	321.0	1.2619998097171625E-4	1	1.1548677676406051E-4	TGTGCTCTTGGGGAAAGCTGCAGGCAACAAGCTAACTTTT	NNNNNNNNNNNNNNNNNNNNNNNNNNNNNNNNNNNNNNNN	TRDV1*00(1019.6)		TRAJ17*00(529.8)		573|587|610|0|14||150.0		26|52|83|14|40||270.0		TGTGCTCTTGGGGAAAGCTGCAGGCAACAAGCTAACTTTT	45	CALGESC_GNKLTF	:::::::::0:-3:14:::::14:-6:40:::
2457	321.0	1.2619998097171625E-4	1	1.1548677676406051E-4	TGTGCTCTCCTACACGGGCAGGAGAGCACTTACTTTT	NNNNNNNNNNNNNNNNNNNNNNNNNNNNNNNNNNNNN	TRAV9-2*00(689.4)		TRAJ5*00(559.7)		480|488|514|0|8||80.0		23|49|80|11|37||260.0		TGTGCTCTCCTACACGGGCAGGAGAGCACTTACTTTT	45	CALLHG_RRALTF	:::::::::0:-6:8:::::11:-3:37:::
2734	321.0	1.2619998097171625E-4	1	1.1548677676406051E-4	TGTGCTCTGAGTGAGGCGGCGAACACAGGCTTTCAGAAACTTGTATTT	NNNNNNNNNNNNNNNNNNNNNNNNNNNNNNNNNNNNNNNNNNNNNNNN	TRAV19*00(791.4)		TRAJ8*00(569.7)		556|574|593|0|18||180.0		21|49|80|20|48||280.0		TGTGCTCTGAGTGAGGCGGCGAACACAGGCTTTCAGAAACTTGTATTT	45	CALSEAANTGFQKLVF	:::::::::0:1:18:::::20:-1:48:::
2815	321.0	1.2619998097171625E-4	1	1.1548677676406051E-4	TGTGCTCTGAGCCCGAACACAGGCTTTCAGAAACTTGTATTT	NNNNNNNNNNNNNNNNNNNNNNNNNNNNNNNNNNNNNNNNNN	TRAV19*00(719.3)		TRAJ8*00(569.1)		556|567|593|0|11||110.0		21|49|80|14|42||280.0		TGTGCTCTGAGCCCGAACACAGGCTTTCAGAAACTTGTATTT	45	CALSPNTGFQKLVF	:::::::::0:-6:11:::::14:-1:42:::
3184	321.0	1.2619998097171625E-4	1	1.1548677676406051E-4	TGTGCTGTTGAATTCTACGTCCACCCTAATGCTGGTGGTACTAGCTATGGAAAGCTGACATTT	NNNNNNNNNNNNNNNNNNNNNNNNNNNNNNNNNNNNNNNNNNNNNNNNNNNNNNNNNNNNNNN	TRAV8-4*00(629.5)		TRAJ52*00(679.5)		476|484|510|0|8||80.0		20|58|89|25|63||380.0		TGTGCTGTTGAATTCTACGTCCACCCTAATGCTGGTGGTACTAGCTATGGAAAGCTGACATTT	45	CAVEFYVHPNAGGTSYGKLTF	:::::::::0:-6:8:::::25:0:63:::
3256	321.0	1.2619998097171625E-4	1	1.1548677676406051E-4	TGTGCTGTCGTAAATGCAGGCAACATGCTCACCTTT	NNNNNNNNNNNNNNNNNNNNNNNNNNNNNNNNNNNN	TRAV1-2*00(639.9)		TRAJ39*00(549.4)		620|628|654|0|8||80.0		28|52|83|12|36||240.0		TGTGCTGTCGTAAATGCAGGCAACATGCTCACCTTT	45	CAVVNAGNMLTF	:::::::::0:-6:8:::::12:-8:36:::
3503	321.0	1.2619998097171625E-4	1	1.1548677676406051E-4	TGTGCTGTGGTACTAGCTATGGAAAGCTGACATTT	NNNNNNNNNNNNNNNNNNNNNNNNNNNNNNNNNNN	TRAV22*00(530.8)		TRAJ52*00(579.9)		526|534|559|0|8||100.0		31|58|89|8|35||290.0		TGTGCTGTGGTACTAGCTATGGAAAGCTGACATTT	45	CAVVLA_GKLTF	:::::::::0:-5:8:::::8:-11:35:::
3717	321.0	1.2619998097171625E-4	1	1.1548677676406051E-4	TGTGCTGTGGAGGGGGATAACTATGGTCAGAATTTTGTCTTT	NNNNNNNNNNNNNNNNNNNNNNNNNNNNNNNNNNNNNNNNNN	TRAV2*00(793.7)		TRAJ26*00(560.7)		519|532|553|0|13||130.0		20|49|80|13|42||290.0		TGTGCTGTGGAGGGGGATAACTATGGTCAGAATTTTGTCTTT	45	CAVEGDNYGQNFVF	:::::::::0:-1:13:::::13:0:42:::
3911	321.0	1.2619998097171625E-4	1	1.1548677676406051E-4	TGTGCTGTGAGTGGCTCTAGCAACACAGGCAAACTAATCTTT	NNNNNNNNNNNNNNNNNNNNNNNNNNNNNNNNNNNNNNNNNN	TRAV3*00(589.4)		TRAJ37*00(590.4)		437|448|473|0|11||110.0		20|51|82|11|42|SG27A|281.0		TGTGCTGTGAGTGGCTCTAGCAACACAGGCAAACTAATCTTT	45	CAVSGSSNTGKLIF	:::::::::0:-5:11:::::11:0:42:::
3936	321.0	1.2619998097171625E-4	1	1.1548677676406051E-4	TGTGCTGTGAGTGATTAAGTGCTGGGGGTTACCAGAAAGTTACCTTT	NNNNNNNNNNNNNNNNNNNNNNNNNNNNNNNNNNNNNNNNNNNNNNN	TRAV8-6*00(719.3)		TRAJ13*00(530.8)		448|463|482|0|15||150.0		26|52|83|21|47||260.0		TGTGCTGTGAGTGATTAAGTGCTGGGGGTTACCAGAAAGTTACCTTT	45	CAVSD*VL_GYQKVTF	:::::::::0:1:15:::::21:-6:47:::
4042	321.0	1.2619998097171625E-4	1	1.1548677676406051E-4	TGTGCTGTGAGTGAAGGTGGTCAGGGAGCCCAGAAGCTGGTATTT	NNNNNNNNNNNNNNNNNNNNNNNNNNNNNNNNNNNNNNNNNNNNN	TRAV8-4*00(676)		TRAJ54*00(539.1)		476|490|510|0|14||140.0		24|49|80|20|45||250.0		TGTGCTGTGAGTGAAGGTGGTCAGGGAGCCCAGAAGCTGGTATTT	45	CAVSEGGQGAQKLVF	:::::::::0:0:14:::::20:-4:45:::
6192	321.0	1.2619998097171625E-4	1	1.1548677676406051E-4	TGTGCCGTGGTGAAAGCTGCAGGCAACAAGCTAACTTTT	NNNNNNNNNNNNNNNNNNNNNNNNNNNNNNNNNNNNNNN	TRAV12-2*00(936.4)		TRAJ17*00(549.6)		551|560|584|0|9||90.0		25|52|83|12|39||270.0		TGTGCCGTGGTGAAAGCTGCAGGCAACAAGCTAACTTTT	45	CAVVKAAGNKLTF	:::::::::0:-4:9:::::12:-5:39:::
6241	321.0	1.2619998097171625E-4	1	1.1548677676406051E-4	TGTGCCGTGGACATGTGGAATTCCGGGTATGCACTCAACTTC	NNNNNNNNNNNNNNNNNNNNNNNNNNNNNNNNNNNNNNNNNN	TRAV39*00(799.2)		TRAJ41*00(499)		507|523|540|0|16||160.0		27|51|82|18|42||240.0		TGTGCCGTGGACATGTGGAATTCCGGGTATGCACTCAACTTC	45	CAVDMWNSGYALNF	:::::::::0:3:16:::::18:-7:42:::
17725	321.0	1.2619998097171625E-4	1	1.1548677676406051E-4	TGTGCAGCAAGTACTGGAGGCTTCAAAACTATCTTT	NNNNNNNNNNNNNNNNNNNNNNNNNNNNNNNNNNNN	TRAV13-1*00(609.7)		TRAJ9*00(549.8)		511|522|544|0|11||130.0		25|50|81|11|36||251.0		TGTGCAGCAAGTACTGGAGGCTTCAAAACTATCTTT	45	CAASTGGFKTIF	:::::::::0:-2:11:::::11:-5:36:::
17747	321.0	1.2619998097171625E-4	1	1.1548677676406051E-4	TGTGCAGCAAGTAGACGTGTAATGCAGGCAACATGCTCACCTTT	NNNNNNNNNNNNNNNNNNNNNNNNNNNNNNNNNNNNNNNNNNNN	TRAV13-1*00(991.5)		TRAJ39*00(519.7)		511|530|544|0|19|ST524GST527G|132.0		27|52|83|19|44||250.0		TGTGCAGCAAGTAGACGTGTAATGCAGGCAACATGCTCACCTTT	45	CAASRRV_AGNMLTF	:::::::::0:6:19:::::19:-7:44:::
17789	321.0	1.2619998097171625E-4	1	1.1548677676406051E-4	TGTGCAGCAAGCTCCCAAACTGGGGCAAACAACCTCTTCTTT	NNNNNNNNNNNNNNNNNNNNNNNNNNNNNNNNNNNNNNNNNN	TRAV29/DV5*00(569.7)		TRAJ36*00(579.9)		529|541|562|0|12||120.0		21|48|79|15|42||270.0		TGTGCAGCAAGCTCCCAAACTGGGGCAAACAACCTCTTCTTT	45	CAASSQTGANNLFF	:::::::::0:-1:12:::::15:-1:42:::
18024	321.0	1.2619998097171625E-4	1	1.1548677676406051E-4	TGTGCAGCAAGCAAGGCATACAACTTCAACAAATTTTACTTT	NNNNNNNNNNNNNNNNNNNNNNNNNNNNNNNNNNNNNNNNNN	TRAV23/DV6*00(499.8)		TRAJ21*00(559.3)		517|530|550|0|13||130.0		19|44|75|17|42||250.0		TGTGCAGCAAGCAAGGCATACAACTTCAACAAATTTTACTTT	45	CAASKAYNFNKFYF	:::::::::0:0:13:::::17:1:42:::
18336	321.0	1.2619998097171625E-4	1	1.1548677676406051E-4	TGTGCAGACGAAGGAGAAGCTCATCTTT	NNNNNNNNNNNNNNNNNNNNNNNNNNNN	TRAV13-2*00(529.9)		TRAJ34*00(420.3)		506|514|539|0|8||80.0		32|47|78|13|28|SC34G|121.0		TGTGCAGACGAAGGAGAAGCTCATCTTT	45	CADEG_KLIF	:::::::::0:-5:8:::::13:-12:28:::
18484	321.0	1.2619998097171625E-4	1	1.1548677676406051E-4	TGTGCAGAGAATATGGGTAATGCTGGTGGTACTAGCTATGGAAAGCTGACATTT	NNNNNNNNNNNNNNNNNNNNNNNNNNNNNNNNNNNNNNNNNNNNNNNNNNNNNN	TRAV13-2*00(589.9)		TRAJ52*00(669.1)		506|520|539|0|14||140.0		21|58|89|17|54||370.0		TGTGCAGAGAATATGGGTAATGCTGGTGGTACTAGCTATGGAAAGCTGACATTT	45	CAENMGNAGGTSYGKLTF	:::::::::0:1:14:::::17:-1:54:::
19170	321.0	1.2619998097171625E-4	1	1.1548677676406051E-4	TGCGCTGGGACTTGGGGCCCTCTAGCAACACAGGCAAACTAATCTTT	NNNNNNNNNNNNNNNNNNNNNNNNNNNNNNNNNNNNNNNNNNNNNNN	TRAV1-1*00(641.8)		TRAJ37*00(560)		670|680|704|0|10|ST677G|71.0		23|51|82|19|47|SG27A|251.0		TGCGCTGGGACTTGGGGCCCTCTAGCAACACAGGCAAACTAATCTTT	45	CAGTWGPL_NTGKLIF	:::::::::0:-4:10:::::19:-3:47:::
1995	320.0	1.2580683461354893E-4	1	1.1548677676406051E-4	TGTGCTTTTCCCCAAATACCGGCACTGCCAGTAAACTCACCTTT	NNNNNNNNNNNNNNNNNNNNNNNNNNNNNNNNNNNNNNNNNNNN	TRAV38-2/DV8*00(530)		TRAJ44*00(620)		602|609|638|0|7||70.0		21|52|83|13|44||310.0		TGTGCTTTTCCCCAAATACCGGCACTGCCAGTAAACTCACCTTT	45	CAFPQIP_TASKLTF	:::::::::0:-9:7:::::13:-1:44:::
2194	320.0	1.2580683461354893E-4	1	1.1548677676406051E-4	TGTGCTTATAGGGTCATCCGAATAATGCAGGCAACATGCTCACCTTT	NNNNNNNNNNNNNNNNNNNNNNNNNNNNNNNNNNNNNNNNNNNNNNN	TRAV38-2/DV8*00(579.7)		TRAJ39*00(579.9)		602|614|638|0|12||120.0		25|52|83|20|47||270.0		TGTGCTTATAGGGTCATCCGAATAATGCAGGCAACATGCTCACCTTT	45	CAYRVIRI_AGNMLTF	:::::::::0:-4:12:::::20:-5:47:::
2397	320.0	1.2580683461354893E-4	1	1.1548677676406051E-4	TGTGCTCTTGGGGAACCGAACAGAGATGACAAGATCATCTTT	NNNNNNNNNNNNNNNNNNNNNNNNNNNNNNNNNNNNNNNNNN	TRDV1*00(691.3)		TRAJ30*00(561.1)		573|589|610|0|16||160.0		21|46|77|17|42||250.0		TGTGCTCTTGGGGAACCGAACAGAGATGACAAGATCATCTTT	45	CALGEPNRDDKIIF	:::::::::0:-1:16:::::17:-1:42:::
3494	320.0	1.2580683461354893E-4	1	1.1548677676406051E-4	TGTGCTGTGGTGCCGTCTGGGGCTGGGAGTTACCAACTCACTTTC	NNNNNNNNNNNNNNNNNNNNNNNNNNNNNNNNNNNNNNNNNNNNN	TRAV8-3*00(540.8)		TRAJ28*00(589.4)		455|465|489|0|10||100.0		25|55|86|15|45||300.0		TGTGCTGTGGTGCCGTCTGGGGCTGGGAGTTACCAACTCACTTTC	45	CAVVPSGAGSYQLTF	:::::::::0:-4:10:::::15:-5:45:::
4014	320.0	1.2580683461354893E-4	1	1.1548677676406051E-4	TGTGCTGTGAGTGAGGTTAAAGGGGTCTAGCAACACAGGCAAACTAATCTTT	NNNNNNNNNNNNNNNNNNNNNNNNNNNNNNNNNNNNNNNNNNNNNNNNNNNN	TRAV8-6*00(699.7)		TRAJ37*00(551.6)		448|462|482|0|14||140.0		21|51|82|22|52|SC23GSG27A|242.0		TGTGCTGTGAGTGAGGTTAAAGGGGTCTAGCAACACAGGCAAACTAATCTTT	45	CAVSEVKGV_SNTGKLIF	:::::::::0:0:14:::::22:-1:52:::
4080	320.0	1.2580683461354893E-4	1	1.1548677676406051E-4	TGTGCTGTGAGCCCTCAGGGAGCCCAGAAGCTGGTATTT	NNNNNNNNNNNNNNNNNNNNNNNNNNNNNNNNNNNNNNN	TRAV8-4*00(623.2)		TRAJ54*00(538.4)		476|487|510|0|11||110.0		24|49|80|14|39||250.0		TGTGCTGTGAGCCCTCAGGGAGCCCAGAAGCTGGTATTT	45	CAVSPQGAQKLVF	:::::::::0:-3:11:::::14:-4:39:::
4222	320.0	1.2580683461354893E-4	1	1.1548677676406051E-4	TGTGCTGTGAGAGTCTGGGGAGGCTTCAAAACTATCTTT	NNNNNNNNNNNNNNNNNNNNNNNNNNNNNNNNNNNNNNN	TRAV3*00(609.5)		TRAJ9*00(509.5)		437|450|473|0|13||130.0		29|50|81|18|39||210.0		TGTGCTGTGAGAGTCTGGGGAGGCTTCAAAACTATCTTT	45	CAVRVWGGFKTIF	:::::::::0:-3:13:::::18:-9:39:::
4272	320.0	1.2580683461354893E-4	1	1.1548677676406051E-4	TGTGCTGTGAGAGACCCTTTAACGACTACAAGCTCAGCTTT	NNNNNNNNNNNNNNNNNNNNNNNNNNNNNNNNNNNNNNNNN	TRAV1-2*00(700)		TRAJ20*00(523.8)		620|634|654|0|14||140.0		24|46|77|19|41||220.0		TGTGCTGTGAGAGACCCTTTAACGACTACAAGCTCAGCTTT	45	CAVRDPL_DYKLSF	:::::::::0:0:14:::::19:-4:41:::
4474	320.0	1.2580683461354893E-4	1	1.1548677676406051E-4	TGTGCTGCGAGTGACTTTCAGGGAGCCCAGAAGCTGGTATTT	NNNNNNNNNNNNNNNNNNNNNNNNNNNNNNNNNNNNNNNNNN	TRAV8-6*00(680.6)		TRAJ54*00(549.9)		448|462|482|0|14|ST455C|111.0		23|49|80|16|42||260.0		TGTGCTGCGAGTGACTTTCAGGGAGCCCAGAAGCTGGTATTT	45	CAASDFQGAQKLVF	:::::::::0:0:14:::::16:-3:42:::
6044	320.0	1.2580683461354893E-4	1	1.1548677676406051E-4	TGTGCCCCCGGGCGGGAATATGGAAACAAGCTGGTCTTT	NNNNNNNNNNNNNNNNNNNNNNNNNNNNNNNNNNNNNNN	TRAV5*00(409.7)		TRAJ47*00(530.6)		523|528|556|0|5||50.0		21|46|77|14|39|SA36G|221.0		TGTGCCCCCGGGCGGGAATATGGAAACAAGCTGGTCTTT	45	CAPGREYGNKLVF	:::::::::0:-8:5:::::14:-1:39:::
6070	320.0	1.2580683461354893E-4	1	1.1548677676406051E-4	TGTGCCCCATAGTGGTGGCTACAAATACATCTTT	NNNNNNNNNNNNNNNNNNNNNNNNNNNNNNNNNN	TRDV3*00(681.1)		TRAJ40*00(449.8)		583|589|614|0|6||60.0		34|50|81|18|34||160.0		TGTGCCCCATAGTGGTGGCTACAAATACATCTTT	45	CAP*WW_YKYIF	:::::::::0:-5:6:::::18:-14:34:::
17890	320.0	1.2580683461354893E-4	1	1.1548677676406051E-4	TGTGCAGCAAGCGCGGAGGCTCTAGCAACACAGGCAAACTAATCTTT	NNNNNNNNNNNNNNNNNNNNNNNNNNNNNNNNNNNNNNNNNNNNNNN	TRAV29/DV5*00(559.7)		TRAJ37*00(580.5)		529|544|562|0|15||150.0		21|51|82|17|47|SG27A|271.0		TGTGCAGCAAGCGCGGAGGCTCTAGCAACACAGGCAAACTAATCTTT	45	CAASAEAL_NTGKLIF	:::::::::0:2:15:::::17:-1:47:::
18116	320.0	1.2580683461354893E-4	1	1.1548677676406051E-4	TGTGCAGGCTCATACAACTTCAACAAATTTTACTTT	NNNNNNNNNNNNNNNNNNNNNNNNNNNNNNNNNNNN	TRAV25*00(539.3)		TRAJ21*00(558.7)		620|628|649|0|8||80.0		19|44|75|11|36||250.0		TGTGCAGGCTCATACAACTTCAACAAATTTTACTTT	45	CAGSYNFNKFYF	:::::::::0:-1:8:::::11:1:36:::
18124	320.0	1.2580683461354893E-4	1	1.1548677676406051E-4	TGTGCAGGCGGATCTGAAAAGCTGGTCTTT	NNNNNNNNNNNNNNNNNNNNNNNNNNNNNN	TRAV17*00(849.4)		TRAJ57*00(549.1)		490|495|523|0|5||50.0		28|52|83|6|30||240.0		TGTGCAGGCGGATCTGAAAAGCTGGTCTTT	45	CAGGSEKLVF	:::::::::0:-8:5:::::6:-8:30:::
18197	320.0	1.2580683461354893E-4	1	1.1548677676406051E-4	TGTGCAGGGGGTTACCACATGGAATATGGAAACAAGCTGGTCTTT	NNNNNNNNNNNNNNNNNNNNNNNNNNNNNNNNNNNNNNNNNNNNN	TRAV5*00(429.8)		TRAJ47*00(560.5)		523|530|556|0|7||70.0		18|46|77|17|45|SA36G|251.0		TGTGCAGGGGGTTACCACATGGAATATGGAAACAAGCTGGTCTTT	45	CAGGYHMEYGNKLVF	:::::::::0:-6:7:::::17:2:45:::
18290	320.0	1.2580683461354893E-4	1	1.1548677676406051E-4	TGTGCAGGAGGAGAAGTCGATAATGCAGGCAACATGCTCACCTTT	NNNNNNNNNNNNNNNNNNNNNNNNNNNNNNNNNNNNNNNNNNNNN	TRAV27*00(642)		TRAJ39*00(569.2)		552|562|582|0|10||100.0		26|52|83|19|45||260.0		TGTGCAGGAGGAGAAGTCGATAATGCAGGCAACATGCTCACCTTT	45	CAGGEVDNAGNMLTF	:::::::::0:0:10:::::19:-6:45:::
18807	320.0	1.2580683461354893E-4	1	1.1548677676406051E-4	TGTGCAATGAGAGAGGGAGCGGCGGGTTCTGCAAGGCAACTGACCTTT	NNNNNNNNNNNNNNNNNNNNNNNNNNNNNNNNNNNNNNNNNNNNNNNN	TRAV14/DV4*00(530.5)		TRAJ22*00(549.8)		517|534|554|0|17||170.0		28|52|83|24|48||240.0		TGTGCAATGAGAGAGGGAGCGGCGGGTTCTGCAAGGCAACTGACCTTT	45	CAMREGAAGSARQLTF	:::::::::0:0:17:::::24:-8:48:::
18873	320.0	1.2580683461354893E-4	1	1.1548677676406051E-4	TGTGGCACCGACGAGACTAGCAACACAGGCAAACTAATCTTT	NNNNNNNNNNNNNNNNNNNNNNNNNNNNNNNNNNNNNNNNNN	TRAV30*00(421.7)		TRAJ37*00(490.7)		567|578|600|0|11|SC569TSA575C|52.0		25|51|82|16|42|SG27A|231.0		TGTGGCACCGACGAGACTAGCAACACAGGCAAACTAATCTTT	45	CGTDETSNTGKLIF	:::::::::0:-2:11:::::16:-5:42:::
18886	320.0	1.2580683461354893E-4	1	1.1548677676406051E-4	TGTGGCACAGAGAAAATGAGGGACCAATGCAGGCAAATCAACCTTT	NNNNNNNNNNNNNNNNNNNNNNNNNNNNNNNNNNNNNNNNNNNNNN	TRAV30*00(471.1)		TRAJ27*00(529.7)		567|580|600|0|13|SC569T|101.0		24|48|79|22|46||240.0		TGTGGCACAGAGAAAATGAGGGACCAATGCAGGCAAATCAACCTTT	45	CGTEKMRD_NAGKSTF	:::::::::0:0:13:::::22:-4:46:::
1624	319.0	1.254136882553816E-4	1	1.1548677676406051E-4	TGTGTTGTGAGCTTTTAACAATGCCAGACTCATGTTT	NNNNNNNNNNNNNNNNNNNNNNNNNNNNNNNNNNNNN	TRAV8-2*00(659.6)		TRAJ31*00(519.4)		466|477|500|0|11||110.0		24|46|77|15|37||220.0		TGTGTTGTGAGCTTTTAACAATGCCAGACTCATGTTT	45	CVVSF*_NARLMF	:::::::::0:-3:11:::::15:-4:37:::
1712	319.0	1.254136882553816E-4	1	1.1548677676406051E-4	TGTGTGGTGATTCTCCCTAGCAACACAGGCAAACTAATCTTT	NNNNNNNNNNNNNNNNNNNNNNNNNNNNNNNNNNNNNNNNNN	TRAV12-1*00(939.5)		TRAJ37*00(500.9)		539|549|572|0|10||100.0		25|51|82|16|42|SG27A|231.0		TGTGTGGTGATTCTCCCTAGCAACACAGGCAAACTAATCTTT	45	CVVILPSNTGKLIF	:::::::::0:-3:10:::::16:-5:42:::
2056	319.0	1.254136882553816E-4	1	1.1548677676406051E-4	TGTGCTTTCATGAAGCCTCCTTTTATAACCAGGGAGGAAAGCTTATCTTC	NNNNNNNNNNNNNNNNNNNNNNNNNNNNNNNNNNNNNNNNNNNNNNNNNN	TRAV38-1*00(621.8)		TRAJ23*00(599.6)		596|618|633|0|22|SA612CSG614C|162.0		24|52|83|22|50||290.0		TGTGCTTTCATGAAGCCTCCTTTTATAACCAGGGAGGAAAGCTTATCTTC	45	CAFMKPPF_NQGGKLIF	:::::::::0:5:22:::::22:-4:50:::
2297	319.0	1.254136882553816E-4	1	1.1548677676406051E-4	TGTGCTCTTCGATAGGCTTTGGGAATGTGCTGCATTGC	NNNNNNNNNNNNNNNNNNNNNNNNNNNNNNNNNNNNNN	TRDV1*00(619.7)		TRAJ35*00(609.4)		573|582|610|0|9||90.0		19|48|79|9|38||300.0		TGTGCTCTTCGATAGGCTTTGGGAATGTGCTGCATTGC	45	CALR*A_GNVLHC	:::::::::0:-8:9:::::9:1:38:::
2731	319.0	1.254136882553816E-4	1	1.1548677676406051E-4	TGTGCTCTGAGTGAGGCGGTGGAGCAGTGCTTCCAAGATAATCTTT	NNNNNNNNNNNNNNNNNNNNNNNNNNNNNNNNNNNNNNNNNNNNNN	TRAV19*00(789.7)		TRAJ3*00(539.7)		556|574|593|0|18||180.0		27|51|82|22|46||240.0		TGTGCTCTGAGTGAGGCGGTGGAGCAGTGCTTCCAAGATAATCTTT	45	CALSEAVE_SASKIIF	:::::::::0:1:18:::::22:-7:46:::
3133	319.0	1.254136882553816E-4	1	1.1548677676406051E-4	TGTGCTCACCGCAACGACTACAAGCTCAGCTTT	NNNNNNNNNNNNNNNNNNNNNNNNNNNNNNNNN	TRAV9-2*00(679.6)		TRAJ20*00(511.3)		480|487|514|0|7||70.0		25|46|77|12|33||210.0		TGTGCTCACCGCAACGACTACAAGCTCAGCTTT	45	CAHRNDYKLSF	:::::::::0:-7:7:::::12:-5:33:::
3156	319.0	1.254136882553816E-4	1	1.1548677676406051E-4	TGTGCTGTTTATTCAGGAGGAGGTGCTGACGGACTCACCTTT	NNNNNNNNNNNNNNNNNNNNNNNNNNNNNNNNNNNNNNNNNN	TRAV41*00(581.6)		TRAJ45*00(638.9)		512|520|544|0|8||80.0		22|55|86|9|42||330.0		TGTGCTGTTTATTCAGGAGGAGGTGCTGACGGACTCACCTTT	45	CAVYSGGGADGLTF	:::::::::0:-4:8:::::9:-2:42:::
3308	319.0	1.254136882553816E-4	1	1.1548677676406051E-4	TGTGCTGTCAGGGTCACGGCGGGAGGAGGTGCTGACGGACTCACCTTT	NNNNNNNNNNNNNNNNNNNNNNNNNNNNNNNNNNNNNNNNNNNNNNNN	TRAV41*00(639.2)		TRAJ45*00(579.4)		512|523|544|0|11||110.0		28|55|86|21|48||270.0		TGTGCTGTCAGGGTCACGGCGGGAGGAGGTGCTGACGGACTCACCTTT	45	CAVRVTAGGGADGLTF	:::::::::0:-1:11:::::21:-8:48:::
4423	319.0	1.254136882553816E-4	1	1.1548677676406051E-4	TGTGCTGCCCCAGGAACCAATGCAGGCAAATCAACCTTT	NNNNNNNNNNNNNNNNNNNNNNNNNNNNNNNNNNNNNNN	TRAV21*00(787.6)		TRAJ27*00(515.7)		544|551|576|0|7||70.0		24|48|79|15|39||240.0		TGTGCTGCCCCAGGAACCAATGCAGGCAAATCAACCTTT	45	CAAPGTNAGKSTF	:::::::::0:-5:7:::::15:-4:39:::
4502	319.0	1.254136882553816E-4	1	1.1548677676406051E-4	TGTGCTGCAGAACACCAATGCAGGCAAATCAACCTTT	NNNNNNNNNNNNNNNNNNNNNNNNNNNNNNNNNNNNN	TRAV36/DV7*00(560.1)		TRAJ27*00(558.4)		500|507|533|0|7||70.0		21|48|79|10|37||270.0		TGTGCTGCAGAACACCAATGCAGGCAAATCAACCTTT	45	CAAEHQ_AGKSTF	:::::::::0:-6:7:::::10:-1:37:::
4712	319.0	1.254136882553816E-4	1	1.1548677676406051E-4	TGTGCTGGGGATAATGCAGGCAACATGCTCACCTTT	NNNNNNNNNNNNNNNNNNNNNNNNNNNNNNNNNNNN	TRAV35*00(929.6)		TRAJ39*00(569.7)		588|597|620|0|9||90.0		26|52|83|10|36||260.0		TGTGCTGGGGATAATGCAGGCAACATGCTCACCTTT	45	CAGDNAGNMLTF	:::::::::0:-3:9:::::10:-6:36:::
4719	319.0	1.254136882553816E-4	1	1.1548677676406051E-4	TGTGCTGGGATTATTCAGGGAGCCCAGAAGCTGGTATTT	NNNNNNNNNNNNNNNNNNNNNNNNNNNNNNNNNNNNNNN	TRAV35*00(697.3)		TRAJ54*00(560.7)		588|597|620|0|9||90.0		19|49|80|9|39|SA21T|271.0		TGTGCTGGGATTATTCAGGGAGCCCAGAAGCTGGTATTT	45	CAGIIQGAQKLVF	:::::::::0:-3:9:::::9:1:39:::
5663	319.0	1.254136882553816E-4	1	1.1548677676406051E-4	TGTGCCTCCTCTTGAGGGAGGAGGTGCTGACGGACTCACCTTT	NNNNNNNNNNNNNNNNNNNNNNNNNNNNNNNNNNNNNNNNNNN	TRAV21*00(919.4)		TRAJ45*00(539.8)		544|549|576|0|5||50.0		28|55|86|16|43||270.0		TGTGCCTCCTCTTGAGGGAGGAGGTGCTGACGGACTCACCTTT	45	CASS*GR_GADGLTF	:::::::::0:-7:5:::::16:-8:43:::
6085	319.0	1.254136882553816E-4	1	1.1548677676406051E-4	TGTGCCCGCTAACGACTACAAGCTCAGCTTT	NNNNNNNNNNNNNNNNNNNNNNNNNNNNNNN	TRAV17*00(848.9)		TRAJ20*00(529.1)		490|495|523|0|5||50.0		23|46|77|8|31||230.0		TGTGCCCGCTAACGACTACAAGCTCAGCTTT	45	CAR*R_YKLSF	:::::::::0:-8:5:::::8:-3:31:::
6179	319.0	1.254136882553816E-4	1	1.1548677676406051E-4	TGTGCCGTGTACGACACCGGTAACCAGTTCTATTTT	NNNNNNNNNNNNNNNNNNNNNNNNNNNNNNNNNNNN	TRAV12-2*00(758.2)		TRAJ49*00(529.8)		551|563|584|0|12|SA560T|91.0		22|45|76|13|36||230.0		TGTGCCGTGTACGACACCGGTAACCAGTTCTATTTT	45	CAVYDTGNQFYF	:::::::::0:-1:12:::::13:-2:36:::
17324	319.0	1.254136882553816E-4	1	1.1548677676406051E-4	TGTGCGCTAAGTCTCCCATGGGGCTACAATAAGCTGATTTTT	NNNNNNNNNNNNNNNNNNNNNNNNNNNNNNNNNNNNNNNNNN	TRAV8-4*00(578.3),TRAV8-2*00(568.3)		TRAJ4*00(363.6)		476|481|510|0|5||50.0;466|470|500|0|4||40.0		31|52|83|21|42||210.0		TGTGCGCTAAGTCTCCCATGGGGCTACAATAAGCTGATTTTT	45	CALSLPWGYNKLIF	:::::::::0:-9:5:::::21:-11:42:::
17478	319.0	1.254136882553816E-4	1	1.1548677676406051E-4	TGTGCAGCCCTCCGGGGCTCTGGGGCTGGGAGTTACCAACTCACTTTC	NNNNNNNNNNNNNNNNNNNNNNNNNNNNNNNNNNNNNNNNNNNNNNNN	TRAV23/DV6*00(449.8)		TRAJ28*00(599.8)		517|525|550|0|8||80.0		24|55|86|17|48||310.0		TGTGCAGCCCTCCGGGGCTCTGGGGCTGGGAGTTACCAACTCACTTTC	45	CAALRGSGAGSYQLTF	:::::::::0:-5:8:::::17:-4:48:::
17875	319.0	1.254136882553816E-4	1	1.1548677676406051E-4	TGTGCAGCAAGCGCGCTAAGAGGAGGTGCTGACGGACTCACCTTT	NNNNNNNNNNNNNNNNNNNNNNNNNNNNNNNNNNNNNNNNNNNNN	TRAV29/DV5*00(579.3)		TRAJ45*00(569.5)		529|546|562|0|17||170.0		29|55|86|19|45||260.0		TGTGCAGCAAGCGCGCTAAGAGGAGGTGCTGACGGACTCACCTTT	45	CAASALRGGADGLTF	:::::::::0:4:17:::::19:-9:45:::
18135	319.0	1.254136882553816E-4	1	1.1548677676406051E-4	TGTGCAGGGTCAATGCAGGCAACATGCTCACCTTT	NNNNNNNNNNNNNNNNNNNNNNNNNNNNNNNNNNN	TRAV25*00(549.8)		TRAJ39*00(549.6)		620|629|649|0|9||90.0		28|52|83|11|35||240.0		TGTGCAGGGTCAATGCAGGCAACATGCTCACCTTT	45	CAGSMQ_NMLTF	:::::::::0:0:9:::::11:-8:35:::
18346	319.0	1.254136882553816E-4	1	1.1548677676406051E-4	TGTGCAGAGTCCCATGGAACACCGGTAACCAGTTCTATTTT	NNNNNNNNNNNNNNNNNNNNNNNNNNNNNNNNNNNNNNNNN	TRAV13-2*00(539.8)		TRAJ49*00(549.4)		506|515|539|0|9||90.0		20|45|76|16|41||250.0		TGTGCAGAGTCCCATGGAACACCGGTAACCAGTTCTATTTT	45	CAESHGT_GNQFYF	:::::::::0:-4:9:::::16:0:41:::
18404	319.0	1.254136882553816E-4	1	1.1548677676406051E-4	TGTGCAGAGACCCCCACGGGCAGGAGAGCACTTACTTTT	NNNNNNNNNNNNNNNNNNNNNNNNNNNNNNNNNNNNNNN	TRAV5*00(459.7)		TRAJ5*00(549.5)		523|533|556|0|10||100.0		24|49|80|14|39||250.0		TGTGCAGAGACCCCCACGGGCAGGAGAGCACTTACTTTT	45	CAETPTGRRALTF	:::::::::0:-3:10:::::14:-4:39:::
18442	319.0	1.254136882553816E-4	1	1.1548677676406051E-4	TGTGCAGAGAGCCTTAACAATGCCAGACTCATGTTT	NNNNNNNNNNNNNNNNNNNNNNNNNNNNNNNNNNNN	TRAV5*00(469.6)		TRAJ31*00(519.2)		523|534|556|0|11||110.0		24|46|77|14|36||220.0		TGTGCAGAGAGCCTTAACAATGCCAGACTCATGTTT	45	CAESLNNARLMF	:::::::::0:-2:11:::::14:-4:36:::
19154	319.0	1.254136882553816E-4	1	1.1548677676406051E-4	TGCGCTGTGAGAGATCGGGGGCAGATGGCCAGAAGCTGCTCTTT	NNNNNNNNNNNNNNNNNNNNNNNNNNNNNNNNNNNNNNNNNNNN	TRAV1-1*00(730.9)		TRAJ16*00(500.2)		670|686|704|0|16||160.0		26|49|80|21|44||230.0		TGCGCTGTGAGAGATCGGGGGCAGATGGCCAGAAGCTGCTCTTT	45	CAVRDRG_DGQKLLF	:::::::::0:2:16:::::21:-6:44:::
20288	319.0	1.254136882553816E-4	1	1.1548677676406051E-4	TGCATCCTGAGAGACAAGGATAGCAACTATCAGTTAATCTGG	NNNNNNNNNNNNNNNNNNNNNNNNNNNNNNNNNNNNNNNNNN	TRAV26-2*00(765.9)		TRAJ33*00(540.7)		791|806|826|0|15||150.0		19|46|77|15|42|ST20A|251.0		TGCATCCTGAGAGACAAGGATAGCAACTATCAGTTAATCTGG	45	CILRDKDSNYQLIW	:::::::::0:0:15:::::15:1:42:::
20350	319.0	1.254136882553816E-4	1	1.1548677676406051E-4	TGCATCGTCAGCACGACCGAACACCGGTAACCAGTTCTATTTT	NNNNNNNNNNNNNNNNNNNNNNNNNNNNNNNNNNNNNNNNNNN	TRAV26-1*00(599.8)		TRAJ49*00(559.6)		763|774|799|0|11||110.0		19|45|76|17|43||260.0		TGCATCGTCAGCACGACCGAACACCGGTAACCAGTTCTATTTT	45	CIVSTTE_TGNQFYF	:::::::::0:-5:11:::::17:1:43:::
20371	319.0	1.254136882553816E-4	1	1.1548677676406051E-4	TGCATCGTCAGAGTTGGGGGTGGTGCTACAAACAAGCTCATCTTT	NNNNNNNNNNNNNNNNNNNNNNNNNNNNNNNNNNNNNNNNNNNNN	TRAV26-1*00(629.5)		TRAJ32*00(569.8)		763|777|799|0|14||140.0		28|55|86|18|45||270.0		TGCATCGTCAGAGTTGGGGGTGGTGCTACAAACAAGCTCATCTTT	45	CIVRVGGGATNKLIF	:::::::::0:-2:14:::::18:-8:45:::
1508	318.0	1.2502054189721424E-4	1	1.1548677676406051E-4	TGTTTACCCTTCCTACCTCAGGAACCTACAAATACATCTTT	NNNNNNNNNNNNNNNNNNNNNNNNNNNNNNNNNNNNNNNNN	TRAV29/DV5*00(439.8)		TRAJ40*00(579.7)		529|532|562|0|3||30.0		21|50|81|12|41||290.0		TGTTTACCCTTCCTACCTCAGGAACCTACAAATACATCTTT	45	CLPFLPQ_TYKYIF	:::::::::0:-10:3:::::12:-1:41:::
2310	318.0	1.2502054189721424E-4	1	1.1548677676406051E-4	TGTGCTCTTGGCGACAATGCTGGCAACAACCGTAAGCTGATTTGG	NNNNNNNNNNNNNNNNNNNNNNNNNNNNNNNNNNNNNNNNNNNNN	TRDV1*00(825.8)		TRAJ38*00(577.3)		573|587|610|0|14|SG584C|111.0		21|51|82|15|45||300.0		TGTGCTCTTGGCGACAATGCTGGCAACAACCGTAAGCTGATTTGG	45	CALGDNAGNNRKLIW	:::::::::0:-3:14:::::15:-1:45:::
2761	318.0	1.2502054189721424E-4	1	1.1548677676406051E-4	TGTGCTCTGAGTGAGGATGAAGCTGCAGGCAACAAGCTAACTTTT	NNNNNNNNNNNNNNNNNNNNNNNNNNNNNNNNNNNNNNNNNNNNN	TRAV19*00(769.8)		TRAJ17*00(560)		556|572|593|0|16||160.0		26|52|83|19|45||260.0		TGTGCTCTGAGTGAGGATGAAGCTGCAGGCAACAAGCTAACTTTT	45	CALSEDEAAGNKLTF	:::::::::0:-1:16:::::19:-6:45:::
3042	318.0	1.2502054189721424E-4	1	1.1548677676406051E-4	TGTGCTCCTGTAAACTGGGGCAAACAACCTCTTCTTT	NNNNNNNNNNNNNNNNNNNNNNNNNNNNNNNNNNNNN	TRAV1-2*00(619.3)		TRAJ36*00(443.8)		620|626|654|0|6||60.0		22|48|79|11|37||260.0		TGTGCTCCTGTAAACTGGGGCAAACAACCTCTTCTTT	45	CAPVNW_ANNLFF	:::::::::0:-8:6:::::11:-2:37:::
3049	318.0	1.2502054189721424E-4	1	1.1548677676406051E-4	TGTGCTCCCTCTTCGGGTAACCAGTTCTATTTT	NNNNNNNNNNNNNNNNNNNNNNNNNNNNNNNNN	TRAV19*00(679.7)		TRAJ49*00(479.6)		556|563|593|0|7||70.0		27|45|76|15|33||180.0		TGTGCTCCCTCTTCGGGTAACCAGTTCTATTTT	45	CAPSSGNQFYF	:::::::::0:-10:7:::::15:-7:33:::
3251	318.0	1.2502054189721424E-4	1	1.1548677676406051E-4	TGTGCTGTCCAGTATGGAGCCAATAGTAAGCTGACATTT	NNNNNNNNNNNNNNNNNNNNNNNNNNNNNNNNNNNNNNN	TRAV21*00(772.9)		TRAJ56*00(533.5)		544|552|576|0|8||80.0		26|51|82|14|39||250.0		TGTGCTGTCCAGTATGGAGCCAATAGTAAGCTGACATTT	45	CAVQYGANSKLTF	:::::::::0:-4:8:::::14:-6:39:::
3337	318.0	1.2502054189721424E-4	1	1.1548677676406051E-4	TGTGCTGTCAACCGAGGCCCGGACACCGGTAACCAGTTCTATTTT	NNNNNNNNNNNNNNNNNNNNNNNNNNNNNNNNNNNNNNNNNNNNN	TRAV41*00(769.5)		TRAJ49*00(530.6)		512|522|544|0|10||100.0		19|45|76|19|45|SA21G|231.0		TGTGCTGTCAACCGAGGCCCGGACACCGGTAACCAGTTCTATTTT	45	CAVNRGPDTGNQFYF	:::::::::0:-2:10:::::19:1:45:::
3650	318.0	1.2502054189721424E-4	1	1.1548677676406051E-4	TGTGCTGTGGGATTCGGAGGTAATGCTGGCAACAACCGTAAGCTGATTTGG	NNNNNNNNNNNNNNNNNNNNNNNNNNNNNNNNNNNNNNNNNNNNNNNNNNN	TRAV36/DV7*00(619.6)		TRAJ38*00(609.6)		500|510|533|0|10||100.0		20|51|82|20|51||310.0		TGTGCTGTGGGATTCGGAGGTAATGCTGGCAACAACCGTAAGCTGATTTGG	45	CAVGFGGNAGNNRKLIW	:::::::::0:-3:10:::::20:0:51:::
3739	318.0	1.2502054189721424E-4	1	1.1548677676406051E-4	TGTGCTGTGGAGGATAACAATGCCAGACTCATGTTT	NNNNNNNNNNNNNNNNNNNNNNNNNNNNNNNNNNNN	TRAV2*00(831.5)		TRAJ31*00(513.9)		519|533|553|0|14||150.0		24|46|77|14|36||230.0		TGTGCTGTGGAGGATAACAATGCCAGACTCATGTTT	45	CAVEDNNARLMF	:::::::::0:0:14:::::14:-4:36:::
4126	318.0	1.2502054189721424E-4	1	1.1548677676406051E-4	TGTGCTGTGAGGCCTAACTTTGGAAATGAGAAATTAACCTTT	NNNNNNNNNNNNNNNNNNNNNNNNNNNNNNNNNNNNNNNNNN	TRAV8-4*00(659.9)		TRAJ48*00(599.5)		476|487|510|0|11||110.0		23|52|83|13|42||290.0		TGTGCTGTGAGGCCTAACTTTGGAAATGAGAAATTAACCTTT	45	CAVRPNFGNEKLTF	:::::::::0:-3:11:::::13:-3:42:::
4350	318.0	1.2502054189721424E-4	1	1.1548677676406051E-4	TGTGCTGTGAAATGGGAGGAGTGGAGGTAGCAACTATAAACTGACATTT	NNNNNNNNNNNNNNNNNNNNNNNNNNNNNNNNNNNNNNNNNNNNNNNNN	TRAV8-6*00(669.7)		TRAJ53*00(609.8)		448|458|482|0|10||100.0		25|55|86|19|49||300.0		TGTGCTGTGAAATGGGAGGAGTGGAGGTAGCAACTATAAACTGACATTT	45	CAVKWEEW_GSNYKLTF	:::::::::0:-4:10:::::19:-5:49:::
4792	318.0	1.2502054189721424E-4	1	1.1548677676406051E-4	TGTGCTACGGTCGCATCAGGAGGAAGCTACATACCTACATTT	NNNNNNNNNNNNNNNNNNNNNNNNNNNNNNNNNNNNNNNNNN	TRAV17*00(910.9)		TRAJ6*00(589.3)		490|505|523|0|15|SA500TSG504A|112.0		24|51|82|15|42||300.0		TGTGCTACGGTCGCATCAGGAGGAAGCTACATACCTACATTT	45	CATVASGGSYIPTF	:::::::::0:2:15:::::15:-4:42:::
4816	318.0	1.2502054189721424E-4	1	1.1548677676406051E-4	TGTGCTACGGGCGTTACTGGAGCCAATAGTAAGCTGACATTT	NNNNNNNNNNNNNNNNNNNNNNNNNNNNNNNNNNNNNNNNNN	TRAV17*00(900.4)		TRAJ56*00(589.4)		490|503|523|0|13|SA500G|101.0		23|51|82|14|42||280.0		TGTGCTACGGGCGTTACTGGAGCCAATAGTAAGCTGACATTT	45	CATGVTGANSKLTF	:::::::::0:0:13:::::14:-3:42:::
4900	318.0	1.2502054189721424E-4	1	1.1548677676406051E-4	TGTGCTACGGAGTCTGGTTCTGCAAGGCAACTGACCTTT	NNNNNNNNNNNNNNNNNNNNNNNNNNNNNNNNNNNNNNN	TRAV17*00(909.2)		TRAJ22*00(579.7)		490|501|523|0|11||110.0		25|52|83|12|39||270.0		TGTGCTACGGAGTCTGGTTCTGCAAGGCAACTGACCTTT	45	CATESGSARQLTF	:::::::::0:-2:11:::::12:-5:39:::
5612	318.0	1.2502054189721424E-4	1	1.1548677676406051E-4	TGTGCCTTGCCTAATTATGGAGGAAGCCAAGGAAATCTCATCTTT	NNNNNNNNNNNNNNNNNNNNNNNNNNNNNNNNNNNNNNNNNNNNN	TRAV24*00(779)		TRAJ42*00(606)		515|523|545|0|8||80.0		22|55|86|12|45||330.0		TGTGCCTTGCCTAATTATGGAGGAAGCCAAGGAAATCTCATCTTT	45	CALPNYGGSQGNLIF	:::::::::0:-2:8:::::12:-2:45:::
6288	318.0	1.2502054189721424E-4	1	1.1548677676406051E-4	TGTGCCGTGATGAAGGGAGGAGGTGCTGACGGACTCACCTTT	NNNNNNNNNNNNNNNNNNNNNNNNNNNNNNNNNNNNNNNNNN	TRAV12-2*00(699.4)		TRAJ45*00(560.9)		551|561|584|0|10||100.0		28|55|86|15|42||270.0		TGTGCCGTGATGAAGGGAGGAGGTGCTGACGGACTCACCTTT	45	CAVMKGGGADGLTF	:::::::::0:-3:10:::::15:-8:42:::
17837	318.0	1.2502054189721424E-4	1	1.1548677676406051E-4	TGTGCAGCAAGCCACCCTTATATGGAAACAAGCTGGTCTTT	NNNNNNNNNNNNNNNNNNNNNNNNNNNNNNNNNNNNNNNNN	TRAV23/DV6*00(489.7)		TRAJ47*00(500.6)		517|529|550|0|12||120.0		24|46|77|19|41|SA36G|191.0		TGTGCAGCAAGCCACCCTTATATGGAAACAAGCTGGTCTTT	45	CAASHPY_GNKLVF	:::::::::0:-1:12:::::19:-4:41:::
18688	318.0	1.2502054189721424E-4	1	1.1548677676406051E-4	TGTGCAATGAGAGTCGTAAGGGGAATTCAGGATACAGCACCCTCACCTTT	NNNNNNNNNNNNNNNNNNNNNNNNNNNNNNNNNNNNNNNNNNNNNNNNNN	TRAV14/DV4*00(860.5)		TRAJ11*00(549.6)		517|530|554|0|13||130.0		21|49|80|22|50||280.0		TGTGCAATGAGAGTCGTAAGGGGAATTCAGGATACAGCACCCTCACCTTT	45	CAMRVVRG_SGYSTLTF	:::::::::0:-4:13:::::22:-1:50:::
18721	318.0	1.2502054189721424E-4	1	1.1548677676406051E-4	TGTGCAATGAGAGACACGGGCAGGAGAGCACTTACTTTT	NNNNNNNNNNNNNNNNNNNNNNNNNNNNNNNNNNNNNNN	TRAV14/DV4*00(662.8)		TRAJ5*00(569.5)		517|530|554|0|13||140.0		23|49|80|13|39||270.0		TGTGCAATGAGAGACACGGGCAGGAGAGCACTTACTTTT	45	CAMRDTGRRALTF	:::::::::0:-4:13:::::13:-3:39:::
18844	318.0	1.2502054189721424E-4	1	1.1548677676406051E-4	TGTGCAATAAGGACGAGGAAAGCTTATCTTC	NNNNNNNNNNNNNNNNNNNNNNNNNNNNNNN	TRAV12-3*00(481)		TRAJ23*00(479.9)		562|573|595|0|11|SG570A|81.0		35|52|83|14|31||170.0		TGTGCAATAAGGACGAGGAAAGCTTATCTTC	45	CAIRT_GKLIF	:::::::::0:-2:11:::::14:-15:31:::
18903	318.0	1.2502054189721424E-4	1	1.1548677676406051E-4	TGTGGAGCAGACCTATGCTGGCAACAACCGTAAGCTGATTTGG	NNNNNNNNNNNNNNNNNNNNNNNNNNNNNNNNNNNNNNNNNNN	TRAV34*00(509.8)		TRAJ38*00(589)		603|615|636|0|12||120.0		22|51|82|14|43||290.0		TGTGGAGCAGACCTATGCTGGCAACAACCGTAAGCTGATTTGG	45	CGADLCW_NNRKLIW	:::::::::0:-1:12:::::14:-2:43:::
19021	318.0	1.2502054189721424E-4	1	1.1548677676406051E-4	TGCCTCGTGGGTGACGAGGGGGGAACAACAGACTCGCTTTT	NNNNNNNNNNNNNNNNNNNNNNNNNNNNNNNNNNNNNNNNN	TRAV4*00(780)		TRAJ7*00(480.8)		768|783|804|0|15||150.0		27|48|79|20|41||210.0		TGCCTCGTGGGTGACGAGGGGGGAACAACAGACTCGCTTTT	45	CLVGDEG_NNRLAF	:::::::::0:-1:15:::::20:-7:41:::
19098	318.0	1.2502054189721424E-4	1	1.1548677676406051E-4	TGCGCTCAAAGGGGGTCACCAATGCAGGCAAATCAACCTTT	NNNNNNNNNNNNNNNNNNNNNNNNNNNNNNNNNNNNNNNNN	TRAV1-1*00(630.8)		TRAJ27*00(539.3)		670|676|704|0|6||60.0		23|48|79|16|41||250.0		TGCGCTCAAAGGGGGTCACCAATGCAGGCAAATCAACCTTT	45	CAQRGSP_AGKSTF	:::::::::0:-8:6:::::16:-3:41:::
1664	317.0	1.246273955390469E-4	1	1.1548677676406051E-4	TGTGTGGTCCTTCCTAATGCTGGTGGTACTAGCTATGGAAAGCTGACATTT	NNNNNNNNNNNNNNNNNNNNNNNNNNNNNNNNNNNNNNNNNNNNNNNNNNN	TRAV12-1*00(938.9)		TRAJ52*00(638.4)		539|547|572|0|8||80.0		20|58|89|13|51||380.0		TGTGTGGTCCTTCCTAATGCTGGTGGTACTAGCTATGGAAAGCTGACATTT	45	CVVLPNAGGTSYGKLTF	:::::::::0:-5:8:::::13:0:51:::
1881	317.0	1.246273955390469E-4	1	1.1548677676406051E-4	TGTGTGGTGAACCAGGAATATAGAAACAAACTGGTCTTT	NNNNNNNNNNNNNNNNNNNNNNNNNNNNNNNNNNNNNNN	TRAV12-1*00(830.2)		TRAJ47*00(510.5)		539|551|572|0|12||120.0		21|46|77|14|39|SG28A|221.0		TGTGTGGTGAACCAGGAATATAGAAACAAACTGGTCTTT	45	CVVNQEYRNKLVF	:::::::::0:-1:12:::::14:-1:39:::
1882	317.0	1.246273955390469E-4	1	1.1548677676406051E-4	TGTGTGGTGAACCAGACATGATCAAAGCTGCAGGCAACAAGCTAACTTTT	NNNNNNNNNNNNNNNNNNNNNNNNNNNNNNNNNNNNNNNNNNNNNNNNNN	TRAV12-1*00(960.7)		TRAJ17*00(599.7)		539|551|572|0|12||120.0		18|52|83|16|50||340.0		TGTGTGGTGAACCAGACATGATCAAAGCTGCAGGCAACAAGCTAACTTTT	45	CVVNQT*S_AAGNKLTF	:::::::::0:-1:12:::::16:2:50:::
2078	317.0	1.246273955390469E-4	1	1.1548677676406051E-4	TGTGCTTTCATGAAGCAGGGTGGATGGGGTAACAATGACATGCGCTTT	NNNNNNNNNNNNNNNNNNNNNNNNNNNNNNNNNNNNNNNNNNNNNNNN	TRAV38-1*00(629.7)		TRAJ43*00(489.3)		596|613|633|0|17||170.0		24|43|74|29|48||190.0		TGTGCTTTCATGAAGCAGGGTGGATGGGGTAACAATGACATGCGCTTT	45	CAFMKQGGWGNNDMRF	:::::::::0:0:17:::::29:-4:48:::
2650	317.0	1.246273955390469E-4	1	1.1548677676406051E-4	TGTGCTCTGAGTGATCCTGATGGATAGCAGCTATAAATTGATCTTC	NNNNNNNNNNNNNNNNNNNNNNNNNNNNNNNNNNNNNNNNNNNNNN	TRAV9-2*00(769.2)		TRAJ12*00(570.4)		480|495|514|0|15||160.0		18|49|80|15|46|SG20T|301.0		TGTGCTCTGAGTGATCCTGATGGATAGCAGCTATAAATTGATCTTC	45	CALSDPDG_SSYKLIF	:::::::::0:1:15:::::15:2:46:::
2762	317.0	1.246273955390469E-4	1	1.1548677676406051E-4	TGTGCTCTGAGTGAGGATAACTATGGTCAGAATTTTGTCTTT	NNNNNNNNNNNNNNNNNNNNNNNNNNNNNNNNNNNNNNNNNN	TRAV19*00(769.7)		TRAJ26*00(588.9)		556|571|593|0|15||160.0		22|49|80|15|42||280.0		TGTGCTCTGAGTGAGGATAACTATGGTCAGAATTTTGTCTTT	45	CALSEDNYGQNFVF	:::::::::0:-2:15:::::15:-2:42:::
3591	317.0	1.246273955390469E-4	1	1.1548677676406051E-4	TGTGCTGTGGGTGACCTTGGAGGAGGTGCTGACGGACTCACCTTT	NNNNNNNNNNNNNNNNNNNNNNNNNNNNNNNNNNNNNNNNNNNNN	TRAV8-3*00(583.3)		TRAJ45*00(579.8)		455|468|489|0|13||130.0		28|55|86|18|45||270.0		TGTGCTGTGGGTGACCTTGGAGGAGGTGCTGACGGACTCACCTTT	45	CAVGDLGGGADGLTF	:::::::::0:-1:13:::::18:-8:45:::
3876	317.0	1.246273955390469E-4	1	1.1548677676406051E-4	TGTGCTGTGAGTCGAGGCCAGGGAGGAAAGCTTATCTTC	NNNNNNNNNNNNNNNNNNNNNNNNNNNNNNNNNNNNNNN	TRAV8-4*00(669.5)		TRAJ23*00(529.6)		476|488|510|0|12||120.0		30|52|83|17|39||220.0		TGTGCTGTGAGTCGAGGCCAGGGAGGAAAGCTTATCTTC	45	CAVSRGQGGKLIF	:::::::::0:-2:12:::::17:-10:39:::
3913	317.0	1.246273955390469E-4	1	1.1548677676406051E-4	TGTGCTGTGAGTGGCGGGGACTTTGGAAATGAGAAATTAACCTTT	NNNNNNNNNNNNNNNNNNNNNNNNNNNNNNNNNNNNNNNNNNNNN	TRAV8-4*00(605.8)		TRAJ48*00(569)		476|489|510|0|13||130.0		26|52|83|19|45||260.0		TGTGCTGTGAGTGGCGGGGACTTTGGAAATGAGAAATTAACCTTT	45	CAVSGGDFGNEKLTF	:::::::::0:-1:13:::::19:-6:45:::
4687	317.0	1.246273955390469E-4	1	1.1548677676406051E-4	TGTGCTGGGCAACTCTACCCTTATTCAGGGAGCCCAGAAGCTGGTATTT	NNNNNNNNNNNNNNNNNNNNNNNNNNNNNNNNNNNNNNNNNNNNNNNNN	TRAV35*00(718.4)		TRAJ54*00(538.7)		588|602|620|0|14|SG599A|111.0		22|49|80|22|49||270.0		TGTGCTGGGCAACTCTACCCTTATTCAGGGAGCCCAGAAGCTGGTATTT	45	CAGQLYPY_QGAQKLVF	:::::::::0:2:14:::::22:-2:49:::
6368	317.0	1.246273955390469E-4	1	1.1548677676406051E-4	TGTGCCGTGAATAGGGCTGCAGGCAACAAGCTAACTTTT	NNNNNNNNNNNNNNNNNNNNNNNNNNNNNNNNNNNNNNN	TRAV8-1*00(589.8)		TRAJ17*00(539.5)		474|486|508|0|12||120.0		28|52|83|15|39||240.0		TGTGCCGTGAATAGGGCTGCAGGCAACAAGCTAACTTTT	45	CAVNRAAGNKLTF	:::::::::0:-2:12:::::15:-8:39:::
10968	317.0	1.246273955390469E-4	1	1.1548677676406051E-4	TGTGCCACCAGGATGGCCGGGGCAAACAACCTCTTCTTT	NNNNNNNNNNNNNNNNNNNNNNNNNNNNNNNNNNNNNNN	TRAV20*00(459.7)		TRAJ36*00(519.7)		498|503|531|0|5||50.0		27|48|79|18|39||210.0		TGTGCCACCAGGATGGCCGGGGCAAACAACCTCTTCTTT	45	CATRMAGANNLFF	:::::::::0:-8:5:::::18:-7:39:::
17784	317.0	1.246273955390469E-4	1	1.1548677676406051E-4	TGTGCAGCAAGCTCTGAATTATGGTGGTGCTACAAACAAGCTCATCTTT	NNNNNNNNNNNNNNNNNNNNNNNNNNNNNNNNNNNNNNNNNNNNNNNNN	TRAV23/DV6*00(489.8)		TRAJ32*00(649.7)		517|529|550|0|12||120.0		20|55|86|14|49||350.0		TGTGCAGCAAGCTCTGAATTATGGTGGTGCTACAAACAAGCTCATCTTT	45	CAASSELW_GATNKLIF	:::::::::0:-1:12:::::14:0:49:::
18203	317.0	1.246273955390469E-4	1	1.1548677676406051E-4	TGTGCAGGGGGAGGTTCTGCAAGGCAACTGACCTTT	NNNNNNNNNNNNNNNNNNNNNNNNNNNNNNNNNNNN	TRAV25*00(532.7)		TRAJ22*00(529.6)		620|629|649|0|9||90.0		28|52|83|12|36||240.0		TGTGCAGGGGGAGGTTCTGCAAGGCAACTGACCTTT	45	CAGGGSARQLTF	:::::::::0:0:9:::::12:-8:36:::
20392	317.0	1.246273955390469E-4	1	1.1548677676406051E-4	TGCATCGTCAGAGTCGCCACTGGGGCAAACAACCTCTTCTTT	NNNNNNNNNNNNNNNNNNNNNNNNNNNNNNNNNNNNNNNNNN	TRAV26-1*00(670.6)		TRAJ36*00(549.7)		763|783|799|0|20|SG780C|181.0		26|48|79|20|42||240.0		TGCATCGTCAGAGTCGCCACTGGGGCAAACAACCTCTTCTTT	45	CIVRVATGANNLFF	:::::::::0:4:20:::::20:-6:42:::
1810	316.0	1.2423424918087957E-4	1	1.1548677676406051E-4	TGTGTGGTGAGCGGTCTGAAGGGGCTGGGAGTTACCAACTCACTTTC	NNNNNNNNNNNNNNNNNNNNNNNNNNNNNNNNNNNNNNNNNNNNNNN	TRAV10*00(689.2)		TRAJ28*00(558.6)		575|588|608|0|13||130.0		28|55|86|20|47||270.0		TGTGTGGTGAGCGGTCTGAAGGGGCTGGGAGTTACCAACTCACTTTC	45	CVVSGLKG_GSYQLTF	:::::::::0:0:13:::::20:-8:47:::
2481	316.0	1.2423424918087957E-4	1	1.1548677676406051E-4	TGTGCTCTCAGGGACTTTGGGAATGTGCTGCATTGC	NNNNNNNNNNNNNNNNNNNNNNNNNNNNNNNNNNNN	TRAV16*00(744.1)		TRAJ35*00(519.7)		449|460|483|0|11|SA457C|81.0		26|48|79|14|36||220.0		TGTGCTCTCAGGGACTTTGGGAATGTGCTGCATTGC	45	CALRDFGNVLHC	:::::::::0:-3:11:::::14:-6:36:::
3014	316.0	1.2423424918087957E-4	1	1.1548677676406051E-4	TGTGCTCTAAGAGCCACTAACTTTGGAAATGAGAAATTAACCTTT	NNNNNNNNNNNNNNNNNNNNNNNNNNNNNNNNNNNNNNNNNNNNN	TRAV16*00(979)		TRAJ48*00(559.5)		449|460|483|0|11||110.0		23|52|83|16|45||290.0		TGTGCTCTAAGAGCCACTAACTTTGGAAATGAGAAATTAACCTTT	45	CALRATNFGNEKLTF	:::::::::0:-3:11:::::16:-3:45:::
3372	316.0	1.2423424918087957E-4	1	1.1548677676406051E-4	TGTGCTGTGTGGGGAGGAGGTGCTGACGGACTCACCTTT	NNNNNNNNNNNNNNNNNNNNNNNNNNNNNNNNNNNNNNN	TRAV22*00(519.4)		TRAJ45*00(578.8)		526|535|559|0|9||90.0		28|55|86|12|39||270.0		TGTGCTGTGTGGGGAGGAGGTGCTGACGGACTCACCTTT	45	CAVWGGGADGLTF	:::::::::0:-4:9:::::12:-8:39:::
4293	316.0	1.2423424918087957E-4	1	1.1548677676406051E-4	TGTGCTGTGAGAGACACCAATAACTATGGTCAGAATTTTGTCTTT	NNNNNNNNNNNNNNNNNNNNNNNNNNNNNNNNNNNNNNNNNNNNN	TRAV3*00(639.3)		TRAJ26*00(549.9)		437|453|473|0|16||160.0		23|49|80|19|45||260.0		TGTGCTGTGAGAGACACCAATAACTATGGTCAGAATTTTGTCTTT	45	CAVRDTNNYGQNFVF	:::::::::0:0:16:::::19:-3:45:::
6134	316.0	1.2423424918087957E-4	1	1.1548677676406051E-4	TGTGCCGTTAGTTATAATGCAGGCAACATGCTCACCTTT	NNNNNNNNNNNNNNNNNNNNNNNNNNNNNNNNNNNNNNN	TRAV12-2*00(939.4)		TRAJ39*00(539.5)		551|559|584|0|8||80.0		26|52|83|13|39||260.0		TGTGCCGTTAGTTATAATGCAGGCAACATGCTCACCTTT	45	CAVSYNAGNMLTF	:::::::::0:-5:8:::::13:-6:39:::
11041	316.0	1.2423424918087957E-4	1	1.1548677676406051E-4	TGTGCCACGAAAACTGGGGCAAACAACCTCTTCTTT	NNNNNNNNNNNNNNNNNNNNNNNNNNNNNNNNNNNN	TRAV8-1*00(529.7)		TRAJ36*00(569.6)		474|480|508|0|6||60.0		22|48|79|10|36||260.0		TGTGCCACGAAAACTGGGGCAAACAACCTCTTCTTT	45	CATKTGANNLFF	:::::::::0:-8:6:::::10:-2:36:::
17384	316.0	1.2423424918087957E-4	1	1.1548677676406051E-4	TGTGCACCTAGGGGCGGGGGGAAACAAGCTGGTCTTT	NNNNNNNNNNNNNNNNNNNNNNNNNNNNNNNNNNNNN	TRAV29/DV5*00(509.1)		TRAJ47*00(460.8)		529|535|562|0|6||60.0		28|46|77|19|37|SA36G|151.0		TGTGCACCTAGGGGCGGGGGGAAACAAGCTGGTCTTT	45	CAPRGG_GNKLVF	:::::::::0:-7:6:::::19:-8:37:::
17776	316.0	1.2423424918087957E-4	1	1.1548677676406051E-4	TGTGCAGCAAGTAAAGATCCCATGAACAGAGATGACAAGATCATCTTT	NNNNNNNNNNNNNNNNNNNNNNNNNNNNNNNNNNNNNNNNNNNNNNNN	TRAV13-1*00(609.8)		TRAJ30*00(589.8)		511|524|544|0|13||130.0		18|46|77|20|48||280.0		TGTGCAGCAAGTAAAGATCCCATGAACAGAGATGACAAGATCATCTTT	45	CAASKDPMNRDDKIIF	:::::::::0:0:13:::::20:2:48:::
17952	316.0	1.2423424918087957E-4	1	1.1548677676406051E-4	TGTGCAGCAAGCGACTTCCTGGATGAATAATAATGCAGGCAACATGCTCACCTTT	NNNNNNNNNNNNNNNNNNNNNNNNNNNNNNNNNNNNNNNNNNNNNNNNNNNNNNN	TRAV29/DV5*00(579.8)		TRAJ39*00(638.7)		529|542|562|0|13||130.0		19|52|83|22|55||330.0		TGTGCAGCAAGCGACTTCCTGGATGAATAATAATGCAGGCAACATGCTCACCTTT	45	CAASDFLDE_NNAGNMLTF	:::::::::0:0:13:::::22:1:55:::
17958	316.0	1.2423424918087957E-4	1	1.1548677676406051E-4	TGTGCAGCAAGCGACGATTTTATGGGAACAACAGACTCGCTTTT	NNNNNNNNNNNNNNNNNNNNNNNNNNNNNNNNNNNNNNNNNNNN	TRAV29/DV5*00(579.6)		TRAJ7*00(529.6)		529|542|562|0|13||130.0		24|48|79|20|44||240.0		TGTGCAGCAAGCGACGATTTTATGGGAACAACAGACTCGCTTTT	45	CAASDDF_GNNRLAF	:::::::::0:0:13:::::20:-4:44:::
18117	316.0	1.2423424918087957E-4	1	1.1548677676406051E-4	TGTGCAGGCTACTCATGACAACTGACAGCTGGGGGAAATTGCAGTTT	NNNNNNNNNNNNNNNNNNNNNNNNNNNNNNNNNNNNNNNNNNNNNNN	TRAV27*00(644.4)		TRAJ24*00(639)		552|560|582|0|8||80.0		17|52|83|12|47||350.0		TGTGCAGGCTACTCATGACAACTGACAGCTGGGGGAAATTGCAGTTT	45	CAGYS*QL_SWGKLQF	:::::::::0:-2:8:::::12:3:47:::
18161	316.0	1.2423424918087957E-4	1	1.1548677676406051E-4	TGTGCAGGGCCGAGGAGAAGGCTTTGGGAATGTGCTGCATTGC	NNNNNNNNNNNNNNNNNNNNNNNNNNNNNNNNNNNNNNNNNNN	TRAV25*00(602.2)		TRAJ35*00(559.6)		620|631|649|0|11||110.0		23|48|79|18|43||250.0		TGTGCAGGGCCGAGGAGAAGGCTTTGGGAATGTGCTGCATTGC	45	CAGPRRR_FGNVLHC	:::::::::0:2:11:::::18:-3:43:::
18397	316.0	1.2423424918087957E-4	1	1.1548677676406051E-4	TGTGCAGAGACCTCCCTTTATAACCAGGGAGGAAAGCTTATCTTC	NNNNNNNNNNNNNNNNNNNNNNNNNNNNNNNNNNNNNNNNNNNNN	TRAV5*00(459.9)		TRAJ23*00(560.8)		523|533|556|0|10||100.0		23|52|83|16|45||290.0		TGTGCAGAGACCTCCCTTTATAACCAGGGAGGAAAGCTTATCTTC	45	CAETSLYNQGGKLIF	:::::::::0:-3:10:::::16:-3:45:::
20444	316.0	1.2423424918087957E-4	1	1.1548677676406051E-4	TGCATCGTCAGAGCCCGGGGCGCTGGCAACAACCGTAAGCTGATTTGG	NNNNNNNNNNNNNNNNNNNNNNNNNNNNNNNNNNNNNNNNNNNNNNNN	TRAV26-1*00(620.2)		TRAJ38*00(569.4)		763|776|799|0|13||130.0		24|51|82|21|48||270.0		TGCATCGTCAGAGCCCGGGGCGCTGGCAACAACCGTAAGCTGATTTGG	45	CIVRARGAGNNRKLIW	:::::::::0:-3:13:::::21:-4:48:::
1798	315.0	1.2384110282271223E-4	1	1.1548677676406051E-4	TGTGTGGTGAGCGCGGAATAATAATGCAGGCAACATGCTCACCTTT	NNNNNNNNNNNNNNNNNNNNNNNNNNNNNNNNNNNNNNNNNNNNNN	TRAV10*00(1058.6)		TRAJ39*00(517.7)		575|590|608|0|15||150.0		21|52|83|15|46||310.0		TGTGTGGTGAGCGCGGAATAATAATGCAGGCAACATGCTCACCTTT	45	CVVSAE**_AGNMLTF	:::::::::0:2:15:::::15:-1:46:::
2003	315.0	1.2384110282271223E-4	1	1.1548677676406051E-4	TGTGCTTTTACGAACACCGGTAACCAGTTCTATTTT	NNNNNNNNNNNNNNNNNNNNNNNNNNNNNNNNNNNN	TRAV38-1*00(541.6)		TRAJ49*00(549.5)		596|608|633|0|12|SC604TST606C|82.0		21|45|76|12|36||260.0		TGTGCTTTTACGAACACCGGTAACCAGTTCTATTTT	45	CAFTNTGNQFYF	:::::::::0:-5:12:::::12:-1:36:::
2160	315.0	1.2384110282271223E-4	1	1.1548677676406051E-4	TGTGCTTATTCCGTTACGGATTTGGGCTGGTGGTACTAGCTATGGAAAGCTGACATTT	NNNNNNNNNNNNNNNNNNNNNNNNNNNNNNNNNNNNNNNNNNNNNNNNNNNNNNNNNN	TRAV38-2/DV8*00(549.8)		TRAJ52*00(629.8)		602|611|638|0|9||90.0		25|58|89|25|58||330.0		TGTGCTTATTCCGTTACGGATTTGGGCTGGTGGTACTAGCTATGGAAAGCTGACATTT	45	CAYSVTDLGW_GTSYGKLTF	:::::::::0:-7:9:::::25:-5:58:::
2506	315.0	1.2384110282271223E-4	1	1.1548677676406051E-4	TGTGCTCTGGCCGGGGATAGCAGCTATAAATTGATCTTC	NNNNNNNNNNNNNNNNNNNNNNNNNNNNNNNNNNNNNNN	TRAV19*00(699.6)		TRAJ12*00(519.4)		556|565|593|0|9||90.0		24|49|80|14|39||250.0		TGTGCTCTGGCCGGGGATAGCAGCTATAAATTGATCTTC	45	CALAGDSSYKLIF	:::::::::0:-8:9:::::14:-4:39:::
2746	315.0	1.2384110282271223E-4	1	1.1548677676406051E-4	TGTGCTCTGAGTGAGGCACGGGATAGCAGCTATAAATTGATCTTC	NNNNNNNNNNNNNNNNNNNNNNNNNNNNNNNNNNNNNNNNNNNNN	TRAV19*00(779.9)		TRAJ12*00(519.4)		556|573|593|0|17||170.0		24|49|80|20|45||250.0		TGTGCTCTGAGTGAGGCACGGGATAGCAGCTATAAATTGATCTTC	45	CALSEARDSSYKLIF	:::::::::0:0:17:::::20:-4:45:::
3105	315.0	1.2384110282271223E-4	1	1.1548677676406051E-4	TGTGCTCCATGGCTCTAGCAACACAGGCAAACTAATCTTT	NNNNNNNNNNNNNNNNNNNNNNNNNNNNNNNNNNNNNNNN	TRAV9-2*00(679.8)		TRAJ37*00(620.5)		480|487|514|0|7||70.0		18|51|82|7|40|SG27A|311.0		TGTGCTCCATGGCTCTAGCAACACAGGCAAACTAATCTTT	45	CAPWL*Q_TGKLIF	:::::::::0:-7:7:::::7:2:40:::
3356	315.0	1.2384110282271223E-4	1	1.1548677676406051E-4	TGTGCTGTGTTAAGCGACGGTGGTGCTACAAACAAGCTCATCTTT	NNNNNNNNNNNNNNNNNNNNNNNNNNNNNNNNNNNNNNNNNNNNN	TRAV3*00(569.6)		TRAJ32*00(569.5)		437|446|473|0|9||90.0		28|55|86|18|45||270.0		TGTGCTGTGTTAAGCGACGGTGGTGCTACAAACAAGCTCATCTTT	45	CAVLSDGGATNKLIF	:::::::::0:-7:9:::::18:-8:45:::
3509	315.0	1.2384110282271223E-4	1	1.1548677676406051E-4	TGTGCTGTGGCTGGGAATGCAGGCAACATGCTCACCTTT	NNNNNNNNNNNNNNNNNNNNNNNNNNNNNNNNNNNNNNN	TRAV8-3*00(553.8)		TRAJ39*00(549.4)		455|468|489|0|13|SG465C|101.0		28|52|83|15|39||240.0		TGTGCTGTGGCTGGGAATGCAGGCAACATGCTCACCTTT	45	CAVAGNAGNMLTF	:::::::::0:-1:13:::::15:-8:39:::
3532	315.0	1.2384110282271223E-4	1	1.1548677676406051E-4	TGTGCTGTGGCGGATAACAATGCCAGACTCATGTTT	NNNNNNNNNNNNNNNNNNNNNNNNNNNNNNNNNNNN	TRAV36/DV7*00(620.9)		TRAJ31*00(529.5)		500|513|533|0|13|SA510C|101.0		23|46|77|13|36||230.0		TGTGCTGTGGCGGATAACAATGCCAGACTCATGTTT	45	CAVADNNARLMF	:::::::::0:0:13:::::13:-3:36:::
3658	315.0	1.2384110282271223E-4	1	1.1548677676406051E-4	TGTGCTGTGGATCGGGAAGGGAGCCCAGAAGCTGGTATTT	NNNNNNNNNNNNNNNNNNNNNNNNNNNNNNNNNNNNNNNN	TRAV36/DV7*00(600.4)		TRAJ54*00(518.6)		500|511|533|0|11||110.0		26|49|80|17|40||230.0		TGTGCTGTGGATCGGGAAGGGAGCCCAGAAGCTGGTATTT	45	CAVDREG_AQKLVF	:::::::::0:-2:11:::::17:-6:40:::
3997	315.0	1.2384110282271223E-4	1	1.1548677676406051E-4	TGTGCTGTGAGTGATAACTCTGGGGCAAACAACCTCTTCTTT	NNNNNNNNNNNNNNNNNNNNNNNNNNNNNNNNNNNNNNNNNN	TRAV8-4*00(686.4)		TRAJ36*00(539.7)		476|496|510|0|20|SC491A|171.0		26|48|79|20|42||230.0		TGTGCTGTGAGTGATAACTCTGGGGCAAACAACCTCTTCTTT	45	CAVSDNSGANNLFF	:::::::::0:6:20:::::20:-6:42:::
4225	315.0	1.2384110282271223E-4	1	1.1548677676406051E-4	TGTGCTGTGAGAGTAATGACAATGCCAGACTCATGTTT	NNNNNNNNNNNNNNNNNNNNNNNNNNNNNNNNNNNNNN	TRAV1-2*00(689.5)		TRAJ31*00(510.4)		620|633|654|0|13||130.0		22|46|77|14|38|SA25G|211.0		TGTGCTGTGAGAGTAATGACAATGCCAGACTCATGTTT	45	CAVRVM_NARLMF	:::::::::0:-1:13:::::14:-2:38:::
4308	315.0	1.2384110282271223E-4	1	1.1548677676406051E-4	TGTGCTGTGAGAGAAGGAGCTGCAGGCAACAAGCTAACTTTT	NNNNNNNNNNNNNNNNNNNNNNNNNNNNNNNNNNNNNNNNNN	TRAV3*00(589.5)		TRAJ17*00(549.8)		437|451|473|0|14||140.0		27|52|83|17|42||250.0		TGTGCTGTGAGAGAAGGAGCTGCAGGCAACAAGCTAACTTTT	45	CAVREGAAGNKLTF	:::::::::0:-2:14:::::17:-7:42:::
4554	315.0	1.2384110282271223E-4	1	1.1548677676406051E-4	TGTGCTGGGCTCCCGTAACAATAGAATAGTGGAGGTAGCAACTATAAACTGACATTT	NNNNNNNNNNNNNNNNNNNNNNNNNNNNNNNNNNNNNNNNNNNNNNNNNNNNNNNNN	TRAV35*00(489.4)		TRAJ53*00(669.7)		588|598|620|0|10||100.0		19|55|86|21|57||360.0		TGTGCTGGGCTCCCGTAACAATAGAATAGTGGAGGTAGCAACTATAAACTGACATTT	45	CAGLP*Q*NSGGSNYKLTF	:::::::::0:-2:10:::::21:1:57:::
5000	315.0	1.2384110282271223E-4	1	1.1548677676406051E-4	TGTGCCTTTGCTGGTGGTACTAGCTATGGAAAGCTGACATTT	NNNNNNNNNNNNNNNNNNNNNNNNNNNNNNNNNNNNNNNNNN	TRAV24*00(749)		TRAJ52*00(618.4)		515|524|545|0|9||90.0		25|58|89|9|42||340.0		TGTGCCTTTGCTGGTGGTACTAGCTATGGAAAGCTGACATTT	45	CAFAGGTSYGKLTF	:::::::::0:-1:9:::::9:-5:42:::
6240	315.0	1.2384110282271223E-4	1	1.1548677676406051E-4	TGTGCCGTGGACATCCGGTGGCAGGGAGCCCAGAAGCTGGTATTT	NNNNNNNNNNNNNNNNNNNNNNNNNNNNNNNNNNNNNNNNNNNNN	TRAV39*00(779.2)		TRAJ54*00(529.5)		507|521|540|0|14||140.0		25|49|80|21|45||240.0		TGTGCCGTGGACATCCGGTGGCAGGGAGCCCAGAAGCTGGTATTT	45	CAVDIRWQGAQKLVF	:::::::::0:1:14:::::21:-5:45:::
17376	315.0	1.2384110282271223E-4	1	1.1548677676406051E-4	TGTGCACTTCGGGGAGGGACTATGGTCAGAATTTTGTCTTT	NNNNNNNNNNNNNNNNNNNNNNNNNNNNNNNNNNNNNNNNN	TRAV13-2*00(509.7)		TRAJ26*00(519.8)		506|512|539|0|6||60.0		26|49|80|18|41||230.0		TGTGCACTTCGGGGAGGGACTATGGTCAGAATTTTGTCTTT	45	CALRGGT_GQNFVF	:::::::::0:-7:6:::::18:-6:41:::
17431	315.0	1.2384110282271223E-4	1	1.1548677676406051E-4	TGTGCAGTATAGGCTTTGGGAATGTGCTGCATTGC	NNNNNNNNNNNNNNNNNNNNNNNNNNNNNNNNNNN	TRAV1-2*00(610.9)		TRAJ35*00(579.6)		620|628|654|0|8|ST625A|51.0		21|48|79|8|35||270.0		TGTGCAGTATAGGCTTTGGGAATGTGCTGCATTGC	45	CAV*AL_NVLHC	:::::::::0:-6:8:::::8:-1:35:::
17605	315.0	1.2384110282271223E-4	1	1.1548677676406051E-4	TGTGCAGCAATAGGCTTTGGGAATGTGCTGCATTGC	NNNNNNNNNNNNNNNNNNNNNNNNNNNNNNNNNNNN	TRAV21*00(243)		TRAJ35*00(569.4)		544|549|576|0|5||50.0		21|48|79|9|36||270.0		TGTGCAGCAATAGGCTTTGGGAATGTGCTGCATTGC	45	CAAIGFGNVLHC	:::::::::0:-7:5:::::9:-1:36:::
17709	315.0	1.2384110282271223E-4	1	1.1548677676406051E-4	TGTGCAGCAAGTATCAGGGGAACCGACAAGCTCATCTTT	NNNNNNNNNNNNNNNNNNNNNNNNNNNNNNNNNNNNNNN	TRAV13-1*00(619.8)		TRAJ34*00(479.8)		511|525|544|0|14||140.0		29|47|78|21|39||180.0		TGTGCAGCAAGTATCAGGGGAACCGACAAGCTCATCTTT	45	CAASIRGTDKLIF	:::::::::0:1:14:::::21:-9:39:::
18388	315.0	1.2384110282271223E-4	1	1.1548677676406051E-4	TGTGCAGAGATCCCAACCAGGCAGGAACTGCTCTGATCTTT	NNNNNNNNNNNNNNNNNNNNNNNNNNNNNNNNNNNNNNNNN	TRAV13-2*00(549.8)		TRAJ15*00(599.7)		506|516|539|0|10||100.0		20|49|80|12|41||290.0		TGTGCAGAGATCCCAACCAGGCAGGAACTGCTCTGATCTTT	45	CAEIPTR_GTALIF	:::::::::0:-3:10:::::12:0:41:::
18398	315.0	1.2384110282271223E-4	1	1.1548677676406051E-4	TGTGCAGAGACCTCCAGGGTGCAGGCAACATGCTCACCTTT	NNNNNNNNNNNNNNNNNNNNNNNNNNNNNNNNNNNNNNNNN	TRAV13-2*00(549.5)		TRAJ39*00(529.4)		506|516|539|0|10||100.0		30|52|83|19|41||220.0		TGTGCAGAGACCTCCAGGGTGCAGGCAACATGCTCACCTTT	45	CAETSRV_GNMLTF	:::::::::0:-3:10:::::19:-10:41:::
18400	315.0	1.2384110282271223E-4	1	1.1548677676406051E-4	TGTGCAGAGACCCTCACCTTGCTGGTGGTACTAGCTATGGAAAGCTGACATTT	NNNNNNNNNNNNNNNNNNNNNNNNNNNNNNNNNNNNNNNNNNNNNNNNNNNNN	TRAV13-2*00(549.6)		TRAJ52*00(639.4)		506|516|539|0|10||100.0		24|58|89|19|53||340.0		TGTGCAGAGACCCTCACCTTGCTGGTGGTACTAGCTATGGAAAGCTGACATTT	45	CAETLTLLV_TSYGKLTF	:::::::::0:-3:10:::::19:-4:53:::
18728	315.0	1.2384110282271223E-4	1	1.1548677676406051E-4	TGTGCAATGAGAGAGCCTCGAGATGAACAGAGATGACAAGATCATCTTT	NNNNNNNNNNNNNNNNNNNNNNNNNNNNNNNNNNNNNNNNNNNNNNNNN	TRAV14/DV4*00(879.2)		TRAJ30*00(549.8)		517|532|554|0|15||150.0		19|46|77|22|49||270.0		TGTGCAATGAGAGAGCCTCGAGATGAACAGAGATGACAAGATCATCTTT	45	CAMREPRD_NRDDKIIF	:::::::::0:-2:15:::::22:1:49:::
18876	315.0	1.2384110282271223E-4	1	1.1548677676406051E-4	TGTGGCACAGCGATTATAACCAGGGAGGAAAGCTTATCTTC	NNNNNNNNNNNNNNNNNNNNNNNNNNNNNNNNNNNNNNNNN	TRAV30*00(451.9)		TRAJ23*00(550.8)		567|581|600|0|14|SC569TSA577C|82.0		25|52|83|14|41||280.0		TGTGGCACAGCGATTATAACCAGGGAGGAAAGCTTATCTTC	45	CGTAIIT_GGKLIF	:::::::::0:1:14:::::14:-5:41:::
19124	315.0	1.2384110282271223E-4	1	1.1548677676406051E-4	TGCGCTGTGAGTCCTTAAGGGCGCATTTCTTCTGGTTCTGCAAGGCAACTGACCTTT	NNNNNNNNNNNNNNNNNNNNNNNNNNNNNNNNNNNNNNNNNNNNNNNNNNNNNNNNN	TRAV1-1*00(668.6)		TRAJ22*00(609.3)		670|681|704|0|11||110.0		19|52|83|24|57||330.0		TGCGCTGTGAGTCCTTAAGGGCGCATTTCTTCTGGTTCTGCAAGGCAACTGACCTTT	45	CAVSP*GRISSGSARQLTF	:::::::::0:-3:11:::::24:1:57:::
20240	315.0	1.2384110282271223E-4	1	1.1548677676406051E-4	TGCATCCTGAGAGCTTTTATTCAGGGAGCCCAGAAGCTGGTATTT	NNNNNNNNNNNNNNNNNNNNNNNNNNNNNNNNNNNNNNNNNNNNN	TRAV26-2*00(899.8)		TRAJ54*00(539.4)		791|804|826|0|13||130.0		22|49|80|18|45||270.0		TGCATCCTGAGAGCTTTTATTCAGGGAGCCCAGAAGCTGGTATTT	45	CILRAFIQGAQKLVF	:::::::::0:-2:13:::::18:-2:45:::
20396	315.0	1.2384110282271223E-4	1	1.1548677676406051E-4	TGCATCGTCAGAGTCGCGTAGGTAACCAGTTCTATTTT	NNNNNNNNNNNNNNNNNNNNNNNNNNNNNNNNNNNNNN	TRAV26-1*00(669.9)		TRAJ49*00(451.6)		763|781|799|0|18||180.0		27|45|76|20|38||180.0		TGCATCGTCAGAGTCGCGTAGGTAACCAGTTCTATTTT	45	CIVRVA_GNQFYF	:::::::::0:2:18:::::20:-7:38:::
1504	314.0	1.2344795646454488E-4	1	1.1548677676406051E-4	TGTTTTCCACAAGGGCGGTAACCAGTTCTATTTT	NNNNNNNNNNNNNNNNNNNNNNNNNNNNNNNNNN	TRAV25*00(489.8)		TRAJ49*00(489.8)		620|623|649|0|3||30.0		26|45|76|15|34||190.0		TGTTTTCCACAAGGGCGGTAACCAGTTCTATTTT	45	CFPQGR_NQFYF	:::::::::0:-6:3:::::15:-6:34:::
1695	314.0	1.2344795646454488E-4	1	1.1548677676406051E-4	TGTGTGGTGGTGAAAAGCAGTGCTTCCAAGATAATCTTT	NNNNNNNNNNNNNNNNNNNNNNNNNNNNNNNNNNNNNNN	TRAV12-1*00(923)		TRAJ3*00(519.8)		539|548|572|0|9||90.0		27|51|82|15|39||240.0		TGTGTGGTGGTGAAAAGCAGTGCTTCCAAGATAATCTTT	45	CVVVKSSASKIIF	:::::::::0:-4:9:::::15:-7:39:::
2241	314.0	1.2344795646454488E-4	1	1.1548677676406051E-4	TGTGCTTATAGGAGCGATACCCGTGTGCAGGCAACATGCTCACCTTT	NNNNNNNNNNNNNNNNNNNNNNNNNNNNNNNNNNNNNNNNNNNNNNN	TRAV38-2/DV8*00(619.7)		TRAJ39*00(529.8)		602|618|638|0|16||160.0		30|52|83|25|47||220.0		TGTGCTTATAGGAGCGATACCCGTGTGCAGGCAACATGCTCACCTTT	45	CAYRSDTR_AGNMLTF	:::::::::0:0:16:::::25:-10:47:::
2253	314.0	1.2344795646454488E-4	1	1.1548677676406051E-4	TGTGCTTATAGGAGAACTCAGGGCGGATCTGAAAAGCTGGTCTTT	NNNNNNNNNNNNNNNNNNNNNNNNNNNNNNNNNNNNNNNNNNNNN	TRAV38-2/DV8*00(599.7)		TRAJ57*00(609.9)		602|616|638|0|14||140.0		21|52|83|14|45||310.0		TGTGCTTATAGGAGAACTCAGGGCGGATCTGAAAAGCTGGTCTTT	45	CAYRRTQGGSEKLVF	:::::::::0:-2:14:::::14:-1:45:::
2712	314.0	1.2344795646454488E-4	1	1.1548677676406051E-4	TGTGCTCTGAGTGAGGCTGGGATTCTGGGGGTTACCAGAAAGTTACCTTT	NNNNNNNNNNNNNNNNNNNNNNNNNNNNNNNNNNNNNNNNNNNNNNNNNN	TRAV19*00(759.1)		TRAJ13*00(560.2)		556|573|593|0|17||170.0		23|52|83|21|50||290.0		TGTGCTCTGAGTGAGGCTGGGATTCTGGGGGTTACCAGAAAGTTACCTTT	45	CALSEAGI_GGYQKVTF	:::::::::0:0:17:::::21:-3:50:::
2872	314.0	1.2344795646454488E-4	1	1.1548677676406051E-4	TGTGCTCTGAATACCCCCGAATCAGGAACCTACAAATACATCTTT	NNNNNNNNNNNNNNNNNNNNNNNNNNNNNNNNNNNNNNNNNNNNN	TRAV9-2*00(709.9)		TRAJ40*00(529.7)		480|490|514|0|10||100.0		26|50|81|21|45||240.0		TGTGCTCTGAATACCCCCGAATCAGGAACCTACAAATACATCTTT	45	CALNTPESGTYKYIF	:::::::::0:-4:10:::::21:-6:45:::
2985	314.0	1.2344795646454488E-4	1	1.1548677676406051E-4	TGTGCTCTAAGTGGCGATATAGAAACAAACTGGTCTTT	NNNNNNNNNNNNNNNNNNNNNNNNNNNNNNNNNNNNNN	TRAV16*00(1019.4)		TRAJ47*00(470.8)		449|464|483|0|15||150.0		24|46|77|16|38|SG28A|191.0		TGTGCTCTAAGTGGCGATATAGAAACAAACTGGTCTTT	45	CALSGD_RNKLVF	:::::::::0:1:15:::::16:-4:38:::
3544	314.0	1.2344795646454488E-4	1	1.1548677676406051E-4	TGTGCTGTGGGTCCTTCTGGGGCTGGGAGTTACCAACTCACTTTC	NNNNNNNNNNNNNNNNNNNNNNNNNNNNNNNNNNNNNNNNNNNNN	TRAV8-3*00(610.4)		TRAJ28*00(589.3)		455|467|489|0|12||120.0		25|55|86|15|45||300.0		TGTGCTGTGGGTCCTTCTGGGGCTGGGAGTTACCAACTCACTTTC	45	CAVGPSGAGSYQLTF	:::::::::0:-2:12:::::15:-5:45:::
3559	314.0	1.2344795646454488E-4	1	1.1548677676406051E-4	TGTGCTGTGGGTGCTAGTATCGGCCAGAAGCTGGTATTT	NNNNNNNNNNNNNNNNNNNNNNNNNNNNNNNNNNNNNNN	TRAV8-3*00(647.1)		TRAJ54*00(449.6)		455|469|489|0|14||140.0		33|49|80|23|39||160.0		TGTGCTGTGGGTGCTAGTATCGGCCAGAAGCTGGTATTT	45	CAVGASIGQKLVF	:::::::::0:0:14:::::23:-13:39:::
4127	314.0	1.2344795646454488E-4	1	1.1548677676406051E-4	TGTGCTGTGAGGCCCTTTGGTCAGAATTTTGTCTTT	NNNNNNNNNNNNNNNNNNNNNNNNNNNNNNNNNNNN	TRAV1-2*00(669.8)		TRAJ26*00(480.7)		620|631|654|0|11||110.0		27|49|80|14|36|SA29T|191.0		TGTGCTGTGAGGCCCTTTGGTCAGAATTTTGTCTTT	45	CAVRPFGQNFVF	:::::::::0:-3:11:::::14:-7:36:::
5644	314.0	1.2344795646454488E-4	1	1.1548677676406051E-4	TGTGCCTTAGGGCCCAGCAACACAGGCAAACTAATCTTT	NNNNNNNNNNNNNNNNNNNNNNNNNNNNNNNNNNNNNNN	TRAV24*00(774.7)		TRAJ37*00(516.2)		515|523|545|0|8||80.0		28|51|82|16|39||230.0		TGTGCCTTAGGGCCCAGCAACACAGGCAAACTAATCTTT	45	CALGPSNTGKLIF	:::::::::0:-2:8:::::16:-8:39:::
17655	314.0	1.2344795646454488E-4	1	1.1548677676406051E-4	TGTGCAGCAAGTTGGAATGACATGCGCTTT	NNNNNNNNNNNNNNNNNNNNNNNNNNNNNN	TRAV13-1*00(979.6)		TRAJ43*00(449.8)		511|523|544|0|12||120.0		28|43|74|15|30||150.0		TGTGCAGCAAGTTGGAATGACATGCGCTTT	45	CAASWNDMRF	:::::::::0:-1:12:::::15:-8:30:::
17779	314.0	1.2344795646454488E-4	1	1.1548677676406051E-4	TGTGCAGCAAGCTTTTCTGGTTCTGCAAGGCAACTGACCTTT	NNNNNNNNNNNNNNNNNNNNNNNNNNNNNNNNNNNNNNNNNN	TRAV13-1*00(589.8)		TRAJ22*00(589.5)		511|522|544|0|11||110.0		24|52|83|14|42||280.0		TGTGCAGCAAGCTTTTCTGGTTCTGCAAGGCAACTGACCTTT	45	CAASFSGSARQLTF	:::::::::0:-2:11:::::14:-4:42:::
1523	313.0	1.2305481010637753E-4	1	1.1548677676406051E-4	TGTCTTCTGCCAGACTCATGTTT	NNNNNNNNNNNNNNNNNNNNNNN	TRAV40*00(869.8)		TRAJ31*00(459.4)		436|444|470|0|8||90.0		31|46|77|8|23||160.0		TGTCTTCTGCCAGACTCATGTTT	45	CLLP_LMF	:::::::::0:-6:8:::::8:-11:23:::
1904	313.0	1.2305481010637753E-4	1	1.1548677676406051E-4	TGTGTGGTGAACGACCCCTCAGGAACCTACAAATACATCTTT	NNNNNNNNNNNNNNNNNNNNNNNNNNNNNNNNNNNNNNNNNN	TRAV12-1*00(979.7)		TRAJ40*00(509.6)		539|551|572|0|12||120.0		24|50|81|16|42||260.0		TGTGTGGTGAACGACCCCTCAGGAACCTACAAATACATCTTT	45	CVVNDPSGTYKYIF	:::::::::0:-1:12:::::16:-4:42:::
2045	313.0	1.2305481010637753E-4	1	1.1548677676406051E-4	TGTGCTTTCATGAGACAGGGAGCCCAGAAGCTGGTATTT	NNNNNNNNNNNNNNNNNNNNNNNNNNNNNNNNNNNNNNN	TRAV38-1*00(589.3)		TRAJ54*00(529.6)		596|609|633|0|13||130.0		25|49|80|15|39||240.0		TGTGCTTTCATGAGACAGGGAGCCCAGAAGCTGGTATTT	45	CAFMRQGAQKLVF	:::::::::0:-4:13:::::15:-5:39:::
2452	313.0	1.2305481010637753E-4	1	1.1548677676406051E-4	TGTGCTCTCTCATACTCTGGGGCTGGGAGTTACCAACTCACTTTC	NNNNNNNNNNNNNNNNNNNNNNNNNNNNNNNNNNNNNNNNNNNNN	TRAV16*00(949.4)		TRAJ28*00(599.5)		449|457|483|0|8||80.0		20|55|86|10|45||350.0		TGTGCTCTCTCATACTCTGGGGCTGGGAGTTACCAACTCACTTTC	45	CALSYSGAGSYQLTF	:::::::::0:-6:8:::::10:0:45:::
2622	313.0	1.2305481010637753E-4	1	1.1548677676406051E-4	TGTGCTCTGAGTGGTCTAACGACTACAAGCTCAGCTTT	NNNNNNNNNNNNNNNNNNNNNNNNNNNNNNNNNNNNNN	TRAV19*00(739.2)		TRAJ20*00(541.3)		556|569|593|0|13||130.0		22|46|77|14|38||240.0		TGTGCTCTGAGTGGTCTAACGACTACAAGCTCAGCTTT	45	CALSGL_DYKLSF	:::::::::0:-4:13:::::14:-2:38:::
3805	313.0	1.2305481010637753E-4	1	1.1548677676406051E-4	TGTGCTGTGACTCCCAACTTTGGAAATGAGAAATTAACCTTT	NNNNNNNNNNNNNNNNNNNNNNNNNNNNNNNNNNNNNNNNNN	TRAV8-4*00(649.7)		TRAJ48*00(578.7)		476|486|510|0|10||100.0		25|52|83|15|42||270.0		TGTGCTGTGACTCCCAACTTTGGAAATGAGAAATTAACCTTT	45	CAVTPNFGNEKLTF	:::::::::0:-4:10:::::15:-5:42:::
4310	313.0	1.2305481010637753E-4	1	1.1548677676406051E-4	TGTGCTGTGAGAGAAACATATAACACCGACAAGCTCATCTTT	NNNNNNNNNNNNNNNNNNNNNNNNNNNNNNNNNNNNNNNNNN	TRAV3*00(619.7)		TRAJ34*00(539.7)		437|451|473|0|14||140.0		23|47|78|18|42||240.0		TGTGCTGTGAGAGAAACATATAACACCGACAAGCTCATCTTT	45	CAVRETYNTDKLIF	:::::::::0:-2:14:::::18:-3:42:::
4393	313.0	1.2305481010637753E-4	1	1.1548677676406051E-4	TGTGCTGCTGTTAATGCTGGCAACAACCGTAAGCTGATTTGG	NNNNNNNNNNNNNNNNNNNNNNNNNNNNNNNNNNNNNNNNNN	TRAV22*00(499.1)		TRAJ38*00(608.7)		526|533|559|0|7||70.0		20|51|82|11|42||310.0		TGTGCTGCTGTTAATGCTGGCAACAACCGTAAGCTGATTTGG	45	CAAVNAGNNRKLIW	:::::::::0:-6:7:::::11:0:42:::
4480	313.0	1.2305481010637753E-4	1	1.1548677676406051E-4	TGTGCTGCACCTCGGGGGAAGGGGCTTTCAGAAACTTGTATTT	NNNNNNNNNNNNNNNNNNNNNNNNNNNNNNNNNNNNNNNNNNN	TRAV22*00(499.4)		TRAJ8*00(499.1)		526|533|559|0|7||70.0		28|49|80|22|43||210.0		TGTGCTGCACCTCGGGGGAAGGGGCTTTCAGAAACTTGTATTT	45	CAAPRGK_GFQKLVF	:::::::::0:-6:7:::::22:-8:43:::
4591	313.0	1.2305481010637753E-4	1	1.1548677676406051E-4	TGTGCTGGGCGGGACTATGGTCAGAATTTTGTCTTT	NNNNNNNNNNNNNNNNNNNNNNNNNNNNNNNNNNNN	TRAV35*00(925.5)		TRAJ26*00(519.9)		588|598|620|0|10||100.0		26|49|80|13|36||230.0		TGTGCTGGGCGGGACTATGGTCAGAATTTTGTCTTT	45	CAGRDYGQNFVF	:::::::::0:-2:10:::::13:-6:36:::
6104	313.0	1.2305481010637753E-4	1	1.1548677676406051E-4	TGTGCCCAGTTCTATTTT	NNNNNNNNNNNNNNNNNN	TRAV19*00(659.9)		TRAJ49*00(429.7)		556|561|593|0|5||50.0		32|45|76|5|18||130.0		TGTGCCCAGTTCTATTTT	45	CAQFYF	:::::::::0:-12:5:::::5:-12:18:::
6219	313.0	1.2305481010637753E-4	1	1.1548677676406051E-4	TGTGCCGTGGGATCGGAATATGGAAACAAGCTGGTCTTT	NNNNNNNNNNNNNNNNNNNNNNNNNNNNNNNNNNNNNNN	TRAV39*00(739.7)		TRAJ47*00(530.9)		507|517|540|0|10||100.0		21|46|77|14|39|SA36G|221.0		TGTGCCGTGGGATCGGAATATGGAAACAAGCTGGTCTTT	45	CAVGSEYGNKLVF	:::::::::0:-3:10:::::14:-1:39:::
6239	313.0	1.2305481010637753E-4	1	1.1548677676406051E-4	TGTGCCGTGGACATCTTGGAATTCCGGGTATGCACTCAACTTC	NNNNNNNNNNNNNNNNNNNNNNNNNNNNNNNNNNNNNNNNNNN	TRAV39*00(779.5)		TRAJ41*00(498.9)		507|521|540|0|14||140.0		27|51|82|19|43||240.0		TGTGCCGTGGACATCTTGGAATTCCGGGTATGCACTCAACTTC	45	CAVDILE_SGYALNF	:::::::::0:1:14:::::19:-7:43:::
6350	313.0	1.2305481010637753E-4	1	1.1548677676406051E-4	TGTGCCGTGAATGCGTGGGGCTTTGGGAATGTGCTGCATTGC	NNNNNNNNNNNNNNNNNNNNNNNNNNNNNNNNNNNNNNNNNN	TRAV8-1*00(619.6)		TRAJ35*00(539.7)		474|489|508|0|15||150.0		24|48|79|18|42||240.0		TGTGCCGTGAATGCGTGGGGCTTTGGGAATGTGCTGCATTGC	45	CAVNAWGFGNVLHC	:::::::::0:1:15:::::18:-4:42:::
17528	313.0	1.2305481010637753E-4	1	1.1548677676406051E-4	TGTGCAGCGAACACAGGCTTTCAGAAACTTGTATTT	NNNNNNNNNNNNNNNNNNNNNNNNNNNNNNNNNNNN	TRAV13-1*00(737.6)		TRAJ8*00(569.6)		511|519|544|0|8||80.0		21|49|80|8|36||280.0		TGTGCAGCGAACACAGGCTTTCAGAAACTTGTATTT	45	CAANTGFQKLVF	:::::::::0:-5:8:::::8:-1:36:::
17628	313.0	1.2305481010637753E-4	1	1.1548677676406051E-4	TGTGCAGCAACCGCGTTGGAGGCAACATGCTCACCTTT	NNNNNNNNNNNNNNNNNNNNNNNNNNNNNNNNNNNNNN	TRAV29/DV5*00(570.8)		TRAJ39*00(500.8)		529|544|562|0|15|SG539C|121.0		30|52|83|16|38|SC32G|191.0		TGTGCAGCAACCGCGTTGGAGGCAACATGCTCACCTTT	45	CAATAL_GNMLTF	:::::::::0:2:15:::::16:-10:38:::
17812	313.0	1.2305481010637753E-4	1	1.1548677676406051E-4	TGTGCAGCAAGCCTGGATAATGCAGGCAACATGCTCACCTTT	NNNNNNNNNNNNNNNNNNNNNNNNNNNNNNNNNNNNNNNNNN	TRAV29/DV5*00(398)		TRAJ39*00(569.5)		529|541|562|0|12||120.0		26|52|83|16|42||260.0		TGTGCAGCAAGCCTGGATAATGCAGGCAACATGCTCACCTTT	45	CAASLDNAGNMLTF	:::::::::0:-1:12:::::16:-6:42:::
18169	313.0	1.2305481010637753E-4	1	1.1548677676406051E-4	TGTGCAGGGCGCAATCGGAATAACAATGCCAGACTCATGTTT	NNNNNNNNNNNNNNNNNNNNNNNNNNNNNNNNNNNNNNNNNN	TRAV27*00(608.2)		TRAJ31*00(569.6)		552|560|582|0|8||80.0		19|46|77|15|42||270.0		TGTGCAGGGCGCAATCGGAATAACAATGCCAGACTCATGTTT	45	CAGRNRNNNARLMF	:::::::::0:-2:8:::::15:1:42:::
18817	313.0	1.2305481010637753E-4	1	1.1548677676406051E-4	TGTGCAATGAGAGAGGAGTGCTGGTGGTACTAGCTATGGAAAGCTGACATTT	NNNNNNNNNNNNNNNNNNNNNNNNNNNNNNNNNNNNNNNNNNNNNNNNNNNN	TRAV14/DV4*00(727.4)		TRAJ52*00(616.9)		517|533|554|0|16||160.0		24|58|89|18|52||340.0		TGTGCAATGAGAGAGGAGTGCTGGTGGTACTAGCTATGGAAAGCTGACATTT	45	CAMREECWW_TSYGKLTF	:::::::::0:-1:16:::::18:-4:52:::
19130	313.0	1.2305481010637753E-4	1	1.1548677676406051E-4	TGCGCTGTGAGCCCCGGACAAGGCCAATAACAATGACATGCGCTTT	NNNNNNNNNNNNNNNNNNNNNNNNNNNNNNNNNNNNNNNNNNNNNN	TRAV1-1*00(680.8)		TRAJ43*00(519.5)		670|681|704|0|11||110.0		21|43|74|24|46||220.0		TGCGCTGTGAGCCCCGGACAAGGCCAATAACAATGACATGCGCTTT	45	CAVSPGQG_NNNDMRF	:::::::::0:-3:11:::::24:-1:46:::
1335	312.0	1.226616637482102E-4	2	2.3097355352812103E-4	TGTGCAGCAAGTATCGGGCAGGCAGGAACTGCTCTGATCTTT	[[[[[[[[[[[[[[[[[[[[[[[[[[[[[[[[[[[[[[[[[[	TRAV13-1*00(808.5)		TRAJ15*00(463.4)		511|525|544|0|14||140.0		25|49|80|18|42||240.0		TGTGCAGCAAGTATCGGGCAGGCAGGAACTGCTCTGATCTTT	58	CAASIGQAGTALIF	:::::::::0:1:14:::::18:-5:42:::
2049	312.0	1.226616637482102E-4	1	1.1548677676406051E-4	TGTGCTTTCATGAACGCCAACAATGACATGCGCTTT	NNNNNNNNNNNNNNNNNNNNNNNNNNNNNNNNNNNN	TRAV38-1*00(599.6)		TRAJ43*00(479.8)		596|610|633|0|14||140.0		25|43|74|18|36||180.0		TGTGCTTTCATGAACGCCAACAATGACATGCGCTTT	45	CAFMNANNDMRF	:::::::::0:-3:14:::::18:-5:36:::
2586	312.0	1.226616637482102E-4	1	1.1548677676406051E-4	TGTGCTCTGAGTCCTTATAACCAGGGAGGAAAGCTTATCTTC	NNNNNNNNNNNNNNNNNNNNNNNNNNNNNNNNNNNNNNNNNN	TRAV9-2*00(729.6)		TRAJ23*00(589.9)		480|492|514|0|12||120.0		24|52|83|14|42||280.0		TGTGCTCTGAGTCCTTATAACCAGGGAGGAAAGCTTATCTTC	45	CALSPYNQGGKLIF	:::::::::0:-2:12:::::14:-4:42:::
3219	312.0	1.226616637482102E-4	1	1.1548677676406051E-4	TGTGCTGTCTACCGACAAGCTCATCTTT	NNNNNNNNNNNNNNNNNNNNNNNNNNNN	TRAV41*00(769.7)		TRAJ34*00(479.8)		512|521|544|0|9||90.0		29|47|78|10|28||180.0		TGTGCTGTCTACCGACAAGCTCATCTTT	45	CAVYR_KLIF	:::::::::0:-3:9:::::10:-9:28:::
3330	312.0	1.226616637482102E-4	1	1.1548677676406051E-4	TGTGCTGTCAGACATGAACAGAGATGACAAGATCATCTTT	NNNNNNNNNNNNNNNNNNNNNNNNNNNNNNNNNNNNNNNN	TRAV41*00(623.5)		TRAJ30*00(589.8)		512|524|544|0|12||120.0		18|46|77|12|40||280.0		TGTGCTGTCAGACATGAACAGAGATGACAAGATCATCTTT	45	CAVRHEQ_DDKIIF	:::::::::0:0:12:::::12:2:40:::
3668	312.0	1.226616637482102E-4	1	1.1548677676406051E-4	TGTGCTGTGGACCCTGGCCAAACTGACAGCTGGGGGAAATTGCAGTTT	NNNNNNNNNNNNNNNNNNNNNNNNNNNNNNNNNNNNNNNNNNNNNNNN	TRAV36/DV7*00(629.2)		TRAJ24*00(568.8)		500|511|533|0|11||110.0		24|52|83|20|48||280.0		TGTGCTGTGGACCCTGGCCAAACTGACAGCTGGGGGAAATTGCAGTTT	45	CAVDPGQTDSWGKLQF	:::::::::0:-2:11:::::20:-4:48:::
3844	312.0	1.226616637482102E-4	1	1.1548677676406051E-4	TGTGCTGTGAGTTTCACGGGAGGAGGAAACAAACTCACCTTT	NNNNNNNNNNNNNNNNNNNNNNNNNNNNNNNNNNNNNNNNNN	TRAV8-4*00(654.5)		TRAJ10*00(589.3)		476|488|510|0|12||120.0		24|53|84|13|42||290.0		TGTGCTGTGAGTTTCACGGGAGGAGGAAACAAACTCACCTTT	45	CAVSFTGGGNKLTF	:::::::::0:-2:12:::::13:-4:42:::
4129	312.0	1.226616637482102E-4	1	1.1548677676406051E-4	TGTGCTGTGAGGCCCGCTCTAGCAACACAGGCAAACTAATCTTT	NNNNNNNNNNNNNNNNNNNNNNNNNNNNNNNNNNNNNNNNNNNN	TRAV21*00(499.9)		TRAJ37*00(570.7)		544|558|576|0|14||140.0		22|51|82|15|44|SG27A|261.0		TGTGCTGTGAGGCCCGCTCTAGCAACACAGGCAAACTAATCTTT	45	CAVRPAL_NTGKLIF	:::::::::0:2:14:::::15:-2:44:::
5007	312.0	1.226616637482102E-4	1	1.1548677676406051E-4	TGTGCCTTTATGGGCGGGAACAACAGACTCGCTTTT	NNNNNNNNNNNNNNNNNNNNNNNNNNNNNNNNNNNN	TRAV24*00(490.5)		TRAJ7*00(499.2)		515|526|545|0|11||110.0		27|48|79|15|36||210.0		TGTGCCTTTATGGGCGGGAACAACAGACTCGCTTTT	45	CAFMGGNNRLAF	:::::::::0:1:11:::::15:-7:36:::
5028	312.0	1.226616637482102E-4	1	1.1548677676406051E-4	TGTGCCTTTAATAAAATGAGGAGCCCAGAAGCTGGTATTT	NNNNNNNNNNNNNNNNNNNNNNNNNNNNNNNNNNNNNNNN	TRAV24*00(650.9)		TRAJ54*00(488)		515|525|545|0|10||100.0		28|49|80|19|40||210.0		TGTGCCTTTAATAAAATGAGGAGCCCAGAAGCTGGTATTT	45	CAFNKMR_AQKLVF	:::::::::0:0:10:::::19:-8:40:::
5694	312.0	1.226616637482102E-4	1	1.1548677676406051E-4	TGTGCCTCCACCAACCAGGCAGGAACTGCTCTGATCTTT	NNNNNNNNNNNNNNNNNNNNNNNNNNNNNNNNNNNNNNN	TRAV24*00(968.9)		TRAJ15*00(472.7)		515|522|545|0|7||70.0		20|49|80|10|39||290.0		TGTGCCTCCACCAACCAGGCAGGAACTGCTCTGATCTTT	45	CASTNQAGTALIF	:::::::::0:-3:7:::::10:0:39:::
5959	312.0	1.226616637482102E-4	1	1.1548677676406051E-4	TGTGCCTACCTGCCCCCGGACCTTCAGGAGGAGGTGCTGACGGACTCACCTTT	NNNNNNNNNNNNNNNNNNNNNNNNNNNNNNNNNNNNNNNNNNNNNNNNNNNNN	TRAV24*00(469.5)		TRAJ45*00(619.9)		515|522|545|0|7||70.0		24|55|86|22|53||310.0		TGTGCCTACCTGCCCCCGGACCTTCAGGAGGAGGTGCTGACGGACTCACCTTT	45	CAYLPPDLQ_GGADGLTF	:::::::::0:-3:7:::::22:-4:53:::
5976	312.0	1.226616637482102E-4	1	1.1548677676406051E-4	TGTGCCCTCCGGGGGAGAGATGACAAGATCATCTTT	NNNNNNNNNNNNNNNNNNNNNNNNNNNNNNNNNNNN	TRAV19*00(660.7)		TRAJ30*00(520)		556|564|593|0|8|ST561C|51.0		25|46|77|15|36||210.0		TGTGCCCTCCGGGGGAGAGATGACAAGATCATCTTT	45	CALRGRDDKIIF	:::::::::0:-9:8:::::15:-5:36:::
6312	312.0	1.226616637482102E-4	1	1.1548677676406051E-4	TGTGCCGTGAGCCCCTTGTCTAGCAACACAGGCAAACTAATCTTT	NNNNNNNNNNNNNNNNNNNNNNNNNNNNNNNNNNNNNNNNNNNNN	TRAV8-1*00(569.7)		TRAJ37*00(550.7)		474|484|508|0|10||100.0		24|51|82|18|45|SG27A|241.0		TGTGCCGTGAGCCCCTTGTCTAGCAACACAGGCAAACTAATCTTT	45	CAVSPLSSNTGKLIF	:::::::::0:-4:10:::::18:-4:45:::
17637	312.0	1.226616637482102E-4	1	1.1548677676406051E-4	TGTGCAGCAACGTCTGGTTCTGCAAGGCAACTGACCTTT	NNNNNNNNNNNNNNNNNNNNNNNNNNNNNNNNNNNNNNN	TRAV13-2*00(519.6)		TRAJ22*00(580)		506|513|539|0|7||70.0		25|52|83|12|39||270.0		TGTGCAGCAACGTCTGGTTCTGCAAGGCAACTGACCTTT	45	CAATSGSARQLTF	:::::::::0:-6:7:::::12:-5:39:::
18472	312.0	1.226616637482102E-4	1	1.1548677676406051E-4	TGTGCAGAGAATCCATCGAACACCGGTAACCAGTTCTATTTT	NNNNNNNNNNNNNNNNNNNNNNNNNNNNNNNNNNNNNNNNNN	TRAV13-2*00(569.7)		TRAJ49*00(569.5)		506|518|539|0|12||120.0		18|45|76|15|42||270.0		TGTGCAGAGAATCCATCGAACACCGGTAACCAGTTCTATTTT	45	CAENPSNTGNQFYF	:::::::::0:-1:12:::::15:2:42:::
18525	312.0	1.226616637482102E-4	1	1.1548677676406051E-4	TGTGCAGAGAAAGGGGAATAGCAACTATCAGTTAATCTGG	NNNNNNNNNNNNNNNNNNNNNNNNNNNNNNNNNNNNNNNN	TRAV13-2*00(559.7)		TRAJ33*00(519.5)		506|517|539|0|11||110.0		23|46|77|17|40||230.0		TGTGCAGAGAAAGGGGAATAGCAACTATCAGTTAATCTGG	45	CAEKGE*_NYQLIW	:::::::::0:-2:11:::::17:-3:40:::
18720	312.0	1.226616637482102E-4	1	1.1548677676406051E-4	TGTGCAATGAGAGACGGGGGCACCGACAAGCTCATCTTT	NNNNNNNNNNNNNNNNNNNNNNNNNNNNNNNNNNNNNNN	TRAV14/DV4*00(870.8)		TRAJ34*00(489.6)		517|534|554|0|17|SG531C|141.0		28|47|78|20|39||190.0		TGTGCAATGAGAGACGGGGGCACCGACAAGCTCATCTTT	45	CAMRDGGTDKLIF	:::::::::0:0:17:::::20:-8:39:::
20384	312.0	1.226616637482102E-4	1	1.1548677676406051E-4	TGCATCGTCAGAGTCCGAATGCAGGCAAATCAACCTTT	NNNNNNNNNNNNNNNNNNNNNNNNNNNNNNNNNNNNNN	TRAV26-1*00(639.6)		TRAJ27*00(499.4)		763|778|799|0|15||150.0		27|48|79|17|38||210.0		TGCATCGTCAGAGTCCGAATGCAGGCAAATCAACCTTT	45	CIVRVR_AGKSTF	:::::::::0:-1:15:::::17:-7:38:::
21330	312.0	1.226616637482102E-4	1	1.1548677676406051E-4	TGGGGTTCTGCAAGGCAACTGACCTTT	NNNNNNNNNNNNNNNNNNNNNNNNNNN	TRAV2*00(560.2)		TRAJ22*00(477.8)		519|521|553|0|2||20.0		28|52|83|3|27||240.0		TGGGGTTCTGCAAGGCAACTGACCTTT	45	WGSARQLTF	:::::::::0:-12:2:::::3:-8:27:::
1530	311.0	1.2226851739004287E-4	1	1.1548677676406051E-4	TGTCTTCTGGGAGTTACCTCAGGAACCTACAAATACATCTTT	NNNNNNNNNNNNNNNNNNNNNNNNNNNNNNNNNNNNNNNNNN	TRAV40*00(909.5)		TRAJ40*00(569.4)		436|449|470|0|13||130.0		22|50|81|14|42||280.0		TGTCTTCTGGGAGTTACCTCAGGAACCTACAAATACATCTTT	45	CLLGVTSGTYKYIF	:::::::::0:-1:13:::::14:-2:42:::
1727	311.0	1.2226851739004287E-4	1	1.1548677676406051E-4	TGTGTGGTGACTTTTGGGGTTTTATAACCAGGGAGGAAAGCTTATCTTC	NNNNNNNNNNNNNNNNNNNNNNNNNNNNNNNNNNNNNNNNNNNNNNNNN	TRAV12-1*00(744.8)		TRAJ23*00(539.2)		539|549|572|0|10||100.0		23|52|83|20|49||290.0		TGTGTGGTGACTTTTGGGGTTTTATAACCAGGGAGGAAAGCTTATCTTC	45	CVVTFGVL_NQGGKLIF	:::::::::0:-3:10:::::20:-3:49:::
2182	311.0	1.2226851739004287E-4	1	1.1548677676406051E-4	TGTGCTTATACATCGTACAATAACAATGACATGCGCTTT	NNNNNNNNNNNNNNNNNNNNNNNNNNNNNNNNNNNNNNN	TRAV38-2/DV8*00(559.6)		TRAJ43*00(550.7)		602|612|638|0|10||100.0		15|43|74|11|39|ST17C|251.0		TGTGCTTATACATCGTACAATAACAATGACATGCGCTTT	45	CAYTSYNNNDMRF	:::::::::0:-6:10:::::11:5:39:::
2376	311.0	1.2226851739004287E-4	1	1.1548677676406051E-4	TGTGCTCTTGGGGAACTACGGCTCAGGAACCTACAAATACATCTTT	NNNNNNNNNNNNNNNNNNNNNNNNNNNNNNNNNNNNNNNNNNNNNN	TRDV1*00(1049.6)		TRAJ40*00(500)		573|591|610|0|18||180.0		25|50|81|21|46||250.0		TGTGCTCTTGGGGAACTACGGCTCAGGAACCTACAAATACATCTTT	45	CALGELRL_GTYKYIF	:::::::::0:1:18:::::21:-5:46:::
2659	311.0	1.2226851739004287E-4	1	1.1548677676406051E-4	TGTGCTCTGAGTGATCGGGGGGAGGCTCAACCCTGGGGAGGCTATACTTT	NNNNNNNNNNNNNNNNNNNNNNNNNNNNNNNNNNNNNNNNNNNNNNNNNN	TRAV9-2*00(773.2)		TRAJ18*00(599.5)		480|496|514|0|16||160.0		26|55|86|21|50||290.0		TGTGCTCTGAGTGATCGGGGGGAGGCTCAACCCTGGGGAGGCTATACTTT	45	CALSDRGE_STLGRLYF	:::::::::0:2:16:::::21:-6:50:::
2887	311.0	1.2226851739004287E-4	1	1.1548677676406051E-4	TGTGCTCTGAAGAAGACAGCTGGGGGAAATTGCAGTTT	NNNNNNNNNNNNNNNNNNNNNNNNNNNNNNNNNNNNNN	TRAV9-2*00(711.7)		TRAJ24*00(530.2)		480|490|514|0|10||100.0		28|52|83|14|38||240.0		TGTGCTCTGAAGAAGACAGCTGGGGGAAATTGCAGTTT	45	CALKKT_WGKLQF	:::::::::0:-4:10:::::14:-8:38:::
3130	311.0	1.2226851739004287E-4	1	1.1548677676406051E-4	TGTGCTCATGTTCCTCGGGATAGCAGCTATAAATTGATCTTC	NNNNNNNNNNNNNNNNNNNNNNNNNNNNNNNNNNNNNNNNNN	TRAV9-2*00(679.7)		TRAJ12*00(529.4)		480|487|514|0|7||70.0		24|49|80|17|42||250.0		TGTGCTCATGTTCCTCGGGATAGCAGCTATAAATTGATCTTC	45	CAHVPRDSSYKLIF	:::::::::0:-7:7:::::17:-4:42:::
3562	311.0	1.2226851739004287E-4	1	1.1548677676406051E-4	TGTGCTGTGGGTGCCCGGAATAACAATGCCAGACTCATGTTT	NNNNNNNNNNNNNNNNNNNNNNNNNNNNNNNNNNNNNNNNNN	TRAV8-3*00(658.4)		TRAJ31*00(579.6)		455|469|489|0|14||140.0		18|46|77|14|42||280.0		TGTGCTGTGGGTGCCCGGAATAACAATGCCAGACTCATGTTT	45	CAVGARNNNARLMF	:::::::::0:0:14:::::14:2:42:::
3778	311.0	1.2226851739004287E-4	1	1.1548677676406051E-4	TGTGCTGTGGAAAAGTACACTCAGGGCGGATCTGAAAAGCTGGTCTTT	NNNNNNNNNNNNNNNNNNNNNNNNNNNNNNNNNNNNNNNNNNNNNNNN	TRAV36/DV7*00(600.5)		TRAJ57*00(598.9)		500|511|533|0|11||110.0		22|52|83|18|48||300.0		TGTGCTGTGGAAAAGTACACTCAGGGCGGATCTGAAAAGCTGGTCTTT	45	CAVEKYTQGGSEKLVF	:::::::::0:-2:11:::::18:-2:48:::
4143	311.0	1.2226851739004287E-4	1	1.1548677676406051E-4	TGTGCTGTGAGGCCAGGCAACACAGGCAAACTAATCTTT	NNNNNNNNNNNNNNNNNNNNNNNNNNNNNNNNNNNNNNN	TRAV21*00(1004.1)		TRAJ37*00(445)		544|558|576|0|14||140.0		27|51|82|15|39||240.0		TGTGCTGTGAGGCCAGGCAACACAGGCAAACTAATCTTT	45	CAVRPGNTGKLIF	:::::::::0:2:14:::::15:-7:39:::
4155	311.0	1.2226851739004287E-4	1	1.1548677676406051E-4	TGTGCTGTGAGGGTAACAATGCCAGACTCATGTTT	NNNNNNNNNNNNNNNNNNNNNNNNNNNNNNNNNNN	TRAV21*00(989.2)		TRAJ31*00(519.6)		544|556|576|0|12||120.0		24|46|77|13|35||220.0		TGTGCTGTGAGGGTAACAATGCCAGACTCATGTTT	45	CAVRVT_ARLMF	:::::::::0:0:12:::::13:-4:35:::
4485	311.0	1.2226851739004287E-4	1	1.1548677676406051E-4	TGTGCTGCACCATCGCCTAACCAGGGAGGAAAGCTTATCTTC	NNNNNNNNNNNNNNNNNNNNNNNNNNNNNNNNNNNNNNNNNN	TRAV36/DV7*00(589.7)		TRAJ23*00(520.6)		500|507|533|0|7||70.0		27|52|83|17|42||250.0		TGTGCTGCACCATCGCCTAACCAGGGAGGAAAGCTTATCTTC	45	CAAPSPNQGGKLIF	:::::::::0:-6:7:::::17:-7:42:::
4571	311.0	1.2226851739004287E-4	1	1.1548677676406051E-4	TGTGCTGGGCCCGCGAATTATGGAGGAAGCCAAGGAAATCTCATCTTT	NNNNNNNNNNNNNNNNNNNNNNNNNNNNNNNNNNNNNNNNNNNNNNNN	TRAV35*00(489.4)		TRAJ42*00(567.1)		588|598|620|0|10||100.0		21|55|86|14|48||340.0		TGTGCTGGGCCCGCGAATTATGGAGGAAGCCAAGGAAATCTCATCTTT	45	CAGPANYGGSQGNLIF	:::::::::0:-2:10:::::14:-1:48:::
4620	311.0	1.2226851739004287E-4	1	1.1548677676406051E-4	TGTGCTGGGCAGCTTAGGGCTAGGGAAGGAACCTACAAATACATCTTT	NNNNNNNNNNNNNNNNNNNNNNNNNNNNNNNNNNNNNNNNNNNNNNNN	TRAV35*00(741)		TRAJ40*00(489.9)		588|602|620|0|14||140.0		28|50|81|26|48||220.0		TGTGCTGGGCAGCTTAGGGCTAGGGAAGGAACCTACAAATACATCTTT	45	CAGQLRAREGTYKYIF	:::::::::0:2:14:::::26:-8:48:::
5618	311.0	1.2226851739004287E-4	1	1.1548677676406051E-4	TGTGCCTTGGCTAATGCTGGTGGTACTAGCTATGGAAAGCTGACATTT	NNNNNNNNNNNNNNNNNNNNNNNNNNNNNNNNNNNNNNNNNNNNNNNN	TRAV24*00(489.7)		TRAJ52*00(690.6)		515|521|545|0|6||80.0		16|58|89|6|48|SA18G|392.0		TGTGCCTTGGCTAATGCTGGTGGTACTAGCTATGGAAAGCTGACATTT	45	CALANAGGTSYGKLTF	:::::::::0:-4:6:::::6:4:48:::
17472	311.0	1.2226851739004287E-4	1	1.1548677676406051E-4	TGTGCAGCCTCAGACGATAATGCAGGCAACATGCTCACCTTT	NNNNNNNNNNNNNNNNNNNNNNNNNNNNNNNNNNNNNNNNNN	TRAV29/DV5*00(489.9)		TRAJ39*00(569.8)		529|537|562|0|8||80.0		26|52|83|16|42||260.0		TGTGCAGCCTCAGACGATAATGCAGGCAACATGCTCACCTTT	45	CAASDDNAGNMLTF	:::::::::0:-5:8:::::16:-6:42:::
17493	311.0	1.2226851739004287E-4	1	1.1548677676406051E-4	TGTGCAGCCGCTTACAACTTCAACAAATTTTACTTT	NNNNNNNNNNNNNNNNNNNNNNNNNNNNNNNNNNNN	TRAV13-1*00(939.4)		TRAJ21*00(549.5)		511|519|544|0|8||80.0		20|44|75|12|36||240.0		TGTGCAGCCGCTTACAACTTCAACAAATTTTACTTT	45	CAAAYNFNKFYF	:::::::::0:-5:8:::::12:0:36:::
17851	311.0	1.2226851739004287E-4	1	1.1548677676406051E-4	TGTGCAGCAAGCGTAGGGGCTGGGAGTTACCAACTCACTTTC	NNNNNNNNNNNNNNNNNNNNNNNNNNNNNNNNNNNNNNNNNN	TRAV13-1*00(969.3)		TRAJ28*00(519.6)		511|522|544|0|11||110.0		28|55|86|15|42||270.0		TGTGCAGCAAGCGTAGGGGCTGGGAGTTACCAACTCACTTTC	45	CAASVGAGSYQLTF	:::::::::0:-2:11:::::15:-8:42:::
18722	311.0	1.2226851739004287E-4	1	1.1548677676406051E-4	TGTGCAATGAGAGACAGTTATGGGAACAACAGACTCGCTTTT	NNNNNNNNNNNNNNNNNNNNNNNNNNNNNNNNNNNNNNNNNN	TRAV14/DV4*00(731.5)		TRAJ7*00(529.7)		517|531|554|0|14||140.0		24|48|79|18|42||240.0		TGTGCAATGAGAGACAGTTATGGGAACAACAGACTCGCTTTT	45	CAMRDSYGNNRLAF	:::::::::0:-3:14:::::18:-4:42:::
20474	311.0	1.2226851739004287E-4	1	1.1548677676406051E-4	TGCATCGCCTTTTCAGGATACAGCACCCTCACCTTT	NNNNNNNNNNNNNNNNNNNNNNNNNNNNNNNNNNNN	TRAV26-1*00(559.9)		TRAJ11*00(559.9)		763|770|799|0|7||70.0		24|49|80|11|36||250.0		TGCATCGCCTTTTCAGGATACAGCACCCTCACCTTT	45	CIAFSGYSTLTF	:::::::::0:-9:7:::::11:-4:36:::
21385	311.0	1.2226851739004287E-4	1	1.1548677676406051E-4	GGAACTGGGGCAAACAACCTCTTCTTT	NNNNNNNNNNNNNNNNNNNNNNNNNNN	TRAV12-1*00(630.6)		TRAJ36*00(559.9)		539|539|572|0|0||0.0		23|48|79|2|27||250.0		GGAACTGGGGCAAACAACCTCTTCTTT	45	GTGANNLFF	:::::::::0:-13:0:::::2:-3:27:::
2000	310.0	1.2187537103187552E-4	1	1.1548677676406051E-4	TGTGCTTTTGAATGCATGCAGGCAACATGCTCACCTTT	NNNNNNNNNNNNNNNNNNNNNNNNNNNNNNNNNNNNNN	TRAV38-2/DV8*00(529.7)		TRAJ39*00(539.7)		602|609|638|0|7||70.0		29|52|83|15|38||230.0		TGTGCTTTTGAATGCATGCAGGCAACATGCTCACCTTT	45	CAFECM_GNMLTF	:::::::::0:-9:7:::::15:-9:38:::
2625	310.0	1.2187537103187552E-4	1	1.1548677676406051E-4	TGTGCTCTGAGTGGCGGACTCACGACCGGTAACCAGTTCTATTTT	NNNNNNNNNNNNNNNNNNNNNNNNNNNNNNNNNNNNNNNNNNNNN	TRAV19*00(739.9)		TRAJ49*00(509.6)		556|569|593|0|13||130.0		24|45|76|24|45||210.0		TGTGCTCTGAGTGGCGGACTCACGACCGGTAACCAGTTCTATTTT	45	CALSGGLTTGNQFYF	:::::::::0:-4:13:::::24:-4:45:::
2670	310.0	1.2187537103187552E-4	1	1.1548677676406051E-4	TGTGCTCTGAGTGATGGGGCCAATGCAGGCAAATCAACCTTT	NNNNNNNNNNNNNNNNNNNNNNNNNNNNNNNNNNNNNNNNNN	TRAV9-2*00(774.5)		TRAJ27*00(519.6)		480|495|514|0|15||150.0		25|48|79|19|42||230.0		TGTGCTCTGAGTGATGGGGCCAATGCAGGCAAATCAACCTTT	45	CALSDGANAGKSTF	:::::::::0:1:15:::::19:-5:42:::
3341	310.0	1.2187537103187552E-4	1	1.1548677676406051E-4	TGTGCTGTCAAGACTTTAATGCTGGCAACAACCGTAAGCTGATTTGG	NNNNNNNNNNNNNNNNNNNNNNNNNNNNNNNNNNNNNNNNNNNNNNN	TRAV21*00(949)		TRAJ38*00(569.1)		544|552|576|0|8||80.0		20|51|82|16|47||310.0		TGTGCTGTCAAGACTTTAATGCTGGCAACAACCGTAAGCTGATTTGG	45	CAVKTLML_NNRKLIW	:::::::::0:-4:8:::::16:0:47:::
3567	310.0	1.2187537103187552E-4	1	1.1548677676406051E-4	TGTGCTGTGGGTGCGCTCAACCAGGCAGGAACTGCTCTGATCTTT	NNNNNNNNNNNNNNNNNNNNNNNNNNNNNNNNNNNNNNNNNNNNN	TRAV8-3*00(679.4)		TRAJ15*00(502.5)		455|471|489|0|16||160.0		21|49|80|17|45||280.0		TGTGCTGTGGGTGCGCTCAACCAGGCAGGAACTGCTCTGATCTTT	45	CAVGALNQAGTALIF	:::::::::0:2:16:::::17:-1:45:::
3666	310.0	1.2187537103187552E-4	1	1.1548677676406051E-4	TGTGCTGTGGACCTGCATGGACACGGGCAGGAGAGCACTTACTTTT	NNNNNNNNNNNNNNNNNNNNNNNNNNNNNNNNNNNNNNNNNNNNNN	TRAV2*00(771.5)		TRAJ5*00(591)		519|530|553|0|11||110.0		18|49|80|15|46||310.0		TGTGCTGTGGACCTGCATGGACACGGGCAGGAGAGCACTTACTTTT	45	CAVDLHGH_GRRALTF	:::::::::0:-3:11:::::15:2:46:::
3687	310.0	1.2187537103187552E-4	1	1.1548677676406051E-4	TGTGCTGTGGAGCTCCCGGGCAACATGCTCACCTTT	NNNNNNNNNNNNNNNNNNNNNNNNNNNNNNNNNNNN	TRAV2*00(602.8)		TRAJ39*00(486.4)		519|531|553|0|12||120.0		34|52|83|18|36||180.0		TGTGCTGTGGAGCTCCCGGGCAACATGCTCACCTTT	45	CAVELPGNMLTF	:::::::::0:-2:12:::::18:-14:36:::
4969	310.0	1.2187537103187552E-4	1	1.1548677676406051E-4	TGTGCTAATGGCTACAAGCTCAGCTTT	NNNNNNNNNNNNNNNNNNNNNNNNNNN	TRAV25*00(499.5)		TRAJ20*00(471.5)		620|623|649|0|3||50.0		22|46|77|3|27|ST22GSC27TSA29G|173.0		TGTGCTAATGGCTACAAGCTCAGCTTT	45	CANGYKLSF	:::::::::0:-6:3:::::3:-2:27:::
6002	310.0	1.2187537103187552E-4	1	1.1548677676406051E-4	TGTGCCCCTCGTTTCCAAGGAAATTCCGGGTATGCACTCAACTTC	NNNNNNNNNNNNNNNNNNNNNNNNNNNNNNNNNNNNNNNNNNNNN	TRAV24*00(699.1)		TRAJ41*00(490.8)		515|521|545|0|6||60.0		26|51|82|20|45||250.0		TGTGCCCCTCGTTTCCAAGGAAATTCCGGGTATGCACTCAACTTC	45	CAPRFQGNSGYALNF	:::::::::0:-4:6:::::20:-6:45:::
6006	310.0	1.2187537103187552E-4	1	1.1548677676406051E-4	TGTGCCCCTGTTCGAGGAAGCCAAGGAAATCTCATCTTT	NNNNNNNNNNNNNNNNNNNNNNNNNNNNNNNNNNNNNNN	TRAV39*00(699.3)		TRAJ42*00(559)		507|513|540|0|6||60.0		29|55|86|13|39||260.0		TGTGCCCCTGTTCGAGGAAGCCAAGGAAATCTCATCTTT	45	CAPVRGSQGNLIF	:::::::::0:-7:6:::::13:-9:39:::
6313	310.0	1.2187537103187552E-4	1	1.1548677676406051E-4	TGTGCCGTGAGCCCCTATACTGGAGGCTTCAAAACTATCTTT	NNNNNNNNNNNNNNNNNNNNNNNNNNNNNNNNNNNNNNNNNN	TRAV12-2*00(930.4)		TRAJ9*00(519.8)		551|561|584|0|10||100.0		24|50|81|16|42||260.0		TGTGCCGTGAGCCCCTATACTGGAGGCTTCAAAACTATCTTT	45	CAVSPYTGGFKTIF	:::::::::0:-3:10:::::16:-4:42:::
17360	310.0	1.2187537103187552E-4	1	1.1548677676406051E-4	TGTGCGAGGAGAGTCGATAGCACAACTATCAGTTAATCTGG	NNNNNNNNNNNNNNNNNNNNNNNNNNNNNNNNNNNNNNNNN	TRAV25*00(535.5)		TRAJ33*00(478.8)		620|625|649|0|5||50.0		27|46|77|22|41||190.0		TGTGCGAGGAGAGTCGATAGCACAACTATCAGTTAATCTGG	45	CARRVDS_NYQLIW	:::::::::0:-4:5:::::22:-7:41:::
17467	310.0	1.2187537103187552E-4	1	1.1548677676406051E-4	TGTGCAGCCTCCCAGGACTGGGGCAAACAACCTCTTCTTT	NNNNNNNNNNNNNNNNNNNNNNNNNNNNNNNNNNNNNNNN	TRAV12-3*00(457.8)		TRAJ36*00(548.8)		562|568|595|0|6||60.0		24|48|79|16|40||240.0		TGTGCAGCCTCCCAGGACTGGGGCAAACAACCTCTTCTTT	45	CAASQDW_ANNLFF	:::::::::0:-7:6:::::16:-4:40:::
17989	310.0	1.2187537103187552E-4	1	1.1548677676406051E-4	TGTGCAGCAAGCATAGGGCTGGAGCCAATAGTAAGCTGACATTT	NNNNNNNNNNNNNNNNNNNNNNNNNNNNNNNNNNNNNNNNNNNN	TRAV23/DV6*00(509.5)		TRAJ56*00(569.7)		517|531|550|0|14||140.0		25|51|82|18|44||260.0		TGTGCAGCAAGCATAGGGCTGGAGCCAATAGTAAGCTGACATTT	45	CAASIGL_ANSKLTF	:::::::::0:1:14:::::18:-5:44:::
18756	310.0	1.2187537103187552E-4	1	1.1548677676406051E-4	TGTGCAATGAGAGAGGGCTTTCCCTGGGGCTGGGAGTTACCAACTCACTTTC	NNNNNNNNNNNNNNNNNNNNNNNNNNNNNNNNNNNNNNNNNNNNNNNNNNNN	TRAV14/DV4*00(541)		TRAJ28*00(579.7)		517|535|554|0|18||180.0		26|55|86|23|52||290.0		TGTGCAATGAGAGAGGGCTTTCCCTGGGGCTGGGAGTTACCAACTCACTTTC	45	CAMREGFPW_AGSYQLTF	:::::::::0:1:18:::::23:-6:52:::
18834	310.0	1.2187537103187552E-4	1	1.1548677676406051E-4	TGTGCAATGAAGGGGGCCACGTGAAGGCAAATCAACCTTT	NNNNNNNNNNNNNNNNNNNNNNNNNNNNNNNNNNNNNNNN	TRAV14/DV4*00(830.7)		TRAJ27*00(450.8)		517|527|554|0|10||100.0		29|48|79|21|40|SC31A|161.0		TGTGCAATGAAGGGGGCCACGTGAAGGCAAATCAACCTTT	45	CAMKGAT_EGKSTF	:::::::::0:-7:10:::::21:-9:40:::
19046	310.0	1.2187537103187552E-4	1	1.1548677676406051E-4	TGCCTCGTGGGTAGAAGGCTCTAGCAACACAGGCAAACTAATCTTT	NNNNNNNNNNNNNNNNNNNNNNNNNNNNNNNNNNNNNNNNNNNNNN	TRAV4*00(988.8)		TRAJ37*00(540.2)		768|780|804|0|12||120.0		21|51|82|16|46|SG27A|271.0		TGCCTCGTGGGTAGAAGGCTCTAGCAACACAGGCAAACTAATCTTT	45	CLVGRRL*_NTGKLIF	:::::::::0:-4:12:::::16:-1:46:::
20196	310.0	1.2187537103187552E-4	1	1.1548677676406051E-4	TGCATCCTGTGAAATGGGGGGCACCGGTAACCAGTTCTATTTT	NNNNNNNNNNNNNNNNNNNNNNNNNNNNNNNNNNNNNNNNNNN	TRAV26-2*00(741.8)		TRAJ49*00(513.9)		791|803|826|0|12|SA800T|91.0		23|45|76|21|43||220.0		TGCATCCTGTGAAATGGGGGGCACCGGTAACCAGTTCTATTTT	45	CIL*NGG_TGNQFYF	:::::::::0:-3:12:::::21:-3:43:::
21365	310.0	1.2187537103187552E-4	1	1.1548677676406051E-4	CCCTGGGCCGAACAGAGATGACAAGATCATCTTT	NNNNNNNNNNNNNNNNNNNNNNNNNNNNNNNNNN	TRAV1-2*00(560)		TRAJ30*00(559.4)		620|620|654|0|0||0.0		21|46|77|9|34||250.0		CCCTGGGCCGAACAGAGATGACAAGATCATCTTT	45	PWAEQR_DKIIF	:::::::::0:-14:0:::::9:-1:34:::
3140	309.0	1.2148222467370819E-4	1	1.1548677676406051E-4	TGTGCTCAAGAAGGGGGGTAACACCGACAAGCTCATCTTT	NNNNNNNNNNNNNNNNNNNNNNNNNNNNNNNNNNNNNNNN	TRAV13-2*00(499.3)		TRAJ34*00(519.6)		506|511|539|0|5||50.0		25|47|78|18|40||220.0		TGTGCTCAAGAAGGGGGGTAACACCGACAAGCTCATCTTT	45	CAQEGG*_TDKLIF	:::::::::0:-8:5:::::18:-5:40:::
3299	309.0	1.2148222467370819E-4	1	1.1548677676406051E-4	TGTGCTGTCAGTCAGGGGAATAACAATGCCAGACTCATGTTT	NNNNNNNNNNNNNNNNNNNNNNNNNNNNNNNNNNNNNNNNNN	TRAV41*00(779.3)		TRAJ31*00(559.5)		512|523|544|0|11||110.0		20|46|77|16|42||260.0		TGTGCTGTCAGTCAGGGGAATAACAATGCCAGACTCATGTTT	45	CAVSQGNNNARLMF	:::::::::0:-1:11:::::16:0:42:::
3749	309.0	1.2148222467370819E-4	1	1.1548677676406051E-4	TGTGCTGTGGAGGAGGGGAGCTATGGTCAGAATTTTGTCTTT	NNNNNNNNNNNNNNNNNNNNNNNNNNNNNNNNNNNNNNNNNN	TRAV2*00(848.9)		TRAJ26*00(487)		519|533|553|0|14||140.0		27|49|80|20|42||220.0		TGTGCTGTGGAGGAGGGGAGCTATGGTCAGAATTTTGTCTTT	45	CAVEEGSYGQNFVF	:::::::::0:0:14:::::20:-7:42:::
4030	309.0	1.2148222467370819E-4	1	1.1548677676406051E-4	TGTGCTGTGAGTGAGAGGAACACCAATGCAGGCAAATCAACCTTT	NNNNNNNNNNNNNNNNNNNNNNNNNNNNNNNNNNNNNNNNNNNNN	TRAV8-4*00(689.3)		TRAJ27*00(559.7)		476|490|510|0|14||140.0		21|48|79|18|45||270.0		TGTGCTGTGAGTGAGAGGAACACCAATGCAGGCAAATCAACCTTT	45	CAVSERNTNAGKSTF	:::::::::0:0:14:::::18:-1:45:::
4333	309.0	1.2148222467370819E-4	1	1.1548677676406051E-4	TGTGCTGTGAACGGTAACCAGTTCTATTTT	NNNNNNNNNNNNNNNNNNNNNNNNNNNNNN	TRAV8-4*00(632)		TRAJ49*00(489.7)		476|486|510|0|10||100.0		26|45|76|11|30||190.0		TGTGCTGTGAACGGTAACCAGTTCTATTTT	45	CAVNGNQFYF	:::::::::0:-4:10:::::11:-6:30:::
4348	309.0	1.2148222467370819E-4	1	1.1548677676406051E-4	TGTGCTGTGAAGAACACCGGTAACCAGTTCTATTTT	NNNNNNNNNNNNNNNNNNNNNNNNNNNNNNNNNNNN	TRAV20*00(500.5)		TRAJ49*00(549.6)		498|510|531|0|12|SC507A|91.0		21|45|76|12|36||250.0		TGTGCTGTGAAGAACACCGGTAACCAGTTCTATTTT	45	CAVKNTGNQFYF	:::::::::0:-1:12:::::12:-1:36:::
5998	309.0	1.2148222467370819E-4	1	1.1548677676406051E-4	TGTGCCCCTCTGATTTATAACCAGGGAGGAAAGCTTATCTTC	NNNNNNNNNNNNNNNNNNNNNNNNNNNNNNNNNNNNNNNNNN	TRAV8-3*00(504)		TRAJ23*00(590.1)		455|460|489|0|5||50.0		20|52|83|10|42||320.0		TGTGCCCCTCTGATTTATAACCAGGGAGGAAAGCTTATCTTC	45	CAPLIYNQGGKLIF	:::::::::0:-9:5:::::10:0:42:::
6003	309.0	1.2148222467370819E-4	1	1.1548677676406051E-4	TGTGCCCCTCGCGGGAAGGGTCAGAATTTTGTCTTT	NNNNNNNNNNNNNNNNNNNNNNNNNNNNNNNNNNNN	TRAV19*00(660)		TRAJ26*00(469.9)		556|561|593|0|5||50.0		31|49|80|18|36||180.0		TGTGCCCCTCGCGGGAAGGGTCAGAATTTTGTCTTT	45	CAPRGKGQNFVF	:::::::::0:-12:5:::::18:-11:36:::
17446	309.0	1.2148222467370819E-4	1	1.1548677676406051E-4	TGTGCAGCTCGGCTTCATCAGGAGGAAGCTACATACCTACATTT	NNNNNNNNNNNNNNNNNNNNNNNNNNNNNNNNNNNNNNNNNNNN	TRAV29/DV5*00(530)		TRAJ6*00(599.8)		529|537|562|0|8||80.0		22|51|82|15|44||290.0		TGTGCAGCTCGGCTTCATCAGGAGGAAGCTACATACCTACATTT	45	CAARLHQ_GSYIPTF	:::::::::0:-5:8:::::15:-2:44:::
17464	309.0	1.2148222467370819E-4	1	1.1548677676406051E-4	TGTGCAGCTAAGCAGAGGAACACCGACAAGCTCATCTTT	NNNNNNNNNNNNNNNNNNNNNNNNNNNNNNNNNNNNNNN	TRAV29/DV5*00(489.8)		TRAJ34*00(509.9)		529|537|562|0|8||80.0		26|47|78|18|39||210.0		TGTGCAGCTAAGCAGAGGAACACCGACAAGCTCATCTTT	45	CAAKQRNTDKLIF	:::::::::0:-5:8:::::18:-6:39:::
17972	309.0	1.2148222467370819E-4	1	1.1548677676406051E-4	TGTGCAGCAAGCGAAGGCTCTAGCAACACAGGCAAACTAATCTTT	NNNNNNNNNNNNNNNNNNNNNNNNNNNNNNNNNNNNNNNNNNNNN	TRAV29/DV5*00(579.6)		TRAJ37*00(580.5)		529|540|562|0|11||130.0		17|51|82|11|45|SC18GST20ASG27A|273.0		TGTGCAGCAAGCGAAGGCTCTAGCAACACAGGCAAACTAATCTTT	45	CAASEGSSNTGKLIF	:::::::::0:-2:11:::::11:3:45:::
18002	309.0	1.2148222467370819E-4	1	1.1548677676406051E-4	TGTGCAGCAAGCACAAGCTTTGGGAATGTGCTGCATTGC	NNNNNNNNNNNNNNNNNNNNNNNNNNNNNNNNNNNNNNN	TRAV23/DV6*00(500)		TRAJ35*00(539.9)		517|530|550|0|13||130.0		25|48|79|16|39||230.0		TGTGCAGCAAGCACAAGCTTTGGGAATGTGCTGCATTGC	45	CAASTSFGNVLHC	:::::::::0:0:13:::::16:-5:39:::
18162	309.0	1.2148222467370819E-4	1	1.1548677676406051E-4	TGTGCAGGGCCGAGAAATAATGCAGGCAACATGCTCACCTTT	NNNNNNNNNNNNNNNNNNNNNNNNNNNNNNNNNNNNNNNNNN	TRAV25*00(552.6)		TRAJ39*00(578.6)		620|631|649|0|11||110.0		25|52|83|15|42||270.0		TGTGCAGGGCCGAGAAATAATGCAGGCAACATGCTCACCTTT	45	CAGPRNNAGNMLTF	:::::::::0:2:11:::::15:-5:42:::
18878	309.0	1.2148222467370819E-4	1	1.1548677676406051E-4	TGTGGCACAGAGTTTGACAGCTGGGGGAAATTGCAGTTT	NNNNNNNNNNNNNNNNNNNNNNNNNNNNNNNNNNNNNNN	TRAV30*00(460.6)		TRAJ24*00(539.5)		567|579|600|0|12|SC569T|91.0		27|52|83|14|39||250.0		TGTGGCACAGAGTTTGACAGCTGGGGGAAATTGCAGTTT	45	CGTEFDSWGKLQF	:::::::::0:-1:12:::::14:-7:39:::
18975	309.0	1.2148222467370819E-4	1	1.1548677676406051E-4	TGCCTCGTGGGTTTTAACACCAATGCAGGCAAATCAACCTTT	NNNNNNNNNNNNNNNNNNNNNNNNNNNNNNNNNNNNNNNNNN	TRAV4*00(838.2)		TRAJ27*00(554.1)		768|779|804|0|11||120.0		17|48|79|11|42|SA19T|291.0		TGCCTCGTGGGTTTTAACACCAATGCAGGCAAATCAACCTTT	45	CLVGFNTNAGKSTF	:::::::::0:-5:11:::::11:3:42:::
19093	309.0	1.2148222467370819E-4	1	1.1548677676406051E-4	TGCGCTTACCTCTGGGGCTGGGAGTTACCAACTCACTTTC	NNNNNNNNNNNNNNNNNNNNNNNNNNNNNNNNNNNNNNNN	TRAV1-1*00(630.5)		TRAJ28*00(527.7)		670|676|704|0|6||60.0		24|55|86|9|40||310.0		TGCGCTTACCTCTGGGGCTGGGAGTTACCAACTCACTTTC	45	CAYLWGW_SYQLTF	:::::::::0:-8:6:::::9:-4:40:::
19147	309.0	1.2148222467370819E-4	1	1.1548677676406051E-4	TGCGCTGTGAGAGATTTGAGGAATATGGAAACAAGCTGGTCTTT	NNNNNNNNNNNNNNNNNNNNNNNNNNNNNNNNNNNNNNNNNNNN	TRAV1-1*00(720.4)		TRAJ47*00(458.1)		670|685|704|0|15||150.0		21|46|77|19|44|SA36G|221.0		TGCGCTGTGAGAGATTTGAGGAATATGGAAACAAGCTGGTCTTT	45	CAVRDLR_YGNKLVF	:::::::::0:1:15:::::19:-1:44:::
20280	309.0	1.2148222467370819E-4	1	1.1548677676406051E-4	TGCATCCTGAGAGACGGACCATGGATAGCAACTATCAGTTAATCTGG	NNNNNNNNNNNNNNNNNNNNNNNNNNNNNNNNNNNNNNNNNNNNNNN	TRAV26-2*00(929.5)		TRAJ33*00(539.5)		791|807|826|0|16||160.0		17|46|77|18|47||290.0		TGCATCCTGAGAGACGGACCATGGATAGCAACTATCAGTTAATCTGG	45	CILRDGPW_SNYQLIW	:::::::::0:1:16:::::18:3:47:::
20455	309.0	1.2148222467370819E-4	1	1.1548677676406051E-4	TGCATCGTCAGAGGAACCGCTAACTATGGTCAGAATTTTGTCTTT	NNNNNNNNNNNNNNNNNNNNNNNNNNNNNNNNNNNNNNNNNNNNN	TRAV26-1*00(619.7)		TRAJ26*00(539.5)		763|776|799|0|13||130.0		24|49|80|20|45||250.0		TGCATCGTCAGAGGAACCGCTAACTATGGTCAGAATTTTGTCTTT	45	CIVRGTANYGQNFVF	:::::::::0:-3:13:::::20:-4:45:::
780	308.0	1.2108907831554084E-4	2	2.3097355352812103E-4	TGTGCCGTGAACACCGGTAACCAGTTCTATTTT	[[[[[[[[[[[[[[[[[[[[[[[[[[[[[[[[[	TRAV12-2*00(745.1)		TRAJ49*00(529.2)		551|562|584|0|11||130.0		23|45|76|11|33||250.0		TGTGCCGTGAACACCGGTAACCAGTTCTATTTT	58	CAVNTGNQFYF	:::::::::0:-2:11:::::11:-3:33:::
1669	308.0	1.2108907831554084E-4	1	1.1548677676406051E-4	TGTGTGGTCCGGGCCTAAATACTGGAGGCTTCAAAACTATCTTT	NNNNNNNNNNNNNNNNNNNNNNNNNNNNNNNNNNNNNNNNNNNN	TRAV12-1*00(579.8)		TRAJ9*00(555.2)		539|547|572|0|8||80.0		22|50|81|16|44||280.0		TGTGTGGTCCGGGCCTAAATACTGGAGGCTTCAAAACTATCTTT	45	CVVRA*I_GGFKTIF	:::::::::0:-5:8:::::16:-2:44:::
2090	308.0	1.2108907831554084E-4	1	1.1548677676406051E-4	TGTGCTTTCATAGCGCGATCCCCCGGTAACCAGTTCTATTTT	NNNNNNNNNNNNNNNNNNNNNNNNNNNNNNNNNNNNNNNNNN	TRAV38-1*00(569.4)		TRAJ49*00(499.6)		596|607|633|0|11||110.0		25|45|76|22|42||200.0		TGTGCTTTCATAGCGCGATCCCCCGGTAACCAGTTCTATTTT	45	CAFIARSPGNQFYF	:::::::::0:-6:11:::::22:-5:42:::
2169	308.0	1.2108907831554084E-4	1	1.1548677676406051E-4	TGTGCTTATGTTGTTACCGGCACTGCCAGTAAACTCACCTTT	NNNNNNNNNNNNNNNNNNNNNNNNNNNNNNNNNNNNNNNNNN	TRAV38-2/DV8*00(549.6)		TRAJ44*00(589.6)		602|611|638|0|9||90.0		24|52|83|14|42||280.0		TGTGCTTATGTTGTTACCGGCACTGCCAGTAAACTCACCTTT	45	CAYVVTGTASKLTF	:::::::::0:-7:9:::::14:-4:42:::
2279	308.0	1.2108907831554084E-4	1	1.1548677676406051E-4	TGTGCTCTTTTAATAATGCAGGCAACATGCTCACCTTT	NNNNNNNNNNNNNNNNNNNNNNNNNNNNNNNNNNNNNN	TRAV6*00(449.8)		TRAJ39*00(589.4)		535|543|568|0|8||80.0		24|52|83|10|38||280.0		TGTGCTCTTTTAATAATGCAGGCAACATGCTCACCTTT	45	CALLIM_GNMLTF	:::::::::0:-5:8:::::10:-4:38:::
3012	308.0	1.2108907831554084E-4	1	1.1548677676406051E-4	TGTGCTCTAAGACGACCTCAGGAACCTACAAATACATCTTT	NNNNNNNNNNNNNNNNNNNNNNNNNNNNNNNNNNNNNNNNN	TRAV16*00(979.6)		TRAJ40*00(520.5)		449|460|483|0|11||110.0		20|50|81|11|41|ST22G|271.0		TGTGCTCTAAGACGACCTCAGGAACCTACAAATACATCTTT	45	CALRRPQ_TYKYIF	:::::::::0:-3:11:::::11:0:41:::
3091	308.0	1.2108907831554084E-4	1	1.1548677676406051E-4	TGTGCTCCGCCCTTACCGGCACTGCCAGTAAACTCACCTTT	NNNNNNNNNNNNNNNNNNNNNNNNNNNNNNNNNNNNNNNNN	TRAV9-2*00(691.8)		TRAJ44*00(589)		480|487|514|0|7||70.0		24|52|83|13|41||280.0		TGTGCTCCGCCCTTACCGGCACTGCCAGTAAACTCACCTTT	45	CAPPLPA_ASKLTF	:::::::::0:-7:7:::::13:-4:41:::
3314	308.0	1.2108907831554084E-4	1	1.1548677676406051E-4	TGTGCTGTCAGATTGTTTACCCCGGTAACCAGTTCTATTTT	NNNNNNNNNNNNNNNNNNNNNNNNNNNNNNNNNNNNNNNNN	TRAV41*00(631.6)		TRAJ49*00(500.3)		512|525|544|0|13||130.0		22|45|76|18|41|SA24C|201.0		TGTGCTGTCAGATTGTTTACCCCGGTAACCAGTTCTATTTT	45	CAVRLFT_GNQFYF	:::::::::0:1:13:::::18:-2:41:::
3377	308.0	1.2108907831554084E-4	1	1.1548677676406051E-4	TGTGCTGTGTACCCCTTAAACACCAATGCAGGCAAATCAACCTTT	NNNNNNNNNNNNNNNNNNNNNNNNNNNNNNNNNNNNNNNNNNNNN	TRAV8-3*00(580.7)		TRAJ27*00(519.4)		455|464|489|0|9||90.0		21|48|79|18|45||270.0		TGTGCTGTGTACCCCTTAAACACCAATGCAGGCAAATCAACCTTT	45	CAVYPLNTNAGKSTF	:::::::::0:-5:9:::::18:-1:45:::
4116	308.0	1.2108907831554084E-4	1	1.1548677676406051E-4	TGTGCTGTGAGGTCGCGGGATAACTATGGTCAGAATTTTGTCTTT	NNNNNNNNNNNNNNNNNNNNNNNNNNNNNNNNNNNNNNNNNNNNN	TRAV21*00(814.2)		TRAJ26*00(568)		544|556|576|0|12||120.0		16|49|80|12|45|SC18G|301.0		TGTGCTGTGAGGTCGCGGGATAACTATGGTCAGAATTTTGTCTTT	45	CAVRSRDNYGQNFVF	:::::::::0:0:12:::::12:4:45:::
4209	308.0	1.2108907831554084E-4	1	1.1548677676406051E-4	TGTGCTGTGAGACCCTTTTATAACCAGGGAGGAAAGCTTATCTTC	NNNNNNNNNNNNNNNNNNNNNNNNNNNNNNNNNNNNNNNNNNNNN	TRAV1-2*00(679.9)		TRAJ23*00(599.8)		620|632|654|0|12||120.0		23|52|83|16|45||290.0		TGTGCTGTGAGACCCTTTTATAACCAGGGAGGAAAGCTTATCTTC	45	CAVRPFYNQGGKLIF	:::::::::0:-2:12:::::16:-3:45:::
6475	308.0	1.2108907831554084E-4	1	1.1548677676406051E-4	TGTGCCGCTTCTTCCACTGGTGGTACTAGCTATGGAAAGCTGACATTT	NNNNNNNNNNNNNNNNNNNNNNNNNNNNNNNNNNNNNNNNNNNNNNNN	TRAV12-2*00(929.3)		TRAJ52*00(579.6)		551|558|584|0|7||70.0		26|58|89|16|48||320.0		TGTGCCGCTTCTTCCACTGGTGGTACTAGCTATGGAAAGCTGACATTT	45	CAASSTGGTSYGKLTF	:::::::::0:-6:7:::::16:-6:48:::
18050	308.0	1.2108907831554084E-4	1	1.1548677676406051E-4	TGTGCAGCAAGGGAAGCTGCAGGCAACAAGCTAACTTTT	NNNNNNNNNNNNNNNNNNNNNNNNNNNNNNNNNNNNNNN	TRAV13-1*00(589.3)		TRAJ17*00(559.4)		511|522|544|0|11||110.0		26|52|83|13|39||260.0		TGTGCAGCAAGGGAAGCTGCAGGCAACAAGCTAACTTTT	45	CAAREAAGNKLTF	:::::::::0:-2:11:::::13:-6:39:::
18668	308.0	1.2108907831554084E-4	1	1.1548677676406051E-4	TGTGCAATGAGGCTCTATAGCAACTATCAGTTAATCTGG	NNNNNNNNNNNNNNNNNNNNNNNNNNNNNNNNNNNNNNN	TRAV12-3*00(421.7)		TRAJ33*00(515.3)		562|573|595|0|11||110.0		23|46|77|16|39||230.0		TGTGCAATGAGGCTCTATAGCAACTATCAGTTAATCTGG	45	CAMRLYSNYQLIW	:::::::::0:-2:11:::::16:-3:39:::
18892	308.0	1.2108907831554084E-4	1	1.1548677676406051E-4	TGTGGGAACACAGGCTTTCAGAAACTTGTATTT	NNNNNNNNNNNNNNNNNNNNNNNNNNNNNNNNN	TRAV12-1*00(897)		TRAJ8*00(569.5)		539|543|572|0|4||40.0		21|49|80|5|33||280.0		TGTGGGAACACAGGCTTTCAGAAACTTGTATTT	45	CGNTGFQKLVF	:::::::::0:-9:4:::::5:-1:33:::
19143	308.0	1.2108907831554084E-4	1	1.1548677676406051E-4	TGCGCTGTGAGAGTTAAACTATGGTCAGAATTTTGTCTTT	NNNNNNNNNNNNNNNNNNNNNNNNNNNNNNNNNNNNNNNN	TRAV1-1*00(700.5)		TRAJ26*00(529.7)		670|683|704|0|13||130.0		25|49|80|16|40||240.0		TGCGCTGTGAGAGTTAAACTATGGTCAGAATTTTGTCTTT	45	CAVRVKL_GQNFVF	:::::::::0:-1:13:::::16:-5:40:::
19171	308.0	1.2108907831554084E-4	1	1.1548677676406051E-4	TGCGCTACTGAAAACAACTTCAACAAATTTTACTTT	NNNNNNNNNNNNNNNNNNNNNNNNNNNNNNNNNNNN	TRAV1-1*00(630.8)		TRAJ21*00(539.8)		670|676|704|0|6||60.0		21|44|75|13|36||230.0		TGCGCTACTGAAAACAACTTCAACAAATTTTACTTT	45	CATENNFNKFYF	:::::::::0:-8:6:::::13:-1:36:::
1828	307.0	1.206959319573735E-4	1	1.1548677676406051E-4	TGTGTGGTGAGGGGAGCATACTCTGGGGCTGGGAGTTACCAACTCACTTTC	NNNNNNNNNNNNNNNNNNNNNNNNNNNNNNNNNNNNNNNNNNNNNNNNNNN	TRAV10*00(669.2)		TRAJ28*00(649.2)		575|586|608|0|11||110.0		19|55|86|15|51||360.0		TGTGTGGTGAGGGGAGCATACTCTGGGGCTGGGAGTTACCAACTCACTTTC	45	CVVRGAYSGAGSYQLTF	:::::::::0:-2:11:::::15:1:51:::
1876	307.0	1.206959319573735E-4	1	1.1548677676406051E-4	TGTGTGGTGAACCGAAATCAGGAGGAAGCTACATACCTACATTT	NNNNNNNNNNNNNNNNNNNNNNNNNNNNNNNNNNNNNNNNNNNN	TRAV12-1*00(822.4)		TRAJ6*00(563.6)		539|551|572|0|12||120.0		23|51|82|16|44||280.0		TGTGTGGTGAACCGAAATCAGGAGGAAGCTACATACCTACATTT	45	CVVNRNQ_GSYIPTF	:::::::::0:-1:12:::::16:-3:44:::
2081	307.0	1.206959319573735E-4	1	1.1548677676406051E-4	TGTGCTTTCATGAAGGGGGTCTCTAGCAACACAGGCAAACTAATCTTT	NNNNNNNNNNNNNNNNNNNNNNNNNNNNNNNNNNNNNNNNNNNNNNNN	TRAV38-1*00(609.6)		TRAJ37*00(560.9)		596|611|633|0|15||150.0		23|51|82|20|48|SG27A|251.0		TGTGCTTTCATGAAGGGGGTCTCTAGCAACACAGGCAAACTAATCTTT	45	CAFMKGVSSNTGKLIF	:::::::::0:-2:15:::::20:-3:48:::
2248	307.0	1.206959319573735E-4	1	1.1548677676406051E-4	TGTGCTTATAGGAGGTGGAGCGGAGGTAGCAACTATAAACTGACATTT	NNNNNNNNNNNNNNNNNNNNNNNNNNNNNNNNNNNNNNNNNNNNNNNN	TRAV38-2/DV8*00(599.6)		TRAJ53*00(579.8)		602|616|638|0|14||140.0		25|55|86|18|48|ST27C|271.0		TGTGCTTATAGGAGGTGGAGCGGAGGTAGCAACTATAAACTGACATTT	45	CAYRRWSGGSNYKLTF	:::::::::0:-2:14:::::18:-5:48:::
2259	307.0	1.206959319573735E-4	1	1.1548677676406051E-4	TGTGCTTATAGAGAAGATAACAATGACATGCGCTTT	NNNNNNNNNNNNNNNNNNNNNNNNNNNNNNNNNNNN	TRAV38-2/DV8*00(569.5)		TRAJ43*00(499.7)		602|613|638|0|11||110.0		23|43|74|16|36||200.0		TGTGCTTATAGAGAAGATAACAATGACATGCGCTTT	45	CAYREDNNDMRF	:::::::::0:-5:11:::::16:-3:36:::
2672	307.0	1.206959319573735E-4	1	1.1548677676406051E-4	TGTGCTCTGAGTGATACTAACGACTACAAGCTCAGCTTT	NNNNNNNNNNNNNNNNNNNNNNNNNNNNNNNNNNNNNNN	TRAV9-2*00(759.7)		TRAJ20*00(531)		480|495|514|0|15||150.0		23|46|77|16|39||230.0		TGTGCTCTGAGTGATACTAACGACTACAAGCTCAGCTTT	45	CALSDTNDYKLSF	:::::::::0:1:15:::::16:-3:39:::
3492	307.0	1.206959319573735E-4	1	1.1548677676406051E-4	TGTGCTGTGGTCCCCGGCTCTAGCAACACAGGCAAACTAATCTTT	NNNNNNNNNNNNNNNNNNNNNNNNNNNNNNNNNNNNNNNNNNNNN	TRAV8-3*00(590.5)		TRAJ37*00(579.7)		455|465|489|0|10||100.0		21|51|82|15|45|SG27A|271.0		TGTGCTGTGGTCCCCGGCTCTAGCAACACAGGCAAACTAATCTTT	45	CAVVPGSSNTGKLIF	:::::::::0:-4:10:::::15:-1:45:::
3634	307.0	1.206959319573735E-4	1	1.1548677676406051E-4	TGTGCTGTGGGGGTTCAGGGAGCCCAGAAGCTGGTATTT	NNNNNNNNNNNNNNNNNNNNNNNNNNNNNNNNNNNNNNN	TRAV21*00(960.3)		TRAJ54*00(528.8)		544|556|576|0|12|SA553G|91.0		23|49|80|13|39||260.0		TGTGCTGTGGGGGTTCAGGGAGCCCAGAAGCTGGTATTT	45	CAVGVQGAQKLVF	:::::::::0:0:12:::::13:-3:39:::
3870	307.0	1.206959319573735E-4	1	1.1548677676406051E-4	TGTGCTGTGAGTCCAACCTTTAACACCGGTAACCAGTTCTATTTT	NNNNNNNNNNNNNNNNNNNNNNNNNNNNNNNNNNNNNNNNNNNNN	TRAV8-6*00(689.7)		TRAJ49*00(538.9)		448|460|482|0|12||120.0		21|45|76|21|45||240.0		TGTGCTGTGAGTCCAACCTTTAACACCGGTAACCAGTTCTATTTT	45	CAVSPTFNTGNQFYF	:::::::::0:-2:12:::::21:-1:45:::
4267	307.0	1.206959319573735E-4	1	1.1548677676406051E-4	TGTGCTGTGAGAGATAAACAGGCAGGAACTGCTCTGATCTTT	NNNNNNNNNNNNNNNNNNNNNNNNNNNNNNNNNNNNNNNNNN	TRAV1-2*00(709.8)		TRAJ15*00(550.3)		620|635|654|0|15||150.0		22|49|80|15|42|SC24A|241.0		TGTGCTGTGAGAGATAAACAGGCAGGAACTGCTCTGATCTTT	45	CAVRDKQAGTALIF	:::::::::0:1:15:::::15:-2:42:::
4306	307.0	1.206959319573735E-4	1	1.1548677676406051E-4	TGTGCTGTGAGAGAGAACTTCAACAAATTTTACTTT	NNNNNNNNNNNNNNNNNNNNNNNNNNNNNNNNNNNN	TRAV3*00(619.8)		TRAJ21*00(519.6)		437|451|473|0|14||140.0		23|44|75|15|36||210.0		TGTGCTGTGAGAGAGAACTTCAACAAATTTTACTTT	45	CAVRENFNKFYF	:::::::::0:-2:14:::::15:-3:36:::
4456	307.0	1.206959319573735E-4	1	1.1548677676406051E-4	TGTGCTGCGCTGTCGTCTAATAATGCAGGCAACATGCTCACCTTT	NNNNNNNNNNNNNNNNNNNNNNNNNNNNNNNNNNNNNNNNNNNNN	TRAV35*00(460.7)		TRAJ39*00(589.5)		588|598|620|0|10|SG595C|71.0		24|52|83|17|45||280.0		TGTGCTGCGCTGTCGTCTAATAATGCAGGCAACATGCTCACCTTT	45	CAALSSNNAGNMLTF	:::::::::0:-2:10:::::17:-4:45:::
18249	307.0	1.206959319573735E-4	1	1.1548677676406051E-4	TGTGCAGGAGCTCAGGGGAATAATAATGCAGGCAACATGCTCACCTTT	NNNNNNNNNNNNNNNNNNNNNNNNNNNNNNNNNNNNNNNNNNNNNNNN	TRAV27*00(671)		TRAJ39*00(619.9)		552|565|582|0|13||130.0		21|52|83|17|48||310.0		TGTGCAGGAGCTCAGGGGAATAATAATGCAGGCAACATGCTCACCTTT	45	CAGAQGNNNAGNMLTF	:::::::::0:3:13:::::17:-1:48:::
18509	307.0	1.206959319573735E-4	1	1.1548677676406051E-4	TGTGCAGAGAACCGTTATAACCAGGGAGGAAAGCTTATCTTC	NNNNNNNNNNNNNNNNNNNNNNNNNNNNNNNNNNNNNNNNNN	TRAV13-2*00(559.5)		TRAJ23*00(589.9)		506|517|539|0|11||110.0		24|52|83|14|42||280.0		TGTGCAGAGAACCGTTATAACCAGGGAGGAAAGCTTATCTTC	45	CAENRYNQGGKLIF	:::::::::0:-2:11:::::14:-4:42:::
18673	307.0	1.206959319573735E-4	1	1.1548677676406051E-4	TGTGCAATGAGGGTGGACACCGACAAGCTCATCTTT	NNNNNNNNNNNNNNNNNNNNNNNNNNNNNNNNNNNN	TRAV12-3*00(480.5)		TRAJ34*00(499.7)		562|573|595|0|11||110.0		27|47|78|16|36||200.0		TGTGCAATGAGGGTGGACACCGACAAGCTCATCTTT	45	CAMRVDTDKLIF	:::::::::0:-2:11:::::16:-7:36:::
18837	307.0	1.206959319573735E-4	1	1.1548677676406051E-4	TGTGCAATGAAATACAATGCAGGCAACATGCTCACCTTT	NNNNNNNNNNNNNNNNNNNNNNNNNNNNNNNNNNNNNNN	TRAV12-3*00(754.4)		TRAJ39*00(533)		562|570|595|0|8||100.0		21|52|83|8|39|ST24ASA25TST27C|243.0		TGTGCAATGAAATACAATGCAGGCAACATGCTCACCTTT	45	CAMKYNAGNMLTF	:::::::::0:-5:8:::::8:-1:39:::
18992	307.0	1.206959319573735E-4	1	1.1548677676406051E-4	TGCCTCGTGGGTGGCAATGCAGGCAAATCAACCTTT	NNNNNNNNNNNNNNNNNNNNNNNNNNNNNNNNNNNN	TRAV4*00(1000.2)		TRAJ27*00(509.5)		768|783|804|0|15|SA781G|131.0		27|48|79|15|36||220.0		TGCCTCGTGGGTGGCAATGCAGGCAAATCAACCTTT	45	CLVGGNAGKSTF	:::::::::0:-1:15:::::15:-7:36:::
19016	307.0	1.206959319573735E-4	1	1.1548677676406051E-4	TGCCTCGTGGGTGACGGGCGTTTAGTCAGATGGCCAGAAGCTGCTCTTT	NNNNNNNNNNNNNNNNNNNNNNNNNNNNNNNNNNNNNNNNNNNNNNNNN	TRAV4*00(760)		TRAJ16*00(493.6)		768|783|804|0|15||150.0		25|49|80|25|49||240.0		TGCCTCGTGGGTGACGGGCGTTTAGTCAGATGGCCAGAAGCTGCTCTTT	45	CLVGDGRL_SDGQKLLF	:::::::::0:-1:15:::::25:-5:49:::
19146	307.0	1.206959319573735E-4	1	1.1548677676406051E-4	TGCGCTGTGAGAGGGTTTAGGTCAGGCAACATGCTCACCTTT	NNNNNNNNNNNNNNNNNNNNNNNNNNNNNNNNNNNNNNNNNN	TRAV1-1*00(700.8)		TRAJ39*00(509)		670|683|704|0|13||130.0		32|52|83|22|42||200.0		TGCGCTGTGAGAGGGTTTAGGTCAGGCAACATGCTCACCTTT	45	CAVRGFRSGNMLTF	:::::::::0:-1:13:::::22:-12:42:::
20476	307.0	1.206959319573735E-4	1	1.1548677676406051E-4	TGCATCGCCTCAACACCGGTAACCAGTTCTATTTT	NNNNNNNNNNNNNNNNNNNNNNNNNNNNNNNNNNN	TRAV26-1*00(559.6)		TRAJ49*00(467.7)		763|770|799|0|7||70.0		21|45|76|11|35||240.0		TGCATCGCCTCAACACCGGTAACCAGTTCTATTTT	45	CIASTP_NQFYF	:::::::::0:-9:7:::::11:-1:35:::
21373	307.0	1.206959319573735E-4	1	1.1548677676406051E-4	CGTGTGAGATTACCTCAGGAACCTACAAATACATCTTT	NNNNNNNNNNNNNNNNNNNNNNNNNNNNNNNNNNNNNN	TRAV27*00(535.9)		TRAJ40*00(569.8)		552|556|582|0|4|ST552C|11.0		22|50|81|10|38||280.0		CGTGTGAGATTACCTCAGGAACCTACAAATACATCTTT	45	RVRLPQ_TYKYIF	:::::::::0:-6:4:::::10:-2:38:::
2097	306.0	1.2030278559920616E-4	1	1.1548677676406051E-4	TGTGCTTTGTATGCTGGCAACAACCGTAAGCTGATTTGG	NNNNNNNNNNNNNNNNNNNNNNNNNNNNNNNNNNNNNNN	TRAV9-2*00(670.7)		TRAJ38*00(589.6)		480|489|514|0|9|SC486T|61.0		22|51|82|10|39||290.0		TGTGCTTTGTATGCTGGCAACAACCGTAAGCTGATTTGG	45	CALYAGNNRKLIW	:::::::::0:-5:9:::::10:-2:39:::
2725	306.0	1.2030278559920616E-4	1	1.1548677676406051E-4	TGTGCTCTGAGTGAGGCGCGTAACAATGCCAGACTCATGTTT	NNNNNNNNNNNNNNNNNNNNNNNNNNNNNNNNNNNNNNNNNN	TRAV19*00(805.4)		TRAJ31*00(521.4)		556|575|593|0|19||190.0		24|46|77|20|42||220.0		TGTGCTCTGAGTGAGGCGCGTAACAATGCCAGACTCATGTTT	45	CALSEARNNARLMF	:::::::::0:2:19:::::20:-4:42:::
3002	306.0	1.2030278559920616E-4	1	1.1548677676406051E-4	TGTGCTCTAAGGGTGGTGTATGGCTCTAGCAACACAGGCAAACTAATCTTT	NNNNNNNNNNNNNNNNNNNNNNNNNNNNNNNNNNNNNNNNNNNNNNNNNNN	TRAV16*00(752.3)		TRAJ37*00(577.9)		449|460|483|0|11||110.0		19|51|82|19|51|SG27A|291.0		TGTGCTCTAAGGGTGGTGTATGGCTCTAGCAACACAGGCAAACTAATCTTT	45	CALRVVYGSSNTGKLIF	:::::::::0:-3:11:::::19:1:51:::
3257	306.0	1.2030278559920616E-4	1	1.1548677676406051E-4	TGTGCTGTCGCCCGAGATGACAAGATCATCTTT	NNNNNNNNNNNNNNNNNNNNNNNNNNNNNNNNN	TRAV2*00(979.1)		TRAJ30*00(499.6)		519|527|553|0|8||80.0		26|46|77|13|33||200.0		TGTGCTGTCGCCCGAGATGACAAGATCATCTTT	45	CAVARDDKIIF	:::::::::0:-6:8:::::13:-6:33:::
3320	306.0	1.2030278559920616E-4	1	1.1548677676406051E-4	TGTGCTGTCAGATCGGGTAGCAACTATCAGTTAATCTGG	NNNNNNNNNNNNNNNNNNNNNNNNNNNNNNNNNNNNNNN	TRAV41*00(819)		TRAJ33*00(510.2)		512|526|544|0|14||140.0		21|46|77|14|39|SA23G|221.0		TGTGCTGTCAGATCGGGTAGCAACTATCAGTTAATCTGG	45	CAVRSGSNYQLIW	:::::::::0:2:14:::::14:-1:39:::
3790	306.0	1.2030278559920616E-4	1	1.1548677676406051E-4	TGTGCTGTGATCCGAGGAGGAGGTGCTGACGGACTCACCTTT	NNNNNNNNNNNNNNNNNNNNNNNNNNNNNNNNNNNNNNNNNN	TRAV8-4*00(615.6)		TRAJ45*00(589.8)		476|486|510|0|10||100.0		27|55|86|14|42||280.0		TGTGCTGTGATCCGAGGAGGAGGTGCTGACGGACTCACCTTT	45	CAVIRGGGADGLTF	:::::::::0:-4:10:::::14:-7:42:::
3806	306.0	1.2030278559920616E-4	1	1.1548677676406051E-4	TGTGCTGTGACTCAGAACCAGGCAGGAACTGCTCTGATCTTT	NNNNNNNNNNNNNNNNNNNNNNNNNNNNNNNNNNNNNNNNNN	TRAV8-6*00(669.7)		TRAJ15*00(579.4)		448|458|482|0|10||100.0		22|49|80|15|42||270.0		TGTGCTGTGACTCAGAACCAGGCAGGAACTGCTCTGATCTTT	45	CAVTQNQAGTALIF	:::::::::0:-4:10:::::15:-2:42:::
3925	306.0	1.2030278559920616E-4	1	1.1548677676406051E-4	TGTGCTGTGAGTGGGGAAGCTGCAGGCAACAAGCTAACTTTT	NNNNNNNNNNNNNNNNNNNNNNNNNNNNNNNNNNNNNNNNNN	TRAV8-6*00(699.6)		TRAJ17*00(559.7)		448|461|482|0|13||130.0		26|52|83|16|42||260.0		TGTGCTGTGAGTGGGGAAGCTGCAGGCAACAAGCTAACTTTT	45	CAVSGEAAGNKLTF	:::::::::0:-1:13:::::16:-6:42:::
4252	306.0	1.2030278559920616E-4	1	1.1548677676406051E-4	TGTGCTGTGAGAGATCAGTATAACACCGACAAGCTCATCTTT	NNNNNNNNNNNNNNNNNNNNNNNNNNNNNNNNNNNNNNNNNN	TRAV3*00(619.6)		TRAJ34*00(539.7)		437|451|473|0|14||140.0		23|47|78|18|42||240.0		TGTGCTGTGAGAGATCAGTATAACACCGACAAGCTCATCTTT	45	CAVRDQYNTDKLIF	:::::::::0:-2:14:::::18:-3:42:::
4797	306.0	1.2030278559920616E-4	1	1.1548677676406051E-4	TGTGCTACGGCCTATAACCAGGGAGGAAAGCTTATCTTC	NNNNNNNNNNNNNNNNNNNNNNNNNNNNNNNNNNNNNNN	TRAV17*00(883.5)		TRAJ23*00(540.7)		490|500|523|0|10||100.0		25|52|83|12|39||270.0		TGTGCTACGGCCTATAACCAGGGAGGAAAGCTTATCTTC	45	CATAYNQGGKLIF	:::::::::0:-3:10:::::12:-5:39:::
17425	306.0	1.2030278559920616E-4	1	1.1548677676406051E-4	TGTGCAGTGCCTTATATAGGACTAGCTATGGAAAGCTGACATTT	NNNNNNNNNNNNNNNNNNNNNNNNNNNNNNNNNNNNNNNNNNNN	TRAV25*00(540.8)		TRAJ52*00(539.7)		620|631|649|0|11|SG627T|81.0		34|58|89|20|44||240.0		TGTGCAGTGCCTTATATAGGACTAGCTATGGAAAGCTGACATTT	45	CAVPYIG_SYGKLTF	:::::::::0:2:11:::::20:-14:44:::
17593	306.0	1.2030278559920616E-4	1	1.1548677676406051E-4	TGTGCAGCAATCTCGGTAACCAGTTCTATTTT	NNNNNNNNNNNNNNNNNNNNNNNNNNNNNNNN	TRAV29/DV5*00(509.7)		TRAJ49*00(489.9)		529|539|562|0|10||100.0		26|45|76|13|32||190.0		TGTGCAGCAATCTCGGTAACCAGTTCTATTTT	45	CAAIS_NQFYF	:::::::::0:-3:10:::::13:-6:32:::
18160	306.0	1.2030278559920616E-4	1	1.1548677676406051E-4	TGTGCAGGGCCGAGGGATAGCAACTATCAGTTAATCTGG	NNNNNNNNNNNNNNNNNNNNNNNNNNNNNNNNNNNNNNN	TRAV25*00(552.6)		TRAJ33*00(539.7)		620|631|649|0|11||110.0		21|46|77|14|39||250.0		TGTGCAGGGCCGAGGGATAGCAACTATCAGTTAATCTGG	45	CAGPRDSNYQLIW	:::::::::0:2:11:::::14:-1:39:::
18408	306.0	1.2030278559920616E-4	1	1.1548677676406051E-4	TGTGCAGAGACCGGGAATAACAATGCCAGACTCATGTTT	NNNNNNNNNNNNNNNNNNNNNNNNNNNNNNNNNNNNNNN	TRAV13-2*00(549.5)		TRAJ31*00(559.7)		506|516|539|0|10||100.0		20|46|77|13|39||260.0		TGTGCAGAGACCGGGAATAACAATGCCAGACTCATGTTT	45	CAETGNNNARLMF	:::::::::0:-3:10:::::13:0:39:::
18418	306.0	1.2030278559920616E-4	1	1.1548677676406051E-4	TGTGCAGAGAGTCGTGGTAACCAGTTCTATTTT	NNNNNNNNNNNNNNNNNNNNNNNNNNNNNNNNN	TRAV27*00(625.3)		TRAJ49*00(475.2)		552|559|582|0|7||70.0		27|45|76|15|33||180.0		TGTGCAGAGAGTCGTGGTAACCAGTTCTATTTT	45	CAESRGNQFYF	:::::::::0:-3:7:::::15:-7:33:::
19109	306.0	1.2030278559920616E-4	1	1.1548677676406051E-4	TGCGCTGTGCCAGAGGCAGGCAACATGCTCACCTTT	NNNNNNNNNNNNNNNNNNNNNNNNNNNNNNNNNNNN	TRAV1-1*00(660.3)		TRAJ39*00(519.6)		670|679|704|0|9||90.0		31|52|83|15|36||210.0		TGCGCTGTGCCAGAGGCAGGCAACATGCTCACCTTT	45	CAVPEAGNMLTF	:::::::::0:-5:9:::::15:-11:36:::
2012	305.0	1.1990963924103881E-4	1	1.1548677676406051E-4	TGTGCTTTCCGTCGGATTTATAACCAGGGAGGAAAGCTTATCTTC	NNNNNNNNNNNNNNNNNNNNNNNNNNNNNNNNNNNNNNNNNNNNN	TRAV38-2/DV8*00(529.6)		TRAJ23*00(619.8)		602|609|638|0|7||70.0		21|52|83|14|45||310.0		TGTGCTTTCCGTCGGATTTATAACCAGGGAGGAAAGCTTATCTTC	45	CAFRRIYNQGGKLIF	:::::::::0:-9:7:::::14:-1:45:::
2039	305.0	1.1990963924103881E-4	1	1.1548677676406051E-4	TGTGCTTTCATGATAAACTGGAGCCAATAGTAAGCTGACATTT	NNNNNNNNNNNNNNNNNNNNNNNNNNNNNNNNNNNNNNNNNNN	TRAV38-1*00(589.6)		TRAJ56*00(580.5)		596|609|633|0|13||130.0		21|51|82|13|43|ST23A|271.0		TGTGCTTTCATGATAAACTGGAGCCAATAGTAAGCTGACATTT	45	CAFMINW_ANSKLTF	:::::::::0:-4:13:::::13:-1:43:::
2057	305.0	1.1990963924103881E-4	1	1.1548677676406051E-4	TGTGCTTTCATGAAGCCTCCATGGAGGAAGCCAAGGAAATCTCATCTTT	NNNNNNNNNNNNNNNNNNNNNNNNNNNNNNNNNNNNNNNNNNNNNNNNN	TRAV38-1*00(619.9)		TRAJ42*00(589.7)		596|612|633|0|16||160.0		26|55|86|20|49||290.0		TGTGCTTTCATGAAGCCTCCATGGAGGAAGCCAAGGAAATCTCATCTTT	45	CAFMKPPW_GSQGNLIF	:::::::::0:-1:16:::::20:-6:49:::
2079	305.0	1.1990963924103881E-4	1	1.1548677676406051E-4	TGTGCTTTCATGAAGCAAAGGTCCGAGGGTGGTGGTACTAGCTATGGAAAGCTGACATTT	NNNNNNNNNNNNNNNNNNNNNNNNNNNNNNNNNNNNNNNNNNNNNNNNNNNNNNNNNNNN	TRAV38-1*00(629.7)		TRAJ52*00(609.5)		596|613|633|0|17||170.0		27|58|89|29|60||310.0		TGTGCTTTCATGAAGCAAAGGTCCGAGGGTGGTGGTACTAGCTATGGAAAGCTGACATTT	45	CAFMKQRSEGGGTSYGKLTF	:::::::::0:0:17:::::29:-7:60:::
2646	305.0	1.1990963924103881E-4	1	1.1548677676406051E-4	TGTGCTCTGAGTGATCTCGTATCTAACTTTGGAAATGAGAAATTAACCTTT	NNNNNNNNNNNNNNNNNNNNNNNNNNNNNNNNNNNNNNNNNNNNNNNNNNN	TRAV9-2*00(772.9)		TRAJ48*00(629.3)		480|496|514|0|16||160.0		20|52|83|19|51||320.0		TGTGCTCTGAGTGATCTCGTATCTAACTTTGGAAATGAGAAATTAACCTTT	45	CALSDLVSNFGNEKLTF	:::::::::0:2:16:::::19:0:51:::
2718	305.0	1.1990963924103881E-4	1	1.1548677676406051E-4	TGTGCTCTGAGTGAGGCCAATTCCGGGTATGCACTCAACTTC	NNNNNNNNNNNNNNNNNNNNNNNNNNNNNNNNNNNNNNNNNN	TRAV19*00(779.1)		TRAJ41*00(499.2)		556|573|593|0|17||170.0		27|51|82|18|42||240.0		TGTGCTCTGAGTGAGGCCAATTCCGGGTATGCACTCAACTTC	45	CALSEANSGYALNF	:::::::::0:0:17:::::18:-7:42:::
2776	305.0	1.1990963924103881E-4	1	1.1548677676406051E-4	TGTGCTCTGAGTGAGAACGACTACAAGCTCAGCTTT	NNNNNNNNNNNNNNNNNNNNNNNNNNNNNNNNNNNN	TRAV19*00(758.9)		TRAJ20*00(514.2)		556|571|593|0|15||150.0		25|46|77|15|36||210.0		TGTGCTCTGAGTGAGAACGACTACAAGCTCAGCTTT	45	CALSENDYKLSF	:::::::::0:-2:15:::::15:-5:36:::
2905	305.0	1.1990963924103881E-4	1	1.1548677676406051E-4	TGTGCTCTAGTCGCCCATCTAGCAACACAGGCAAACTAATCTTT	NNNNNNNNNNNNNNNNNNNNNNNNNNNNNNNNNNNNNNNNNNNN	TRAV6*00(470)		TRAJ37*00(550.3)		535|545|568|0|10||100.0		24|51|82|17|44|SG27A|241.0		TGTGCTCTAGTCGCCCATCTAGCAACACAGGCAAACTAATCTTT	45	CALVAHL_NTGKLIF	:::::::::0:-3:10:::::17:-4:44:::
3202	305.0	1.1990963924103881E-4	1	1.1548677676406051E-4	TGTGCTGTCTTCTCAGGAACCTACAAATACATCTTT	NNNNNNNNNNNNNNNNNNNNNNNNNNNNNNNNNNNN	TRAV20*00(489.8)		TRAJ40*00(538.1)		498|506|531|0|8||80.0		25|50|81|11|36||250.0		TGTGCTGTCTTCTCAGGAACCTACAAATACATCTTT	45	CAVFSGTYKYIF	:::::::::0:-5:8:::::11:-5:36:::
3825	305.0	1.1990963924103881E-4	1	1.1548677676406051E-4	TGTGCTGTGACCGGGAAACCCGGGGGTTACCAGAAAGTTACCTTT	NNNNNNNNNNNNNNNNNNNNNNNNNNNNNNNNNNNNNNNNNNNNN	TRAV1-2*00(659.6)		TRAJ13*00(509.7)		620|630|654|0|10||100.0		28|52|83|21|45||240.0		TGTGCTGTGACCGGGAAACCCGGGGGTTACCAGAAAGTTACCTTT	45	CAVTGKPGGYQKVTF	:::::::::0:-4:10:::::21:-8:45:::
4039	305.0	1.1990963924103881E-4	1	1.1548677676406051E-4	TGTGCTGTGAGTGAAGTTAAGGGTCAGAATTTTGTCTTT	NNNNNNNNNNNNNNNNNNNNNNNNNNNNNNNNNNNNNNN	TRAV8-4*00(689.6)		TRAJ26*00(469.4)		476|490|510|0|14||140.0		31|49|80|21|39||180.0		TGTGCTGTGAGTGAAGTTAAGGGTCAGAATTTTGTCTTT	45	CAVSEVKGQNFVF	:::::::::0:0:14:::::21:-11:39:::
4144	305.0	1.1990963924103881E-4	1	1.1548677676406051E-4	TGTGCTGTGAGGCCAGGGAATGCTGGTGGTACTAGCTATGGAAAGCTGACATTT	NNNNNNNNNNNNNNNNNNNNNNNNNNNNNNNNNNNNNNNNNNNNNNNNNNNNNN	TRAV21*00(499.3)		TRAJ52*00(659.6)		544|558|576|0|14||140.0		22|58|89|18|54||360.0		TGTGCTGTGAGGCCAGGGAATGCTGGTGGTACTAGCTATGGAAAGCTGACATTT	45	CAVRPGNAGGTSYGKLTF	:::::::::0:2:14:::::18:-2:54:::
4229	305.0	1.1990963924103881E-4	1	1.1548677676406051E-4	TGTGCTGTGAGAGCCCTTTATGGTGGTGCTACAAACAAGCTCATCTTT	NNNNNNNNNNNNNNNNNNNNNNNNNNNNNNNNNNNNNNNNNNNNNNNN	TRAV1-2*00(689.6)		TRAJ32*00(609.8)		620|633|654|0|13||130.0		24|55|86|17|48||310.0		TGTGCTGTGAGAGCCCTTTATGGTGGTGCTACAAACAAGCTCATCTTT	45	CAVRALYGGATNKLIF	:::::::::0:-1:13:::::17:-4:48:::
4767	305.0	1.1990963924103881E-4	1	1.1548677676406051E-4	TGTGCTACTGGGCCTTGGTTTGGAAATGAGAAATTAACCTTT	NNNNNNNNNNNNNNNNNNNNNNNNNNNNNNNNNNNNNNNNNN	TRAV17*00(879.5)		TRAJ48*00(548.9)		490|498|523|0|8||80.0		28|52|83|18|42||240.0		TGTGCTACTGGGCCTTGGTTTGGAAATGAGAAATTAACCTTT	45	CATGPWFGNEKLTF	:::::::::0:-5:8:::::18:-8:42:::
4786	305.0	1.1990963924103881E-4	1	1.1548677676406051E-4	TGTGCTACGCGGGTAGTGGAGGTAGCAACTATAAACTGACATTT	NNNNNNNNNNNNNNNNNNNNNNNNNNNNNNNNNNNNNNNNNNNN	TRAV17*00(889.4)		TRAJ53*00(599.2)		490|499|523|0|9||90.0		24|55|86|13|44||310.0		TGTGCTACGCGGGTAGTGGAGGTAGCAACTATAAACTGACATTT	45	CATRVVE_SNYKLTF	:::::::::0:-4:9:::::13:-4:44:::
4802	305.0	1.1990963924103881E-4	1	1.1548677676406051E-4	TGTGCTACGGCCCAGGGGGAGAGGCTTTGGGAATGTGCTGCATTGC	NNNNNNNNNNNNNNNNNNNNNNNNNNNNNNNNNNNNNNNNNNNNNN	TRAV17*00(899.4)		TRAJ35*00(520.5)		490|500|523|0|10||100.0		20|48|79|18|46|ST22G|251.0		TGTGCTACGGCCCAGGGGGAGAGGCTTTGGGAATGTGCTGCATTGC	45	CATAQGER_FGNVLHC	:::::::::0:-3:10:::::18:0:46:::
5015	305.0	1.1990963924103881E-4	1	1.1548677676406051E-4	TGTGCCTTTACGCCCTTGGAATATAGAAACAAACTGGTCTTT	NNNNNNNNNNNNNNNNNNNNNNNNNNNNNNNNNNNNNNNNNN	TRAV24*00(722.8)		TRAJ47*00(519)		515|525|545|0|10||100.0		17|46|77|13|42|SA19TSG28A|232.0		TGTGCCTTTACGCCCTTGGAATATAGAAACAAACTGGTCTTT	45	CAFTPLEYRNKLVF	:::::::::0:0:10:::::13:3:42:::
6704	305.0	1.1990963924103881E-4	1	1.1548677676406051E-4	TGTGCCATACCATGCAGGCAACATGCTCACCTTT	NNNNNNNNNNNNNNNNNNNNNNNNNNNNNNNNNN	TRAV12-2*00(325.3)		TRAJ39*00(539.6)		551|557|584|0|6||60.0		29|52|83|11|34||230.0		TGTGCCATACCATGCAGGCAACATGCTCACCTTT	45	CAIPCR_NMLTF	:::::::::0:-7:6:::::11:-9:34:::
17457	305.0	1.1990963924103881E-4	1	1.1548677676406051E-4	TGTGCAGCTACCGCGAGTGGCAATGCCAGACTCATGTTT	NNNNNNNNNNNNNNNNNNNNNNNNNNNNNNNNNNNNNNN	TRAV23/DV6*00(449.8)		TRAJ31*00(489.9)		517|525|550|0|8||80.0		27|46|77|20|39||190.0		TGTGCAGCTACCGCGAGTGGCAATGCCAGACTCATGTTT	45	CAATASGNARLMF	:::::::::0:-5:8:::::20:-7:39:::
17508	305.0	1.1990963924103881E-4	1	1.1548677676406051E-4	TGTGCAGCGTTTAACGGGCCGGGCGGAAGAGGTGCTGACGGACTCACCTTT	NNNNNNNNNNNNNNNNNNNNNNNNNNNNNNNNNNNNNNNNNNNNNNNNNNN	TRAV13-1*00(559.8)		TRAJ45*00(550.4)		511|519|544|0|8||80.0		28|55|86|24|51|SG31A|241.0		TGTGCAGCGTTTAACGGGCCGGGCGGAAGAGGTGCTGACGGACTCACCTTT	45	CAAFNGPGGRGADGLTF	:::::::::0:-5:8:::::24:-8:51:::
17615	305.0	1.1990963924103881E-4	1	1.1548677676406051E-4	TGTGCAGCAACCTTTAACACGGGAGGAGGAAACAAACTCACCTTT	NNNNNNNNNNNNNNNNNNNNNNNNNNNNNNNNNNNNNNNNNNNNN	TRAV29/DV5*00(549.7)		TRAJ10*00(579.8)		529|539|562|0|10||100.0		25|53|84|17|45||280.0		TGTGCAGCAACCTTTAACACGGGAGGAGGAAACAAACTCACCTTT	45	CAATFNTGGGNKLTF	:::::::::0:-3:10:::::17:-5:45:::
18149	305.0	1.1990963924103881E-4	1	1.1548677676406051E-4	TGTGCAGGGCCTTCTGGGGATAGCAACTATCAGTTAATCTGG	NNNNNNNNNNNNNNNNNNNNNNNNNNNNNNNNNNNNNNNNNN	TRAV25*00(552.3)		TRAJ33*00(539.1)		620|631|649|0|11||110.0		21|46|77|17|42||250.0		TGTGCAGGGCCTTCTGGGGATAGCAACTATCAGTTAATCTGG	45	CAGPSGDSNYQLIW	:::::::::0:2:11:::::17:-1:42:::
18485	305.0	1.1990963924103881E-4	1	1.1548677676406051E-4	TGTGCAGAGAATATGGGTAACACCGACAAGCTCATCTTT	NNNNNNNNNNNNNNNNNNNNNNNNNNNNNNNNNNNNNNN	TRAV13-2*00(589.7)		TRAJ34*00(519.8)		506|520|539|0|14||140.0		25|47|78|17|39||220.0		TGTGCAGAGAATATGGGTAACACCGACAAGCTCATCTTT	45	CAENMGNTDKLIF	:::::::::0:1:14:::::17:-5:39:::
18779	305.0	1.1990963924103881E-4	1	1.1548677676406051E-4	TGTGCAATGAGAGAGGGCCGGGAGCCAATAGTAAGCTGACATTT	NNNNNNNNNNNNNNNNNNNNNNNNNNNNNNNNNNNNNNNNNNNN	TRAV14/DV4*00(742.4)		TRAJ56*00(549.9)		517|536|554|0|19||190.0		27|51|82|20|44||240.0		TGTGCAATGAGAGAGGGCCGGGAGCCAATAGTAAGCTGACATTT	45	CAMREGR_ANSKLTF	:::::::::0:2:19:::::20:-7:44:::
18978	305.0	1.1990963924103881E-4	1	1.1548677676406051E-4	TGCCTCGTGGGTCCTTATAACACCGACAAGCTCATCTTT	NNNNNNNNNNNNNNNNNNNNNNNNNNNNNNNNNNNNNNN	TRAV4*00(989.7)		TRAJ34*00(529.7)		768|780|804|0|12||120.0		21|47|78|13|39||260.0		TGCCTCGTGGGTCCTTATAACACCGACAAGCTCATCTTT	45	CLVGPYNTDKLIF	:::::::::0:-4:12:::::13:-1:39:::
20222	305.0	1.1990963924103881E-4	1	1.1548677676406051E-4	TGCATCCTGAGCCCCCGATCTTATAACACCGACAAGCTCATCTTT	NNNNNNNNNNNNNNNNNNNNNNNNNNNNNNNNNNNNNNNNNNNNN	TRAV26-2*00(589.9)		TRAJ34*00(589.6)		791|802|826|0|11||110.0		18|47|78|16|45||290.0		TGCATCCTGAGCCCCCGATCTTATAACACCGACAAGCTCATCTTT	45	CILSPRSYNTDKLIF	:::::::::0:-4:11:::::16:2:45:::
1567	304.0	1.1951649288287148E-4	1	1.1548677676406051E-4	TGTGTTCGATAGGCTTTGGGAATGTGCTGCATTGC	NNNNNNNNNNNNNNNNNNNNNNNNNNNNNNNNNNN	TRAV2*00(489.5)		TRAJ35*00(609.6)		519|523|553|0|4||40.0		18|48|79|5|35||300.0		TGTGTTCGATAGGCTTTGGGAATGTGCTGCATTGC	45	CVR*AL_NVLHC	:::::::::0:-10:4:::::5:2:35:::
1640	304.0	1.1951649288287148E-4	1	1.1548677676406051E-4	TGTGTCGGCCCCTCGGGGAGCAACTATCAGTTAATCTGG	NNNNNNNNNNNNNNNNNNNNNNNNNNNNNNNNNNNNNNN	TRAV1-2*00(599.8)		TRAJ33*00(499.6)		620|624|654|0|4||40.0		25|46|77|18|39||210.0		TGTGTCGGCCCCTCGGGGAGCAACTATCAGTTAATCTGG	45	CVGPSGSNYQLIW	:::::::::0:-10:4:::::18:-5:39:::
2011	304.0	1.1951649288287148E-4	1	1.1548677676406051E-4	TGTGCTTTCCCAGGGGGTGCAGGCAAATCAACCTTT	NNNNNNNNNNNNNNNNNNNNNNNNNNNNNNNNNNNN	TRAV8-3*00(579.7)		TRAJ27*00(479.7)		455|461|489|0|6||60.0		29|48|79|17|36||190.0		TGTGCTTTCCCAGGGGGTGCAGGCAAATCAACCTTT	45	CAFPGGAGKSTF	:::::::::0:-8:6:::::17:-9:36:::
2104	304.0	1.1951649288287148E-4	1	1.1548677676406051E-4	TGTGCTTTATGCATACTGGAGCCAATAGTAAGCTGACATTT	NNNNNNNNNNNNNNNNNNNNNNNNNNNNNNNNNNNNNNNNN	TRAV22*00(490)		TRAJ56*00(599.5)		526|532|559|0|6||60.0		22|51|82|12|41||290.0		TGTGCTTTATGCATACTGGAGCCAATAGTAAGCTGACATTT	45	CALCILE_NSKLTF	:::::::::0:-7:6:::::12:-2:41:::
2210	304.0	1.1951649288287148E-4	1	1.1548677676406051E-4	TGTGCTTATAGGAGTCCCGCTCAAGATGACAAGATCATCTTT	NNNNNNNNNNNNNNNNNNNNNNNNNNNNNNNNNNNNNNNNNN	TRAV38-2/DV8*00(599.8)		TRAJ30*00(499.5)		602|616|638|0|14||140.0		27|46|77|23|42||190.0		TGTGCTTATAGGAGTCCCGCTCAAGATGACAAGATCATCTTT	45	CAYRSPAQDDKIIF	:::::::::0:-2:14:::::23:-7:42:::
2510	304.0	1.1951649288287148E-4	1	1.1548677676406051E-4	TGTGCTCTGGGCCGGGTAGGGAATGACATGCGCTTT	NNNNNNNNNNNNNNNNNNNNNNNNNNNNNNNNNNNN	TRAV19*00(698.9)		TRAJ43*00(449.9)		556|565|593|0|9||90.0		28|43|74|21|36||150.0		TGTGCTCTGGGCCGGGTAGGGAATGACATGCGCTTT	45	CALGRVGNDMRF	:::::::::0:-8:9:::::21:-8:36:::
3151	304.0	1.1951649288287148E-4	1	1.1548677676406051E-4	TGTGCTGTTTGGGGGGGAACAACAGACTCGCTTTT	NNNNNNNNNNNNNNNNNNNNNNNNNNNNNNNNNNN	TRAV1-2*00(639.3)		TRAJ7*00(499.4)		620|628|654|0|8||80.0		27|48|79|14|35||210.0		TGTGCTGTTTGGGGGGGAACAACAGACTCGCTTTT	45	CAVWGG_NRLAF	:::::::::0:-6:8:::::14:-7:35:::
3181	304.0	1.1951649288287148E-4	1	1.1548677676406051E-4	TGTGCTGTTGGAGGAAGCCAAGGAAATCTCATCTTT	NNNNNNNNNNNNNNNNNNNNNNNNNNNNNNNNNNNN	TRAV21*00(777.1)		TRAJ42*00(579.6)		544|552|576|0|8||80.0		27|55|86|8|36||280.0		TGTGCTGTTGGAGGAAGCCAAGGAAATCTCATCTTT	45	CAVGGSQGNLIF	:::::::::0:-4:8:::::8:-7:36:::
3229	304.0	1.1951649288287148E-4	1	1.1548677676406051E-4	TGTGCTGTCCTATCAGGAGGAGGTGCTGACGGACTCACCTTT	NNNNNNNNNNNNNNNNNNNNNNNNNNNNNNNNNNNNNNNNNN	TRAV21*00(746.6)		TRAJ45*00(585.5)		544|552|576|0|8||80.0		25|55|86|12|42||300.0		TGTGCTGTCCTATCAGGAGGAGGTGCTGACGGACTCACCTTT	45	CAVLSGGGADGLTF	:::::::::0:-4:8:::::12:-5:42:::
3572	304.0	1.1951649288287148E-4	1	1.1548677676406051E-4	TGTGCTGTGGGTGCGGTAGACAAGCTGGTCTTT	NNNNNNNNNNNNNNNNNNNNNNNNNNNNNNNNN	TRAV8-3*00(603.8)		TRAJ47*00(420.6)		455|470|489|0|15||150.0		32|46|77|19|33|SA36G|111.0		TGTGCTGTGGGTGCGGTAGACAAGCTGGTCTTT	45	CAVGAVDKLVF	:::::::::0:1:15:::::19:-12:33:::
3850	304.0	1.1951649288287148E-4	1	1.1548677676406051E-4	TGTGCTGTGAGTTCGAACACCGGTAACCAGTTCTATTTT	NNNNNNNNNNNNNNNNNNNNNNNNNNNNNNNNNNNNNNN	TRAV8-4*00(633.3)		TRAJ49*00(589.6)		476|487|510|0|11||120.0		17|45|76|11|39||290.0		TGTGCTGTGAGTTCGAACACCGGTAACCAGTTCTATTTT	45	CAVSSNTGNQFYF	:::::::::0:-3:11:::::11:3:39:::
3930	304.0	1.1951649288287148E-4	1	1.1548677676406051E-4	TGTGCTGTGAGTGATTTCCCTCAGGGCGGATCTGAAAAGCTGGTCTTT	NNNNNNNNNNNNNNNNNNNNNNNNNNNNNNNNNNNNNNNNNNNNNNNN	TRAV8-6*00(719.8)		TRAJ57*00(599.8)		448|463|482|0|15||150.0		23|52|83|19|48||290.0		TGTGCTGTGAGTGATTTCCCTCAGGGCGGATCTGAAAAGCTGGTCTTT	45	CAVSDFPQGGSEKLVF	:::::::::0:1:15:::::19:-3:48:::
4587	304.0	1.1951649288287148E-4	1	1.1548677676406051E-4	TGTGCTGGGCGGTAAGGGGTTTTTTTTAATGCTGGTGGTACTAGCTATGGAAAGCTGACATTT	NNNNNNNNNNNNNNNNNNNNNNNNNNNNNNNNNNNNNNNNNNNNNNNNNNNNNNNNNNNNNNN	TRAV35*00(923.7)		TRAJ52*00(629.4)		588|598|620|0|10||100.0		21|58|89|26|63||370.0		TGTGCTGGGCGGTAAGGGGTTTTTTTTAATGCTGGTGGTACTAGCTATGGAAAGCTGACATTT	45	CAGR*GVFFNAGGTSYGKLTF	:::::::::0:-2:10:::::26:-1:63:::
6360	304.0	1.1951649288287148E-4	1	1.1548677676406051E-4	TGTGCCGTGAATGATGGCATAATGCAGGCAACATGCTCACCTTT	NNNNNNNNNNNNNNNNNNNNNNNNNNNNNNNNNNNNNNNNNNNN	TRAV8-1*00(599.7)		TRAJ39*00(569.9)		474|487|508|0|13||130.0		26|52|83|18|44||260.0		TGTGCCGTGAATGATGGCATAATGCAGGCAACATGCTCACCTTT	45	CAVNDGI_AGNMLTF	:::::::::0:-1:13:::::18:-6:44:::
17621	304.0	1.1951649288287148E-4	1	1.1548677676406051E-4	TGTGCAGCAACCCTAACCGGTGGTACTAGCTATGGAAAGCTGACATTT	NNNNNNNNNNNNNNNNNNNNNNNNNNNNNNNNNNNNNNNNNNNNNNNN	TRAV13-1*00(579.2)		TRAJ52*00(599.5)		511|521|544|0|10||100.0		28|58|89|18|48||300.0		TGTGCAGCAACCCTAACCGGTGGTACTAGCTATGGAAAGCTGACATTT	45	CAATLTGGTSYGKLTF	:::::::::0:-3:10:::::18:-8:48:::
17803	304.0	1.1951649288287148E-4	1	1.1548677676406051E-4	TGTGCAGCAAGCTAATCCCCGGGGCTGGGAGTTACCAACTCACTTTC	NNNNNNNNNNNNNNNNNNNNNNNNNNNNNNNNNNNNNNNNNNNNNNN	TRAV23/DV6*00(489.6)		TRAJ28*00(559.7)		517|529|550|0|12||120.0		28|55|86|20|47||270.0		TGTGCAGCAAGCTAATCCCCGGGGCTGGGAGTTACCAACTCACTTTC	45	CAAS*SPG_GSYQLTF	:::::::::0:-1:12:::::20:-8:47:::
18074	304.0	1.1951649288287148E-4	1	1.1548677676406051E-4	TGTGCAGCAAATGGCCAGAAGCTGCTCTTT	NNNNNNNNNNNNNNNNNNNNNNNNNNNNNN	TRAV13-1*00(579.7)		TRAJ16*00(471.8)		511|520|544|0|9||100.0		28|49|80|9|30|SG28A|201.0		TGTGCAGCAAATGGCCAGAAGCTGCTCTTT	45	CAANGQKLLF	:::::::::0:-4:9:::::9:-8:30:::
18186	304.0	1.1951649288287148E-4	1	1.1548677676406051E-4	TGTGCAGGGGTTGTATCCAGAGGAGGTGCTGACGGACTCACCTTT	NNNNNNNNNNNNNNNNNNNNNNNNNNNNNNNNNNNNNNNNNNNNN	TRAV25*00(532.8)		TRAJ45*00(569.3)		620|629|649|0|9||90.0		29|55|86|19|45||260.0		TGTGCAGGGGTTGTATCCAGAGGAGGTGCTGACGGACTCACCTTT	45	CAGVVSRGGADGLTF	:::::::::0:0:9:::::19:-9:45:::
18803	304.0	1.1951649288287148E-4	1	1.1548677676406051E-4	TGTGCAATGAGAGAGGGATTCTACTCTGGGGCTGGGAGTTACCAACTCACTTTC	NNNNNNNNNNNNNNNNNNNNNNNNNNNNNNNNNNNNNNNNNNNNNNNNNNNNNN	TRAV14/DV4*00(669)		TRAJ28*00(604.6)		517|534|554|0|17||170.0		22|55|86|21|54||330.0		TGTGCAATGAGAGAGGGATTCTACTCTGGGGCTGGGAGTTACCAACTCACTTTC	45	CAMREGFYSGAGSYQLTF	:::::::::0:0:17:::::21:-2:54:::
20258	304.0	1.1951649288287148E-4	1	1.1548677676406051E-4	TGCATCCTGAGAGACTTGGGGGGGGGAGCTATAAATTGATCTTC	NNNNNNNNNNNNNNNNNNNNNNNNNNNNNNNNNNNNNNNNNNNN	TRAV26-2*00(629.6)		TRAJ12*00(449.5)		791|806|826|0|15||150.0		31|49|80|26|44||180.0		TGCATCCTGAGAGACTTGGGGGGGGGAGCTATAAATTGATCTTC	45	CILRDLG_GSYKLIF	:::::::::0:0:15:::::26:-11:44:::
1521	303.0	1.1912334652470413E-4	1	1.1548677676406051E-4	TGTCTTCTTTAACAATGACATGCGCTTT	NNNNNNNNNNNNNNNNNNNNNNNNNNNN	TRAV40*00(859.9)		TRAJ43*00(489.6)		436|444|470|0|8||80.0		24|43|74|9|28||190.0		TGTCTTCTTTAACAATGACATGCGCTTT	45	CLL*Q_DMRF	:::::::::0:-6:8:::::9:-4:28:::
1551	303.0	1.1912334652470413E-4	1	1.1548677676406051E-4	TGTCCCTTGCACCGACAAGCTCATCTTT	NNNNNNNNNNNNNNNNNNNNNNNNNNNN	TRAV38-2/DV8*00(489.7)		TRAJ34*00(489.4)		602|605|638|0|3||30.0		28|47|78|9|28||190.0		TGTCCCTTGCACCGACAAGCTCATCTTT	45	CPLHR_KLIF	:::::::::0:-13:3:::::9:-8:28:::
1576	303.0	1.1912334652470413E-4	1	1.1548677676406051E-4	TGTGTTGTGATCCTTTACCGGGTATGCACTCAACTTC	NNNNNNNNNNNNNNNNNNNNNNNNNNNNNNNNNNNNN	TRAV8-2*00(615.7)		TRAJ41*00(459.5)		466|476|500|0|10||100.0		31|51|82|17|37||200.0		TGTGTTGTGATCCTTTACCGGGTATGCACTCAACTTC	45	CVVILY_GYALNF	:::::::::0:-4:10:::::17:-11:37:::
1595	303.0	1.1912334652470413E-4	1	1.1548677676406051E-4	TGTGTTGTGAGTGCCTCCCTTGGCACCGACAAGCTCATCTTT	NNNNNNNNNNNNNNNNNNNNNNNNNNNNNNNNNNNNNNNNNN	TRAV8-2*00(650.6)		TRAJ34*00(489.7)		466|479|500|0|13||130.0		28|47|78|23|42||190.0		TGTGTTGTGAGTGCCTCCCTTGGCACCGACAAGCTCATCTTT	45	CVVSASLGTDKLIF	:::::::::0:-1:13:::::23:-8:42:::
2034	303.0	1.1912334652470413E-4	1	1.1548677676406051E-4	TGTGCTTTCATGTCCCAGTGGTGCTACAAACAAGCTCATCTTT	NNNNNNNNNNNNNNNNNNNNNNNNNNNNNNNNNNNNNNNNNNN	TRAV38-1*00(540.6)		TRAJ32*00(559.8)		596|608|633|0|12||120.0		29|55|86|17|43||260.0		TGTGCTTTCATGTCCCAGTGGTGCTACAAACAAGCTCATCTTT	45	CAFMSQW_ATNKLIF	:::::::::0:-5:12:::::17:-9:43:::
2205	303.0	1.1912334652470413E-4	1	1.1548677676406051E-4	TGTGCTTATAGGACCCTTCAGGGAGCCCAGAAGCTGGTATTT	NNNNNNNNNNNNNNNNNNNNNNNNNNNNNNNNNNNNNNNNNN	TRAV38-2/DV8*00(590)		TRAJ54*00(549.6)		602|615|638|0|13||130.0		23|49|80|16|42||260.0		TGTGCTTATAGGACCCTTCAGGGAGCCCAGAAGCTGGTATTT	45	CAYRTLQGAQKLVF	:::::::::0:-3:13:::::16:-3:42:::
3370	303.0	1.1912334652470413E-4	1	1.1548677676406051E-4	TGTGCTGTGTGGGGTAGTATAGAAACAAACTGGTCTTT	NNNNNNNNNNNNNNNNNNNNNNNNNNNNNNNNNNNNNN	TRAV36/DV7*00(609.5)		TRAJ47*00(490.5)		500|509|533|0|9||90.0		25|46|77|17|38|SG28A|181.0		TGTGCTGTGTGGGGTAGTATAGAAACAAACTGGTCTTT	45	CAVWGS_RNKLVF	:::::::::0:-4:9:::::17:-5:38:::
3450	303.0	1.1912334652470413E-4	1	1.1548677676406051E-4	TGTGCTGTGCAGGCGAGCTCTAGCAACACAGGCAAACTAATCTTT	NNNNNNNNNNNNNNNNNNNNNNNNNNNNNNNNNNNNNNNNNNNNN	TRAV20*00(549.6)		TRAJ37*00(570.7)		498|512|531|0|14||140.0		22|51|82|16|45|SG27A|261.0		TGTGCTGTGCAGGCGAGCTCTAGCAACACAGGCAAACTAATCTTT	45	CAVQASSSNTGKLIF	:::::::::0:1:14:::::16:-2:45:::
3495	303.0	1.1912334652470413E-4	1	1.1548677676406051E-4	TGTGCTGTGGTGGTTCGGAACAATGACATGCGCTTT	NNNNNNNNNNNNNNNNNNNNNNNNNNNNNNNNNNNN	TRAV8-3*00(590.7)		TRAJ43*00(479.7)		455|465|489|0|10||100.0		25|43|74|18|36||180.0		TGTGCTGTGGTGGTTCGGAACAATGACATGCGCTTT	45	CAVVVRNNDMRF	:::::::::0:-4:10:::::18:-5:36:::
3774	303.0	1.1912334652470413E-4	1	1.1548677676406051E-4	TGTGCTGTGGAAATGCCAGACTCATGTTT	NNNNNNNNNNNNNNNNNNNNNNNNNNNNN	TRAV2*00(1009)		TRAJ31*00(479.7)		519|530|553|0|11||110.0		28|46|77|11|29||180.0		TGTGCTGTGGAAATGCCAGACTCATGTTT	45	CAVEM_RLMF	:::::::::0:-3:11:::::11:-8:29:::
4058	303.0	1.1912334652470413E-4	1	1.1548677676406051E-4	TGTGCTGTGAGTATTTCTGTAACTTTGGAAATGAGAAATTAACCTTT	NNNNNNNNNNNNNNNNNNNNNNNNNNNNNNNNNNNNNNNNNNNNNNN	TRAV8-6*00(689.8)		TRAJ48*00(589.7)		448|460|482|0|12||120.0		24|52|83|19|47||280.0		TGTGCTGTGAGTATTTCTGTAACTTTGGAAATGAGAAATTAACCTTT	45	CAVSISVT_GNEKLTF	:::::::::0:-2:12:::::19:-4:47:::
4622	303.0	1.1912334652470413E-4	1	1.1548677676406051E-4	TGTGCTGGGCAGCTTAACATGGAAACAAGCTGGTCTTT	NNNNNNNNNNNNNNNNNNNNNNNNNNNNNNNNNNNNNN	TRAV35*00(819.1)		TRAJ47*00(481.7)		588|602|620|0|14||140.0		23|46|77|15|38|ST25CSA36G|172.0		TGTGCTGGGCAGCTTAACATGGAAACAAGCTGGTCTTT	45	CAGQLN_GNKLVF	:::::::::0:2:14:::::15:-3:38:::
4783	303.0	1.1912334652470413E-4	1	1.1548677676406051E-4	TGTGCTACGCCTTGAGAGGATAGCAGCTATAAATTGATCTTC	NNNNNNNNNNNNNNNNNNNNNNNNNNNNNNNNNNNNNNNNNN	TRAV17*00(889.4)		TRAJ12*00(519.9)		490|499|523|0|9||90.0		24|49|80|17|42||250.0		TGTGCTACGCCTTGAGAGGATAGCAGCTATAAATTGATCTTC	45	CATP*EDSSYKLIF	:::::::::0:-4:9:::::17:-4:42:::
4865	303.0	1.1912334652470413E-4	1	1.1548677676406051E-4	TGTGCTACGGACGCGGATTGGGCCAGACTCATGTTT	NNNNNNNNNNNNNNNNNNNNNNNNNNNNNNNNNNNN	TRAV17*00(949.4)		TRAJ31*00(449.4)		490|505|523|0|15||150.0		31|46|77|21|36||150.0		TGTGCTACGGACGCGGATTGGGCCAGACTCATGTTT	45	CATDADWARLMF	:::::::::0:2:15:::::21:-11:36:::
5626	303.0	1.1912334652470413E-4	1	1.1548677676406051E-4	TGTGCCTTGATGGATAGCAACTATCAGTTAATCTGG	NNNNNNNNNNNNNNNNNNNNNNNNNNNNNNNNNNNN	TRAV24*00(980.6)		TRAJ33*00(539.7)		515|525|545|0|10|ST523G|81.0		20|46|77|10|36||270.0		TGTGCCTTGATGGATAGCAACTATCAGTTAATCTGG	45	CALMDSNYQLIW	:::::::::0:0:10:::::10:0:36:::
6168	303.0	1.1912334652470413E-4	1	1.1548677676406051E-4	TGTGCCGTGTCCTCGGTAAGAGGCTCAACCCTGGGGAGGCTATACTTT	NNNNNNNNNNNNNNNNNNNNNNNNNNNNNNNNNNNNNNNNNNNNNNNN	TRAV12-2*00(460.8),TRAV12-3*00(449.8)		TRAJ18*00(609.7)		551|560|584|0|9||90.0;562|567|595|0|5||50.0		25|55|86|18|48||300.0		TGTGCCGTGTCCTCGGTAAGAGGCTCAACCCTGGGGAGGCTATACTTT	45	CAVSSVRGSTLGRLYF	:::::::::0:-4:9:::::18:-5:48:::
18008	303.0	1.1912334652470413E-4	1	1.1548677676406051E-4	TGTGCAGCAAGCAGGCTGTACAATAACAATGACATGCGCTTT	NNNNNNNNNNNNNNNNNNNNNNNNNNNNNNNNNNNNNNNNNN	TRAV23/DV6*00(510.7)		TRAJ43*00(559.4)		517|534|550|0|17|ST530G|141.0		18|43|74|17|42||260.0		TGTGCAGCAAGCAGGCTGTACAATAACAATGACATGCGCTTT	45	CAASRLYNNNDMRF	:::::::::0:4:17:::::17:2:42:::
18515	303.0	1.1912334652470413E-4	1	1.1548677676406051E-4	TGTGCAGAGAAGTACGCCAGACTCATGTTT	NNNNNNNNNNNNNNNNNNNNNNNNNNNNNN	TRAV5*00(459.9)		TRAJ31*00(449.7)		523|533|556|0|10||100.0		31|46|77|15|30||150.0		TGTGCAGAGAAGTACGCCAGACTCATGTTT	45	CAEKYARLMF	:::::::::0:-3:10:::::15:-11:30:::
21389	303.0	1.1912334652470413E-4	1	1.1548677676406051E-4	ATTTGCTGGTGGTACTAGCTATGGAAAGCTGACATTT	NNNNNNNNNNNNNNNNNNNNNNNNNNNNNNNNNNNNN	TRAV36/DV7*00(519.5)		TRAJ52*00(639.6)		500|500|533|0|0||0.0		24|58|89|3|37||340.0		ATTTGCTGGTGGTACTAGCTATGGAAAGCTGACATTT	45	ICWWY*_YGKLTF	:::::::::0:-13:0:::::3:-4:37:::
1537	302.0	1.187302001665368E-4	1	1.1548677676406051E-4	TGTCTTCTGGGAGATCATCAATGACATGCGCTTT	NNNNNNNNNNNNNNNNNNNNNNNNNNNNNNNNNN	TRAV40*00(939.6)		TRAJ43*00(459.6)		436|452|470|0|16||160.0		27|43|74|18|34||160.0		TGTCTTCTGGGAGATCATCAATGACATGCGCTTT	45	CLLGDH_NDMRF	:::::::::0:2:16:::::18:-7:34:::
1631	302.0	1.187302001665368E-4	1	1.1548677676406051E-4	TGTGTCTTAATTCAGGGAGCCCAGAAGCTGGTATTT	NNNNNNNNNNNNNNNNNNNNNNNNNNNNNNNNNNNN	TRAV13-2*00(488)		TRAJ54*00(579.2)		506|510|539|0|4||40.0		20|49|80|7|36||290.0		TGTGTCTTAATTCAGGGAGCCCAGAAGCTGGTATTT	45	CVLIQGAQKLVF	:::::::::0:-9:4:::::7:0:36:::
2013	302.0	1.187302001665368E-4	1	1.1548677676406051E-4	TGTGCTTTCCGCGAATTATGGAGGAAGCCAAGGAAATCTCATCTTT	NNNNNNNNNNNNNNNNNNNNNNNNNNNNNNNNNNNNNNNNNNNNNN	TRAV38-2/DV8*00(529.7)		TRAJ42*00(639.8)		602|609|638|0|7||70.0		21|55|86|12|46||340.0		TGTGCTTTCCGCGAATTATGGAGGAAGCCAAGGAAATCTCATCTTT	45	CAFRELWR_SQGNLIF	:::::::::0:-9:7:::::12:-1:46:::
2201	302.0	1.187302001665368E-4	1	1.1548677676406051E-4	TGTGCTTATAGGGATTTTAACGACTACAAGCTCAGCTTT	NNNNNNNNNNNNNNNNNNNNNNNNNNNNNNNNNNNNNNN	TRAV38-2/DV8*00(579.8)		TRAJ20*00(524.9)		602|614|638|0|12||120.0		21|46|77|14|39|SC23T|221.0		TGTGCTTATAGGGATTTTAACGACTACAAGCTCAGCTTT	45	CAYRDFNDYKLSF	:::::::::0:-4:12:::::14:-1:39:::
2493	302.0	1.187302001665368E-4	1	1.1548677676406051E-4	TGTGCTCTGCTGTCGAACACCGGTAACCAGTTCTATTTT	NNNNNNNNNNNNNNNNNNNNNNNNNNNNNNNNNNNNNNN	TRAV19*00(699.4)		TRAJ49*00(569.7)		556|565|593|0|9||90.0		18|45|76|12|39||270.0		TGTGCTCTGCTGTCGAACACCGGTAACCAGTTCTATTTT	45	CALLSNTGNQFYF	:::::::::0:-8:9:::::12:2:39:::
2714	302.0	1.187302001665368E-4	1	1.1548677676406051E-4	TGTGCTCTGAGTGAGGCCTTCCAATGCAGGCAAATCAACCTTT	NNNNNNNNNNNNNNNNNNNNNNNNNNNNNNNNNNNNNNNNNNN	TRAV19*00(779.4)		TRAJ27*00(519.1)		556|573|593|0|17||170.0		25|48|79|20|43||230.0		TGTGCTCTGAGTGAGGCCTTCCAATGCAGGCAAATCAACCTTT	45	CALSEAF_NAGKSTF	:::::::::0:0:17:::::20:-5:43:::
2957	302.0	1.187302001665368E-4	1	1.1548677676406051E-4	TGTGCTCTAATGATAGTGGAGGTAGCAACTATAAACTGACATTT	NNNNNNNNNNNNNNNNNNNNNNNNNNNNNNNNNNNNNNNNNNNN	TRAV16*00(509.8)		TRAJ53*00(629.6)		449|459|483|0|10||100.0		23|55|86|12|44||320.0		TGTGCTCTAATGATAGTGGAGGTAGCAACTATAAACTGACATTT	45	CALMIVE_SNYKLTF	:::::::::0:-4:10:::::12:-3:44:::
3220	302.0	1.187302001665368E-4	1	1.1548677676406051E-4	TGTGCTGTCCTTCGGGCTGCAGGCAACAAGCTAACTTTT	NNNNNNNNNNNNNNNNNNNNNNNNNNNNNNNNNNNNNNN	TRAV22*00(509.6)		TRAJ17*00(539.5)		526|534|559|0|8||80.0		28|52|83|15|39||240.0		TGTGCTGTCCTTCGGGCTGCAGGCAACAAGCTAACTTTT	45	CAVLRAAGNKLTF	:::::::::0:-5:8:::::15:-8:39:::
3439	302.0	1.187302001665368E-4	1	1.1548677676406051E-4	TGTGCTGTGCAGGCCATCGGTGGAGGCTTCAAAACTATCTTT	NNNNNNNNNNNNNNNNNNNNNNNNNNNNNNNNNNNNNNNNNN	TRAV20*00(563.7)		TRAJ9*00(522.6)		498|513|531|0|15||150.0		28|50|81|20|42||220.0		TGTGCTGTGCAGGCCATCGGTGGAGGCTTCAAAACTATCTTT	45	CAVQAIGGGFKTIF	:::::::::0:2:15:::::20:-8:42:::
3630	302.0	1.187302001665368E-4	1	1.1548677676406051E-4	TGTGCTGTGGGGCGTACCTCAGGAACCTACAAATACATCTTT	NNNNNNNNNNNNNNNNNNNNNNNNNNNNNNNNNNNNNNNNNN	TRAV8-3*00(563)		TRAJ40*00(569.4)		455|466|489|0|11||110.0		22|50|81|14|42||280.0		TGTGCTGTGGGGCGTACCTCAGGAACCTACAAATACATCTTT	45	CAVGRTSGTYKYIF	:::::::::0:-3:11:::::14:-2:42:::
3864	302.0	1.187302001665368E-4	1	1.1548677676406051E-4	TGTGCTGTGAGTCCTAACCTTAACACCGACAAGCTCATCTTT	NNNNNNNNNNNNNNNNNNNNNNNNNNNNNNNNNNNNNNNNNN	TRAV8-4*00(633.5)		TRAJ34*00(515.7)		476|488|510|0|12||120.0		25|47|78|20|42||220.0		TGTGCTGTGAGTCCTAACCTTAACACCGACAAGCTCATCTTT	45	CAVSPNLNTDKLIF	:::::::::0:-2:12:::::20:-5:42:::
4016	302.0	1.187302001665368E-4	1	1.1548677676406051E-4	TGTGCTGTGAGTGAGGCCCAGGGAGGAAAGCTTATCTTC	NNNNNNNNNNNNNNNNNNNNNNNNNNNNNNNNNNNNNNN	TRAV8-6*00(708.8)		TRAJ23*00(490.5)		448|462|482|0|14||140.0		30|52|83|17|39||220.0		TGTGCTGTGAGTGAGGCCCAGGGAGGAAAGCTTATCTTC	45	CAVSEAQGGKLIF	:::::::::0:0:14:::::17:-10:39:::
4086	302.0	1.187302001665368E-4	1	1.1548677676406051E-4	TGTGCTGTGAGCCGCCCTTAAGGGGGTTACCAGAAAGTTACCTTT	NNNNNNNNNNNNNNNNNNNNNNNNNNNNNNNNNNNNNNNNNNNNN	TRAV8-4*00(659.3)		TRAJ13*00(438.2)		476|487|510|0|11||110.0		28|52|83|21|45||240.0		TGTGCTGTGAGCCGCCCTTAAGGGGGTTACCAGAAAGTTACCTTT	45	CAVSRP*GGYQKVTF	:::::::::0:-3:11:::::21:-8:45:::
4303	302.0	1.187302001665368E-4	1	1.1548677676406051E-4	TGTGCTGTGAGAGAGGACAGAGATGACAAGATCATCTTT	NNNNNNNNNNNNNNNNNNNNNNNNNNNNNNNNNNNNNNN	TRAV1-2*00(699.4)		TRAJ30*00(539.6)		620|634|654|0|14||140.0		23|46|77|16|39||230.0		TGTGCTGTGAGAGAGGACAGAGATGACAAGATCATCTTT	45	CAVREDRDDKIIF	:::::::::0:0:14:::::16:-3:39:::
4489	302.0	1.187302001665368E-4	1	1.1548677676406051E-4	TGTGCTGCAGGTCCTTCAGGAGGAAGCTACATACCTACATTT	NNNNNNNNNNNNNNNNNNNNNNNNNNNNNNNNNNNNNNNNNN	TRAV8-3*00(589.7)		TRAJ6*00(579.6)		455|462|489|0|7||70.0		24|51|82|15|42||270.0		TGTGCTGCAGGTCCTTCAGGAGGAAGCTACATACCTACATTT	45	CAAGPSGGSYIPTF	:::::::::0:-7:7:::::15:-4:42:::
4513	302.0	1.187302001665368E-4	1	1.1548677676406051E-4	TGTGCTGGTAGTGGAGGTAGCAACTATAAACTGACATTT	NNNNNNNNNNNNNNNNNNNNNNNNNNNNNNNNNNNNNNN	TRAV17*00(859.3)		TRAJ53*00(619.3)		490|496|523|0|6||60.0		24|55|86|8|39||310.0		TGTGCTGGTAGTGGAGGTAGCAACTATAAACTGACATTT	45	CAGSGGSNYKLTF	:::::::::0:-7:6:::::8:-4:39:::
4896	302.0	1.187302001665368E-4	1	1.1548677676406051E-4	TGTGCTACGGACAGACAGGCAGGAACTGCTCTGATCTTT	NNNNNNNNNNNNNNNNNNNNNNNNNNNNNNNNNNNNNNN	TRAV17*00(919.5)		TRAJ15*00(549.9)		490|502|523|0|12||120.0		25|49|80|15|39||240.0		TGTGCTACGGACAGACAGGCAGGAACTGCTCTGATCTTT	45	CATDRQAGTALIF	:::::::::0:-1:12:::::15:-5:39:::
5006	302.0	1.187302001665368E-4	1	1.1548677676406051E-4	TGTGCCTTTATGTAGAGGTGCTGACGGACTCACCTTT	NNNNNNNNNNNNNNNNNNNNNNNNNNNNNNNNNNNNN	TRAV24*00(779.2)		TRAJ45*00(518.1)		515|526|545|0|11||110.0		32|55|86|14|37||230.0		TGTGCCTTTATGTAGAGGTGCTGACGGACTCACCTTT	45	CAFM*R_ADGLTF	:::::::::0:1:11:::::14:-12:37:::
17627	302.0	1.187302001665368E-4	1	1.1548677676406051E-4	TGTGCAGCAACCGTATGGGGGGGTTACCAGAAAGTTACCTTT	NNNNNNNNNNNNNNNNNNNNNNNNNNNNNNNNNNNNNNNNNN	TRAV29/DV5*00(510.5)		TRAJ13*00(510.3)		529|542|562|0|13|SG539C|101.0		28|52|83|18|42||240.0		TGTGCAGCAACCGTATGGGGGGGTTACCAGAAAGTTACCTTT	45	CAATVWGGYQKVTF	:::::::::0:0:13:::::18:-8:42:::
17992	302.0	1.187302001665368E-4	1	1.1548677676406051E-4	TGTGCAGCAAGCACTAATTTCTTCTGGTTCTGCAAGGCAACTGACCTTT	NNNNNNNNNNNNNNNNNNNNNNNNNNNNNNNNNNNNNNNNNNNNNNNNN	TRAV29/DV5*00(529.7)		TRAJ22*00(649.8)		529|541|562|0|12||120.0		18|52|83|15|49||340.0		TGTGCAGCAAGCACTAATTTCTTCTGGTTCTGCAAGGCAACTGACCTTT	45	CAASTNFF_GSARQLTF	:::::::::0:-1:12:::::15:2:49:::
18239	302.0	1.187302001665368E-4	1	1.1548677676406051E-4	TGTGCAGGAGTATGAGTAACAATGCCAGACTCATGTTT	NNNNNNNNNNNNNNNNNNNNNNNNNNNNNNNNNNNNNN	TRAV27*00(627.1)		TRAJ31*00(448.2)		552|562|582|0|10||100.0		21|46|77|13|38|SA23G|221.0		TGTGCAGGAGTATGAGTAACAATGCCAGACTCATGTTT	45	CAGV*V_NARLMF	:::::::::0:0:10:::::13:-1:38:::
18304	302.0	1.187302001665368E-4	1	1.1548677676406051E-4	TGTGCAGGAGAAGAATAGAGTGGAGGTAGCAACTATAAACTGACATTT	NNNNNNNNNNNNNNNNNNNNNNNNNNNNNNNNNNNNNNNNNNNNNNNN	TRAV27*00(641.3)		TRAJ53*00(609.4)		552|562|582|0|10||100.0		25|55|86|18|48||300.0		TGTGCAGGAGAAGAATAGAGTGGAGGTAGCAACTATAAACTGACATTT	45	CAGEE*SGGSNYKLTF	:::::::::0:0:10:::::18:-5:48:::
21341	302.0	1.187302001665368E-4	1	1.1548677676406051E-4	TGACCTGCCCCGTGGGGTGCTGACGGACTCACCTTT	NNNNNNNNNNNNNNNNNNNNNNNNNNNNNNNNNNNN	TRAV13-2*00(438.7)		TRAJ45*00(519.8)		506|508|539|0|2||20.0		34|55|86|15|36||210.0		TGACCTGCCCCGTGGGGTGCTGACGGACTCACCTTT	45	*PAPWGADGLTF	:::::::::0:-11:2:::::15:-14:36:::
700	301.0	1.1833705380836945E-4	2	2.3097355352812103E-4	TGTGCTGGGAGGGGCCAAACCGGCACTGCCAGTAAACTCACCTTT	[[[[[[[[[[[[[[[[[[[[[[[[[[[[[[[[[[[[[[[[[[[[[	TRAV35*00(619.5)		TRAJ44*00(567.1)		588|597|620|0|9||90.0		25|52|83|18|45||270.0		TGTGCTGGGAGGGGCCAAACCGGCACTGCCAGTAAACTCACCTTT	58	CAGRGQTGTASKLTF	:::::::::0:-3:9:::::18:-5:45:::
2244	301.0	1.1833705380836945E-4	1	1.1548677676406051E-4	TGTGCTTATAGGAGCGAATAGTTGGGAGGAAGCCAAGGAAATCTCATCTTT	NNNNNNNNNNNNNNNNNNNNNNNNNNNNNNNNNNNNNNNNNNNNNNNNNNN	TRAV38-2/DV8*00(619.4)		TRAJ42*00(569.9)		602|618|638|0|16||160.0		28|55|86|24|51||270.0		TGTGCTTATAGGAGCGAATAGTTGGGAGGAAGCCAAGGAAATCTCATCTTT	45	CAYRSE*LGGSQGNLIF	:::::::::0:0:16:::::24:-8:51:::
2588	301.0	1.1833705380836945E-4	1	1.1548677676406051E-4	TGTGCTCTGAGTCCCTCGGGGCAGCTATAAATTGATCTTC	NNNNNNNNNNNNNNNNNNNNNNNNNNNNNNNNNNNNNNNN	TRAV9-2*00(729.7)		TRAJ12*00(479.7)		480|492|514|0|12||120.0		29|49|80|20|40||200.0		TGTGCTCTGAGTCCCTCGGGGCAGCTATAAATTGATCTTC	45	CALSPSG_SYKLIF	:::::::::0:-2:12:::::20:-9:40:::
2870	301.0	1.1833705380836945E-4	1	1.1548677676406051E-4	TGTGCTCTGAATGTAGGCTTCAAAACTATCTTT	NNNNNNNNNNNNNNNNNNNNNNNNNNNNNNNNN	TRAV9-2*00(724.4)		TRAJ9*00(490.9)		480|492|514|0|12|SG490A|101.0		29|50|81|12|33|SG30T|191.0		TGTGCTCTGAATGTAGGCTTCAAAACTATCTTT	45	CALNVGFKTIF	:::::::::0:-2:12:::::12:-9:33:::
2936	301.0	1.1833705380836945E-4	1	1.1548677676406051E-4	TGTGCTCTAGACCGGCCCCCCGGGCAGGAGAGCACTTACTTTT	NNNNNNNNNNNNNNNNNNNNNNNNNNNNNNNNNNNNNNNNNNN	TRAV6*00(489.9)		TRAJ5*00(529.8)		535|547|568|0|12||120.0		26|49|80|20|43||230.0		TGTGCTCTAGACCGGCCCCCCGGGCAGGAGAGCACTTACTTTT	45	CALDRPP_GRRALTF	:::::::::0:-1:12:::::20:-6:43:::
3094	301.0	1.1833705380836945E-4	1	1.1548677676406051E-4	TGTGCTCCGCGAGTATGGAGGAAGCCAAGGAAATCTCATCTTT	NNNNNNNNNNNNNNNNNNNNNNNNNNNNNNNNNNNNNNNNNNN	TRAV41*00(729.5)		TRAJ42*00(599.6)		512|518|544|0|6||60.0		25|55|86|13|43||300.0		TGTGCTCCGCGAGTATGGAGGAAGCCAAGGAAATCTCATCTTT	45	CAPRVWR_SQGNLIF	:::::::::0:-6:6:::::13:-5:43:::
3470	301.0	1.1833705380836945E-4	1	1.1548677676406051E-4	TGTGCTGTGCAGATAATCAAAGCTGCAGGCAACAAGCTAACTTTT	NNNNNNNNNNNNNNNNNNNNNNNNNNNNNNNNNNNNNNNNNNNNN	TRAV20*00(529.8)		TRAJ17*00(600.9)		498|510|531|0|12||120.0		19|52|83|12|45|SG21A|301.0		TGTGCTGTGCAGATAATCAAAGCTGCAGGCAACAAGCTAACTTTT	45	CAVQIIKAAGNKLTF	:::::::::0:-1:12:::::12:1:45:::
3632	301.0	1.1833705380836945E-4	1	1.1548677676406051E-4	TGTGCTGTGGGGCGAAACAAACTGGTCTTT	NNNNNNNNNNNNNNNNNNNNNNNNNNNNNN	TRAV8-3*00(600.7)		TRAJ47*00(479.7)		455|466|489|0|11||110.0		29|46|77|13|30||170.0		TGTGCTGTGGGGCGAAACAAACTGGTCTTT	45	CAVGRNKLVF	:::::::::0:-3:11:::::13:-9:30:::
4091	301.0	1.1833705380836945E-4	1	1.1548677676406051E-4	TGTGCTGTGAGCCAAGGGGGCTTCAAAACTATCTTT	NNNNNNNNNNNNNNNNNNNNNNNNNNNNNNNNNNNN	TRAV8-4*00(622.9)		TRAJ9*00(480.9)		476|487|510|0|11||110.0		29|50|81|15|36|SA31G|181.0		TGTGCTGTGAGCCAAGGGGGCTTCAAAACTATCTTT	45	CAVSQGGFKTIF	:::::::::0:-3:11:::::15:-9:36:::
4160	301.0	1.1833705380836945E-4	1	1.1548677676406051E-4	TGTGCTGTGAGGGGTAGCAACACAGGCAAACTAATCTTT	NNNNNNNNNNNNNNNNNNNNNNNNNNNNNNNNNNNNNNN	TRAV21*00(987.5)		TRAJ37*00(496.6)		544|556|576|0|12||120.0		28|51|82|16|39||230.0		TGTGCTGTGAGGGGTAGCAACACAGGCAAACTAATCTTT	45	CAVRGSNTGKLIF	:::::::::0:0:12:::::16:-8:39:::
4358	301.0	1.1833705380836945E-4	1	1.1548677676406051E-4	TGTGCTGTGAAAAATAGCAACTATCAGTTAATCTGG	NNNNNNNNNNNNNNNNNNNNNNNNNNNNNNNNNNNN	TRAV21*00(732.2)		TRAJ33*00(519.4)		544|554|576|0|10||100.0		23|46|77|13|36||230.0		TGTGCTGTGAAAAATAGCAACTATCAGTTAATCTGG	45	CAVKNSNYQLIW	:::::::::0:-2:10:::::13:-3:36:::
4374	301.0	1.1833705380836945E-4	1	1.1548677676406051E-4	TGTGCTGTAGAGGGGTGGTGGTACTAGCTATGGAAAGCTGACATTT	NNNNNNNNNNNNNNNNNNNNNNNNNNNNNNNNNNNNNNNNNNNNNN	TRAV22*00(520.6)		TRAJ52*00(609.4)		526|538|559|0|12|SG534A|91.0		27|58|89|15|46||310.0		TGTGCTGTAGAGGGGTGGTGGTACTAGCTATGGAAAGCTGACATTT	45	CAVEGWWY_SYGKLTF	:::::::::0:-1:12:::::15:-7:46:::
4404	301.0	1.1833705380836945E-4	1	1.1548677676406051E-4	TGTGCTGCCTCCATTATGGAGGAAGCCAAGGAAATCTCATCTTT	NNNNNNNNNNNNNNNNNNNNNNNNNNNNNNNNNNNNNNNNNNNN	TRAV8-4*00(586.1)		TRAJ42*00(617.4)		476|483|510|0|7||70.0		23|55|86|12|44||320.0		TGTGCTGCCTCCATTATGGAGGAAGCCAAGGAAATCTCATCTTT	45	CAASIME_SQGNLIF	:::::::::0:-7:7:::::12:-3:44:::
6186	301.0	1.1833705380836945E-4	1	1.1548677676406051E-4	TGTGCCGTGCAGGCAAATCAACCTTT	NNNNNNNNNNNNNNNNNNNNNNNNNN	TRAV39*00(729.5)		TRAJ27*00(479.4)		507|515|540|0|8||90.0		30|48|79|8|26||190.0		TGTGCCGTGCAGGCAAATCAACCTTT	45	CAVQ_KSTF	:::::::::0:-5:8:::::8:-10:26:::
6278	301.0	1.1833705380836945E-4	1	1.1548677676406051E-4	TGTGCCGTGATCCCCCAGGCAGGAACTGCTCTGATCTTT	NNNNNNNNNNNNNNNNNNNNNNNNNNNNNNNNNNNNNNN	TRAV12-2*00(823.1)		TRAJ15*00(450.9)		551|561|584|0|10||100.0		24|49|80|14|39||250.0		TGTGCCGTGATCCCCCAGGCAGGAACTGCTCTGATCTTT	45	CAVIPQAGTALIF	:::::::::0:-3:10:::::14:-4:39:::
17587	301.0	1.1833705380836945E-4	1	1.1548677676406051E-4	TGTGCAGCAATTTTCCAGGGCGGATCTGAAAAGCTGGTCTTT	NNNNNNNNNNNNNNNNNNNNNNNNNNNNNNNNNNNNNNNNNN	TRAV29/DV5*00(509.5)		TRAJ57*00(579.3)		529|539|562|0|10||100.0		25|52|83|15|42||270.0		TGTGCAGCAATTTTCCAGGGCGGATCTGAAAAGCTGGTCTTT	45	CAAIFQGGSEKLVF	:::::::::0:-3:10:::::15:-5:42:::
17894	301.0	1.1833705380836945E-4	1	1.1548677676406051E-4	TGTGCAGCAAGCGCGACTTATAACTATGGTCAGAATTTTGTCTTT	NNNNNNNNNNNNNNNNNNNNNNNNNNNNNNNNNNNNNNNNNNNNN	TRAV29/DV5*00(559.1)		TRAJ26*00(549.4)		529|544|562|0|15||150.0		23|49|80|19|45||260.0		TGTGCAGCAAGCGCGACTTATAACTATGGTCAGAATTTTGTCTTT	45	CAASATYNYGQNFVF	:::::::::0:2:15:::::19:-3:45:::
18821	301.0	1.1833705380836945E-4	1	1.1548677676406051E-4	TGTGCAATGAGAGAGACCGGTAACCAGTTCTATTTT	NNNNNNNNNNNNNNNNNNNNNNNNNNNNNNNNNNNN	TRAV14/DV4*00(510.9)		TRAJ49*00(509.8)		517|532|554|0|15||150.0		24|45|76|15|36||210.0		TGTGCAATGAGAGAGACCGGTAACCAGTTCTATTTT	45	CAMRETGNQFYF	:::::::::0:-2:15:::::15:-4:36:::
19099	301.0	1.1833705380836945E-4	1	1.1548677676406051E-4	TGCGCTGTTCTCAGGGGAACCAGGGAGGAAAGCTTATCTTC	NNNNNNNNNNNNNNNNNNNNNNNNNNNNNNNNNNNNNNNNN	TRAV1-1*00(650.4)		TRAJ23*00(510.8)		670|678|704|0|8||80.0		28|52|83|17|41||240.0		TGCGCTGTTCTCAGGGGAACCAGGGAGGAAAGCTTATCTTC	45	CAVLRGT_GGKLIF	:::::::::0:-6:8:::::17:-8:41:::
20340	301.0	1.1833705380836945E-4	1	1.1548677676406051E-4	TGCATCGTCACGCCGCGGGGGGGTTACCAGAAAGTTACCTTT	NNNNNNNNNNNNNNNNNNNNNNNNNNNNNNNNNNNNNNNNNN	TRAV26-1*00(589.6)		TRAJ13*00(510.6)		763|773|799|0|10||100.0		28|52|83|18|42||240.0		TGCATCGTCACGCCGCGGGGGGGTTACCAGAAAGTTACCTTT	45	CIVTPRGGYQKVTF	:::::::::0:-6:10:::::18:-8:42:::
20433	301.0	1.1833705380836945E-4	1	1.1548677676406051E-4	TGCATCGTCAGAGTCAACACCGGTAACCAGTTCTATTTT	NNNNNNNNNNNNNNNNNNNNNNNNNNNNNNNNNNNNNNN	TRAV26-1*00(639.5)		TRAJ49*00(539.6)		763|778|799|0|15||150.0		21|45|76|15|39||240.0		TGCATCGTCAGAGTCAACACCGGTAACCAGTTCTATTTT	45	CIVRVNTGNQFYF	:::::::::0:-1:15:::::15:-1:39:::
20499	301.0	1.1833705380836945E-4	1	1.1548677676406051E-4	TGCACCCACGGAGGAGGTGCTGACGGACTCACCTTT	NNNNNNNNNNNNNNNNNNNNNNNNNNNNNNNNNNNN	TRAV26-1*00(529.1)		TRAJ45*00(579.4)		763|767|799|0|4||40.0		28|55|86|9|36||270.0		TGCACCCACGGAGGAGGTGCTGACGGACTCACCTTT	45	CTHGGGADGLTF	:::::::::0:-12:4:::::9:-8:36:::
1912	300.0	1.1794390745020212E-4	1	1.1548677676406051E-4	TGTGTGGTGAACATGGCCTCAGGAACCTACAAATACATCTTT	NNNNNNNNNNNNNNNNNNNNNNNNNNNNNNNNNNNNNNNNNN	TRAV12-1*00(1009.4)		TRAJ40*00(509.5)		539|554|572|0|15||150.0		24|50|81|16|42||260.0		TGTGTGGTGAACATGGCCTCAGGAACCTACAAATACATCTTT	45	CVVNMASGTYKYIF	:::::::::0:2:15:::::16:-4:42:::
1984	300.0	1.1794390745020212E-4	1	1.1548677676406051E-4	TGTGTGGACTGGAGCCAATAGTAAGCTGACATTT	NNNNNNNNNNNNNNNNNNNNNNNNNNNNNNNNNN	TRAV21*00(909.5)		TRAJ56*00(579.7)		544|548|576|0|4||40.0		24|51|82|7|34||270.0		TGTGTGGACTGGAGCCAATAGTAAGCTGACATTT	45	CVDWSQ_SKLTF	:::::::::0:-8:4:::::7:-4:34:::
2061	300.0	1.1794390745020212E-4	1	1.1548677676406051E-4	TGTGCTTTCATGAAGCCGTATCCCGGTAACCAGTTCTATTTT	NNNNNNNNNNNNNNNNNNNNNNNNNNNNNNNNNNNNNNNNNN	TRAV38-1*00(619.5)		TRAJ49*00(499.6)		596|612|633|0|16||160.0		25|45|76|22|42||200.0		TGTGCTTTCATGAAGCCGTATCCCGGTAACCAGTTCTATTTT	45	CAFMKPYPGNQFYF	:::::::::0:-1:16:::::22:-5:42:::
2192	300.0	1.1794390745020212E-4	1	1.1548677676406051E-4	TGTGCTTATAGGGTTTAACTCAGGGCGGATCTGAAAAGCTGGTCTTT	NNNNNNNNNNNNNNNNNNNNNNNNNNNNNNNNNNNNNNNNNNNNNNN	TRAV38-2/DV8*00(579.8)		TRAJ57*00(619.9)		602|614|638|0|12||120.0		20|52|83|15|47||320.0		TGTGCTTATAGGGTTTAACTCAGGGCGGATCTGAAAAGCTGGTCTTT	45	CAYRV*LR_GSEKLVF	:::::::::0:-4:12:::::15:0:47:::
2504	300.0	1.1794390745020212E-4	1	1.1548677676406051E-4	TGTGCTCTGGCCCCTCAGGGGGGTTACCAGAAAGTTACCTTT	NNNNNNNNNNNNNNNNNNNNNNNNNNNNNNNNNNNNNNNNNN	TRAV9-2*00(699.7)		TRAJ13*00(539.8)		480|489|514|0|9||90.0		28|52|83|18|42||240.0		TGTGCTCTGGCCCCTCAGGGGGGTTACCAGAAAGTTACCTTT	45	CALAPQGGYQKVTF	:::::::::0:-5:9:::::18:-8:42:::
2703	300.0	1.1794390745020212E-4	1	1.1548677676406051E-4	TGTGCTCTGAGTGAGCGGACGACAGAGGCTCAACCCTGGGGAGGCTATACTTT	NNNNNNNNNNNNNNNNNNNNNNNNNNNNNNNNNNNNNNNNNNNNNNNNNNNNN	TRAV9-2*00(739.7)		TRAJ18*00(660.9)		480|494|514|0|14||140.0		17|55|86|15|53|SC20A|351.0		TGTGCTCTGAGTGAGCGGACGACAGAGGCTCAACCCTGGGGAGGCTATACTTT	45	CALSERTTE_STLGRLYF	:::::::::0:0:14:::::15:3:53:::
2790	300.0	1.1794390745020212E-4	1	1.1548677676406051E-4	TGTGCTCTGAGTATCGCCGCCAATGCAGGCAAATCAACCTTT	NNNNNNNNNNNNNNNNNNNNNNNNNNNNNNNNNNNNNNNNNN	TRAV9-2*00(729.3)		TRAJ27*00(519.1)		480|492|514|0|12||120.0		25|48|79|19|42||230.0		TGTGCTCTGAGTATCGCCGCCAATGCAGGCAAATCAACCTTT	45	CALSIAANAGKSTF	:::::::::0:-2:12:::::19:-5:42:::
3114	300.0	1.1794390745020212E-4	1	1.1548677676406051E-4	TGTGCTCCAACCCGATTTGGAAATGAGAAATTAACCTTT	NNNNNNNNNNNNNNNNNNNNNNNNNNNNNNNNNNNNNNN	TRAV9-2*00(679.6)		TRAJ48*00(549)		480|487|514|0|7||70.0		28|52|83|15|39||240.0		TGTGCTCCAACCCGATTTGGAAATGAGAAATTAACCTTT	45	CAPTRFGNEKLTF	:::::::::0:-7:7:::::15:-8:39:::
3153	300.0	1.1794390745020212E-4	1	1.1548677676406051E-4	TGTGCTGTTTGACAGGGGCCTCAGGAACCTACAAATACATCTTT	NNNNNNNNNNNNNNNNNNNNNNNNNNNNNNNNNNNNNNNNNNNN	TRAV8-3*00(533.6)		TRAJ40*00(549.5)		455|463|489|0|8||80.0		24|50|81|18|44||260.0		TGTGCTGTTTGACAGGGGCCTCAGGAACCTACAAATACATCTTT	45	CAV*QGP_GTYKYIF	:::::::::0:-6:8:::::18:-4:44:::
3590	300.0	1.1794390745020212E-4	1	1.1548677676406051E-4	TGTGCTGTGGGTGGAATGGGAACAACAGACTCGCTTTT	NNNNNNNNNNNNNNNNNNNNNNNNNNNNNNNNNNNNNN	TRAV8-3*00(649.6)		TRAJ7*00(519.8)		455|468|489|0|13||130.0		25|48|79|15|38||230.0		TGTGCTGTGGGTGGAATGGGAACAACAGACTCGCTTTT	45	CAVGGM_NNRLAF	:::::::::0:-1:13:::::15:-5:38:::
3761	300.0	1.1794390745020212E-4	1	1.1548677676406051E-4	TGTGCTGTGGAACGGTTGGGTGGTGGTGCTACAAACAAGCTCATCTTT	NNNNNNNNNNNNNNNNNNNNNNNNNNNNNNNNNNNNNNNNNNNNNNNN	TRAV2*00(1008.9)		TRAJ32*00(529.4)		519|530|553|0|11||110.0		27|55|86|20|48||280.0		TGTGCTGTGGAACGGTTGGGTGGTGGTGCTACAAACAAGCTCATCTTT	45	CAVERLGGGATNKLIF	:::::::::0:-3:11:::::20:-7:48:::
4178	300.0	1.1794390745020212E-4	1	1.1548677676406051E-4	TGTGCTGTGAGGGACTCCAATAATGCAGGCAACATGCTCACCTTT	NNNNNNNNNNNNNNNNNNNNNNNNNNNNNNNNNNNNNNNNNNNNN	TRAV3*00(600.9)		TRAJ39*00(579.5)		437|452|473|0|15|SA448G|121.0		25|52|83|18|45||270.0		TGTGCTGTGAGGGACTCCAATAATGCAGGCAACATGCTCACCTTT	45	CAVRDSNNAGNMLTF	:::::::::0:-1:15:::::18:-5:45:::
4482	300.0	1.1794390745020212E-4	1	1.1548677676406051E-4	TGTGCTGCACCCCCGGGGTACAGCAGTGCTTCCAAGATAATCTTT	NNNNNNNNNNNNNNNNNNNNNNNNNNNNNNNNNNNNNNNNNNNNN	TRAV8-5*00(597.3)		TRAJ3*00(649.4)		1528|1537|1562|0|9||90.0		16|51|82|10|45||350.0		TGTGCTGCACCCCCGGGGTACAGCAGTGCTTCCAAGATAATCTTT	45	CAAPPGYSSASKIIF	:::::::::0:-5:9:::::10:4:45:::
4667	300.0	1.1794390745020212E-4	1	1.1548677676406051E-4	TGTGCTGGGCAGGGAAAAAGATAACTATGGTCAGAATTTTGTCTTT	NNNNNNNNNNNNNNNNNNNNNNNNNNNNNNNNNNNNNNNNNNNNNN	TRAV35*00(946)		TRAJ26*00(519.8)		588|600|620|0|12||120.0		22|49|80|19|46||270.0		TGTGCTGGGCAGGGAAAAAGATAACTATGGTCAGAATTTTGTCTTT	45	CAGQGKR*_YGQNFVF	:::::::::0:0:12:::::19:-2:46:::
5033	300.0	1.1794390745020212E-4	1	1.1548677676406051E-4	TGTGCCTTTAAGGTAGTGGACTTTGGAAATGAGAAATTAACCTTT	NNNNNNNNNNNNNNNNNNNNNNNNNNNNNNNNNNNNNNNNNNNNN	TRAV24*00(789.7)		TRAJ48*00(546.4)		515|525|545|0|10||100.0		26|52|83|19|45||260.0		TGTGCCTTTAAGGTAGTGGACTTTGGAAATGAGAAATTAACCTTT	45	CAFKVVDFGNEKLTF	:::::::::0:0:10:::::19:-6:45:::
6155	300.0	1.1794390745020212E-4	1	1.1548677676406051E-4	TGTGCCGTCACTACCTCAGGAACCTACAAATACATCTTT	NNNNNNNNNNNNNNNNNNNNNNNNNNNNNNNNNNNNNNN	TRAV8-1*00(549.5)		TRAJ40*00(589.6)		474|482|508|0|8||80.0		20|50|81|9|39||300.0		TGTGCCGTCACTACCTCAGGAACCTACAAATACATCTTT	45	CAVTTSGTYKYIF	:::::::::0:-6:8:::::9:0:39:::
6557	300.0	1.1794390745020212E-4	1	1.1548677676406051E-4	TGTGCCGGGAAATATGGAAACAAGCTGGTCTTT	NNNNNNNNNNNNNNNNNNNNNNNNNNNNNNNNN	TRAV12-2*00(450.3),TRAV12-3*00(449.8)		TRAJ47*00(510.8)		551|562|584|0|11|ST558G|81.0;562|567|595|0|5||50.0		24|46|77|11|33|SA36G|201.0		TGTGCCGGGAAATATGGAAACAAGCTGGTCTTT	45	CAGKYGNKLVF	:::::::::0:-2:11:::::11:-4:33:::
17914	300.0	1.1794390745020212E-4	1	1.1548677676406051E-4	TGTGCAGCAAGCGGTGCTGGTGGTACTAGCTATGGAAAGCTGACATTT	NNNNNNNNNNNNNNNNNNNNNNNNNNNNNNNNNNNNNNNNNNNNNNNN	TRAV29/DV5*00(539.7)		TRAJ52*00(640)		529|542|562|0|13||130.0		24|58|89|14|48||340.0		TGTGCAGCAAGCGGTGCTGGTGGTACTAGCTATGGAAAGCTGACATTT	45	CAASGAGGTSYGKLTF	:::::::::0:0:13:::::14:-4:48:::
18017	300.0	1.1794390745020212E-4	1	1.1548677676406051E-4	TGTGCAGCAAGCAGAGAGATGACAAGATCATCTTT	NNNNNNNNNNNNNNNNNNNNNNNNNNNNNNNNNNN	TRAV23/DV6*00(499.8)		TRAJ30*00(519.7)		517|530|550|0|13||130.0		25|46|77|14|35||210.0		TGTGCAGCAAGCAGAGAGATGACAAGATCATCTTT	45	CAASRE_DKIIF	:::::::::0:0:13:::::14:-5:35:::
18331	300.0	1.1794390745020212E-4	1	1.1548677676406051E-4	TGTGCAGACCTCCGGCGGGGAAGCCAAGGAAATCTCATCTTT	NNNNNNNNNNNNNNNNNNNNNNNNNNNNNNNNNNNNNNNNNN	TRAV25*00(529.8)		TRAJ42*00(539.6)		620|627|649|0|7||70.0		31|55|86|18|42||240.0		TGTGCAGACCTCCGGCGGGGAAGCCAAGGAAATCTCATCTTT	45	CADLRRGSQGNLIF	:::::::::0:-2:7:::::18:-11:42:::
20315	300.0	1.1794390745020212E-4	1	1.1548677676406051E-4	TGCATCGTTCATCGTGCGAACCAGTTCTATTTT	NNNNNNNNNNNNNNNNNNNNNNNNNNNNNNNNN	TRAV26-1*00(569.9)		TRAJ49*00(449.4)		763|771|799|0|8||80.0		30|45|76|18|33||150.0		TGCATCGTTCATCGTGCGAACCAGTTCTATTTT	45	CIVHRANQFYF	:::::::::0:-8:8:::::18:-10:33:::
1509	299.0	1.1755076109203477E-4	1	1.1548677676406051E-4	TGTTTAATACCTCAGGAACCTACAAATACATCTTT	NNNNNNNNNNNNNNNNNNNNNNNNNNNNNNNNNNN	TRAV25*00(472.8)		TRAJ40*00(570.7)		620|623|649|0|3||30.0		19|50|81|4|35|SC21A|281.0		TGTTTAATACCTCAGGAACCTACAAATACATCTTT	45	CLIPQE_YKYIF	:::::::::0:-6:3:::::4:1:35:::
2508	299.0	1.1755076109203477E-4	1	1.1548677676406051E-4	TGTGCTCTGGCGCATTATGGAGGAAGCCAAGGAAATCTCATCTTT	NNNNNNNNNNNNNNNNNNNNNNNNNNNNNNNNNNNNNNNNNNNNN	TRAV9-2*00(719.1)		TRAJ42*00(619.5)		480|489|514|0|9||90.0		23|55|86|13|45||320.0		TGTGCTCTGGCGCATTATGGAGGAAGCCAAGGAAATCTCATCTTT	45	CALAHYGGSQGNLIF	:::::::::0:-5:9:::::13:-3:45:::
2581	299.0	1.1755076109203477E-4	1	1.1548677676406051E-4	TGTGCTCTGAGTTAGGCTTTCTGGTTCTGCAAGGCAACTGACCTTT	NNNNNNNNNNNNNNNNNNNNNNNNNNNNNNNNNNNNNNNNNNNNNN	TRAV19*00(750.2)		TRAJ22*00(589.2)		556|573|593|0|17|SG568T|141.0		24|52|83|18|46||280.0		TGTGCTCTGAGTTAGGCTTTCTGGTTCTGCAAGGCAACTGACCTTT	45	CALS*AFW_SARQLTF	:::::::::0:0:17:::::18:-4:46:::
2824	299.0	1.1755076109203477E-4	1	1.1548677676406051E-4	TGTGCTCTGAGCGACACAGGCTTTCAGAAACTTGTATTT	NNNNNNNNNNNNNNNNNNNNNNNNNNNNNNNNNNNNNNN	TRAV9-2*00(720.5)		TRAJ8*00(549.5)		480|494|514|0|14|ST491C|111.0		24|49|80|14|39||260.0		TGTGCTCTGAGCGACACAGGCTTTCAGAAACTTGTATTT	45	CALSDTGFQKLVF	:::::::::0:0:14:::::14:-4:39:::
2913	299.0	1.1755076109203477E-4	1	1.1548677676406051E-4	TGTGCTCTAGCCCCTAGGGGGGGTTACCAGAAAGTTACCTTT	NNNNNNNNNNNNNNNNNNNNNNNNNNNNNNNNNNNNNNNNNN	TRAV6*00(469.7)		TRAJ13*00(539.7)		535|545|568|0|10||100.0		28|52|83|18|42||240.0		TGTGCTCTAGCCCCTAGGGGGGGTTACCAGAAAGTTACCTTT	45	CALAPRGGYQKVTF	:::::::::0:-3:10:::::18:-8:42:::
3083	299.0	1.1755076109203477E-4	1	1.1548677676406051E-4	TGTGCTCCCAATTCCGGGTATGCACTCAACTTC	NNNNNNNNNNNNNNNNNNNNNNNNNNNNNNNNN	TRAV9-2*00(679.4)		TRAJ41*00(499.8)		480|487|514|0|7||70.0		27|51|82|9|33||240.0		TGTGCTCCCAATTCCGGGTATGCACTCAACTTC	45	CAPNSGYALNF	:::::::::0:-7:7:::::9:-7:33:::
3252	299.0	1.1755076109203477E-4	1	1.1548677676406051E-4	TGTGCTGTCCAGAATAATGCAGGCAACATGCTCACCTTT	NNNNNNNNNNNNNNNNNNNNNNNNNNNNNNNNNNNNNNN	TRAV2*00(780.7)		TRAJ39*00(557.5)		519|527|553|0|8||80.0		25|52|83|12|39||270.0		TGTGCTGTCCAGAATAATGCAGGCAACATGCTCACCTTT	45	CAVQNNAGNMLTF	:::::::::0:-6:8:::::12:-5:39:::
4055	299.0	1.1755076109203477E-4	1	1.1548677676406051E-4	TGTGCTGTGAGTGAAAGGGATAGCAGCTATAAATTGATCTTC	NNNNNNNNNNNNNNNNNNNNNNNNNNNNNNNNNNNNNNNNNN	TRAV8-6*00(709.7)		TRAJ12*00(519.8)		448|462|482|0|14||140.0		24|49|80|17|42||250.0		TGTGCTGTGAGTGAAAGGGATAGCAGCTATAAATTGATCTTC	45	CAVSERDSSYKLIF	:::::::::0:0:14:::::17:-4:42:::
4166	299.0	1.1755076109203477E-4	1	1.1548677676406051E-4	TGTGCTGTGAGGGGGCCTCAGGGCGGATCTGAAAAGCTGGTCTTT	NNNNNNNNNNNNNNNNNNNNNNNNNNNNNNNNNNNNNNNNNNNNN	TRAV8-4*00(640.3)		TRAJ57*00(589.1)		476|487|510|0|11||110.0		23|52|83|16|45||290.0		TGTGCTGTGAGGGGGCCTCAGGGCGGATCTGAAAAGCTGGTCTTT	45	CAVRGPQGGSEKLVF	:::::::::0:-3:11:::::16:-3:45:::
4230	299.0	1.1755076109203477E-4	1	1.1548677676406051E-4	TGTGCTGTGAGAGCCCTTAACACCAATGCAGGCAAATCAACCTTT	NNNNNNNNNNNNNNNNNNNNNNNNNNNNNNNNNNNNNNNNNNNNN	TRAV1-2*00(689.6)		TRAJ27*00(569.2)		620|633|654|0|13||130.0		20|48|79|17|45||280.0		TGTGCTGTGAGAGCCCTTAACACCAATGCAGGCAAATCAACCTTT	45	CAVRALNTNAGKSTF	:::::::::0:-1:13:::::17:0:45:::
4344	299.0	1.1755076109203477E-4	1	1.1548677676406051E-4	TGTGCTGTGAAGGATAGCAACTATCAGTTAATCTGG	NNNNNNNNNNNNNNNNNNNNNNNNNNNNNNNNNNNN	TRAV1-2*00(659.6)		TRAJ33*00(540)		620|630|654|0|10||100.0		21|46|77|11|36||250.0		TGTGCTGTGAAGGATAGCAACTATCAGTTAATCTGG	45	CAVKDSNYQLIW	:::::::::0:-4:10:::::11:-1:36:::
4596	299.0	1.1755076109203477E-4	1	1.1548677676406051E-4	TGTGCTGGGCGAGGCTCTAGCAACACAGGCAAACTAATCTTT	NNNNNNNNNNNNNNNNNNNNNNNNNNNNNNNNNNNNNNNNNN	TRAV35*00(939.1)		TRAJ37*00(478.6)		588|598|620|0|10||100.0		21|51|82|12|42|SG27A|271.0		TGTGCTGGGCGAGGCTCTAGCAACACAGGCAAACTAATCTTT	45	CAGRGSSNTGKLIF	:::::::::0:-2:10:::::12:-1:42:::
4736	299.0	1.1755076109203477E-4	1	1.1548677676406051E-4	TGTGCTGGACCATTATGGAGGAAGCCAAGGAAATCTCATCTTT	NNNNNNNNNNNNNNNNNNNNNNNNNNNNNNNNNNNNNNNNNNN	TRAV1-2*00(629.6)		TRAJ42*00(619.4)		620|627|654|0|7||70.0		23|55|86|11|43||320.0		TGTGCTGGACCATTATGGAGGAAGCCAAGGAAATCTCATCTTT	45	CAGPLWR_SQGNLIF	:::::::::0:-7:7:::::11:-3:43:::
5969	299.0	1.1755076109203477E-4	1	1.1548677676406051E-4	TGTGCCCTTACAATGCCAGACTCATGTTT	NNNNNNNNNNNNNNNNNNNNNNNNNNNNN	TRAV9-2*00(660.8)		TRAJ31*00(499.7)		480|488|514|0|8|ST485C|51.0		26|46|77|9|29||200.0		TGTGCCCTTACAATGCCAGACTCATGTTT	45	CALTM_RLMF	:::::::::0:-6:8:::::9:-6:29:::
6484	299.0	1.1755076109203477E-4	1	1.1548677676406051E-4	TGTGCCGCTAACGACTACAAGCTCAGCTTT	NNNNNNNNNNNNNNNNNNNNNNNNNNNNNN	TRAV12-2*00(769.7)		TRAJ20*00(529.7)		551|558|584|0|7||70.0		23|46|77|7|30||230.0		TGTGCCGCTAACGACTACAAGCTCAGCTTT	45	CAANDYKLSF	:::::::::0:-6:7:::::7:-3:30:::
17474	299.0	1.1755076109203477E-4	1	1.1548677676406051E-4	TGTGCAGCCTGGTAGCGGATATAACACCGACAAGCTCATCTTT	NNNNNNNNNNNNNNNNNNNNNNNNNNNNNNNNNNNNNNNNNNN	TRAV23/DV6*00(449.9)		TRAJ34*00(539.6)		517|525|550|0|8||80.0		23|47|78|19|43||240.0		TGTGCAGCCTGGTAGCGGATATAACACCGACAAGCTCATCTTT	45	CAAW*RI_NTDKLIF	:::::::::0:-5:8:::::19:-3:43:::
17836	299.0	1.1755076109203477E-4	1	1.1548677676406051E-4	TGTGCAGCAAGCCATACCTCAGGAACCTACAAATACATCTTT	NNNNNNNNNNNNNNNNNNNNNNNNNNNNNNNNNNNNNNNNNN	TRAV29/DV5*00(529.8)		TRAJ40*00(569.7)		529|541|562|0|12||120.0		22|50|81|14|42||280.0		TGTGCAGCAAGCCATACCTCAGGAACCTACAAATACATCTTT	45	CAASHTSGTYKYIF	:::::::::0:-1:12:::::14:-2:42:::
18166	299.0	1.1755076109203477E-4	1	1.1548677676406051E-4	TGTGCAGGGCCAGGGAGGAAAGCTTATCTTC	NNNNNNNNNNNNNNNNNNNNNNNNNNNNNNN	TRAV27*00(621.6)		TRAJ23*00(529.8)		552|560|582|0|8||80.0		30|52|83|9|31||220.0		TGTGCAGGGCCAGGGAGGAAAGCTTATCTTC	45	CAGPG_GKLIF	:::::::::0:-2:8:::::9:-10:31:::
18537	299.0	1.1755076109203477E-4	1	1.1548677676406051E-4	TGTGCAATTGATGGGGCAGGCAACATGCTCACCTTT	NNNNNNNNNNNNNNNNNNNNNNNNNNNNNNNNNNNN	TRAV38-2/DV8*00(509.3)		TRAJ39*00(519.5)		602|607|638|0|5||50.0		31|52|83|15|36||210.0		TGTGCAATTGATGGGGCAGGCAACATGCTCACCTTT	45	CAIDGAGNMLTF	:::::::::0:-11:5:::::15:-11:36:::
18813	299.0	1.1755076109203477E-4	1	1.1548677676406051E-4	TGTGCAATGAGAGAGGACTACTAGCTATGGAAAGCTGACATTT	NNNNNNNNNNNNNNNNNNNNNNNNNNNNNNNNNNNNNNNNNNN	TRAV14/DV4*00(728.3)		TRAJ52*00(549.6)		517|533|554|0|16||160.0		33|58|89|18|43||250.0		TGTGCAATGAGAGAGGACTACTAGCTATGGAAAGCTGACATTT	45	CAMREDY_SYGKLTF	:::::::::0:-1:16:::::18:-13:43:::
19125	299.0	1.1755076109203477E-4	1	1.1548677676406051E-4	TGCGCTGTGAGTCACAATATACTGGAGGCTTCAAAACTATCTTT	NNNNNNNNNNNNNNNNNNNNNNNNNNNNNNNNNNNNNNNNNNNN	TRAV1-1*00(680.6)		TRAJ9*00(558.4)		670|681|704|0|11||110.0		24|50|81|18|44||260.0		TGCGCTGTGAGTCACAATATACTGGAGGCTTCAAAACTATCTTT	45	CAVSHNI_GGFKTIF	:::::::::0:-3:11:::::18:-4:44:::
20183	299.0	1.1755076109203477E-4	1	1.1548677676406051E-4	TGCGGCACAGAACTCCACACCGGTAACCAGTTCTATTTT	NNNNNNNNNNNNNNNNNNNNNNNNNNNNNNNNNNNNNNN	TRAV30*00(479.8)		TRAJ49*00(529.7)		567|578|600|0|11||110.0		22|45|76|16|39||230.0		TGCGGCACAGAACTCCACACCGGTAACCAGTTCTATTTT	45	CGTELHTGNQFYF	:::::::::0:-2:11:::::16:-2:39:::
20377	299.0	1.1755076109203477E-4	1	1.1548677676406051E-4	TGCATCGTCAGAGTCTGAGAAAAACACCGACAAGCTCATCTTT	NNNNNNNNNNNNNNNNNNNNNNNNNNNNNNNNNNNNNNNNNNN	TRAV26-1*00(639.8)		TRAJ34*00(509.7)		763|778|799|0|15||150.0		26|47|78|22|43||210.0		TGCATCGTCAGAGTCTGAGAAAAACACCGACAAGCTCATCTTT	45	CIVRV*E_NTDKLIF	:::::::::0:-1:15:::::22:-6:43:::
1880	298.0	1.1715761473386744E-4	1	1.1548677676406051E-4	TGTGTGGTGAACCAGGACTCACGGGAGGAGGAAACAAACTCACCTTT	NNNNNNNNNNNNNNNNNNNNNNNNNNNNNNNNNNNNNNNNNNNNNNN	TRAV12-1*00(519.8)		TRAJ10*00(609.9)		539|551|572|0|12||120.0		22|53|84|16|47||310.0		TGTGTGGTGAACCAGGACTCACGGGAGGAGGAAACAAACTCACCTTT	45	CVVNQDSR_GGNKLTF	:::::::::0:-1:12:::::16:-2:47:::
3460	298.0	1.1715761473386744E-4	1	1.1548677676406051E-4	TGTGCTGTGCAGGGAAGATCAGGAGGAGGTGCTGACGGACTCACCTTT	NNNNNNNNNNNNNNNNNNNNNNNNNNNNNNNNNNNNNNNNNNNNNNNN	TRAV20*00(539.9)		TRAJ45*00(609.6)		498|511|531|0|13||130.0		25|55|86|18|48||300.0		TGTGCTGTGCAGGGAAGATCAGGAGGAGGTGCTGACGGACTCACCTTT	45	CAVQGRSGGGADGLTF	:::::::::0:0:13:::::18:-5:48:::
3474	298.0	1.1715761473386744E-4	1	1.1548677676406051E-4	TGTGCTGTGCAATAATGCAGGCAACATGCTCACCTTT	NNNNNNNNNNNNNNNNNNNNNNNNNNNNNNNNNNNNN	TRAV21*00(959.8)		TRAJ39*00(559.3)		544|553|576|0|9||90.0		25|52|83|10|37||270.0		TGTGCTGTGCAATAATGCAGGCAACATGCTCACCTTT	45	CAVQ*C_GNMLTF	:::::::::0:-3:9:::::10:-5:37:::
3974	298.0	1.1715761473386744E-4	1	1.1548677676406051E-4	TGTGCTGTGAGTGATCAACCAGGAGGAGGTGCTGACGGACTCACCTTT	NNNNNNNNNNNNNNNNNNNNNNNNNNNNNNNNNNNNNNNNNNNNNNNN	TRAV8-4*00(688)		TRAJ45*00(599.4)		476|493|510|0|17||170.0		26|55|86|19|48||290.0		TGTGCTGTGAGTGATCAACCAGGAGGAGGTGCTGACGGACTCACCTTT	45	CAVSDQPGGGADGLTF	:::::::::0:3:17:::::19:-6:48:::
4046	298.0	1.1715761473386744E-4	1	1.1548677676406051E-4	TGTGCTGTGAGTGAAGGGGGCAGCGGAGACAAGCTGACTTTT	NNNNNNNNNNNNNNNNNNNNNNNNNNNNNNNNNNNNNNNNNN	TRAV8-6*00(709.8)		TRAJ46*00(529.4)		448|462|482|0|14||140.0		29|52|83|19|42||230.0		TGTGCTGTGAGTGAAGGGGGCAGCGGAGACAAGCTGACTTTT	45	CAVSEGGSGDKLTF	:::::::::0:0:14:::::19:-9:42:::
4608	298.0	1.1715761473386744E-4	1	1.1548677676406051E-4	TGTGCTGGGCAGTCCTCAGGAACCTACAAATACATCTTT	NNNNNNNNNNNNNNNNNNNNNNNNNNNNNNNNNNNNNNN	TRAV35*00(509.8)		TRAJ40*00(549.8)		588|600|620|0|12||120.0		24|50|81|13|39||260.0		TGTGCTGGGCAGTCCTCAGGAACCTACAAATACATCTTT	45	CAGQSSGTYKYIF	:::::::::0:0:12:::::13:-4:39:::
4834	298.0	1.1715761473386744E-4	1	1.1548677676406051E-4	TGTGCTACGGACTCGCCTAACTTTGGAAATGAGAAATTAACCTTT	NNNNNNNNNNNNNNNNNNNNNNNNNNNNNNNNNNNNNNNNNNNNN	TRAV17*00(920.4)		TRAJ48*00(569.2)		490|505|523|0|15|SG502T|121.0		23|52|83|16|45||290.0		TGTGCTACGGACTCGCCTAACTTTGGAAATGAGAAATTAACCTTT	45	CATDSPNFGNEKLTF	:::::::::0:2:15:::::16:-3:45:::
4911	298.0	1.1715761473386744E-4	1	1.1548677676406051E-4	TGTGCTACGACCCAGATCATACAACTTCAACAAATTTTACTTT	NNNNNNNNNNNNNNNNNNNNNNNNNNNNNNNNNNNNNNNNNNN	TRAV17*00(888.7)		TRAJ21*00(549.3)		490|499|523|0|9||90.0		19|44|75|18|43||250.0		TGTGCTACGACCCAGATCATACAACTTCAACAAATTTTACTTT	45	CATTQII_NFNKFYF	:::::::::0:-4:9:::::18:1:43:::
4978	298.0	1.1715761473386744E-4	1	1.1548677676406051E-4	TGTGCCTTTTCGACCGTTCGGACACCGACAAGCTCATCTTT	NNNNNNNNNNNNNNNNNNNNNNNNNNNNNNNNNNNNNNNNN	TRAV24*00(731)		TRAJ34*00(479.3)		515|524|545|0|9||90.0		27|47|78|21|41||200.0		TGTGCCTTTTCGACCGTTCGGACACCGACAAGCTCATCTTT	45	CAFSTVR_TDKLIF	:::::::::0:-1:9:::::21:-7:41:::
5049	298.0	1.1715761473386744E-4	1	1.1548677676406051E-4	TGTGCCTTCCCAATAATGCTGGTGGTACTAGCTATGGAAAGCTGACATTT	NNNNNNNNNNNNNNNNNNNNNNNNNNNNNNNNNNNNNNNNNNNNNNNNNN	TRAV24*00(645.9)		TRAJ52*00(650.2)		515|523|545|0|8||80.0		21|58|89|13|50||370.0		TGTGCCTTCCCAATAATGCTGGTGGTACTAGCTATGGAAAGCTGACATTT	45	CAFPIMLV_TSYGKLTF	:::::::::0:-2:8:::::13:-1:50:::
6087	298.0	1.1715761473386744E-4	1	1.1548677676406051E-4	TGTGCCCGGGGCGGGAATGCAGGCAACATGCTCACCTTT	NNNNNNNNNNNNNNNNNNNNNNNNNNNNNNNNNNNNNNN	TRAV21*00(720.9)		TRAJ39*00(524.8)		544|549|576|0|5||50.0		28|52|83|15|39||240.0		TGTGCCCGGGGCGGGAATGCAGGCAACATGCTCACCTTT	45	CARGGNAGNMLTF	:::::::::0:-7:5:::::15:-8:39:::
6177	298.0	1.1715761473386744E-4	1	1.1548677676406051E-4	TGTGCCGTGTATTATAACAATGCCAGACTCATGTTT	NNNNNNNNNNNNNNNNNNNNNNNNNNNNNNNNNNNN	TRAV8-1*00(560.6)		TRAJ31*00(529.9)		474|486|508|0|12|SA483T|91.0		23|46|77|13|36||230.0		TGTGCCGTGTATTATAACAATGCCAGACTCATGTTT	45	CAVYYNNARLMF	:::::::::0:-2:12:::::13:-3:36:::
6545	298.0	1.1715761473386744E-4	1	1.1548677676406051E-4	TGTGCCGGGCCTGGGGTGGCAACAACCGTAAGCTGATTTGG	NNNNNNNNNNNNNNNNNNNNNNNNNNNNNNNNNNNNNNNNN	TRAV8-1*00(539.9)		TRAJ38*00(549.7)		474|481|508|0|7||70.0		26|51|82|16|41||250.0		TGTGCCGGGCCTGGGGTGGCAACAACCGTAAGCTGATTTGG	45	CAGPGVA_NRKLIW	:::::::::0:-7:7:::::16:-6:41:::
17442	298.0	1.1715761473386744E-4	1	1.1548677676406051E-4	TGTGCAGCTCTTACGAACACCGGTAACCAGTTCTATTTT	NNNNNNNNNNNNNNNNNNNNNNNNNNNNNNNNNNNNNNN	TRAV29/DV5*00(489.6)		TRAJ49*00(557.7)		529|537|562|0|8||80.0		19|45|76|13|39||260.0		TGTGCAGCTCTTACGAACACCGGTAACCAGTTCTATTTT	45	CAALTNTGNQFYF	:::::::::0:-5:8:::::13:1:39:::
17553	298.0	1.1715761473386744E-4	1	1.1548677676406051E-4	TGTGCAGCACCCGACAAATTTTACTTT	NNNNNNNNNNNNNNNNNNNNNNNNNNN	TRAV29/DV5*00(500)		TRAJ21*00(450)		529|538|562|0|9||90.0		30|44|75|13|27||140.0		TGTGCAGCACCCGACAAATTTTACTTT	45	CAAPDKFYF	:::::::::0:-4:9:::::13:-10:27:::
17878	298.0	1.1715761473386744E-4	1	1.1548677676406051E-4	TGTGCAGCAAGCGCGCAGGTAGGAACAACTTCAACAAATTTTACTTT	NNNNNNNNNNNNNNNNNNNNNNNNNNNNNNNNNNNNNNNNNNNNNNN	TRAV29/DV5*00(609.8)		TRAJ21*00(539.7)		529|545|562|0|16||160.0		21|44|75|24|47||230.0		TGTGCAGCAAGCGCGCAGGTAGGAACAACTTCAACAAATTTTACTTT	45	CAASAQVG_NFNKFYF	:::::::::0:3:16:::::24:-1:47:::
17899	298.0	1.1715761473386744E-4	1	1.1548677676406051E-4	TGTGCAGCAAGCGCGAGGAGGCTGCAGGCAACAAGCTAACTTTT	NNNNNNNNNNNNNNNNNNNNNNNNNNNNNNNNNNNNNNNNNNNN	TRAV29/DV5*00(599.7)		TRAJ17*00(540)		529|544|562|0|15||150.0		28|52|83|20|44||240.0		TGTGCAGCAAGCGCGAGGAGGCTGCAGGCAACAAGCTAACTTTT	45	CAASARR_AGNKLTF	:::::::::0:2:15:::::20:-8:44:::
17982	298.0	1.1715761473386744E-4	1	1.1548677676406051E-4	TGTGCAGCAAGCATGGGCTCTAGCAACACAGGCAAACTAATCTTT	NNNNNNNNNNNNNNNNNNNNNNNNNNNNNNNNNNNNNNNNNNNNN	TRAV23/DV6*00(519.1)		TRAJ37*00(580.4)		517|532|550|0|15||150.0		21|51|82|15|45|SG27A|271.0		TGTGCAGCAAGCATGGGCTCTAGCAACACAGGCAAACTAATCTTT	45	CAASMGSSNTGKLIF	:::::::::0:2:15:::::15:-1:45:::
18446	298.0	1.1715761473386744E-4	1	1.1548677676406051E-4	TGTGCAGAGAGGGTCGGGGAATAATAATGCAGGCAACATGCTCACCTTT	NNNNNNNNNNNNNNNNNNNNNNNNNNNNNNNNNNNNNNNNNNNNNNNNN	TRAV5*00(469.9)		TRAJ39*00(619.4)		523|534|556|0|11||110.0		21|52|83|18|49||310.0		TGTGCAGAGAGGGTCGGGGAATAATAATGCAGGCAACATGCTCACCTTT	45	CAERVGE*_NAGNMLTF	:::::::::0:-2:11:::::18:-1:49:::
18494	298.0	1.1715761473386744E-4	1	1.1548677676406051E-4	TGTGCAGAGAATACAGCTCCTCAGGAGGAGGTGCTGACGGACTCACCTTT	NNNNNNNNNNNNNNNNNNNNNNNNNNNNNNNNNNNNNNNNNNNNNNNNNN	TRAV13-2*00(579.5)		TRAJ45*00(609.5)		506|517|539|0|11||130.0		16|55|86|11|50|ST20GSG21CSA23CST24C|304.0		TGTGCAGAGAATACAGCTCCTCAGGAGGAGGTGCTGACGGACTCACCTTT	45	CAENTAPQ_GGADGLTF	:::::::::0:-2:11:::::11:4:50:::
18818	298.0	1.1715761473386744E-4	1	1.1548677676406051E-4	TGTGCAATGAGAGAGGAGAACAGAGATGACAAGATCATCTTT	NNNNNNNNNNNNNNNNNNNNNNNNNNNNNNNNNNNNNNNNNN	TRAV14/DV4*00(520.7)		TRAJ30*00(559.6)		517|533|554|0|16||160.0		21|46|77|17|42||250.0		TGTGCAATGAGAGAGGAGAACAGAGATGACAAGATCATCTTT	45	CAMREENRDDKIIF	:::::::::0:-1:16:::::17:-1:42:::
18907	298.0	1.1715761473386744E-4	1	1.1548677676406051E-4	TGTGGAGCAGACGGGACAGGCTTTCAGAAACTTGTATTT	NNNNNNNNNNNNNNNNNNNNNNNNNNNNNNNNNNNNNNN	TRAV34*00(511.3)		TRAJ8*00(529.7)		603|615|636|0|12||120.0		25|49|80|15|39||240.0		TGTGGAGCAGACGGGACAGGCTTTCAGAAACTTGTATTT	45	CGADGTGFQKLVF	:::::::::0:-1:12:::::15:-5:39:::
19165	298.0	1.1715761473386744E-4	1	1.1548677676406051E-4	TGCGCTGCTTATTATAACCAGGGAGGAAAGCTTATCTTC	NNNNNNNNNNNNNNNNNNNNNNNNNNNNNNNNNNNNNNN	TRAV1-1*00(640.3)		TRAJ23*00(550.5)		670|677|704|0|7||70.0		24|52|83|11|39||280.0		TGCGCTGCTTATTATAACCAGGGAGGAAAGCTTATCTTC	45	CAAYYNQGGKLIF	:::::::::0:-7:7:::::11:-4:39:::
20155	298.0	1.1715761473386744E-4	1	1.1548677676406051E-4	TGCGGCACTCGGGGTCGAATGCTGGCAACAACCGTAAGCTGATTTGG	NNNNNNNNNNNNNNNNNNNNNNNNNNNNNNNNNNNNNNNNNNNNNNN	TRAV30*00(448.9)		TRAJ38*00(599.5)		567|575|600|0|8||80.0		21|51|82|17|47||300.0		TGCGGCACTCGGGGTCGAATGCTGGCAACAACCGTAAGCTGATTTGG	45	CGTRGRML_NNRKLIW	:::::::::0:-5:8:::::17:-1:47:::
20342	298.0	1.1715761473386744E-4	1	1.1548677676406051E-4	TGCATCGTCAGTCTAAATAACAATGACATGCGCTTT	NNNNNNNNNNNNNNNNNNNNNNNNNNNNNNNNNNNN	TRAV26-1*00(599.8)		TRAJ43*00(510)		763|774|799|0|11||110.0		22|43|74|15|36||210.0		TGCATCGTCAGTCTAAATAACAATGACATGCGCTTT	45	CIVSLNNNDMRF	:::::::::0:-5:11:::::15:-2:36:::
1610	297.0	1.1676446837570009E-4	1	1.1548677676406051E-4	TGTGTTGTGAGTGATCAGAAGGATAGCAGCTATAAATTGATCTTC	NNNNNNNNNNNNNNNNNNNNNNNNNNNNNNNNNNNNNNNNNNNNN	TRAV8-2*00(699.7)		TRAJ12*00(520.5)		466|483|500|0|17||170.0		21|49|80|17|45|ST23A|251.0		TGTGTTGTGAGTGATCAGAAGGATAGCAGCTATAAATTGATCTTC	45	CVVSDQKDSSYKLIF	:::::::::0:3:17:::::17:-1:45:::
2089	297.0	1.1676446837570009E-4	1	1.1548677676406051E-4	TGTGCTTTCATAGTACAGGCAGGAACTGCTCTGATCTTT	NNNNNNNNNNNNNNNNNNNNNNNNNNNNNNNNNNNNNNN	TRAV38-1*00(569.7)		TRAJ15*00(459.2)		596|607|633|0|11||110.0		25|49|80|15|39||240.0		TGTGCTTTCATAGTACAGGCAGGAACTGCTCTGATCTTT	45	CAFIVQAGTALIF	:::::::::0:-6:11:::::15:-5:39:::
2372	297.0	1.1676446837570009E-4	1	1.1548677676406051E-4	TGTGCTCTTGGGGAACTGGGGCGGCAGGCAGGAACTGCTCTGATCTTT	NNNNNNNNNNNNNNNNNNNNNNNNNNNNNNNNNNNNNNNNNNNNNNNN	TRDV1*00(846)		TRAJ15*00(532.3)		573|590|610|0|17||170.0		25|49|80|24|48||240.0		TGTGCTCTTGGGGAACTGGGGCGGCAGGCAGGAACTGCTCTGATCTTT	45	CALGELGRQAGTALIF	:::::::::0:0:17:::::24:-5:48:::
2665	297.0	1.1676446837570009E-4	1	1.1548677676406051E-4	TGTGCTCTGAGTGATCAGAATGCCAGACTCATGTTT	NNNNNNNNNNNNNNNNNNNNNNNNNNNNNNNNNNNN	TRAV9-2*00(779.7)		TRAJ31*00(479.6)		480|497|514|0|17||170.0		28|46|77|18|36||180.0		TGTGCTCTGAGTGATCAGAATGCCAGACTCATGTTT	45	CALSDQNARLMF	:::::::::0:3:17:::::18:-8:36:::
2817	297.0	1.1676446837570009E-4	1	1.1548677676406051E-4	TGTGCTCTGAGCCGTTCTTCTGGTTCTGCAAGGCAACTGACCTTT	NNNNNNNNNNNNNNNNNNNNNNNNNNNNNNNNNNNNNNNNNNNNN	TRAV9-2*00(719)		TRAJ22*00(618.8)		480|491|514|0|11||110.0		21|52|83|14|45||310.0		TGTGCTCTGAGCCGTTCTTCTGGTTCTGCAAGGCAACTGACCTTT	45	CALSRSSGSARQLTF	:::::::::0:-3:11:::::14:-1:45:::
2820	297.0	1.1676446837570009E-4	1	1.1548677676406051E-4	TGTGCTCTGAGCGGTGGTACTAGCTATGGAAAGCTGACATTT	NNNNNNNNNNNNNNNNNNNNNNNNNNNNNNNNNNNNNNNNNN	TRAV9-2*00(719.8)		TRAJ52*00(599.7)		480|491|514|0|11||110.0		28|58|89|12|42||300.0		TGTGCTCTGAGCGGTGGTACTAGCTATGGAAAGCTGACATTT	45	CALSGGTSYGKLTF	:::::::::0:-3:11:::::12:-8:42:::
2846	297.0	1.1676446837570009E-4	1	1.1548677676406051E-4	TGTGCTCTGAGGGGAGGTGGCTCTAGCAACACAGGCAAACTAATCTTT	NNNNNNNNNNNNNNNNNNNNNNNNNNNNNNNNNNNNNNNNNNNNNNNN	TRAV9-2*00(710.1)		TRAJ37*00(590.3)		480|491|514|0|11||110.0		20|51|82|17|48|SG27A|281.0		TGTGCTCTGAGGGGAGGTGGCTCTAGCAACACAGGCAAACTAATCTTT	45	CALRGGGSSNTGKLIF	:::::::::0:-3:11:::::17:0:48:::
2925	297.0	1.1676446837570009E-4	1	1.1548677676406051E-4	TGTGCTCTAGGGGGTCAGGAGGAGGTGCTGACGGACTCACCTTT	NNNNNNNNNNNNNNNNNNNNNNNNNNNNNNNNNNNNNNNNNNNN	TRAV6*00(469.6)		TRAJ45*00(609.6)		535|545|568|0|10||100.0		25|55|86|14|44||300.0		TGTGCTCTAGGGGGTCAGGAGGAGGTGCTGACGGACTCACCTTT	45	CALGGQE_GADGLTF	:::::::::0:-3:10:::::14:-5:44:::
3368	297.0	1.1676446837570009E-4	1	1.1548677676406051E-4	TGTGCTGTGTGGCTCTAGCAACACAGGCAAACTAATCTTT	NNNNNNNNNNNNNNNNNNNNNNNNNNNNNNNNNNNNNNNN	TRAV21*00(683.6)		TRAJ37*00(563.1)		544|555|576|0|11|SA553T|101.0		22|51|82|11|40|SG27A|281.0		TGTGCTGTGTGGCTCTAGCAACACAGGCAAACTAATCTTT	45	CAVWL*Q_TGKLIF	:::::::::0:-1:11:::::11:-2:40:::
3440	297.0	1.1676446837570009E-4	1	1.1548677676406051E-4	TGTGCTGTGCAGGCCACCGGAAGGACCGACAAGCTCATCTTT	NNNNNNNNNNNNNNNNNNNNNNNNNNNNNNNNNNNNNNNNNN	TRAV20*00(559.5)		TRAJ34*00(479.9)		498|513|531|0|15||150.0		29|47|78|24|42||180.0		TGTGCTGTGCAGGCCACCGGAAGGACCGACAAGCTCATCTTT	45	CAVQATGRTDKLIF	:::::::::0:2:15:::::24:-9:42:::
3510	297.0	1.1676446837570009E-4	1	1.1548677676406051E-4	TGTGCTGTGGCTACCTACTCAGGAACCTACAAATACATCTTT	NNNNNNNNNNNNNNNNNNNNNNNNNNNNNNNNNNNNNNNNNN	TRAV8-3*00(590.7)		TRAJ40*00(539.6)		455|465|489|0|10||100.0		25|50|81|17|42||250.0		TGTGCTGTGGCTACCTACTCAGGAACCTACAAATACATCTTT	45	CAVATYSGTYKYIF	:::::::::0:-4:10:::::17:-5:42:::
3533	297.0	1.1676446837570009E-4	1	1.1548677676406051E-4	TGTGCTGTGGCAGTCCGACGACTACAAGCTCAGCTTT	NNNNNNNNNNNNNNNNNNNNNNNNNNNNNNNNNNNNN	TRAV1-2*00(649.9)		TRAJ20*00(499.7)		620|629|654|0|9||90.0		26|46|77|17|37||200.0		TGTGCTGTGGCAGTCCGACGACTACAAGCTCAGCTTT	45	CAVAVR_DYKLSF	:::::::::0:-5:9:::::17:-6:37:::
3648	297.0	1.1676446837570009E-4	1	1.1548677676406051E-4	TGTGCTGTGGGGAATAATGCAGGCAACATGCTCACCTTT	NNNNNNNNNNNNNNNNNNNNNNNNNNNNNNNNNNNNNNN	TRAV8-4*00(639.9)		TRAJ39*00(579.8)		476|485|510|0|9||90.0		25|52|83|12|39||270.0		TGTGCTGTGGGGAATAATGCAGGCAACATGCTCACCTTT	45	CAVGNNAGNMLTF	:::::::::0:-5:9:::::12:-5:39:::
3998	297.0	1.1676446837570009E-4	1	1.1548677676406051E-4	TGTGCTGTGAGTGATAACACCGACAAGCTCATCTTT	NNNNNNNNNNNNNNNNNNNNNNNNNNNNNNNNNNNN	TRAV8-4*00(686)		TRAJ34*00(509.4)		476|492|510|0|16|SC491A|151.0		27|47|78|16|36||230.0		TGTGCTGTGAGTGATAACACCGACAAGCTCATCTTT	45	CAVSDNTDKLIF	:::::::::0:2:16:::::16:-7:36:::
4495	297.0	1.1676446837570009E-4	1	1.1548677676406051E-4	TGTGCTGCAGGTGCAGGCACCGACAAGCTCATCTTT	NNNNNNNNNNNNNNNNNNNNNNNNNNNNNNNNNNNN	TRAV8-5*00(648.4)		TRAJ34*00(489.7)		1528|1542|1562|0|14||140.0		28|47|78|17|36||190.0		TGTGCTGCAGGTGCAGGCACCGACAAGCTCATCTTT	45	CAAGAGTDKLIF	:::::::::0:0:14:::::17:-8:36:::
5645	297.0	1.1676446837570009E-4	1	1.1548677676406051E-4	TGTGCCTTAGGGGACTGACAGCTGGGGGAAATTGCAGTTT	NNNNNNNNNNNNNNNNNNNNNNNNNNNNNNNNNNNNNNNN	TRAV13-1*00(529.9)		TRAJ24*00(559.7)		511|516|544|0|5||50.0		25|52|83|13|40||270.0		TGTGCCTTAGGGGACTGACAGCTGGGGGAAATTGCAGTTT	45	CALGD*Q_WGKLQF	:::::::::0:-8:5:::::13:-5:40:::
17666	297.0	1.1676446837570009E-4	1	1.1548677676406051E-4	TGTGCAGCAAGTCCAGAGATGACAAGATCATCTTT	NNNNNNNNNNNNNNNNNNNNNNNNNNNNNNNNNNN	TRAV29/DV5*00(519.6)		TRAJ30*00(529.7)		529|540|562|0|11||110.0		24|46|77|13|35||220.0		TGTGCAGCAAGTCCAGAGATGACAAGATCATCTTT	45	CAASPE_DKIIF	:::::::::0:-2:11:::::13:-4:35:::
18107	297.0	1.1676446837570009E-4	1	1.1548677676406051E-4	TGTGCAGGTCCCTTTGACCAGGCAGGAACTGCTCTGATCTTT	NNNNNNNNNNNNNNNNNNNNNNNNNNNNNNNNNNNNNNNNNN	TRAV27*00(588.2)		TRAJ15*00(482.6)		552|560|582|0|8||80.0		23|49|80|16|42||260.0		TGTGCAGGTCCCTTTGACCAGGCAGGAACTGCTCTGATCTTT	45	CAGPFDQAGTALIF	:::::::::0:-2:8:::::16:-3:42:::
18330	297.0	1.1676446837570009E-4	1	1.1548677676406051E-4	TGTGCAGACTGGACTAAAATCCTCAGGAGGAGGTGCTGACGGACTCACCTTT	NNNNNNNNNNNNNNNNNNNNNNNNNNNNNNNNNNNNNNNNNNNNNNNNNNNN	TRAV13-2*00(529.8)		TRAJ45*00(609.5)		506|514|539|0|8||80.0		25|55|86|22|52||300.0		TGTGCAGACTGGACTAAAATCCTCAGGAGGAGGTGCTGACGGACTCACCTTT	45	CADWTKILR_GGADGLTF	:::::::::0:-5:8:::::22:-5:52:::
18343	297.0	1.1676446837570009E-4	1	1.1548677676406051E-4	TGTGCAGAGTCTGGAGGAAGCTACATACCTACATTT	NNNNNNNNNNNNNNNNNNNNNNNNNNNNNNNNNNNN	TRAV13-2*00(539.6)		TRAJ6*00(550.7)		506|515|539|0|9||90.0		24|51|82|9|36|SA26T|241.0		TGTGCAGAGTCTGGAGGAAGCTACATACCTACATTT	45	CAESGGSYIPTF	:::::::::0:-4:9:::::9:-4:36:::
18875	297.0	1.1676446837570009E-4	1	1.1548677676406051E-4	TGTGGCACAGCCGTATAGGGGTTACCAGAAAGTTACCTTT	NNNNNNNNNNNNNNNNNNNNNNNNNNNNNNNNNNNNNNNN	TRAV30*00(440.8)		TRAJ13*00(529.2)		567|577|600|0|10|SC569T|71.0		29|52|83|17|40||230.0		TGTGGCACAGCCGTATAGGGGTTACCAGAAAGTTACCTTT	45	CGTAV*G_YQKVTF	:::::::::0:-3:10:::::17:-9:40:::
19089	297.0	1.1676446837570009E-4	1	1.1548677676406051E-4	TGCGTCGAACACCGGTAACCAGTTCTATTTT	NNNNNNNNNNNNNNNNNNNNNNNNNNNNNNN	TRAV26-2*00(802.8)		TRAJ49*00(569.2)		791|796|826|0|5|SA794G|31.0		19|45|76|5|31||270.0		TGCGTCGAACACCGGTAACCAGTTCTATTTT	45	CVEHR_NQFYF	:::::::::0:-10:5:::::5:1:31:::
20275	297.0	1.1676446837570009E-4	1	1.1548677676406051E-4	TGCATCCTGAGAGACGCTGGTGGTACTAGCTATGGAAAGCTGACATTT	NNNNNNNNNNNNNNNNNNNNNNNNNNNNNNNNNNNNNNNNNNNNNNNN	TRAV26-2*00(639.6)		TRAJ52*00(629.9)		791|807|826|0|16||160.0		26|58|89|16|48||330.0		TGCATCCTGAGAGACGCTGGTGGTACTAGCTATGGAAAGCTGACATTT	45	CILRDAGGTSYGKLTF	:::::::::0:1:16:::::16:-6:48:::
20361	297.0	1.1676446837570009E-4	1	1.1548677676406051E-4	TGCATCGTCAGACTCCCTCCGCGGGATGCAGGCAACATGCTCACCTTT	NNNNNNNNNNNNNNNNNNNNNNNNNNNNNNNNNNNNNNNNNNNNNNNN	TRAV26-1*00(610.6)		TRAJ39*00(539.4)		763|778|799|0|15|SG775C|121.0		29|52|83|25|48||230.0		TGCATCGTCAGACTCCCTCCGCGGGATGCAGGCAACATGCTCACCTTT	45	CIVRLPPRDAGNMLTF	:::::::::0:-1:15:::::25:-9:48:::
1871	296.0	1.1637132201753276E-4	1	1.1548677676406051E-4	TGTGTGGTGAACCGGCCCTGGGGCTGGGAGTTACCAACTCACTTTC	NNNNNNNNNNNNNNNNNNNNNNNNNNNNNNNNNNNNNNNNNNNNNN	TRAV12-1*00(794.4)		TRAJ28*00(554.5)		539|551|572|0|12||120.0		26|55|86|17|46||290.0		TGTGTGGTGAACCGGCCCTGGGGCTGGGAGTTACCAACTCACTTTC	45	CVVNRPWG_GSYQLTF	:::::::::0:-1:12:::::17:-6:46:::
2070	296.0	1.1637132201753276E-4	1	1.1548677676406051E-4	TGTGCTTTCATGAAGCATGGGGAATAATTCAGGAGGAGGTGCTGACGGACTCACCTTT	NNNNNNNNNNNNNNNNNNNNNNNNNNNNNNNNNNNNNNNNNNNNNNNNNNNNNNNNNN	TRAV38-1*00(649.3)		TRAJ45*00(629.6)		596|615|633|0|19||190.0		23|55|86|26|58||320.0		TGTGCTTTCATGAAGCATGGGGAATAATTCAGGAGGAGGTGCTGACGGACTCACCTTT	45	CAFMKHGE*F_GGGADGLTF	:::::::::0:2:19:::::26:-3:58:::
2208	296.0	1.1637132201753276E-4	1	1.1548677676406051E-4	TGTGCTTATAGGAGTTACGATAACTATGGTCAGAATTTTGTCTTT	NNNNNNNNNNNNNNNNNNNNNNNNNNNNNNNNNNNNNNNNNNNNN	TRAV38-2/DV8*00(599.5)		TRAJ26*00(559.8)		602|616|638|0|14||140.0		22|49|80|18|45||270.0		TGTGCTTATAGGAGTTACGATAACTATGGTCAGAATTTTGTCTTT	45	CAYRSYDNYGQNFVF	:::::::::0:-2:14:::::18:-2:45:::
2608	296.0	1.1637132201753276E-4	1	1.1548677676406051E-4	TGTGCTCTGAGTGCCTTTGGGAATGTGCTGCATTGC	NNNNNNNNNNNNNNNNNNNNNNNNNNNNNNNNNNNN	TRAV9-2*00(739.4)		TRAJ35*00(530)		480|493|514|0|13||130.0		26|48|79|14|36||220.0		TGTGCTCTGAGTGCCTTTGGGAATGTGCTGCATTGC	45	CALSAFGNVLHC	:::::::::0:-1:13:::::14:-6:36:::
2617	296.0	1.1637132201753276E-4	1	1.1548677676406051E-4	TGTGCTCTGAGTGCATCAGGAGGAAGCTACATACCTACATTT	NNNNNNNNNNNNNNNNNNNNNNNNNNNNNNNNNNNNNNNNNN	TRAV19*00(740)		TRAJ6*00(619.6)		556|568|593|0|12||130.0		21|51|82|12|42||310.0		TGTGCTCTGAGTGCATCAGGAGGAAGCTACATACCTACATTT	45	CALSASGGSYIPTF	:::::::::0:-5:12:::::12:-1:42:::
2732	296.0	1.1637132201753276E-4	1	1.1548677676406051E-4	TGTGCTCTGAGTGAGGCGGCTCAAGGAGCCCAGAAGCTGGTATTT	NNNNNNNNNNNNNNNNNNNNNNNNNNNNNNNNNNNNNNNNNNNNN	TRAV19*00(810.7)		TRAJ54*00(510.1)		556|578|593|0|22|SC574G|201.0		26|49|80|22|45|SG27A|221.0		TGTGCTCTGAGTGAGGCGGCTCAAGGAGCCCAGAAGCTGGTATTT	45	CALSEAAQGAQKLVF	:::::::::0:5:22:::::22:-6:45:::
3231	296.0	1.1637132201753276E-4	1	1.1548677676406051E-4	TGTGCTGTCCCTCTTATAACCAGGGAGGAAAGCTTATCTTC	NNNNNNNNNNNNNNNNNNNNNNNNNNNNNNNNNNNNNNNNN	TRAV8-6*00(649.8)		TRAJ23*00(551.2)		448|456|482|0|8||80.0		24|52|83|13|41||280.0		TGTGCTGTCCCTCTTATAACCAGGGAGGAAAGCTTATCTTC	45	CAVPLIT_GGKLIF	:::::::::0:-6:8:::::13:-4:41:::
3563	296.0	1.1637132201753276E-4	1	1.1548677676406051E-4	TGTGCTGTGGGTGCCGGCAGGAGGAAGCTACATACCTACATTT	NNNNNNNNNNNNNNNNNNNNNNNNNNNNNNNNNNNNNNNNNNN	TRAV8-3*00(630.5)		TRAJ6*00(569.7)		455|469|489|0|14||140.0		25|51|82|17|43||260.0		TGTGCTGTGGGTGCCGGCAGGAGGAAGCTACATACCTACATTT	45	CAVGAGR_GSYIPTF	:::::::::0:0:14:::::17:-5:43:::
5689	296.0	1.1637132201753276E-4	1	1.1548677676406051E-4	TGTGCCTCCGCAAACAATGCCAGACTCATGTTT	NNNNNNNNNNNNNNNNNNNNNNNNNNNNNNNNN	TRAV24*00(687.1)		TRAJ31*00(509.7)		515|522|545|0|7||70.0		25|46|77|12|33||210.0		TGTGCCTCCGCAAACAATGCCAGACTCATGTTT	45	CASANNARLMF	:::::::::0:-3:7:::::12:-5:33:::
6304	296.0	1.1637132201753276E-4	1	1.1548677676406051E-4	TGTGCCGTGACCATTATAACCAGGGAGGAAAGCTTATCTTC	NNNNNNNNNNNNNNNNNNNNNNNNNNNNNNNNNNNNNNNNN	TRAV12-2*00(726.2)		TRAJ23*00(569.6)		551|565|584|0|14|SA561C|111.0		25|52|83|14|41||280.0		TGTGCCGTGACCATTATAACCAGGGAGGAAAGCTTATCTTC	45	CAVTIIT_GGKLIF	:::::::::0:1:14:::::14:-5:41:::
17777	296.0	1.1637132201753276E-4	1	1.1548677676406051E-4	TGTGCAGCAAGTAAAAGAGGTGACATGCGCTTT	NNNNNNNNNNNNNNNNNNNNNNNNNNNNNNNNN	TRAV13-1*00(989.7)		TRAJ43*00(429.6)		511|524|544|0|13||130.0		30|43|74|20|33||130.0		TGTGCAGCAAGTAAAAGAGGTGACATGCGCTTT	45	CAASKRGDMRF	:::::::::0:0:13:::::20:-10:33:::
17786	296.0	1.1637132201753276E-4	1	1.1548677676406051E-4	TGTGCAGCAAGCTCTAATGCAGGCAAATCAACCTTT	NNNNNNNNNNNNNNNNNNNNNNNNNNNNNNNNNNNN	TRAV29/DV5*00(569.8)		TRAJ27*00(499.7)		529|541|562|0|12||120.0		27|48|79|15|36||210.0		TGTGCAGCAAGCTCTAATGCAGGCAAATCAACCTTT	45	CAASSNAGKSTF	:::::::::0:-1:12:::::15:-7:36:::
18490	296.0	1.1637132201753276E-4	1	1.1548677676406051E-4	TGTGCAGAGAATACTGGAGGCTTCAAAACTATCTTT	NNNNNNNNNNNNNNNNNNNNNNNNNNNNNNNNNNNN	TRAV13-2*00(579.7)		TRAJ9*00(559.7)		506|517|539|0|11||130.0		25|50|81|11|36||270.0		TGTGCAGAGAATACTGGAGGCTTCAAAACTATCTTT	45	CAENTGGFKTIF	:::::::::0:-2:11:::::11:-5:36:::
18495	296.0	1.1637132201753276E-4	1	1.1548677676406051E-4	TGTGCAGAGAATAGGGACCTGGGAACCTACAAATACATCTTT	NNNNNNNNNNNNNNNNNNNNNNNNNNNNNNNNNNNNNNNNNN	TRAV13-2*00(579.3)		TRAJ40*00(499.6)		506|519|539|0|13||130.0		29|50|81|21|42||210.0		TGTGCAGAGAATAGGGACCTGGGAACCTACAAATACATCTTT	45	CAENRDLGTYKYIF	:::::::::0:0:13:::::21:-9:42:::
18736	296.0	1.1637132201753276E-4	1	1.1548677676406051E-4	TGTGCAATGAGAGAGGCTCGGAACCAGGCAGGAACTGCTCTGATCTTT	NNNNNNNNNNNNNNNNNNNNNNNNNNNNNNNNNNNNNNNNNNNNNNNN	TRAV14/DV4*00(890.8)		TRAJ15*00(559.8)		517|533|554|0|16||160.0		22|49|80|21|48||270.0		TGTGCAATGAGAGAGGCTCGGAACCAGGCAGGAACTGCTCTGATCTTT	45	CAMREARNQAGTALIF	:::::::::0:-1:16:::::21:-2:48:::
19117	296.0	1.1637132201753276E-4	1	1.1548677676406051E-4	TGCGCTGTGATTTTCAATGCCAGACTCATGTTT	NNNNNNNNNNNNNNNNNNNNNNNNNNNNNNNNN	TRAV1-1*00(670.2)		TRAJ31*00(489.7)		670|680|704|0|10||100.0		27|46|77|14|33||190.0		TGCGCTGTGATTTTCAATGCCAGACTCATGTTT	45	CAVIFNARLMF	:::::::::0:-4:10:::::14:-7:33:::
19129	296.0	1.1637132201753276E-4	1	1.1548677676406051E-4	TGCGCTGTGAGCCTATGGCCAGACACGGGCAGGAGAGCACTTACTTTT	NNNNNNNNNNNNNNNNNNNNNNNNNNNNNNNNNNNNNNNNNNNNNNNN	TRAV1-1*00(680.8)		TRAJ5*00(569.3)		670|681|704|0|11||110.0		22|49|80|21|48||270.0		TGCGCTGTGAGCCTATGGCCAGACACGGGCAGGAGAGCACTTACTTTT	45	CAVSLWPDTGRRALTF	:::::::::0:-3:11:::::21:-2:48:::
20446	296.0	1.1637132201753276E-4	1	1.1548677676406051E-4	TGCATCGTCAGAGCCGCCCTCTCACGGGCTGGTGGTACTAGCTATGGAAAGCTGACATTT	NNNNNNNNNNNNNNNNNNNNNNNNNNNNNNNNNNNNNNNNNNNNNNNNNNNNNNNNNNNN	TRAV26-1*00(630.8)		TRAJ52*00(629.8)		763|780|799|0|17|ST776C|141.0		25|58|89|27|60||330.0		TGCATCGTCAGAGCCGCCCTCTCACGGGCTGGTGGTACTAGCTATGGAAAGCTGACATTT	45	CIVRAALSRAGGTSYGKLTF	:::::::::0:1:17:::::27:-5:60:::
1578	295.0	1.1597817565936541E-4	1	1.1548677676406051E-4	TGTGTTGTGATATACAGGAGGACTCACCTTT	NNNNNNNNNNNNNNNNNNNNNNNNNNNNNNN	TRAV8-2*00(649.4)		TRAJ45*00(429.2)		466|476|500|0|10||100.0		43|55|86|19|31||120.0		TGTGTTGTGATATACAGGAGGACTCACCTTT	45	CVVIY_GGLTF	:::::::::0:-4:10:::::19:-23:31:::
1604	295.0	1.1597817565936541E-4	1	1.1548677676406051E-4	TGTGTTGTGAGTGATCCGGGGGGGGCAAACAACCTCTTCTTT	NNNNNNNNNNNNNNNNNNNNNNNNNNNNNNNNNNNNNNNNNN	TRAV8-2*00(709.8)		TRAJ36*00(519.3)		466|482|500|0|16||160.0		27|48|79|21|42||210.0		TGTGTTGTGAGTGATCCGGGGGGGGCAAACAACCTCTTCTTT	45	CVVSDPGGANNLFF	:::::::::0:2:16:::::21:-7:42:::
2064	295.0	1.1597817565936541E-4	1	1.1548677676406051E-4	TGTGCTTTCATGAAGCATTGAAGGAACCTACAAATACATCTTT	NNNNNNNNNNNNNNNNNNNNNNNNNNNNNNNNNNNNNNNNNNN	TRAV38-1*00(639.6)		TRAJ40*00(509.5)		596|614|633|0|18||180.0		28|50|81|21|43||220.0		TGTGCTTTCATGAAGCATTGAAGGAACCTACAAATACATCTTT	45	CAFMKH*_GTYKYIF	:::::::::0:1:18:::::21:-8:43:::
2155	295.0	1.1597817565936541E-4	1	1.1548677676406051E-4	TGTGCTTATTTTCTGTCAAATTCCGGGTATGCACTCAACTTC	NNNNNNNNNNNNNNNNNNNNNNNNNNNNNNNNNNNNNNNNNN	TRAV38-2/DV8*00(549.7)		TRAJ41*00(529.7)		602|611|638|0|9||90.0		24|51|82|15|42||270.0		TGTGCTTATTTTCTGTCAAATTCCGGGTATGCACTCAACTTC	45	CAYFLSNSGYALNF	:::::::::0:-7:9:::::15:-4:42:::
2530	295.0	1.1597817565936541E-4	1	1.1548677676406051E-4	TGTGCTCTGATTAGACTGGTGGTACTAGCTATGGAAAGCTGACATTT	NNNNNNNNNNNNNNNNNNNNNNNNNNNNNNNNNNNNNNNNNNNNNNN	TRAV9-2*00(717.3)		TRAJ52*00(619.6)		480|490|514|0|10||100.0		26|58|89|15|47||320.0		TGTGCTCTGATTAGACTGGTGGTACTAGCTATGGAAAGCTGACATTT	45	CALIRLVV_SYGKLTF	:::::::::0:-4:10:::::15:-6:47:::
2770	295.0	1.1597817565936541E-4	1	1.1548677676406051E-4	TGTGCTCTGAGTGAGAGGGCTCGTGCAAACAACCTCTTCTTT	NNNNNNNNNNNNNNNNNNNNNNNNNNNNNNNNNNNNNNNNNN	TRAV19*00(759.7)		TRAJ36*00(489.7)		556|571|593|0|15||150.0		30|48|79|24|42||180.0		TGTGCTCTGAGTGAGAGGGCTCGTGCAAACAACCTCTTCTTT	45	CALSERARANNLFF	:::::::::0:-2:15:::::24:-10:42:::
3090	295.0	1.1597817565936541E-4	1	1.1548677676406051E-4	TGTGCTCCGCTCGTATAACCAGGGAGGAAAGCTTATCTTC	NNNNNNNNNNNNNNNNNNNNNNNNNNNNNNNNNNNNNNNN	TRAV9-2*00(679.1)		TRAJ23*00(540.3)		480|487|514|0|7||70.0		25|52|83|13|40||270.0		TGTGCTCCGCTCGTATAACCAGGGAGGAAAGCTTATCTTC	45	CAPLV*P_GGKLIF	:::::::::0:-7:7:::::13:-5:40:::
3415	295.0	1.1597817565936541E-4	1	1.1548677676406051E-4	TGTGCTGTGCGGGGGACCGCTCAGGGCGGATCTGAAAAGCTGGTCTTT	NNNNNNNNNNNNNNNNNNNNNNNNNNNNNNNNNNNNNNNNNNNNNNNN	TRAV22*00(519.5)		TRAJ57*00(599)		526|535|559|0|9||90.0		23|52|83|19|48||290.0		TGTGCTGTGCGGGGGACCGCTCAGGGCGGATCTGAAAAGCTGGTCTTT	45	CAVRGTAQGGSEKLVF	:::::::::0:-4:9:::::19:-3:48:::
3433	295.0	1.1597817565936541E-4	1	1.1548677676406051E-4	TGTGCTGTGCAGGCCTATGGGGGTTACCAGAAAGTTACCTTT	NNNNNNNNNNNNNNNNNNNNNNNNNNNNNNNNNNNNNNNNNN	TRAV20*00(569.8)		TRAJ13*00(549.8)		498|514|531|0|16||160.0		27|52|83|17|42||250.0		TGTGCTGTGCAGGCCTATGGGGGTTACCAGAAAGTTACCTTT	45	CAVQAYGGYQKVTF	:::::::::0:3:16:::::17:-7:42:::
3721	295.0	1.1597817565936541E-4	1	1.1548677676406051E-4	TGTGCTGTGGAGGGAGGGAAGTACAATAACAATGACATGCGCTTT	NNNNNNNNNNNNNNNNNNNNNNNNNNNNNNNNNNNNNNNNNNNNN	TRAV22*00(549.4)		TRAJ43*00(549.8)		526|538|559|0|12||120.0		18|43|74|20|45||250.0		TGTGCTGTGGAGGGAGGGAAGTACAATAACAATGACATGCGCTTT	45	CAVEGGKYNNNDMRF	:::::::::0:-1:12:::::20:2:45:::
3899	295.0	1.1597817565936541E-4	1	1.1548677676406051E-4	TGTGCTGTGAGTGCGCTAACTGGGGCAAACAACCTCTTCTTT	NNNNNNNNNNNNNNNNNNNNNNNNNNNNNNNNNNNNNNNNNN	TRAV8-4*00(644.3)		TRAJ36*00(559.6)		476|489|510|0|13||130.0		23|48|79|17|42||250.0		TGTGCTGTGAGTGCGCTAACTGGGGCAAACAACCTCTTCTTT	45	CAVSALTGANNLFF	:::::::::0:-1:13:::::17:-3:42:::
4324	295.0	1.1597817565936541E-4	1	1.1548677676406051E-4	TGTGCTGTGAATACGGGCGGATCTGAAAAGCTGGTCTTT	NNNNNNNNNNNNNNNNNNNNNNNNNNNNNNNNNNNNNNN	TRAV21*00(969.3)		TRAJ57*00(519.6)		544|554|576|0|10||100.0		27|52|83|14|39||250.0		TGTGCTGTGAATACGGGCGGATCTGAAAAGCTGGTCTTT	45	CAVNTGGSEKLVF	:::::::::0:-2:10:::::14:-7:39:::
4397	295.0	1.1597817565936541E-4	1	1.1548677676406051E-4	TGTGCTGCTAGGAAAGCTGCAGGCAACAAGCTAACTTTT	NNNNNNNNNNNNNNNNNNNNNNNNNNNNNNNNNNNNNNN	TRAV21*00(682.2)		TRAJ17*00(555.1)		544|551|576|0|7||70.0		25|52|83|12|39||270.0		TGTGCTGCTAGGAAAGCTGCAGGCAACAAGCTAACTTTT	45	CAARKAAGNKLTF	:::::::::0:-5:7:::::12:-5:39:::
6564	295.0	1.1597817565936541E-4	1	1.1548677676406051E-4	TGTGCCGGACGCTTTCAGGGCGGATCTGAAAAGCTGGTCTTT	NNNNNNNNNNNNNNNNNNNNNNNNNNNNNNNNNNNNNNNNNN	TRAV12-2*00(650.9)		TRAJ57*00(562.6)		551|558|584|0|7||70.0		24|52|83|14|42||280.0		TGTGCCGGACGCTTTCAGGGCGGATCTGAAAAGCTGGTCTTT	45	CAGRFQGGSEKLVF	:::::::::0:-6:7:::::14:-4:42:::
17393	295.0	1.1597817565936541E-4	1	1.1548677676406051E-4	TGTGCACGGCATTATACAACTTCAACAAATTTTACTTT	NNNNNNNNNNNNNNNNNNNNNNNNNNNNNNNNNNNNNN	TRAV14/DV4*00(790.9)		TRAJ21*00(569.3)		517|523|554|0|6||60.0		18|44|75|12|38||260.0		TGTGCACGGCATTATACAACTTCAACAAATTTTACTTT	45	CARHYT_FNKFYF	:::::::::0:-11:6:::::12:2:38:::
18056	295.0	1.1597817565936541E-4	1	1.1548677676406051E-4	TGTGCAGCAAGGAACGGACTCACGGGAGGAGGAAACAAACTCACCTTT	NNNNNNNNNNNNNNNNNNNNNNNNNNNNNNNNNNNNNNNNNNNNNNNN	TRAV29/DV5*00(519.7)		TRAJ10*00(609.9)		529|540|562|0|11||110.0		22|53|84|17|48||310.0		TGTGCAGCAAGGAACGGACTCACGGGAGGAGGAAACAAACTCACCTTT	45	CAARNGLTGGGNKLTF	:::::::::0:-2:11:::::17:-2:48:::
18666	295.0	1.1597817565936541E-4	1	1.1548677676406051E-4	TGTGCAATGAGCAGGGGACCATGAATTATGGAGGAAGCCAAGGAAATCTCATCTTT	NNNNNNNNNNNNNNNNNNNNNNNNNNNNNNNNNNNNNNNNNNNNNNNNNNNNNNNN	TRAV12-3*00(595.1)		TRAJ42*00(661)		562|574|595|0|12||120.0		18|55|86|19|56||370.0		TGTGCAATGAGCAGGGGACCATGAATTATGGAGGAAGCCAAGGAAATCTCATCTTT	45	CAMSRGP*I_GGSQGNLIF	:::::::::0:-1:12:::::19:2:56:::
20402	295.0	1.1597817565936541E-4	1	1.1548677676406051E-4	TGCATCGTCAGAGTCGCGACCGAGAGCAACTATCAGTTAATCTGG	NNNNNNNNNNNNNNNNNNNNNNNNNNNNNNNNNNNNNNNNNNNNN	TRAV26-1*00(689.3)		TRAJ33*00(499.5)		763|783|799|0|20||200.0		22|46|77|21|45|ST24G|211.0		TGCATCGTCAGAGTCGCGACCGAGAGCAACTATCAGTTAATCTGG	45	CIVRVATESNYQLIW	:::::::::0:4:20:::::21:-2:45:::
1528	294.0	1.1558502930119808E-4	1	1.1548677676406051E-4	TGTCTTCTGGGTATTATACCGGCACTGCCAGTAAACTCACCTTT	NNNNNNNNNNNNNNNNNNNNNNNNNNNNNNNNNNNNNNNNNNNN	TRAV40*00(888.7)		TRAJ44*00(599.2)		436|447|470|0|11||110.0		23|52|83|15|44||290.0		TGTCTTCTGGGTATTATACCGGCACTGCCAGTAAACTCACCTTT	45	CLLGIIP_TASKLTF	:::::::::0:-3:11:::::15:-3:44:::
1716	294.0	1.1558502930119808E-4	1	1.1548677676406051E-4	TGTGTGGTGATCTTCCCTACCTCAGGAACCTACAAATACATCTTT	NNNNNNNNNNNNNNNNNNNNNNNNNNNNNNNNNNNNNNNNNNNNN	TRAV12-1*00(959.6)		TRAJ40*00(539.5)		539|549|572|0|10||100.0		21|50|81|16|45||290.0		TGTGTGGTGATCTTCCCTACCTCAGGAACCTACAAATACATCTTT	45	CVVIFPTSGTYKYIF	:::::::::0:-3:10:::::16:-1:45:::
2403	294.0	1.1558502930119808E-4	1	1.1548677676406051E-4	TGTGCTCTTGGGGAACAGGGGGCATCAAACTGGGGCAAACAACCTCTTCTTT	NNNNNNNNNNNNNNNNNNNNNNNNNNNNNNNNNNNNNNNNNNNNNNNNNNNN	TRDV1*00(856.9)		TRAJ36*00(579.4)		573|589|610|0|16||160.0		19|48|79|23|52||290.0		TGTGCTCTTGGGGAACAGGGGGCATCAAACTGGGGCAAACAACCTCTTCTTT	45	CALGEQGAS_TGANNLFF	:::::::::0:-1:16:::::23:1:52:::
2771	294.0	1.1558502930119808E-4	1	1.1548677676406051E-4	TGTGCTCTGAGTGAGAGGGGACTCACGGGAGGAGGAAACAAACTCACCTTT	NNNNNNNNNNNNNNNNNNNNNNNNNNNNNNNNNNNNNNNNNNNNNNNNNNN	TRAV19*00(739.7)		TRAJ10*00(609.4)		556|571|593|0|15||150.0		22|53|84|20|51||310.0		TGTGCTCTGAGTGAGAGGGGACTCACGGGAGGAGGAAACAAACTCACCTTT	45	CALSERGLTGGGNKLTF	:::::::::0:-2:15:::::20:-2:51:::
3058	294.0	1.1558502930119808E-4	1	1.1548677676406051E-4	TGTGCTCCCCTGGGTGGGGCAAACAACCTCTTCTTT	NNNNNNNNNNNNNNNNNNNNNNNNNNNNNNNNNNNN	TRAV21*00(571.9)		TRAJ36*00(523.2)		544|550|576|0|6||60.0		26|48|79|14|36||220.0		TGTGCTCCCCTGGGTGGGGCAAACAACCTCTTCTTT	45	CAPLGGANNLFF	:::::::::0:-6:6:::::14:-6:36:::
3189	294.0	1.1558502930119808E-4	1	1.1548677676406051E-4	TGTGCTGTTATGACCATGCAGGCAACATGCTCACCTTT	NNNNNNNNNNNNNNNNNNNNNNNNNNNNNNNNNNNNNN	TRAV20*00(489.7)		TRAJ39*00(540)		498|506|531|0|8||80.0		29|52|83|15|38||230.0		TGTGCTGTTATGACCATGCAGGCAACATGCTCACCTTT	45	CAVMTM_GNMLTF	:::::::::0:-5:8:::::15:-9:38:::
3392	294.0	1.1558502930119808E-4	1	1.1548677676406051E-4	TGTGCTGTGCCCTCAATCTAACTTTGGAAATGAGAAATTAACCTTT	NNNNNNNNNNNNNNNNNNNNNNNNNNNNNNNNNNNNNNNNNNNNNN	TRAV20*00(509.8)		TRAJ48*00(619.3)		498|508|531|0|10||100.0		21|52|83|15|46||310.0		TGTGCTGTGCCCTCAATCTAACTTTGGAAATGAGAAATTAACCTTT	45	CAVPSI*L_GNEKLTF	:::::::::0:-3:10:::::15:-1:46:::
3605	294.0	1.1558502930119808E-4	1	1.1548677676406051E-4	TGTGCTGTGGGTAACTCATCAGGAGGAAGCTACATACCTACATTT	NNNNNNNNNNNNNNNNNNNNNNNNNNNNNNNNNNNNNNNNNNNNN	TRAV8-3*00(580.1)		TRAJ6*00(599.4)		455|467|489|0|12||120.0		22|51|82|16|45||290.0		TGTGCTGTGGGTAACTCATCAGGAGGAAGCTACATACCTACATTT	45	CAVGNSSGGSYIPTF	:::::::::0:-2:12:::::16:-2:45:::
3610	294.0	1.1558502930119808E-4	1	1.1548677676406051E-4	TGTGCTGTGGGCCCCAGAGGCTCAACCCTGGGGAGGCTATACTTT	NNNNNNNNNNNNNNNNNNNNNNNNNNNNNNNNNNNNNNNNNNNNN	TRAV22*00(530)		TRAJ18*00(619.7)		526|536|559|0|10||100.0		24|55|86|14|45||310.0		TGTGCTGTGGGCCCCAGAGGCTCAACCCTGGGGAGGCTATACTTT	45	CAVGPRGSTLGRLYF	:::::::::0:-3:10:::::14:-4:45:::
4820	294.0	1.1558502930119808E-4	1	1.1548677676406051E-4	TGTGCTACGGGGCGCCTTTCTAACCAGGGAGGAAAGCTTATCTTC	NNNNNNNNNNNNNNNNNNNNNNNNNNNNNNNNNNNNNNNNNNNNN	TRAV17*00(899.8)		TRAJ23*00(511.9)		490|500|523|0|10||100.0		23|52|83|16|45|SA26C|261.0		TGTGCTACGGGGCGCCTTTCTAACCAGGGAGGAAAGCTTATCTTC	45	CATGRLSNQGGKLIF	:::::::::0:-3:10:::::16:-3:45:::
4821	294.0	1.1558502930119808E-4	1	1.1548677676406051E-4	TGTGCTACGGGGGTTAACAAATAACAATGACATGCGCTTT	NNNNNNNNNNNNNNNNNNNNNNNNNNNNNNNNNNNNNNNN	TRAV17*00(899.5)		TRAJ43*00(509.7)		490|500|523|0|10||100.0		22|43|74|19|40||210.0		TGTGCTACGGGGGTTAACAAATAACAATGACATGCGCTTT	45	CATGVNK_NNDMRF	:::::::::0:-3:10:::::19:-2:40:::
4875	294.0	1.1558502930119808E-4	1	1.1548677676406051E-4	TGTGCTACGGACGCACGTAACTATGGTCAGAATTTTGTCTTT	NNNNNNNNNNNNNNNNNNNNNNNNNNNNNNNNNNNNNNNNNN	TRAV17*00(939.7)		TRAJ26*00(549.5)		490|504|523|0|14||140.0		24|49|80|17|42||250.0		TGTGCTACGGACGCACGTAACTATGGTCAGAATTTTGTCTTT	45	CATDARNYGQNFVF	:::::::::0:1:14:::::17:-4:42:::
6249	294.0	1.1558502930119808E-4	1	1.1548677676406051E-4	TGTGCCGTGGACATAGGGAACCGTAACCAGTTCTATTTT	NNNNNNNNNNNNNNNNNNNNNNNNNNNNNNNNNNNNNNN	TRAV39*00(779.6)		TRAJ49*00(469.2)		507|521|540|0|14||140.0		28|45|76|22|39||170.0		TGTGCCGTGGACATAGGGAACCGTAACCAGTTCTATTTT	45	CAVDIGNRNQFYF	:::::::::0:1:14:::::22:-8:39:::
17433	294.0	1.1558502930119808E-4	1	1.1548677676406051E-4	TGTGCAGTAACTGACAGCTGGGGGAAATTGCAGTTT	NNNNNNNNNNNNNNNNNNNNNNNNNNNNNNNNNNNN	TRAV27*00(611.8)		TRAJ24*00(569.6)		552|559|582|0|7||70.0		24|52|83|8|36||280.0		TGTGCAGTAACTGACAGCTGGGGGAAATTGCAGTTT	45	CAVTDSWGKLQF	:::::::::0:-3:7:::::8:-4:36:::
17860	294.0	1.1558502930119808E-4	1	1.1548677676406051E-4	TGTGCAGCAAGCGCCTCTAGATTCATTCAGGGAGCCCAGAAGCTGGTATTT	NNNNNNNNNNNNNNNNNNNNNNNNNNNNNNNNNNNNNNNNNNNNNNNNNNN	TRAV29/DV5*00(589.5)		TRAJ54*00(559)		529|543|562|0|14||140.0		22|49|80|24|51||270.0		TGTGCAGCAAGCGCCTCTAGATTCATTCAGGGAGCCCAGAAGCTGGTATTT	45	CAASASRFIQGAQKLVF	:::::::::0:1:14:::::24:-2:51:::
17879	294.0	1.1558502930119808E-4	1	1.1548677676406051E-4	TGTGCAGCAAGCGCGGTTGTGGAATATGGAAACAAGCTGGTCTTT	NNNNNNNNNNNNNNNNNNNNNNNNNNNNNNNNNNNNNNNNNNNNN	TRAV29/DV5*00(570.9)		TRAJ47*00(541)		529|548|562|0|19|SC544G|161.0		20|46|77|19|45|SA36G|231.0		TGTGCAGCAAGCGCGGTTGTGGAATATGGAAACAAGCTGGTCTTT	45	CAASAVVEYGNKLVF	:::::::::0:6:19:::::19:0:45:::
18016	294.0	1.1558502930119808E-4	1	1.1548677676406051E-4	TGTGCAGCAAGCAGAGGTGGGGGTTACCAGAAAGTTACCTTT	NNNNNNNNNNNNNNNNNNNNNNNNNNNNNNNNNNNNNNNNNN	TRAV23/DV6*00(500)		TRAJ13*00(550)		517|530|550|0|13||130.0		27|52|83|17|42||250.0		TGTGCAGCAAGCAGAGGTGGGGGTTACCAGAAAGTTACCTTT	45	CAASRGGGYQKVTF	:::::::::0:0:13:::::17:-7:42:::
18069	294.0	1.1558502930119808E-4	1	1.1548677676406051E-4	TGTGCAGCAAGAAGGGGATCTAACGACTACAAGCTCAGCTTT	NNNNNNNNNNNNNNNNNNNNNNNNNNNNNNNNNNNNNNNNNN	TRAV29/DV5*00(519.5)		TRAJ20*00(544.3)		529|540|562|0|11||110.0		22|46|77|18|42||240.0		TGTGCAGCAAGAAGGGGATCTAACGACTACAAGCTCAGCTTT	45	CAARRGSNDYKLSF	:::::::::0:-2:11:::::18:-2:42:::
18090	294.0	1.1558502930119808E-4	1	1.1548677676406051E-4	TGTGCAGCAAAGAGGGATAGCAACTATCAGTTAATCTGG	NNNNNNNNNNNNNNNNNNNNNNNNNNNNNNNNNNNNNNN	TRAV29/DV5*00(549.8)		TRAJ33*00(539.4)		529|539|562|0|10||100.0		21|46|77|14|39||250.0		TGTGCAGCAAAGAGGGATAGCAACTATCAGTTAATCTGG	45	CAAKRDSNYQLIW	:::::::::0:-3:10:::::14:-1:39:::
18422	294.0	1.1558502930119808E-4	1	1.1548677676406051E-4	TGTGCAGAGAGTGCGCAAACTGGGGCAAACAACCTCTTCTTT	NNNNNNNNNNNNNNNNNNNNNNNNNNNNNNNNNNNNNNNNNN	TRAV5*00(480)		TRAJ36*00(453.7)		523|535|556|0|12||120.0		21|48|79|15|42||270.0		TGTGCAGAGAGTGCGCAAACTGGGGCAAACAACCTCTTCTTT	45	CAESAQTGANNLFF	:::::::::0:-1:12:::::15:-1:42:::
18445	294.0	1.1558502930119808E-4	1	1.1548677676406051E-4	TGTGCAGAGAGGCAGTCTTCTGGTTCTGCAAGGCAACTGACCTTT	NNNNNNNNNNNNNNNNNNNNNNNNNNNNNNNNNNNNNNNNNNNNN	TRAV13-2*00(549.8)		TRAJ22*00(609.7)		506|516|539|0|10||100.0		22|52|83|15|45||300.0		TGTGCAGAGAGGCAGTCTTCTGGTTCTGCAAGGCAACTGACCTTT	45	CAERQSSGSARQLTF	:::::::::0:-3:10:::::15:-2:45:::
18791	294.0	1.1558502930119808E-4	1	1.1548677676406051E-4	TGTGCAATGAGAGAGGGCAGTGATAATGCAGGCAACATGCTCACCTTT	NNNNNNNNNNNNNNNNNNNNNNNNNNNNNNNNNNNNNNNNNNNNNNNN	TRAV14/DV4*00(540.6)		TRAJ39*00(569.7)		517|535|554|0|18||180.0		26|52|83|22|48||260.0		TGTGCAATGAGAGAGGGCAGTGATAATGCAGGCAACATGCTCACCTTT	45	CAMREGSDNAGNMLTF	:::::::::0:1:18:::::22:-6:48:::
18870	294.0	1.1558502930119808E-4	1	1.1548677676406051E-4	TGTGGCCTCTCTCAGGGCGGATCTGAAAAGCTGGTCTTT	NNNNNNNNNNNNNNNNNNNNNNNNNNNNNNNNNNNNNNN	TRAV30*00(400.9)		TRAJ57*00(599.5)		567|573|600|0|6|SC569T|31.0		23|52|83|10|39||290.0		TGTGGCCTCTCTCAGGGCGGATCTGAAAAGCTGGTCTTT	45	CGLSQGGSEKLVF	:::::::::0:-7:6:::::10:-3:39:::
18956	294.0	1.1558502930119808E-4	1	1.1548677676406051E-4	TGCCTCCTTATGAACAGAGATGACAAGATCATCTTT	NNNNNNNNNNNNNNNNNNNNNNNNNNNNNNNNNNNN	TRAV4*00(929.5)		TRAJ30*00(569.6)		768|774|804|0|6||60.0		19|46|77|9|36||270.0		TGCCTCCTTATGAACAGAGATGACAAGATCATCTTT	45	CLLMNRDDKIIF	:::::::::0:-10:6:::::9:1:36:::
19102	294.0	1.1558502930119808E-4	1	1.1548677676406051E-4	TGCGCTGTCCCAATGCAGGCAAATCAACCTTT	NNNNNNNNNNNNNNNNNNNNNNNNNNNNNNNN	TRAV1-1*00(650.3)		TRAJ27*00(519.8)		670|678|704|0|8||80.0		25|48|79|9|32||230.0		TGCGCTGTCCCAATGCAGGCAAATCAACCTTT	45	CAVPM_GKSTF	:::::::::0:-6:8:::::9:-5:32:::
19115	294.0	1.1558502930119808E-4	1	1.1548677676406051E-4	TGCGCTGTGGAGAGCAATGCCAGACTCATGTTT	NNNNNNNNNNNNNNNNNNNNNNNNNNNNNNNNN	TRAV1-1*00(660.7)		TRAJ31*00(489.8)		670|679|704|0|9||90.0		27|46|77|14|33||190.0		TGCGCTGTGGAGAGCAATGCCAGACTCATGTTT	45	CAVESNARLMF	:::::::::0:-5:9:::::14:-7:33:::
21362	294.0	1.1558502930119808E-4	1	1.1548677676406051E-4	CCTTGATAAGCCGGGGCAAACAACCTCTTCTTT	NNNNNNNNNNNNNNNNNNNNNNNNNNNNNNNNN	TRAV17*00(799.5)		TRAJ36*00(393.9)		490|490|523|0|0||0.0		27|48|79|12|33||210.0		CCTTGATAAGCCGGGGCAAACAACCTCTTCTTT	45	P**AGANNLFF	:::::::::0:-13:0:::::12:-7:33:::
21387	294.0	1.1558502930119808E-4	1	1.1548677676406051E-4	GAGGATGGTGGTGCTACAAACAAGCTCATCTTT	NNNNNNNNNNNNNNNNNNNNNNNNNNNNNNNNN	TRAV25*00(459.8)		TRAJ32*00(589.4)		620|620|649|0|0||0.0		26|55|86|4|33||290.0		GAGGATGGTGGTGCTACAAACAAGCTCATCTTT	45	EDGGATNKLIF	:::::::::0:-9:0:::::4:-6:33:::
1796	293.0	1.1519188294303073E-4	1	1.1548677676406051E-4	TGTGTGGTGAGCGCGGGAACCGGTAACCAGTTCTATTTT	NNNNNNNNNNNNNNNNNNNNNNNNNNNNNNNNNNNNNNN	TRAV10*00(709.2)		TRAJ49*00(508.8)		575|590|608|0|15||150.0		24|45|76|18|39||210.0		TGTGTGGTGAGCGCGGGAACCGGTAACCAGTTCTATTTT	45	CVVSAGTGNQFYF	:::::::::0:2:15:::::18:-4:39:::
2266	293.0	1.1519188294303073E-4	1	1.1548677676406051E-4	TGTGCTTATAAAGGCTTTGGGAATGTGCTGCATTGC	NNNNNNNNNNNNNNNNNNNNNNNNNNNNNNNNNNNN	TRAV38-2/DV8*00(559.8)		TRAJ35*00(559.4)		602|612|638|0|10||100.0		23|48|79|11|36||250.0		TGTGCTTATAAAGGCTTTGGGAATGTGCTGCATTGC	45	CAYKGFGNVLHC	:::::::::0:-6:10:::::11:-3:36:::
2593	293.0	1.1519188294303073E-4	1	1.1548677676406051E-4	TGTGCTCTGAGTCCAGGTAGCAACTATAAACTGACATTT	NNNNNNNNNNNNNNNNNNNNNNNNNNNNNNNNNNNNNNN	TRAV9-2*00(729.3)		TRAJ53*00(558.8)		480|492|514|0|12||120.0		30|55|86|14|39||250.0		TGTGCTCTGAGTCCAGGTAGCAACTATAAACTGACATTT	45	CALSPGSNYKLTF	:::::::::0:-2:12:::::14:-10:39:::
2923	293.0	1.1519188294303073E-4	1	1.1548677676406051E-4	TGTGCTCTAGGTGAATACTGGAGGCTTCAAAACTATCTTT	NNNNNNNNNNNNNNNNNNNNNNNNNNNNNNNNNNNNNNNN	TRAV6*00(469.8)		TRAJ9*00(569.7)		535|545|568|0|10||100.0		23|50|81|13|40||270.0		TGTGCTCTAGGTGAATACTGGAGGCTTCAAAACTATCTTT	45	CALGEYW_GFKTIF	:::::::::0:-3:10:::::13:-3:40:::
2949	293.0	1.1519188294303073E-4	1	1.1548677676406051E-4	TGTGCTCTAATTTCTTCTGGTTCTGCAAGGCAACTGACCTTT	NNNNNNNNNNNNNNNNNNNNNNNNNNNNNNNNNNNNNNNNNN	TRAV9-2*00(689.9)		TRAJ22*00(649.3)		480|488|514|0|8||80.0		18|52|83|8|42||340.0		TGTGCTCTAATTTCTTCTGGTTCTGCAAGGCAACTGACCTTT	45	CALISSGSARQLTF	:::::::::0:-6:8:::::8:2:42:::
3026	293.0	1.1519188294303073E-4	1	1.1548677676406051E-4	TGTGCTCTAAAGGAAGAATATAGAAACAAACTGGTCTTT	NNNNNNNNNNNNNNNNNNNNNNNNNNNNNNNNNNNNNNN	TRAV16*00(968.1)		TRAJ47*00(481.1)		449|459|483|0|10||100.0		22|46|77|15|39|SG28A|211.0		TGTGCTCTAAAGGAAGAATATAGAAACAAACTGGTCTTT	45	CALKEEYRNKLVF	:::::::::0:-4:10:::::15:-2:39:::
3335	293.0	1.1519188294303073E-4	1	1.1548677676406051E-4	TGTGCTGTCAATTCAGGAGGAGGTGCTGACGGACTCACCTTT	NNNNNNNNNNNNNNNNNNNNNNNNNNNNNNNNNNNNNNNNNN	TRAV21*00(735)		TRAJ45*00(606.7)		544|552|576|0|8||80.0		23|55|86|10|42||320.0		TGTGCTGTCAATTCAGGAGGAGGTGCTGACGGACTCACCTTT	45	CAVNSGGGADGLTF	:::::::::0:-4:8:::::10:-3:42:::
3464	293.0	1.1519188294303073E-4	1	1.1548677676406051E-4	TGTGCTGTGCAGGACTACAGAGATGACAAGATCATCTTT	NNNNNNNNNNNNNNNNNNNNNNNNNNNNNNNNNNNNNNN	TRAV20*00(542.4)		TRAJ30*00(509.5)		498|517|531|0|19|SC511ASG514A|133.0		26|46|77|19|39||230.0		TGTGCTGTGCAGGACTACAGAGATGACAAGATCATCTTT	45	CAVQDYRDDKIIF	:::::::::0:6:19:::::19:-6:39:::
3583	293.0	1.1519188294303073E-4	1	1.1548677676406051E-4	TGTGCTGTGGGTGCAGACAGCTGGGGGAAATTGCAGTTT	NNNNNNNNNNNNNNNNNNNNNNNNNNNNNNNNNNNNNNN	TRAV8-3*00(630.6)		TRAJ24*00(529.3)		455|469|489|0|14||140.0		28|52|83|15|39||240.0		TGTGCTGTGGGTGCAGACAGCTGGGGGAAATTGCAGTTT	45	CAVGADSWGKLQF	:::::::::0:0:14:::::15:-8:39:::
4665	293.0	1.1519188294303073E-4	1	1.1548677676406051E-4	TGTGCTGGGCAGGGGACTACCTCAGGAACCTACAAATACATCTTT	NNNNNNNNNNNNNNNNNNNNNNNNNNNNNNNNNNNNNNNNNNNNN	TRAV35*00(755)		TRAJ40*00(567.7)		588|600|620|0|12||120.0		20|50|81|15|45||300.0		TGTGCTGGGCAGGGGACTACCTCAGGAACCTACAAATACATCTTT	45	CAGQGTTSGTYKYIF	:::::::::0:0:12:::::15:0:45:::
4681	293.0	1.1519188294303073E-4	1	1.1548677676406051E-4	TGTGCTGGGCAGAGAACCGGTAACCAGTTCTATTTT	NNNNNNNNNNNNNNNNNNNNNNNNNNNNNNNNNNNN	TRAV35*00(948)		TRAJ49*00(509.8)		588|600|620|0|12||120.0		24|45|76|15|36||210.0		TGTGCTGGGCAGAGAACCGGTAACCAGTTCTATTTT	45	CAGQRTGNQFYF	:::::::::0:0:12:::::15:-4:36:::
4809	293.0	1.1519188294303073E-4	1	1.1548677676406051E-4	TGTGCTACGGGTCCCCGTTCTAACGACTACAAGCTCAGCTTT	NNNNNNNNNNNNNNNNNNNNNNNNNNNNNNNNNNNNNNNNNN	TRAV17*00(898.9)		TRAJ20*00(569.9)		490|500|523|0|10||100.0		19|46|77|15|42||270.0		TGTGCTACGGGTCCCCGTTCTAACGACTACAAGCTCAGCTTT	45	CATGPRSNDYKLSF	:::::::::0:-3:10:::::15:1:42:::
17338	293.0	1.1519188294303073E-4	1	1.1548677676406051E-4	TGTGCGGCCCCCTTGATGGATAGCAACTATCAGTTAATCTGG	NNNNNNNNNNNNNNNNNNNNNNNNNNNNNNNNNNNNNNNNNN	TRAV1-2*00(609.7)		TRAJ33*00(559.8)		620|625|654|0|5||50.0		19|46|77|15|42||270.0		TGTGCGGCCCCCTTGATGGATAGCAACTATCAGTTAATCTGG	45	CAAPLMDSNYQLIW	:::::::::0:-9:5:::::15:1:42:::
17539	293.0	1.1519188294303073E-4	1	1.1548677676406051E-4	TGTGCAGCATGTAACAATAACAATGACATGCGCTTT	NNNNNNNNNNNNNNNNNNNNNNNNNNNNNNNNNNNN	TRAV29/DV5*00(499.8)		TRAJ43*00(529.5)		529|538|562|0|9||90.0		20|43|74|13|36||230.0		TGTGCAGCATGTAACAATAACAATGACATGCGCTTT	45	CAACNNNNDMRF	:::::::::0:-4:9:::::13:0:36:::
17896	293.0	1.1519188294303073E-4	1	1.1548677676406051E-4	TGTGCAGCAAGCGCGAGTGCTGGCAACAACCGTAAGCTGATTTGG	NNNNNNNNNNNNNNNNNNNNNNNNNNNNNNNNNNNNNNNNNNNNN	TRAV29/DV5*00(611.7)		TRAJ38*00(559.9)		529|549|562|0|20|SC544AST545G|162.0		26|51|82|20|45||280.0		TGTGCAGCAAGCGCGAGTGCTGGCAACAACCGTAAGCTGATTTGG	45	CAASASAGNNRKLIW	:::::::::0:7:20:::::20:-6:45:::
18018	293.0	1.1519188294303073E-4	1	1.1548677676406051E-4	TGTGCAGCAAGCAATTCGCATCAGGAGGAAGCTACATACCTACATTT	NNNNNNNNNNNNNNNNNNNNNNNNNNNNNNNNNNNNNNNNNNNNNNN	TRAV29/DV5*00(529.5)		TRAJ6*00(609.4)		529|541|562|0|12||120.0		21|51|82|17|47||300.0		TGTGCAGCAAGCAATTCGCATCAGGAGGAAGCTACATACCTACATTT	45	CAASNSHQ_GSYIPTF	:::::::::0:-1:12:::::17:-1:47:::
18481	293.0	1.1519188294303073E-4	1	1.1548677676406051E-4	TGTGCAGAGAATATTGGGGCTGGGAGTTACCAACTCACTTTC	NNNNNNNNNNNNNNNNNNNNNNNNNNNNNNNNNNNNNNNNNN	TRAV13-2*00(589.5)		TRAJ28*00(497.8)		506|520|539|0|14||140.0		27|55|86|14|42||280.0		TGTGCAGAGAATATTGGGGCTGGGAGTTACCAACTCACTTTC	45	CAENIGAGSYQLTF	:::::::::0:1:14:::::14:-7:42:::
18709	293.0	1.1519188294303073E-4	1	1.1548677676406051E-4	TGTGCAATGAGAGGGGACTACACAGGCTTTCAGAAACTTGTATTT	NNNNNNNNNNNNNNNNNNNNNNNNNNNNNNNNNNNNNNNNNNNNN	TRAV14/DV4*00(491.4)		TRAJ8*00(549.7)		517|533|554|0|16|SA530G|131.0		23|49|80|19|45||260.0		TGTGCAATGAGAGGGGACTACACAGGCTTTCAGAAACTTGTATTT	45	CAMRGDYTGFQKLVF	:::::::::0:-1:16:::::19:-3:45:::
20154	293.0	1.1519188294303073E-4	1	1.1548677676406051E-4	TGCGGCCGAGGGGGATAGCAACTATCAGTTAATCTGG	NNNNNNNNNNNNNNNNNNNNNNNNNNNNNNNNNNNNN	TRAV30*00(429.8)		TRAJ33*00(539.5)		567|573|600|0|6||60.0		21|46|77|12|37||250.0		TGCGGCCGAGGGGGATAGCAACTATCAGTTAATCTGG	45	CGRGG*_NYQLIW	:::::::::0:-7:6:::::12:-1:37:::
20447	293.0	1.1519188294303073E-4	1	1.1548677676406051E-4	TGCATCGTCAGAGCGTCAATGACATGCGCTTT	NNNNNNNNNNNNNNNNNNNNNNNNNNNNNNNN	TRAV26-1*00(619.7)		TRAJ43*00(460)		763|776|799|0|13||130.0		27|43|74|16|32||160.0		TGCATCGTCAGAGCGTCAATGACATGCGCTTT	45	CIVRA_NDMRF	:::::::::0:-3:13:::::16:-7:32:::
644	292.0	1.147987365848634E-4	2	2.3097355352812103E-4	TGTGCTGTCGGTTGGCCGGATAGCAACTATCAGTTAATCTGG	[[[[[[[[[[[[[[[[[[[[[[[[[[[[[[[[[[[[[[[[[[	TRAV21*00(692.8)		TRAJ33*00(519.9)		544|552|576|0|8||80.0		21|46|77|17|42||250.0		TGTGCTGTCGGTTGGCCGGATAGCAACTATCAGTTAATCTGG	58	CAVGWPDSNYQLIW	:::::::::0:-4:8:::::17:-1:42:::
1600	292.0	1.147987365848634E-4	1	1.1548677676406051E-4	TGTGTTGTGAGTGGAAAAGGAGGAGGTGCTGACGGACTCACCTTT	NNNNNNNNNNNNNNNNNNNNNNNNNNNNNNNNNNNNNNNNNNNNN	TRAV8-2*00(679.8)		TRAJ45*00(589.4)		466|479|500|0|13||130.0		27|55|86|17|45||280.0		TGTGTTGTGAGTGGAAAAGGAGGAGGTGCTGACGGACTCACCTTT	45	CVVSGKGGGADGLTF	:::::::::0:-1:13:::::17:-7:45:::
1705	292.0	1.147987365848634E-4	1	1.1548677676406051E-4	TGTGTGGTGGGGGGGGGTCACCGGGCAGGAGAGCACTTACTTTT	NNNNNNNNNNNNNNNNNNNNNNNNNNNNNNNNNNNNNNNNNNNN	TRAV12-1*00(489.2)		TRAJ5*00(528.7)		539|548|572|0|9||90.0		26|49|80|21|44||230.0		TGTGTGGTGGGGGGGGGTCACCGGGCAGGAGAGCACTTACTTTT	45	CVVGGGH_GRRALTF	:::::::::0:-4:9:::::21:-6:44:::
1933	292.0	1.147987365848634E-4	1	1.1548677676406051E-4	TGTGTGGTGAACAGGAACAGAGATGACAAGATCATCTTT	NNNNNNNNNNNNNNNNNNNNNNNNNNNNNNNNNNNNNNN	TRAV12-1*00(529.9)		TRAJ30*00(561)		539|551|572|0|12||130.0		19|46|77|12|39|ST20G|251.0		TGTGTGGTGAACAGGAACAGAGATGACAAGATCATCTTT	45	CVVNRNRDDKIIF	:::::::::0:-1:12:::::12:1:39:::
2146	292.0	1.147987365848634E-4	1	1.1548677676406051E-4	TGTGCTTCAGAAAGGAATAACAATGCCAGACTCATGTTT	NNNNNNNNNNNNNNNNNNNNNNNNNNNNNNNNNNNNNNN	TRAV36/DV7*00(579.3)		TRAJ31*00(559.6)		500|506|533|0|6||60.0		20|46|77|13|39||260.0		TGTGCTTCAGAAAGGAATAACAATGCCAGACTCATGTTT	45	CASERNNNARLMF	:::::::::0:-7:6:::::13:0:39:::
2629	292.0	1.147987365848634E-4	1	1.1548677676406051E-4	TGTGCTCTGAGTGGGGTCAGGGAGGAAAGCTTATCTTC	NNNNNNNNNNNNNNNNNNNNNNNNNNNNNNNNNNNNNN	TRAV9-2*00(739.7)		TRAJ23*00(480.4)		480|493|514|0|13||130.0		31|52|83|17|38||210.0		TGTGCTCTGAGTGGGGTCAGGGAGGAAAGCTTATCTTC	45	CALSGV_GGKLIF	:::::::::0:-1:13:::::17:-11:38:::
3262	292.0	1.147987365848634E-4	1	1.1548677676406051E-4	TGTGCTGTCGGCTTTACTACCTCAGGAACCTACAAATACATCTTT	NNNNNNNNNNNNNNNNNNNNNNNNNNNNNNNNNNNNNNNNNNNNN	TRAV22*00(509.9)		TRAJ40*00(598.5)		526|534|559|0|8||80.0		19|50|81|14|45||310.0		TGTGCTGTCGGCTTTACTACCTCAGGAACCTACAAATACATCTTT	45	CAVGFTTSGTYKYIF	:::::::::0:-5:8:::::14:1:45:::
3773	292.0	1.147987365848634E-4	1	1.1548677676406051E-4	TGTGCTGTGGAAGAGACAGGCTTTCAGAAACTTGTATTT	NNNNNNNNNNNNNNNNNNNNNNNNNNNNNNNNNNNNNNN	TRAV22*00(539.6)		TRAJ8*00(529.2)		526|537|559|0|11||110.0		25|49|80|15|39||240.0		TGTGCTGTGGAAGAGACAGGCTTTCAGAAACTTGTATTT	45	CAVEETGFQKLVF	:::::::::0:-2:11:::::15:-5:39:::
3833	292.0	1.147987365848634E-4	1	1.1548677676406051E-4	TGTGCTGTGACCAAAAATGCTGGCAACAACCGTAAGCTGATTTGG	NNNNNNNNNNNNNNNNNNNNNNNNNNNNNNNNNNNNNNNNNNNNN	TRAV21*00(725)		TRAJ38*00(578.7)		544|554|576|0|10||100.0		21|51|82|15|45||300.0		TGTGCTGTGACCAAAAATGCTGGCAACAACCGTAAGCTGATTTGG	45	CAVTKNAGNNRKLIW	:::::::::0:-2:10:::::15:-1:45:::
4134	292.0	1.147987365848634E-4	1	1.1548677676406051E-4	TGTGCTGTGAGGCCGGGGCCAATGCAGGCAAATCAACCTTT	NNNNNNNNNNNNNNNNNNNNNNNNNNNNNNNNNNNNNNNNN	TRAV21*00(500)		TRAJ27*00(519.8)		544|558|576|0|14||140.0		25|48|79|18|41||230.0		TGTGCTGTGAGGCCGGGGCCAATGCAGGCAAATCAACCTTT	45	CAVRPGP_AGKSTF	:::::::::0:2:14:::::18:-5:41:::
6317	292.0	1.147987365848634E-4	1	1.1548677676406051E-4	TGTGCCGTGAGGCCCGGAGGAGGTGCTGACGGACTCACCTTT	NNNNNNNNNNNNNNNNNNNNNNNNNNNNNNNNNNNNNNNNNN	TRAV8-1*00(569.6)		TRAJ45*00(579.9)		474|484|508|0|10||100.0		28|55|86|15|42||270.0		TGTGCCGTGAGGCCCGGAGGAGGTGCTGACGGACTCACCTTT	45	CAVRPGGGADGLTF	:::::::::0:-4:10:::::15:-8:42:::
17562	292.0	1.147987365848634E-4	1	1.1548677676406051E-4	TGTGCAGCACACCGTATGGAGGAAGCCAAGGAAATCTCATCTTT	NNNNNNNNNNNNNNNNNNNNNNNNNNNNNNNNNNNNNNNNNNNN	TRAV29/DV5*00(539.7)		TRAJ42*00(600)		529|538|562|0|9||90.0		25|55|86|14|44||300.0		TGTGCAGCACACCGTATGGAGGAAGCCAAGGAAATCTCATCTTT	45	CAAHRME_SQGNLIF	:::::::::0:-4:9:::::14:-5:44:::
17704	292.0	1.147987365848634E-4	1	1.1548677676406051E-4	TGTGCAGCAAGTATTAAGTATAATGCAGGCAACATGCTCACCTTT	NNNNNNNNNNNNNNNNNNNNNNNNNNNNNNNNNNNNNNNNNNNNN	TRAV13-1*00(999.3)		TRAJ39*00(529.2)		511|525|544|0|14||140.0		26|52|83|19|45||260.0		TGTGCAGCAAGTATTAAGTATAATGCAGGCAACATGCTCACCTTT	45	CAASIKYNAGNMLTF	:::::::::0:1:14:::::19:-6:45:::
17975	292.0	1.147987365848634E-4	1	1.1548677676406051E-4	TGTGCAGCAAGCATTTTAGGCAATGACATGCGCTTT	NNNNNNNNNNNNNNNNNNNNNNNNNNNNNNNNNNNN	TRAV23/DV6*00(510)		TRAJ43*00(459.9)		517|531|550|0|14||140.0		27|43|74|20|36||160.0		TGTGCAGCAAGCATTTTAGGCAATGACATGCGCTTT	45	CAASILGNDMRF	:::::::::0:1:14:::::20:-7:36:::
18001	292.0	1.147987365848634E-4	1	1.1548677676406051E-4	TGTGCAGCAAGCACATAGGGCTTTGGGAATGTGCTGCATTGC	NNNNNNNNNNNNNNNNNNNNNNNNNNNNNNNNNNNNNNNNNN	TRAV23/DV6*00(499.9)		TRAJ35*00(539.4)		517|530|550|0|13||130.0		24|48|79|18|42||240.0		TGTGCAGCAAGCACATAGGGCTTTGGGAATGTGCTGCATTGC	45	CAAST*GFGNVLHC	:::::::::0:0:13:::::18:-4:42:::
18444	292.0	1.147987365848634E-4	1	1.1548677676406051E-4	TGTGCAGAGAGGTACGAGGGAGGAAAGCTTATCTTC	NNNNNNNNNNNNNNNNNNNNNNNNNNNNNNNNNNNN	TRAV13-2*00(549.6)		TRAJ23*00(471.8)		506|516|539|0|10||100.0		29|52|83|13|36|SC31G|201.0		TGTGCAGAGAGGTACGAGGGAGGAAAGCTTATCTTC	45	CAERYEGGKLIF	:::::::::0:-3:10:::::13:-9:36:::
18589	292.0	1.147987365848634E-4	1	1.1548677676406051E-4	TGTGCAATGAGTTCGAACACCGGTAACCAGTTCTATTTT	NNNNNNNNNNNNNNNNNNNNNNNNNNNNNNNNNNNNNNN	TRAV12-3*00(757.9)		TRAJ49*00(578.3)		562|573|595|0|11||110.0		17|45|76|11|39||290.0		TGTGCAATGAGTTCGAACACCGGTAACCAGTTCTATTTT	45	CAMSSNTGNQFYF	:::::::::0:-2:11:::::11:3:39:::
18636	292.0	1.147987365848634E-4	1	1.1548677676406051E-4	TGTGCAATGAGCGCGGGGGGGAACAACAGACTCGCTTTT	NNNNNNNNNNNNNNNNNNNNNNNNNNNNNNNNNNNNNNN	TRAV12-3*00(549.5)		TRAJ7*00(497.3)		562|577|595|0|15||150.0		27|48|79|18|39||210.0		TGTGCAATGAGCGCGGGGGGGAACAACAGACTCGCTTTT	45	CAMSAGGNNRLAF	:::::::::0:2:15:::::18:-7:39:::
18845	292.0	1.147987365848634E-4	1	1.1548677676406051E-4	TGTGCAACTGCCCGACCCGGTAACCAGTTCTATTTT	NNNNNNNNNNNNNNNNNNNNNNNNNNNNNNNNNNNN	TRAV13-1*00(539.8)		TRAJ49*00(499.5)		511|517|544|0|6||60.0		25|45|76|16|36||200.0		TGTGCAACTGCCCGACCCGGTAACCAGTTCTATTTT	45	CATARPGNQFYF	:::::::::0:-7:6:::::16:-5:36:::
1501	291.0	1.1440559022669605E-4	1	1.1548677676406051E-4	TCGAGCGGGGCACTGCCAGTAAACTCACCTTT	NNNNNNNNNNNNNNNNNNNNNNNNNNNNNNNN	TRAV27*00(537.1)		TRAJ44*00(549.6)		552|553|582|0|1||10.0		28|52|83|8|32||240.0		TCGAGCGGGGCACTGCCAGTAAACTCACCTTT	45	SSGAL_SKLTF	:::::::::0:-9:1:::::8:-8:32:::
2479	291.0	1.1440559022669605E-4	1	1.1548677676406051E-4	TGTGCTCTCACACATGTTTTCTATTAATTCAGGGAGCCCAGAAGCTGGTATTT	NNNNNNNNNNNNNNNNNNNNNNNNNNNNNNNNNNNNNNNNNNNNNNNNNNNNN	TRAV19*00(668.7)		TRAJ54*00(578.7)		556|564|593|0|8||80.0		20|49|80|24|53||290.0		TGTGCTCTCACACATGTTTTCTATTAATTCAGGGAGCCCAGAAGCTGGTATTT	45	CALTHVFY*_QGAQKLVF	:::::::::0:-9:8:::::24:0:53:::
2698	291.0	1.1440559022669605E-4	1	1.1548677676406051E-4	TGTGCTCTGAGTGAGCTACTTTATGGTGGTGCTACAAACAAGCTCATCTTT	NNNNNNNNNNNNNNNNNNNNNNNNNNNNNNNNNNNNNNNNNNNNNNNNNNN	TRAV19*00(739.7)		TRAJ32*00(609.8)		556|571|593|0|15||150.0		24|55|86|20|51||310.0		TGTGCTCTGAGTGAGCTACTTTATGGTGGTGCTACAAACAAGCTCATCTTT	45	CALSELLYGGATNKLIF	:::::::::0:-2:15:::::20:-4:51:::
3056	291.0	1.1440559022669605E-4	1	1.1548677676406051E-4	TGTGCTCCCCTGCGAAGAAGCCAAGGAAATCTCATCTTT	NNNNNNNNNNNNNNNNNNNNNNNNNNNNNNNNNNNNNNN	TRAV9-2*00(679.2)		TRAJ42*00(529.9)		480|487|514|0|7||70.0		29|55|86|13|39|SG31A|231.0		TGTGCTCCCCTGCGAAGAAGCCAAGGAAATCTCATCTTT	45	CAPLRRSQGNLIF	:::::::::0:-7:7:::::13:-9:39:::
3070	291.0	1.1440559022669605E-4	1	1.1548677676406051E-4	TGTGCTCCCCACCGGATTCAGGGAGCCCAGAAGCTGGTATTT	NNNNNNNNNNNNNNNNNNNNNNNNNNNNNNNNNNNNNNNNNN	TRAV19*00(679.7)		TRAJ54*00(559.8)		556|563|593|0|7||70.0		22|49|80|15|42||270.0		TGTGCTCCCCACCGGATTCAGGGAGCCCAGAAGCTGGTATTT	45	CAPHRIQGAQKLVF	:::::::::0:-10:7:::::15:-2:42:::
3407	291.0	1.1440559022669605E-4	1	1.1548677676406051E-4	TGTGCTGTGCGGTGTATAGCAGGGAGGAAAGCTTATCTTC	NNNNNNNNNNNNNNNNNNNNNNNNNNNNNNNNNNNNNNNN	TRAV20*00(509.9)		TRAJ23*00(480.9)		498|508|531|0|10||100.0		31|52|83|19|40||210.0		TGTGCTGTGCGGTGTATAGCAGGGAGGAAAGCTTATCTTC	45	CAVRCIA_GGKLIF	:::::::::0:-3:10:::::19:-11:40:::
3649	291.0	1.1440559022669605E-4	1	1.1548677676406051E-4	TGTGCTGTGGGGAAGCCAAGGAAATCTCATCTTT	NNNNNNNNNNNNNNNNNNNNNNNNNNNNNNNNNN	TRAV1-2*00(649.8)		TRAJ42*00(539.7)		620|629|654|0|9||90.0		31|55|86|10|34||240.0		TGTGCTGTGGGGAAGCCAAGGAAATCTCATCTTT	45	CAVGKP_GNLIF	:::::::::0:-5:9:::::10:-11:34:::
3817	291.0	1.1440559022669605E-4	1	1.1548677676406051E-4	TGTGCTGTGACCCTAATACCGGCACTGCCAGTAAACTCACCTTT	NNNNNNNNNNNNNNNNNNNNNNNNNNNNNNNNNNNNNNNNNNNN	TRAV8-4*00(615.6)		TRAJ44*00(609.3)		476|486|510|0|10||100.0		22|52|83|14|44||300.0		TGTGCTGTGACCCTAATACCGGCACTGCCAGTAAACTCACCTTT	45	CAVTLIP_TASKLTF	:::::::::0:-4:10:::::14:-2:44:::
4159	291.0	1.1440559022669605E-4	1	1.1548677676406051E-4	TGTGCTGTGAGGGGTACATCAGGAGGAAGCTACATACCTACATTT	NNNNNNNNNNNNNNNNNNNNNNNNNNNNNNNNNNNNNNNNNNNNN	TRAV1-2*00(667.3)		TRAJ6*00(599.5)		620|631|654|0|11||110.0		22|51|82|16|45||290.0		TGTGCTGTGAGGGGTACATCAGGAGGAAGCTACATACCTACATTT	45	CAVRGTSGGSYIPTF	:::::::::0:-3:11:::::16:-2:45:::
5642	291.0	1.1440559022669605E-4	1	1.1548677676406051E-4	TGTGCCTTAGGCTTCGGGCAGAAAGTTACCTTT	NNNNNNNNNNNNNNNNNNNNNNNNNNNNNNNNN	TRAV5*00(409.9)		TRAJ13*00(420.6)		523|528|556|0|5||50.0		37|52|83|18|33||150.0		TGTGCCTTAGGCTTCGGGCAGAAAGTTACCTTT	45	CALGFGQKVTF	:::::::::0:-8:5:::::18:-17:33:::
6319	291.0	1.1440559022669605E-4	1	1.1548677676406051E-4	TGTGCCGTGAGGCAGATGGCCAGAAGCTGCTCTTT	NNNNNNNNNNNNNNNNNNNNNNNNNNNNNNNNNNN	TRAV12-2*00(942.2)		TRAJ16*00(500.3)		551|561|584|0|10||100.0		26|49|80|12|35||230.0		TGTGCCGTGAGGCAGATGGCCAGAAGCTGCTCTTT	45	CAVRQM_QKLLF	:::::::::0:-3:10:::::12:-6:35:::
6341	291.0	1.1440559022669605E-4	1	1.1548677676406051E-4	TGTGCCGTGAATCCTTCTACTACCTCAGGAACCTACAAATACATCTTT	NNNNNNNNNNNNNNNNNNNNNNNNNNNNNNNNNNNNNNNNNNNNNNNN	TRAV8-1*00(589.8)		TRAJ40*00(599.1)		474|486|508|0|12||120.0		19|50|81|17|48||310.0		TGTGCCGTGAATCCTTCTACTACCTCAGGAACCTACAAATACATCTTT	45	CAVNPSTTSGTYKYIF	:::::::::0:-2:12:::::17:1:48:::
6518	291.0	1.1440559022669605E-4	1	1.1548677676406051E-4	TGTGCCGCGAGGAACAGAGATGACAAGATCATCTTT	NNNNNNNNNNNNNNNNNNNNNNNNNNNNNNNNNNNN	TRAV39*00(709)		TRAJ30*00(558.5)		507|514|540|0|7||70.0		21|46|77|11|36||250.0		TGTGCCGCGAGGAACAGAGATGACAAGATCATCTTT	45	CAARNRDDKIIF	:::::::::0:-6:7:::::11:-1:36:::
17685	291.0	1.1440559022669605E-4	1	1.1548677676406051E-4	TGTGCAGCAAGTGCGACTCAGGGCGGATCTGAAAAGCTGGTCTTT	NNNNNNNNNNNNNNNNNNNNNNNNNNNNNNNNNNNNNNNNNNNNN	TRAV29/DV5*00(570.5)		TRAJ57*00(599.5)		529|544|562|0|15|SC540T|121.0		22|52|83|15|45||300.0		TGTGCAGCAAGTGCGACTCAGGGCGGATCTGAAAAGCTGGTCTTT	45	CAASATQGGSEKLVF	:::::::::0:2:15:::::15:-2:45:::
17969	291.0	1.1440559022669605E-4	1	1.1548677676406051E-4	TGTGCAGCAAGCGAACAAGGCGGATCTGAAAAGCTGGTCTTT	NNNNNNNNNNNNNNNNNNNNNNNNNNNNNNNNNNNNNNNNNN	TRAV29/DV5*00(579.5)		TRAJ57*00(550.7)		529|542|562|0|13||130.0		25|52|83|15|42|SG27A|241.0		TGTGCAGCAAGCGAACAAGGCGGATCTGAAAAGCTGGTCTTT	45	CAASEQGGSEKLVF	:::::::::0:0:13:::::15:-5:42:::
20390	291.0	1.1440559022669605E-4	1	1.1548677676406051E-4	TGCATCGTCAGAGTCGCCCTAAAGAATAACAATGCCAGACTCATGTTT	NNNNNNNNNNNNNNNNNNNNNNNNNNNNNNNNNNNNNNNNNNNNNNNN	TRAV26-1*00(659.7)		TRAJ31*00(549.8)		763|780|799|0|17||170.0		21|46|77|23|48||250.0		TGCATCGTCAGAGTCGCCCTAAAGAATAACAATGCCAGACTCATGTTT	45	CIVRVALKNNNARLMF	:::::::::0:1:17:::::23:-1:48:::
2115	290.0	1.1401244386852872E-4	1	1.1548677676406051E-4	TGTGCTTCTTGAAGGGCCCGATGCTGGTGGTACTAGCTATGGAAAGCTGACATTT	NNNNNNNNNNNNNNNNNNNNNNNNNNNNNNNNNNNNNNNNNNNNNNNNNNNNNNN	TRAV38-2/DV8*00(528.1)		TRAJ52*00(648.9)		602|609|638|0|7||70.0		23|58|89|20|55||350.0		TGTGCTTCTTGAAGGGCCCGATGCTGGTGGTACTAGCTATGGAAAGCTGACATTT	45	CAS*RARCW_GTSYGKLTF	:::::::::0:-9:7:::::20:-3:55:::
2137	290.0	1.1401244386852872E-4	1	1.1548677676406051E-4	TGTGCTTCGTCTTTATAACACCGACAAGCTCATCTTT	NNNNNNNNNNNNNNNNNNNNNNNNNNNNNNNNNNNNN	TRAV9-2*00(669.6)		TRAJ34*00(549.4)		480|486|514|0|6||60.0		22|47|78|12|37||250.0		TGTGCTTCGTCTTTATAACACCGACAAGCTCATCTTT	45	CASSL*_TDKLIF	:::::::::0:-8:6:::::12:-2:37:::
2578	290.0	1.1401244386852872E-4	1	1.1548677676406051E-4	TGTGCTCTGAGTTCCCACATGGATAGCAACTATCAGTTAATCTGG	NNNNNNNNNNNNNNNNNNNNNNNNNNNNNNNNNNNNNNNNNNNNN	TRAV9-2*00(729.5)		TRAJ33*00(569.7)		480|492|514|0|12||120.0		18|46|77|17|45||280.0		TGTGCTCTGAGTTCCCACATGGATAGCAACTATCAGTTAATCTGG	45	CALSSHMDSNYQLIW	:::::::::0:-2:12:::::17:2:45:::
2928	290.0	1.1401244386852872E-4	1	1.1548677676406051E-4	TGTGCTCTAGGGATAGCAACTATCAGTTAATCTGG	NNNNNNNNNNNNNNNNNNNNNNNNNNNNNNNNNNN	TRAV16*00(959.4)		TRAJ33*00(538.8)		449|458|483|0|9||90.0		21|46|77|10|35||250.0		TGTGCTCTAGGGATAGCAACTATCAGTTAATCTGG	45	CALGIA_YQLIW	:::::::::0:-5:9:::::10:-1:35:::
3213	290.0	1.1401244386852872E-4	1	1.1548677676406051E-4	TGTGCTGTCTCCAACCAGGCAGGAACTGCTCTGATCTTT	NNNNNNNNNNNNNNNNNNNNNNNNNNNNNNNNNNNNNNN	TRAV1-2*00(639.6)		TRAJ15*00(599.6)		620|628|654|0|8||80.0		20|49|80|10|39||290.0		TGTGCTGTCTCCAACCAGGCAGGAACTGCTCTGATCTTT	45	CAVSNQAGTALIF	:::::::::0:-6:8:::::10:0:39:::
3472	290.0	1.1401244386852872E-4	1	1.1548677676406051E-4	TGTGCTGTGCAGAAATATAACGACTACAAGCTCAGCTTT	NNNNNNNNNNNNNNNNNNNNNNNNNNNNNNNNNNNNNNN	TRAV20*00(529.1)		TRAJ20*00(524.7)		498|510|531|0|12||120.0		24|46|77|17|39||220.0		TGTGCTGTGCAGAAATATAACGACTACAAGCTCAGCTTT	45	CAVQKYNDYKLSF	:::::::::0:-1:12:::::17:-4:39:::
3853	290.0	1.1401244386852872E-4	1	1.1548677676406051E-4	TGTGCTGTGAGTTATAACCAGGGAGGAAAGCTTATCTTC	NNNNNNNNNNNNNNNNNNNNNNNNNNNNNNNNNNNNNNN	TRAV8-4*00(639.5)		TRAJ23*00(549.5)		476|489|510|0|13|SG488T|122.0		26|52|83|13|39||291.0		TGTGCTGTGAGTTATAACCAGGGAGGAAAGCTTATCTTC	45	CAVSYNQGGKLIF	:::::::::0:-1:13:::::13:-6:39:::
4100	290.0	1.1401244386852872E-4	1	1.1548677676406051E-4	TGTGCTGTGAGCGATCGCTAATAATGCAGGCAACATGCTCACCTTT	NNNNNNNNNNNNNNNNNNNNNNNNNNNNNNNNNNNNNNNNNNNNNN	TRAV8-4*00(681)		TRAJ39*00(589.7)		476|495|510|0|19|ST487CSA492G|132.0		25|52|83|19|46||280.0		TGTGCTGTGAGCGATCGCTAATAATGCAGGCAACATGCTCACCTTT	45	CAVSDR**_AGNMLTF	:::::::::0:5:19:::::19:-5:46:::
4219	290.0	1.1401244386852872E-4	1	1.1548677676406051E-4	TGTGCTGTGAGAGTTGCTAATGCTGGCAACAACCGTAAGCTGATTTGG	NNNNNNNNNNNNNNNNNNNNNNNNNNNNNNNNNNNNNNNNNNNNNNNN	TRAV3*00(609.5)		TRAJ38*00(609.9)		437|450|473|0|13||130.0		20|51|82|17|48||310.0		TGTGCTGTGAGAGTTGCTAATGCTGGCAACAACCGTAAGCTGATTTGG	45	CAVRVANAGNNRKLIW	:::::::::0:-3:13:::::17:0:48:::
4265	290.0	1.1401244386852872E-4	1	1.1548677676406051E-4	TGTGCTGTGAGAGATAACACCAATGCAGGCAAATCAACCTTT	NNNNNNNNNNNNNNNNNNNNNNNNNNNNNNNNNNNNNNNNNN	TRAV1-2*00(709.8)		TRAJ27*00(579.8)		620|634|654|0|14||150.0		20|48|79|14|42||290.0		TGTGCTGTGAGAGATAACACCAATGCAGGCAAATCAACCTTT	45	CAVRDNTNAGKSTF	:::::::::0:0:14:::::14:0:42:::
4424	290.0	1.1401244386852872E-4	1	1.1548677676406051E-4	TGTGCTGCCCGCGCCCCCGGGAGGGAGCCCAGAAGCTGGTATTT	NNNNNNNNNNNNNNNNNNNNNNNNNNNNNNNNNNNNNNNNNNNN	TRAV21*00(939.1)		TRAJ54*00(479)		544|551|576|0|7||70.0		26|49|80|21|44||230.0		TGTGCTGCCCGCGCCCCCGGGAGGGAGCCCAGAAGCTGGTATTT	45	CAARAPG_GAQKLVF	:::::::::0:-5:7:::::21:-6:44:::
4445	290.0	1.1401244386852872E-4	1	1.1548677676406051E-4	TGTGCTGCCACACTTCTCACCGGTAACCAGTTCTATTTT	NNNNNNNNNNNNNNNNNNNNNNNNNNNNNNNNNNNNNNN	TRAV20*00(479.5)		TRAJ49*00(519.4)		498|505|531|0|7||70.0		23|45|76|17|39||220.0		TGTGCTGCCACACTTCTCACCGGTAACCAGTTCTATTTT	45	CAATLLTGNQFYF	:::::::::0:-6:7:::::17:-3:39:::
4906	290.0	1.1401244386852872E-4	1	1.1548677676406051E-4	TGTGCTACGGAACAGCGCAGGCAAATCAACCTTT	NNNNNNNNNNNNNNNNNNNNNNNNNNNNNNNNNN	TRAV17*00(909.5)		TRAJ27*00(469.8)		490|501|523|0|11||110.0		30|48|79|16|34||180.0		TGTGCTACGGAACAGCGCAGGCAAATCAACCTTT	45	CATEQR_GKSTF	:::::::::0:-2:11:::::16:-10:34:::
6514	290.0	1.1401244386852872E-4	1	1.1548677676406051E-4	TGTGCCGCGACTTCTGGTTCTGCAAGGCAACTGACCTTT	NNNNNNNNNNNNNNNNNNNNNNNNNNNNNNNNNNNNNNN	TRAV8-1*00(540.8)		TRAJ22*00(599.5)		474|484|508|0|10|ST481C|71.0		23|52|83|10|39||290.0		TGTGCCGCGACTTCTGGTTCTGCAAGGCAACTGACCTTT	45	CAATSGSARQLTF	:::::::::0:-4:10:::::10:-3:39:::
17619	290.0	1.1401244386852872E-4	1	1.1548677676406051E-4	TGTGCAGCAACCTACAATAACAATGACATGCGCTTT	NNNNNNNNNNNNNNNNNNNNNNNNNNNNNNNNNNNN	TRAV29/DV5*00(549.7)		TRAJ43*00(539.4)		529|539|562|0|10||100.0		19|43|74|12|36||240.0		TGTGCAGCAACCTACAATAACAATGACATGCGCTTT	45	CAATYNNNDMRF	:::::::::0:-3:10:::::12:1:36:::
17862	290.0	1.1401244386852872E-4	1	1.1548677676406051E-4	TGTGCAGCAAGCGCCGAGGACTATGGTCAGAATTTTGTCTTT	NNNNNNNNNNNNNNNNNNNNNNNNNNNNNNNNNNNNNNNNNN	TRAV29/DV5*00(549.5)		TRAJ26*00(529.8)		529|543|562|0|14||140.0		26|49|80|19|42||230.0		TGTGCAGCAAGCGCCGAGGACTATGGTCAGAATTTTGTCTTT	45	CAASAEDYGQNFVF	:::::::::0:1:14:::::19:-6:42:::
17910	290.0	1.1401244386852872E-4	1	1.1548677676406051E-4	TGTGCAGCAAGCGCAAGTGACTATCAGTTAATCTGG	NNNNNNNNNNNNNNNNNNNNNNNNNNNNNNNNNNNN	TRAV29/DV5*00(549.9)		TRAJ33*00(459.5)		529|543|562|0|14||140.0		29|46|77|19|36||170.0		TGTGCAGCAAGCGCAAGTGACTATCAGTTAATCTGG	45	CAASASDYQLIW	:::::::::0:1:14:::::19:-9:36:::
18403	290.0	1.1401244386852872E-4	1	1.1548677676406051E-4	TGTGCAGAGACCCCTAATGCTGGCAACAACCGTAAGCTGATTTGG	NNNNNNNNNNNNNNNNNNNNNNNNNNNNNNNNNNNNNNNNNNNNN	TRAV5*00(459.4)		TRAJ38*00(609.5)		523|533|556|0|10||100.0		20|51|82|14|45||310.0		TGTGCAGAGACCCCTAATGCTGGCAACAACCGTAAGCTGATTTGG	45	CAETPNAGNNRKLIW	:::::::::0:-3:10:::::14:0:45:::
18733	290.0	1.1401244386852872E-4	1	1.1548677676406051E-4	TGTGCAATGAGAGAGCGTATACTCTGGGGCTGGGAGTTACCAACTCACTTTC	NNNNNNNNNNNNNNNNNNNNNNNNNNNNNNNNNNNNNNNNNNNNNNNNNNNN	TRAV14/DV4*00(715.9)		TRAJ28*00(607.7)		517|532|554|0|15||150.0		21|55|86|18|52||340.0		TGTGCAATGAGAGAGCGTATACTCTGGGGCTGGGAGTTACCAACTCACTTTC	45	CAMRERILW_AGSYQLTF	:::::::::0:-2:15:::::18:-1:52:::
1906	289.0	1.1361929751036137E-4	1	1.1548677676406051E-4	TGTGTGGTGAACATTACCGAGCAACTATCAGTTAATCTGG	NNNNNNNNNNNNNNNNNNNNNNNNNNNNNNNNNNNNNNNN	TRAV12-1*00(972)		TRAJ33*00(479.5)		539|553|572|0|14||140.0		25|46|77|19|40||210.0		TGTGTGGTGAACATTACCGAGCAACTATCAGTTAATCTGG	45	CVVNITE_NYQLIW	:::::::::0:1:14:::::19:-5:40:::
2042	289.0	1.1361929751036137E-4	1	1.1548677676406051E-4	TGTGCTTTCATGACGCTTTATACCGGCACTGCCAGTAAACTCACCTTT	NNNNNNNNNNNNNNNNNNNNNNNNNNNNNNNNNNNNNNNNNNNNNNNN	TRAV38-1*00(590.8)		TRAJ44*00(599.6)		596|612|633|0|16|SA609C|131.0		23|52|83|19|48||290.0		TGTGCTTTCATGACGCTTTATACCGGCACTGCCAGTAAACTCACCTTT	45	CAFMTLYTGTASKLTF	:::::::::0:-1:16:::::19:-3:48:::
2075	289.0	1.1361929751036137E-4	1	1.1548677676406051E-4	TGTGCTTTCATGAAGCATAATAACAATGACATGCGCTTT	NNNNNNNNNNNNNNNNNNNNNNNNNNNNNNNNNNNNNNN	TRAV38-1*00(639.8)		TRAJ43*00(509.9)		596|614|633|0|18||180.0		22|43|74|18|39||210.0		TGTGCTTTCATGAAGCATAATAACAATGACATGCGCTTT	45	CAFMKHNNNDMRF	:::::::::0:1:18:::::18:-2:39:::
2545	289.0	1.1361929751036137E-4	1	1.1548677676406051E-4	TGTGCTCTGATAAGCCAGGCAGGAACTGCTCTGATCTTT	NNNNNNNNNNNNNNNNNNNNNNNNNNNNNNNNNNNNNNN	TRAV9-2*00(719.5)		TRAJ15*00(497.4)		480|490|514|0|10||100.0		24|49|80|14|39||250.0		TGTGCTCTGATAAGCCAGGCAGGAACTGCTCTGATCTTT	45	CALISQAGTALIF	:::::::::0:-4:10:::::14:-4:39:::
2980	289.0	1.1361929751036137E-4	1	1.1548677676406051E-4	TGTGCTCTAAGTGGCCGGGGCTATGGTCAGAATTTTGTCTTT	NNNNNNNNNNNNNNNNNNNNNNNNNNNNNNNNNNNNNNNNNN	TRAV16*00(792.6)		TRAJ26*00(490.3)		449|465|483|0|16||160.0		27|49|80|20|42||220.0		TGTGCTCTAAGTGGCCGGGGCTATGGTCAGAATTTTGTCTTT	45	CALSGRGYGQNFVF	:::::::::0:2:16:::::20:-7:42:::
3104	289.0	1.1361929751036137E-4	1	1.1548677676406051E-4	TGTGCTCCATTACTCACGGGAGGAGGAAACAAACTCACCTTT	NNNNNNNNNNNNNNNNNNNNNNNNNNNNNNNNNNNNNNNNNN	TRAV9-2*00(679.5)		TRAJ10*00(619.6)		480|487|514|0|7||70.0		21|53|84|10|42||320.0		TGTGCTCCATTACTCACGGGAGGAGGAAACAAACTCACCTTT	45	CAPLLTGGGNKLTF	:::::::::0:-7:7:::::10:-1:42:::
3227	289.0	1.1361929751036137E-4	1	1.1548677676406051E-4	TGTGCTGTCCTGAATGCTGGTGGTACTAGCTATGGAAAGCTGACATTT	NNNNNNNNNNNNNNNNNNNNNNNNNNNNNNNNNNNNNNNNNNNNNNNN	TRAV21*00(439.9)		TRAJ52*00(659.9)		544|552|576|0|8||80.0		22|58|89|12|48||360.0		TGTGCTGTCCTGAATGCTGGTGGTACTAGCTATGGAAAGCTGACATTT	45	CAVLNAGGTSYGKLTF	:::::::::0:-4:8:::::12:-2:48:::
3642	289.0	1.1361929751036137E-4	1	1.1548677676406051E-4	TGTGCTGTGGGGGATAACGACTACAAGCTCAGCTTT	NNNNNNNNNNNNNNNNNNNNNNNNNNNNNNNNNNNN	TRAV8-3*00(600.7)		TRAJ20*00(519.7)		455|466|489|0|11||110.0		24|46|77|14|36||220.0		TGTGCTGTGGGGGATAACGACTACAAGCTCAGCTTT	45	CAVGDNDYKLSF	:::::::::0:-3:11:::::14:-4:36:::
3872	289.0	1.1361929751036137E-4	1	1.1548677676406051E-4	TGTGCTGTGAGTCGTCCATGAATTCTGGGGGTTACCAGAAAGTTACCTTT	NNNNNNNNNNNNNNNNNNNNNNNNNNNNNNNNNNNNNNNNNNNNNNNNNN	TRAV8-4*00(669.9)		TRAJ13*00(639.7)		476|488|510|0|12||120.0		18|52|83|16|50||340.0		TGTGCTGTGAGTCGTCCATGAATTCTGGGGGTTACCAGAAAGTTACCTTT	45	CAVSRP*I_GGYQKVTF	:::::::::0:-2:12:::::16:2:50:::
6180	289.0	1.1361929751036137E-4	1	1.1548677676406051E-4	TGTGCCGTGTAAATCTGGGGGAAATTGCAGTTT	NNNNNNNNNNNNNNNNNNNNNNNNNNNNNNNNN	TRAV12-2*00(462.5)		TRAJ24*00(479.3)		551|560|584|0|9||90.0		33|52|83|14|33||190.0		TGTGCCGTGTAAATCTGGGGGAAATTGCAGTTT	45	CAV*IWGKLQF	:::::::::0:-4:9:::::14:-13:33:::
6426	289.0	1.1361929751036137E-4	1	1.1548677676406051E-4	TGTGCCGTGAACAAGGGCTTTCAGAAACTTGTATTT	NNNNNNNNNNNNNNNNNNNNNNNNNNNNNNNNNNNN	TRAV12-2*00(988.5)		TRAJ8*00(499.5)		551|561|584|0|10||130.0		23|49|80|10|36|SC26ASA27G|232.0		TGTGCCGTGAACAAGGGCTTTCAGAAACTTGTATTT	45	CAVNKGFQKLVF	:::::::::0:-3:10:::::10:-3:36:::
17577	289.0	1.1361929751036137E-4	1	1.1548677676406051E-4	TGTGCAGCAGGTAGATTAAACAGAGATGACAAGATCATCTTT	NNNNNNNNNNNNNNNNNNNNNNNNNNNNNNNNNNNNNNNNNN	TRAV23/DV6*00(459.7)		TRAJ30*00(549.7)		517|526|550|0|9||90.0		22|46|77|18|42||240.0		TGTGCAGCAGGTAGATTAAACAGAGATGACAAGATCATCTTT	45	CAAGRLNRDDKIIF	:::::::::0:-4:9:::::18:-2:42:::
17891	289.0	1.1361929751036137E-4	1	1.1548677676406051E-4	TGTGCAGCAAGCGCGGAGGATAGCAACTATCAGTTAATCTGG	NNNNNNNNNNNNNNNNNNNNNNNNNNNNNNNNNNNNNNNNNN	TRAV29/DV5*00(563.6)		TRAJ33*00(539.8)		529|544|562|0|15||150.0		21|46|77|17|42||250.0		TGTGCAGCAAGCGCGGAGGATAGCAACTATCAGTTAATCTGG	45	CAASAEDSNYQLIW	:::::::::0:2:15:::::17:-1:42:::
17912	289.0	1.1361929751036137E-4	1	1.1548677676406051E-4	TGTGCAGCAAGCGCAAAGCCAAAAAGAATAACAATGCCAGACTCATGTTT	NNNNNNNNNNNNNNNNNNNNNNNNNNNNNNNNNNNNNNNNNNNNNNNNNN	TRAV29/DV5*00(549.4)		TRAJ31*00(549.1)		529|543|562|0|14||140.0		21|46|77|25|50||250.0		TGTGCAGCAAGCGCAAAGCCAAAAAGAATAACAATGCCAGACTCATGTTT	45	CAASAKPK_NNNARLMF	:::::::::0:1:14:::::25:-1:50:::
18021	289.0	1.1361929751036137E-4	1	1.1548677676406051E-4	TGTGCAGCAAGCAACGACTATGGTCAGAATTTTGTCTTT	NNNNNNNNNNNNNNNNNNNNNNNNNNNNNNNNNNNNNNN	TRAV23/DV6*00(499.9)		TRAJ26*00(519.9)		517|530|550|0|13||130.0		26|49|80|16|39||230.0		TGTGCAGCAAGCAACGACTATGGTCAGAATTTTGTCTTT	45	CAASNDYGQNFVF	:::::::::0:0:13:::::16:-6:39:::
18465	289.0	1.1361929751036137E-4	1	1.1548677676406051E-4	TGTGCAGAGAGAACAAACACAGGCTTTCAGAAACTTGTATTT	NNNNNNNNNNNNNNNNNNNNNNNNNNNNNNNNNNNNNNNNNN	TRAV13-2*00(549.9)		TRAJ8*00(559.8)		506|516|539|0|10||100.0		22|49|80|15|42||270.0		TGTGCAGAGAGAACAAACACAGGCTTTCAGAAACTTGTATTT	45	CAERTNTGFQKLVF	:::::::::0:-3:10:::::15:-2:42:::
18519	289.0	1.1361929751036137E-4	1	1.1548677676406051E-4	TGTGCAGAGAAGGGGTTCAGGATACAGCACCCTCACCTTT	NNNNNNNNNNNNNNNNNNNNNNNNNNNNNNNNNNNNNNNN	TRAV5*00(459.4)		TRAJ11*00(559.7)		523|533|556|0|10||100.0		24|49|80|15|40||250.0		TGTGCAGAGAAGGGGTTCAGGATACAGCACCCTCACCTTT	45	CAEKGFR_YSTLTF	:::::::::0:-3:10:::::15:-4:40:::
1617	288.0	1.1322615115219404E-4	1	1.1548677676406051E-4	TGTGTTGTGAGTGACTTCGCGAGTGTACACCGACAAGCTCATCTTT	NNNNNNNNNNNNNNNNNNNNNNNNNNNNNNNNNNNNNNNNNNNNNN	TRAV8-2*00(689.9)		TRAJ34*00(499.8)		466|480|500|0|14||140.0		27|47|78|26|46||200.0		TGTGTTGTGAGTGACTTCGCGAGTGTACACCGACAAGCTCATCTTT	45	CVVSDFAS_YTDKLIF	:::::::::0:0:14:::::26:-7:46:::
2077	288.0	1.1322615115219404E-4	1	1.1548677676406051E-4	TGTGCTTTCATGAAGCAGTGTTTAGCGCCGGCACTGCCAGTAAACTCACCTTT	NNNNNNNNNNNNNNNNNNNNNNNNNNNNNNNNNNNNNNNNNNNNNNNNNNNNN	TRAV38-1*00(629.6)		TRAJ44*00(568.3)		596|613|633|0|17||170.0		26|52|83|27|53||260.0		TGTGCTTTCATGAAGCAGTGTTTAGCGCCGGCACTGCCAGTAAACTCACCTTT	45	CAFMKQCLA_GTASKLTF	:::::::::0:0:17:::::27:-6:53:::
2579	288.0	1.1322615115219404E-4	1	1.1548677676406051E-4	TGTGCTCTGAGTTCATACAACTTCAACAAATTTTACTTT	NNNNNNNNNNNNNNNNNNNNNNNNNNNNNNNNNNNNNNN	TRAV9-2*00(729.9)		TRAJ21*00(559.6)		480|492|514|0|12||120.0		19|44|75|14|39||250.0		TGTGCTCTGAGTTCATACAACTTCAACAAATTTTACTTT	45	CALSSYNFNKFYF	:::::::::0:-2:12:::::14:1:39:::
2663	288.0	1.1322615115219404E-4	1	1.1548677676406051E-4	TGTGCTCTGAGTGATCAGGTCGCGTGGTCAGGCAAATCAACCTTT	NNNNNNNNNNNNNNNNNNNNNNNNNNNNNNNNNNNNNNNNNNNNN	TRAV9-2*00(779.5)		TRAJ27*00(459.7)		480|497|514|0|17||170.0		31|48|79|28|45||170.0		TGTGCTCTGAGTGATCAGGTCGCGTGGTCAGGCAAATCAACCTTT	45	CALSDQVAWSGKSTF	:::::::::0:3:17:::::28:-11:45:::
2902	288.0	1.1322615115219404E-4	1	1.1548677676406051E-4	TGTGCTCTACAGCGGGGTGCTACAAACAAGCTCATCTTT	NNNNNNNNNNNNNNNNNNNNNNNNNNNNNNNNNNNNNNN	TRAV9-2*00(706)		TRAJ32*00(539.7)		480|488|514|0|8||80.0		31|55|86|15|39||240.0		TGTGCTCTACAGCGGGGTGCTACAAACAAGCTCATCTTT	45	CALQRGATNKLIF	:::::::::0:-6:8:::::15:-11:39:::
2931	288.0	1.1322615115219404E-4	1	1.1548677676406051E-4	TGTGCTCTAGGAAACCAGGGAGGAAAGCTTATCTTC	NNNNNNNNNNNNNNNNNNNNNNNNNNNNNNNNNNNN	TRAV6*00(469.3)		TRAJ23*00(510.6)		535|545|568|0|10||100.0		28|52|83|12|36||240.0		TGTGCTCTAGGAAACCAGGGAGGAAAGCTTATCTTC	45	CALGNQGGKLIF	:::::::::0:-3:10:::::12:-8:36:::
3152	288.0	1.1322615115219404E-4	1	1.1548677676406051E-4	TGTGCTGTTTGATCAGGAACCTACAAATACATCTTT	NNNNNNNNNNNNNNNNNNNNNNNNNNNNNNNNNNNN	TRAV22*00(509.5)		TRAJ40*00(527.5)		526|534|559|0|8||80.0		26|50|81|12|36||240.0		TGTGCTGTTTGATCAGGAACCTACAAATACATCTTT	45	CAV*SGTYKYIF	:::::::::0:-5:8:::::12:-6:36:::
3420	288.0	1.1322615115219404E-4	1	1.1548677676406051E-4	TGTGCTGTGCATACTCTGGGGCTGGGAGTTACCAACTCACTTTC	NNNNNNNNNNNNNNNNNNNNNNNNNNNNNNNNNNNNNNNNNNNN	TRAV1-2*00(649.7)		TRAJ28*00(659)		620|628|654|0|8||90.0		19|55|86|8|44||370.0		TGTGCTGTGCATACTCTGGGGCTGGGAGTTACCAACTCACTTTC	45	CAVHTLG_GSYQLTF	:::::::::0:-6:8:::::8:1:44:::
4048	288.0	1.1322615115219404E-4	1	1.1548677676406051E-4	TGTGCTGTGAGTGAAGGAGGCCAGGGAGGAAAGCTTATCTTC	NNNNNNNNNNNNNNNNNNNNNNNNNNNNNNNNNNNNNNNNNN	TRAV8-4*00(689.5)		TRAJ23*00(529.1)		476|490|510|0|14||140.0		30|52|83|20|42||220.0		TGTGCTGTGAGTGAAGGAGGCCAGGGAGGAAAGCTTATCTTC	45	CAVSEGGQGGKLIF	:::::::::0:0:14:::::20:-10:42:::
4072	288.0	1.1322615115219404E-4	1	1.1548677676406051E-4	TGTGCTGTGAGCTCAAATTCCGGGTATGCACTCAACTTC	NNNNNNNNNNNNNNNNNNNNNNNNNNNNNNNNNNNNNNN	TRAV8-4*00(631)		TRAJ41*00(540.5)		476|486|510|0|10||110.0		22|51|82|10|39|SA22G|281.0		TGTGCTGTGAGCTCAAATTCCGGGTATGCACTCAACTTC	45	CAVSSNSGYALNF	:::::::::0:-4:10:::::10:-2:39:::
4097	288.0	1.1322615115219404E-4	1	1.1548677676406051E-4	TGTGCTGTGAGCGGGAGCTTTGGAAATGAGAAATTAACCTTT	NNNNNNNNNNNNNNNNNNNNNNNNNNNNNNNNNNNNNNNNNN	TRAV8-6*00(679.6)		TRAJ48*00(559.1)		448|459|482|0|11||110.0		27|52|83|17|42||250.0		TGTGCTGTGAGCGGGAGCTTTGGAAATGAGAAATTAACCTTT	45	CAVSGSFGNEKLTF	:::::::::0:-3:11:::::17:-7:42:::
4357	288.0	1.1322615115219404E-4	1	1.1548677676406051E-4	TGTGCTGTGAAAATGGGCAATGCAGGCAACATGCTCACCTTT	NNNNNNNNNNNNNNNNNNNNNNNNNNNNNNNNNNNNNNNNNN	TRAV22*00(519.7)		TRAJ39*00(549.4)		526|535|559|0|9||90.0		28|52|83|18|42||240.0		TGTGCTGTGAAAATGGGCAATGCAGGCAACATGCTCACCTTT	45	CAVKMGNAGNMLTF	:::::::::0:-4:9:::::18:-8:42:::
4857	288.0	1.1322615115219404E-4	1	1.1548677676406051E-4	TGTGCTACGGACGCGTACAGCAACACAGGCAAACTAATCTTT	NNNNNNNNNNNNNNNNNNNNNNNNNNNNNNNNNNNNNNNNNN	TRAV17*00(959.7)		TRAJ37*00(539.5)		490|506|523|0|16||160.0		28|51|82|19|42||230.0		TGTGCTACGGACGCGTACAGCAACACAGGCAAACTAATCTTT	45	CATDAYSNTGKLIF	:::::::::0:3:16:::::19:-8:42:::
6260	288.0	1.1322615115219404E-4	1	1.1548677676406051E-4	TGTGCCGTGGAGGGGGATAGCAACTATCAGTTAATCTGG	NNNNNNNNNNNNNNNNNNNNNNNNNNNNNNNNNNNNNNN	TRAV12-2*00(759.2)		TRAJ33*00(533.1)		551|560|584|0|9||90.0		21|46|77|14|39||250.0		TGTGCCGTGGAGGGGGATAGCAACTATCAGTTAATCTGG	45	CAVEGDSNYQLIW	:::::::::0:-4:9:::::14:-1:39:::
17884	288.0	1.1322615115219404E-4	1	1.1548677676406051E-4	TGTGCAGCAAGCGCGGGTGGAGGTAGCAACTATAAACTGACATTT	NNNNNNNNNNNNNNNNNNNNNNNNNNNNNNNNNNNNNNNNNNNNN	TRAV29/DV5*00(599.7)		TRAJ53*00(599.6)		529|544|562|0|15||150.0		26|55|86|16|45||290.0		TGTGCAGCAAGCGCGGGTGGAGGTAGCAACTATAAACTGACATTT	45	CAASAGGGSNYKLTF	:::::::::0:2:15:::::16:-6:45:::
17934	288.0	1.1322615115219404E-4	1	1.1548677676406051E-4	TGTGCAGCAAGCGGGGGAGTGCAGGATAGCAACTATCAGTTAATCTGG	NNNNNNNNNNNNNNNNNNNNNNNNNNNNNNNNNNNNNNNNNNNNNNNN	TRAV23/DV6*00(384.9)		TRAJ33*00(539.7)		517|529|550|0|12||120.0		21|46|77|23|48||250.0		TGTGCAGCAAGCGGGGGAGTGCAGGATAGCAACTATCAGTTAATCTGG	45	CAASGGVQDSNYQLIW	:::::::::0:-1:12:::::23:-1:48:::
18233	288.0	1.1322615115219404E-4	1	1.1548677676406051E-4	TGTGCAGGACCGCCCGTTGCAGGCAACATGCTCACCTTT	NNNNNNNNNNNNNNNNNNNNNNNNNNNNNNNNNNNNNNN	TRAV27*00(649.5)		TRAJ39*00(529.4)		552|561|582|0|9||90.0		30|52|83|17|39||220.0		TGTGCAGGACCGCCCGTTGCAGGCAACATGCTCACCTTT	45	CAGPPVAGNMLTF	:::::::::0:-1:9:::::17:-10:39:::
18263	288.0	1.1322615115219404E-4	1	1.1548677676406051E-4	TGTGCAGGAGCCCTGACTAGCAACTATCAGTTAATCTGG	NNNNNNNNNNNNNNNNNNNNNNNNNNNNNNNNNNNNNNN	TRAV27*00(635.4)		TRAJ33*00(509.7)		552|563|582|0|11||110.0		24|46|77|17|39||220.0		TGTGCAGGAGCCCTGACTAGCAACTATCAGTTAATCTGG	45	CAGALTSNYQLIW	:::::::::0:1:11:::::17:-4:39:::
20320	288.0	1.1322615115219404E-4	1	1.1548677676406051E-4	TGCATCGTCTCCCGAATAACAATGCCAGACTCATGTTT	NNNNNNNNNNNNNNNNNNNNNNNNNNNNNNNNNNNNNN	TRAV26-1*00(565.7)		TRAJ31*00(560.5)		763|772|799|0|9||90.0		17|46|77|9|38|SG20C|261.0		TGCATCGTCTCCCGAATAACAATGCCAGACTCATGTTT	45	CIVSRI_NARLMF	:::::::::0:-7:9:::::9:3:38:::
20326	288.0	1.1322615115219404E-4	1	1.1548677676406051E-4	TGCATCGTCCGGGGCTACAAGCTCAGCTTT	NNNNNNNNNNNNNNNNNNNNNNNNNNNNNN	TRAV26-1*00(579.2)		TRAJ20*00(459.9)		763|772|799|0|9||90.0		30|46|77|14|30||160.0		TGCATCGTCCGGGGCTACAAGCTCAGCTTT	45	CIVRGYKLSF	:::::::::0:-7:9:::::14:-10:30:::
1583	287.0	1.1283300479402669E-4	1	1.1548677676406051E-4	TGTGTTGTGACCTATAATAATGCAGGCAACATGCTCACCTTT	NNNNNNNNNNNNNNNNNNNNNNNNNNNNNNNNNNNNNNNNNN	TRAV8-2*00(636.7)		TRAJ39*00(599.4)		466|476|500|0|10||100.0		23|52|83|13|42||290.0		TGTGTTGTGACCTATAATAATGCAGGCAACATGCTCACCTTT	45	CVVTYNNAGNMLTF	:::::::::0:-4:10:::::13:-3:42:::
1728	287.0	1.1283300479402669E-4	1	1.1548677676406051E-4	TGTGTGGTGACTTCCTACAGCAATGCTTCCAAGATAATCTTT	NNNNNNNNNNNNNNNNNNNNNNNNNNNNNNNNNNNNNNNNNN	TRAV12-1*00(820)		TRAJ3*00(512.4)		539|549|572|0|10||100.0		24|51|82|15|42|SG31A|241.0		TGTGTGGTGACTTCCTACAGCAATGCTTCCAAGATAATCTTT	45	CVVTSYSNASKIIF	:::::::::0:-3:10:::::15:-4:42:::
1980	287.0	1.1283300479402669E-4	1	1.1548677676406051E-4	TGTGTGGGGGGGGGAATGTGCTGCATTGC	NNNNNNNNNNNNNNNNNNNNNNNNNNNNN	TRAV10*00(629.2)		TRAJ35*00(479.1)		575|582|608|0|7||70.0		30|48|79|11|29||180.0		TGTGTGGGGGGGGGAATGTGCTGCATTGC	45	CVGGG_VLHC	:::::::::0:-6:7:::::11:-10:29:::
2067	287.0	1.1283300479402669E-4	1	1.1548677676406051E-4	TGTGCTTTCATGAAGCATGCCGATGACAAGATCATCTTT	NNNNNNNNNNNNNNNNNNNNNNNNNNNNNNNNNNNNNNN	TRAV38-1*00(659.6)		TRAJ30*00(489.8)		596|616|633|0|20||200.0		28|46|77|21|39||180.0		TGTGCTTTCATGAAGCATGCCGATGACAAGATCATCTTT	45	CAFMKHADDKIIF	:::::::::0:3:20:::::21:-8:39:::
2245	287.0	1.1283300479402669E-4	1	1.1548677676406051E-4	TGTGCTTATAGGAGCATAGCATACTCTGGGGCTGGGAGTTACCAACTCACTTTC	NNNNNNNNNNNNNNNNNNNNNNNNNNNNNNNNNNNNNNNNNNNNNNNNNNNNNN	TRAV38-2/DV8*00(609.4)		TRAJ28*00(649.3)		602|617|638|0|15||150.0		19|55|86|18|54||360.0		TGTGCTTATAGGAGCATAGCATACTCTGGGGCTGGGAGTTACCAACTCACTTTC	45	CAYRSIAYSGAGSYQLTF	:::::::::0:-1:15:::::18:1:54:::
2405	287.0	1.1283300479402669E-4	1	1.1548677676406051E-4	TGTGCTCTTGGGGAACAGAATTATGGAGGAAGCCAAGGAAATCTCATCTTT	NNNNNNNNNNNNNNNNNNNNNNNNNNNNNNNNNNNNNNNNNNNNNNNNNNN	TRDV1*00(1029.3)		TRAJ42*00(599.4)		573|589|610|0|16||160.0		21|55|86|17|51||340.0		TGTGCTCTTGGGGAACAGAATTATGGAGGAAGCCAAGGAAATCTCATCTTT	45	CALGEQNYGGSQGNLIF	:::::::::0:-1:16:::::17:-1:51:::
2460	287.0	1.1283300479402669E-4	1	1.1548677676406051E-4	TGTGCTCTCCCCCTAATTCAGGGAGCCCAGAAGCTGGTATTT	NNNNNNNNNNNNNNNNNNNNNNNNNNNNNNNNNNNNNNNNNN	TRAV9-2*00(689.1)		TRAJ54*00(578.8)		480|488|514|0|8||80.0		20|49|80|13|42||290.0		TGTGCTCTCCCCCTAATTCAGGGAGCCCAGAAGCTGGTATTT	45	CALPLIQGAQKLVF	:::::::::0:-6:8:::::13:0:42:::
3399	287.0	1.1283300479402669E-4	1	1.1548677676406051E-4	TGTGCTGTGCCGGGAACGACTACAAGCTCAGCTTT	NNNNNNNNNNNNNNNNNNNNNNNNNNNNNNNNNNN	TRAV20*00(510.5)		TRAJ20*00(509.3)		498|511|531|0|13|SA508C|101.0		25|46|77|14|35||210.0		TGTGCTGTGCCGGGAACGACTACAAGCTCAGCTTT	45	CAVPGT_YKLSF	:::::::::0:0:13:::::14:-5:35:::
3653	287.0	1.1283300479402669E-4	1	1.1548677676406051E-4	TGTGCTGTGGGACTCGACTATGGTCAGAATTTTGTCTTT	NNNNNNNNNNNNNNNNNNNNNNNNNNNNNNNNNNNNNNN	TRAV8-3*00(629.7)		TRAJ26*00(519.8)		455|466|489|0|11||110.0		26|49|80|16|39||230.0		TGTGCTGTGGGACTCGACTATGGTCAGAATTTTGTCTTT	45	CAVGLDYGQNFVF	:::::::::0:-3:11:::::16:-6:39:::
3736	287.0	1.1283300479402669E-4	1	1.1548677676406051E-4	TGTGCTGTGGAGGATAGCAACTATCAGTTAATCTGG	NNNNNNNNNNNNNNNNNNNNNNNNNNNNNNNNNNNN	TRAV20*00(510.1)		TRAJ33*00(539.6)		498|510|531|0|12|SC507G|101.0		22|46|77|12|36||250.0		TGTGCTGTGGAGGATAGCAACTATCAGTTAATCTGG	45	CAVEDSNYQLIW	:::::::::0:-1:12:::::12:-2:36:::
4114	287.0	1.1283300479402669E-4	1	1.1548677676406051E-4	TGTGCTGTGAGGTCCCATGGCTCTAGCAACACAGGCAAACTAATCTTT	NNNNNNNNNNNNNNNNNNNNNNNNNNNNNNNNNNNNNNNNNNNNNNNN	TRAV21*00(768.9)		TRAJ37*00(597.7)		544|556|576|0|12||120.0		17|51|82|14|48|SG27A|311.0		TGTGCTGTGAGGTCCCATGGCTCTAGCAACACAGGCAAACTAATCTTT	45	CAVRSHGSSNTGKLIF	:::::::::0:0:12:::::14:3:48:::
4199	287.0	1.1283300479402669E-4	1	1.1548677676406051E-4	TGTGCTGTGAGATCCCATTATGGTGGTGCTACAAACAAGCTCATCTTT	NNNNNNNNNNNNNNNNNNNNNNNNNNNNNNNNNNNNNNNNNNNNNNNN	TRAV1-2*00(679.7)		TRAJ32*00(619.5)		620|632|654|0|12||120.0		23|55|86|16|48||320.0		TGTGCTGTGAGATCCCATTATGGTGGTGCTACAAACAAGCTCATCTTT	45	CAVRSHYGGATNKLIF	:::::::::0:-2:12:::::16:-3:48:::
4475	287.0	1.1283300479402669E-4	1	1.1548677676406051E-4	TGTGCTGCGAATTCTCAGGGAGCCCAGAAGCTGGTATTT	NNNNNNNNNNNNNNNNNNNNNNNNNNNNNNNNNNNNNNN	TRAV8-4*00(608.1)		TRAJ54*00(539.7)		476|486|510|0|10|ST483C|71.0		24|49|80|14|39||250.0		TGTGCTGCGAATTCTCAGGGAGCCCAGAAGCTGGTATTT	45	CAANSQGAQKLVF	:::::::::0:-4:10:::::14:-4:39:::
6281	287.0	1.1283300479402669E-4	1	1.1548677676406051E-4	TGTGCCGTGATCGTTCACCGGTAACCAGTTCTATTTT	NNNNNNNNNNNNNNNNNNNNNNNNNNNNNNNNNNNNN	TRAV12-2*00(499.6)		TRAJ49*00(519.6)		551|559|584|0|8||100.0		16|45|76|8|37|ST17ASA21TSA22T|223.0		TGTGCCGTGATCGTTCACCGGTAACCAGTTCTATTTT	45	CAVIVH_GNQFYF	:::::::::0:-5:8:::::8:4:37:::
18003	287.0	1.1283300479402669E-4	1	1.1548677676406051E-4	TGTGCAGCAAGCAGTAATGCAGGCAACATGCTCACCTTT	NNNNNNNNNNNNNNNNNNNNNNNNNNNNNNNNNNNNNNN	TRAV23/DV6*00(499.9)		TRAJ39*00(559.6)		517|530|550|0|13||130.0		27|52|83|14|39||250.0		TGTGCAGCAAGCAGTAATGCAGGCAACATGCTCACCTTT	45	CAASSNAGNMLTF	:::::::::0:0:13:::::14:-7:39:::
18305	287.0	1.1283300479402669E-4	1	1.1548677676406051E-4	TGTGCAGGAGAAACTGACAGCTGGGGGAAATTGCAGTTT	NNNNNNNNNNNNNNNNNNNNNNNNNNNNNNNNNNNNNNN	TRAV27*00(641.6)		TRAJ24*00(570.2)		552|562|582|0|10||100.0		24|52|83|11|39||280.0		TGTGCAGGAGAAACTGACAGCTGGGGGAAATTGCAGTTT	45	CAGETDSWGKLQF	:::::::::0:0:10:::::11:-4:39:::
18365	287.0	1.1283300479402669E-4	1	1.1548677676406051E-4	TGTGCAGAGGCCCCCCCCCCTAAATAATGCAGGCAACATGCTCACCTTT	NNNNNNNNNNNNNNNNNNNNNNNNNNNNNNNNNNNNNNNNNNNNNNNNN	TRAV13-2*00(538.9)		TRAJ39*00(569.8)		506|515|539|0|9||90.0		25|52|83|22|49||270.0		TGTGCAGAGGCCCCCCCCCCTAAATAATGCAGGCAACATGCTCACCTTT	45	CAEAPPPK_NAGNMLTF	:::::::::0:-4:9:::::22:-5:49:::
18431	287.0	1.1283300479402669E-4	1	1.1548677676406051E-4	TGTGCAGAGAGTATAAGGGAACCTACAAATACATCTTT	NNNNNNNNNNNNNNNNNNNNNNNNNNNNNNNNNNNNNN	TRAV5*00(509.9)		TRAJ40*00(500)		523|538|556|0|15||150.0		29|50|81|17|38||210.0		TGTGCAGAGAGTATAAGGGAACCTACAAATACATCTTT	45	CAESIR_TYKYIF	:::::::::0:2:15:::::17:-9:38:::
18477	287.0	1.1283300479402669E-4	1	1.1548677676406051E-4	TGTGCAGAGAATGCTGGTGGTACTAGCTATGGAAAGCTGACATTT	NNNNNNNNNNNNNNNNNNNNNNNNNNNNNNNNNNNNNNNNNNNNN	TRAV13-2*00(569.8)		TRAJ52*00(659.7)		506|517|539|0|11||120.0		24|58|89|11|45||360.0		TGTGCAGAGAATGCTGGTGGTACTAGCTATGGAAAGCTGACATTT	45	CAENAGGTSYGKLTF	:::::::::0:-2:11:::::11:-4:45:::
18524	287.0	1.1283300479402669E-4	1	1.1548677676406051E-4	TGTGCAGAGAAAGGGGGACCAACCAGGCAGGAACTGCTCTGATCTTT	NNNNNNNNNNNNNNNNNNNNNNNNNNNNNNNNNNNNNNNNNNNNNNN	TRAV5*00(459.8)		TRAJ15*00(512.7)		523|533|556|0|10||100.0		20|49|80|18|47||290.0		TGTGCAGAGAAAGGGGGACCAACCAGGCAGGAACTGCTCTGATCTTT	45	CAEKGGPT_AGTALIF	:::::::::0:-3:10:::::18:0:47:::
18701	287.0	1.1283300479402669E-4	1	1.1548677676406051E-4	TGTGCAATGAGAGGCCTTTCTACCGGCACTGCCAGTAAACTCACCTTT	NNNNNNNNNNNNNNNNNNNNNNNNNNNNNNNNNNNNNNNNNNNNNNNN	TRAV14/DV4*00(490.6)		TRAJ44*00(589.9)		517|530|554|0|13||130.0		24|52|83|20|48||280.0		TGTGCAATGAGAGGCCTTTCTACCGGCACTGCCAGTAAACTCACCTTT	45	CAMRGLSTGTASKLTF	:::::::::0:-4:13:::::20:-4:48:::
19142	287.0	1.1283300479402669E-4	1	1.1548677676406051E-4	TGCGCTGTGAGACGCTAACTGGGGCAAACAACCTCTTCTTT	NNNNNNNNNNNNNNNNNNNNNNNNNNNNNNNNNNNNNNNNN	TRAV1-1*00(690.7)		TRAJ36*00(559.8)		670|682|704|0|12||120.0		23|48|79|16|41||250.0		TGCGCTGTGAGACGCTAACTGGGGCAAACAACCTCTTCTTT	45	CAVRR*L_ANNLFF	:::::::::0:-2:12:::::16:-3:41:::
20179	287.0	1.1283300479402669E-4	1	1.1548677676406051E-4	TGCGGCACAGAGGATAGGGAGGAGGTGCTGACGGACTCACCTTT	NNNNNNNNNNNNNNNNNNNNNNNNNNNNNNNNNNNNNNNNNNNN	TRAV30*00(490)		TRAJ45*00(579.8)		567|579|600|0|12||120.0		28|55|86|17|44||270.0		TGCGGCACAGAGGATAGGGAGGAGGTGCTGACGGACTCACCTTT	45	CGTEDRE_GADGLTF	:::::::::0:-1:12:::::17:-8:44:::
1807	286.0	1.1243985843585936E-4	1	1.1548677676406051E-4	TGTGTGGTGAGCGCAGAGTGGACCGGTAACCAGTTCTATTTT	NNNNNNNNNNNNNNNNNNNNNNNNNNNNNNNNNNNNNNNNNN	TRAV10*00(1049.6)		TRAJ49*00(469.3)		575|589|608|0|14||140.0		24|45|76|21|42||210.0		TGTGTGGTGAGCGCAGAGTGGACCGGTAACCAGTTCTATTTT	45	CVVSAEWTGNQFYF	:::::::::0:1:14:::::21:-4:42:::
1851	286.0	1.1243985843585936E-4	1	1.1548677676406051E-4	TGTGTGGTGAACTCATATACTGGAGGCTTCAAAACTATCTTT	NNNNNNNNNNNNNNNNNNNNNNNNNNNNNNNNNNNNNNNNNN	TRAV12-1*00(731.1)		TRAJ9*00(538.7)		539|551|572|0|12||120.0		24|50|81|16|42||260.0		TGTGTGGTGAACTCATATACTGGAGGCTTCAAAACTATCTTT	45	CVVNSYTGGFKTIF	:::::::::0:-1:12:::::16:-4:42:::
1966	286.0	1.1243985843585936E-4	1	1.1548677676406051E-4	TGTGTGGCCCTCGTCCCAGTTCTATTTT	NNNNNNNNNNNNNNNNNNNNNNNNNNNN	TRAV12-1*00(929.4)		TRAJ49*00(429.6)		539|546|572|0|7||70.0		32|45|76|15|28||130.0		TGTGTGGCCCTCGTCCCAGTTCTATTTT	45	CVALV_QFYF	:::::::::0:-6:7:::::15:-12:28:::
2343	286.0	1.1243985843585936E-4	1	1.1548677676406051E-4	TGTGCTCTTGGGGAGCCCCCCTGAGAGACTCTGGGGCTGGGAGTTACCAACTCACTTTC	NNNNNNNNNNNNNNNNNNNNNNNNNNNNNNNNNNNNNNNNNNNNNNNNNNNNNNNNNNN	TRDV1*00(1009.4)		TRAJ28*00(569.2)		573|587|610|0|14||140.0		23|55|86|27|59||320.0		TGTGCTCTTGGGGAGCCCCCCTGAGAGACTCTGGGGCTGGGAGTTACCAACTCACTTTC	45	CALGEPP*ET_GAGSYQLTF	:::::::::0:-3:14:::::27:-3:59:::
2662	286.0	1.1243985843585936E-4	1	1.1548677676406051E-4	TGTGCTCTGAGTGATCACTGGTATGGTGGTGCTACAAACAAGCTCATCTTT	NNNNNNNNNNNNNNNNNNNNNNNNNNNNNNNNNNNNNNNNNNNNNNNNNNN	TRAV9-2*00(789.7)		TRAJ32*00(599.7)		480|499|514|0|19||190.0		25|55|86|21|51||300.0		TGTGCTCTGAGTGATCACTGGTATGGTGGTGCTACAAACAAGCTCATCTTT	45	CALSDHWYGGATNKLIF	:::::::::0:5:19:::::21:-5:51:::
2664	286.0	1.1243985843585936E-4	1	1.1548677676406051E-4	TGTGCTCTGAGTGATCAGGTGCTGGTGGTACTAGCTATGGAAAGCTGACATTT	NNNNNNNNNNNNNNNNNNNNNNNNNNNNNNNNNNNNNNNNNNNNNNNNNNNNN	TRAV9-2*00(769.8)		TRAJ52*00(639.7)		480|497|514|0|17||170.0		24|58|89|19|53||340.0		TGTGCTCTGAGTGATCAGGTGCTGGTGGTACTAGCTATGGAAAGCTGACATTT	45	CALSDQVLV_TSYGKLTF	:::::::::0:3:17:::::19:-4:53:::
3100	286.0	1.1243985843585936E-4	1	1.1548677676406051E-4	TGTGCTCCGGGGGGATAGCAACTATCAGTTAATCTGG	NNNNNNNNNNNNNNNNNNNNNNNNNNNNNNNNNNNNN	TRAV6*00(439.9)		TRAJ33*00(539.1)		535|542|568|0|7||70.0		21|46|77|12|37||250.0		TGTGCTCCGGGGGGATAGCAACTATCAGTTAATCTGG	45	CAPGG*_NYQLIW	:::::::::0:-6:7:::::12:-1:37:::
4015	286.0	1.1243985843585936E-4	1	1.1548677676406051E-4	TGTGCTGTGAGTGAGGTGCATGGACACGGGCAGGAGAGCACTTACTTTT	NNNNNNNNNNNNNNNNNNNNNNNNNNNNNNNNNNNNNNNNNNNNNNNNN	TRAV8-6*00(709.7)		TRAJ5*00(610.8)		448|462|482|0|14||140.0		15|49|80|15|49|SC17G|311.0		TGTGCTGTGAGTGAGGTGCATGGACACGGGCAGGAGAGCACTTACTTTT	45	CAVSEVHG_TGRRALTF	:::::::::0:0:14:::::15:5:49:::
4461	286.0	1.1243985843585936E-4	1	1.1548677676406051E-4	TGTGCTGCGCATAACACCGACAAGCTCATCTTT	NNNNNNNNNNNNNNNNNNNNNNNNNNNNNNNNN	TRAV1-2*00(629.8)		TRAJ34*00(529.9)		620|627|654|0|7||70.0		24|47|78|10|33||230.0		TGTGCTGCGCATAACACCGACAAGCTCATCTTT	45	CAAHNTDKLIF	:::::::::0:-7:7:::::10:-4:33:::
4727	286.0	1.1243985843585936E-4	1	1.1548677676406051E-4	TGTGCTGGGACCAACACCGACAAGCTCATCTTT	NNNNNNNNNNNNNNNNNNNNNNNNNNNNNNNNN	TRAV21*00(678)		TRAJ34*00(509.6)		544|554|576|0|10|ST551G|71.0		26|47|78|12|33||210.0		TGTGCTGGGACCAACACCGACAAGCTCATCTTT	45	CAGTNTDKLIF	:::::::::0:-2:10:::::12:-6:33:::
6491	286.0	1.1243985843585936E-4	1	1.1548677676406051E-4	TGTGCCGCCTCGAGGCGGGTGGGAGGAGGAAACAAACTCACCTTT	NNNNNNNNNNNNNNNNNNNNNNNNNNNNNNNNNNNNNNNNNNNNN	TRAV12-2*00(709.4)		TRAJ10*00(525.8)		551|558|584|0|7||70.0		28|53|84|20|45||250.0		TGTGCCGCCTCGAGGCGGGTGGGAGGAGGAAACAAACTCACCTTT	45	CAASRRVGGGNKLTF	:::::::::0:-6:7:::::20:-8:45:::
17440	286.0	1.1243985843585936E-4	1	1.1548677676406051E-4	TGTGCAGCTTGCCCCCCCAGAGCAACACAGGCAAACTAATCTTT	NNNNNNNNNNNNNNNNNNNNNNNNNNNNNNNNNNNNNNNNNNNN	TRAV5*00(429.8)		TRAJ37*00(539.5)		523|530|556|0|7||70.0		28|51|82|21|44||230.0		TGTGCAGCTTGCCCCCCCAGAGCAACACAGGCAAACTAATCTTT	45	CAACPPR_NTGKLIF	:::::::::0:-6:7:::::21:-8:44:::
17799	286.0	1.1243985843585936E-4	1	1.1548677676406051E-4	TGTGCAGCAAGCTACAGGGGCGGATCTGAAAAGCTGGTCTTT	NNNNNNNNNNNNNNNNNNNNNNNNNNNNNNNNNNNNNNNNNN	TRAV29/DV5*00(569.7)		TRAJ57*00(549.8)		529|541|562|0|12||120.0		27|52|83|17|42||250.0		TGTGCAGCAAGCTACAGGGGCGGATCTGAAAAGCTGGTCTTT	45	CAASYRGGSEKLVF	:::::::::0:-1:12:::::17:-7:42:::
17993	286.0	1.1243985843585936E-4	1	1.1548677676406051E-4	TGTGCAGCAAGCACCCTTCGGGACACGGGCAGGAGAGCACTTACTTTT	NNNNNNNNNNNNNNNNNNNNNNNNNNNNNNNNNNNNNNNNNNNNNNNN	TRAV23/DV6*00(499.5)		TRAJ5*00(579.9)		517|530|550|0|13||130.0		21|49|80|20|48||280.0		TGTGCAGCAAGCACCCTTCGGGACACGGGCAGGAGAGCACTTACTTTT	45	CAASTLRDTGRRALTF	:::::::::0:0:13:::::20:-1:48:::
18151	286.0	1.1243985843585936E-4	1	1.1548677676406051E-4	TGTGCAGGGCCTCTTATAGCAACTATCAGTTAATCTGG	NNNNNNNNNNNNNNNNNNNNNNNNNNNNNNNNNNNNNN	TRAV25*00(552.6)		TRAJ33*00(519.8)		620|631|649|0|11||110.0		23|46|77|15|38||230.0		TGTGCAGGGCCTCTTATAGCAACTATCAGTTAATCTGG	45	CAGPLI_NYQLIW	:::::::::0:2:11:::::15:-3:38:::
18291	286.0	1.1243985843585936E-4	1	1.1548677676406051E-4	TGTGCAGGAGGAAGCGCTGACAGCTGGGGGAAATTGCAGTTT	NNNNNNNNNNNNNNNNNNNNNNNNNNNNNNNNNNNNNNNNNN	TRAV27*00(641.7)		TRAJ24*00(549.6)		552|562|582|0|10||100.0		26|52|83|16|42||260.0		TGTGCAGGAGGAAGCGCTGACAGCTGGGGGAAATTGCAGTTT	45	CAGGSADSWGKLQF	:::::::::0:0:10:::::16:-6:42:::
18360	286.0	1.1243985843585936E-4	1	1.1548677676406051E-4	TGTGCAGAGGTCTCAGGAGGAAGCTACATACCTACATTT	NNNNNNNNNNNNNNNNNNNNNNNNNNNNNNNNNNNNNNN	TRAV5*00(449.8)		TRAJ6*00(579.5)		523|532|556|0|9||90.0		24|51|82|12|39||270.0		TGTGCAGAGGTCTCAGGAGGAAGCTACATACCTACATTT	45	CAEVSGGSYIPTF	:::::::::0:-4:9:::::12:-4:39:::
21338	286.0	1.1243985843585936E-4	1	1.1548677676406051E-4	TGATCGAGGGAGGAAGCCAAGGAAATCTCATCTTT	NNNNNNNNNNNNNNNNNNNNNNNNNNNNNNNNNNN	TRAV29/DV5*00(469.8)		TRAJ42*00(569.8)		529|531|562|0|2||20.0		28|55|86|8|35||270.0		TGATCGAGGGAGGAAGCCAAGGAAATCTCATCTTT	45	*SREEA_GNLIF	:::::::::0:-11:2:::::8:-8:35:::
1853	285.0	1.1204671207769201E-4	1	1.1548677676406051E-4	TGTGTGGTGAACTGAGGGGCCTCTGGGGCTGGGAGTTACCAACTCACTTTC	NNNNNNNNNNNNNNNNNNNNNNNNNNNNNNNNNNNNNNNNNNNNNNNNNNN	TRAV12-1*00(979.1)		TRAJ28*00(559.6)		539|551|572|0|12||120.0		24|55|86|20|51||310.0		TGTGTGGTGAACTGAGGGGCCTCTGGGGCTGGGAGTTACCAACTCACTTTC	45	CVVN*GASGAGSYQLTF	:::::::::0:-1:12:::::20:-4:51:::
1962	285.0	1.1204671207769201E-4	1	1.1548677676406051E-4	TGTGTGGTAAGGTGACAGCTGGGGGAAATTGCAGTTT	NNNNNNNNNNNNNNNNNNNNNNNNNNNNNNNNNNNNN	TRAV12-1*00(926.7)		TRAJ24*00(538.9)		539|547|572|0|8||80.0		27|52|83|12|37||250.0		TGTGTGGTAAGGTGACAGCTGGGGGAAATTGCAGTTT	45	CVVR*Q_WGKLQF	:::::::::0:-5:8:::::12:-7:37:::
1976	285.0	1.1204671207769201E-4	1	1.1548677676406051E-4	TGTGTGGGCCGGCCCCCGCTGGCAACAACCGTAAGCTGATTTGG	NNNNNNNNNNNNNNNNNNNNNNNNNNNNNNNNNNNNNNNNNNNN	TRAV12-1*00(914)		TRAJ38*00(529.3)		539|546|572|0|7||70.0		24|51|82|17|44||270.0		TGTGTGGGCCGGCCCCCGCTGGCAACAACCGTAAGCTGATTTGG	45	CVGRPPL_NNRKLIW	:::::::::0:-6:7:::::17:-4:44:::
2200	285.0	1.1204671207769201E-4	1	1.1548677676406051E-4	TGTGCTTATAGGGGGACTTAGGGTTCAGGGAGCCCAGAAGCTGGTATTT	NNNNNNNNNNNNNNNNNNNNNNNNNNNNNNNNNNNNNNNNNNNNNNNNN	TRAV38-2/DV8*00(579.9)		TRAJ54*00(549.7)		602|614|638|0|12||120.0		23|49|80|23|49||260.0		TGTGCTTATAGGGGGACTTAGGGTTCAGGGAGCCCAGAAGCTGGTATTT	45	CAYRGT*G_QGAQKLVF	:::::::::0:-4:12:::::23:-3:49:::
3246	285.0	1.1204671207769201E-4	1	1.1548677676406051E-4	TGTGCTGTCCGGAGAACACCGGTAACCAGTTCTATTTT	NNNNNNNNNNNNNNNNNNNNNNNNNNNNNNNNNNNNNN	TRAV41*00(608.7)		TRAJ49*00(549.6)		512|521|544|0|9||90.0		20|45|76|13|38||250.0		TGTGCTGTCCGGAGAACACCGGTAACCAGTTCTATTTT	45	CAVRRT_GNQFYF	:::::::::0:-3:9:::::13:0:38:::
3959	285.0	1.1204671207769201E-4	1	1.1548677676406051E-4	TGTGCTGTGAGTGATCGGGGGGATAGCAGCTATAAATTGATCTTC	NNNNNNNNNNNNNNNNNNNNNNNNNNNNNNNNNNNNNNNNNNNNN	TRAV8-6*00(729.6)		TRAJ12*00(528.8)		448|464|482|0|16||160.0		24|49|80|20|45||250.0		TGTGCTGTGAGTGATCGGGGGGATAGCAGCTATAAATTGATCTTC	45	CAVSDRGDSSYKLIF	:::::::::0:2:16:::::20:-4:45:::
4287	285.0	1.1204671207769201E-4	1	1.1548677676406051E-4	TGTGCTGTGAGAGACATGGTAGGTGGAGGCTTCAAAACTATCTTT	NNNNNNNNNNNNNNNNNNNNNNNNNNNNNNNNNNNNNNNNNNNNN	TRAV3*00(659.9)		TRAJ9*00(519.8)		437|455|473|0|18||180.0		28|50|81|23|45||220.0		TGTGCTGTGAGAGACATGGTAGGTGGAGGCTTCAAAACTATCTTT	45	CAVRDMVGGGFKTIF	:::::::::0:2:18:::::23:-8:45:::
5717	285.0	1.1204671207769201E-4	1	1.1548677676406051E-4	TGTGCCTCAAACACCAATGCAGGCAAATCAACCTTT	NNNNNNNNNNNNNNNNNNNNNNNNNNNNNNNNNNNN	TRAV24*00(184.3),TRAV23/DV6*00(181.6)		TRAJ27*00(559.6)		515|522|545|0|7||70.0;517|522|550|0|5||50.0		21|48|79|9|36||270.0		TGTGCCTCAAACACCAATGCAGGCAAATCAACCTTT	45	CASNTNAGKSTF	:::::::::0:-3:7:::::9:-1:36:::
6335	285.0	1.1204671207769201E-4	1	1.1548677676406051E-4	TGTGCCGTGAGAAGTCGGGAGGCTTTCAGAAACTTGTATTT	NNNNNNNNNNNNNNNNNNNNNNNNNNNNNNNNNNNNNNNNN	TRAV12-2*00(851.5)		TRAJ8*00(486.4)		551|561|584|0|10||100.0		27|49|80|19|41||220.0		TGTGCCGTGAGAAGTCGGGAGGCTTTCAGAAACTTGTATTT	45	CAVRSRE_FQKLVF	:::::::::0:-3:10:::::19:-7:41:::
18419	285.0	1.1204671207769201E-4	1	1.1548677676406051E-4	TGTGCAGAGAGTCAATAATAATGCAGGCAACATGCTCACCTTT	NNNNNNNNNNNNNNNNNNNNNNNNNNNNNNNNNNNNNNNNNNN	TRAV13-2*00(549.9)		TRAJ39*00(609.6)		506|516|539|0|10||100.0		22|52|83|13|43||300.0		TGTGCAGAGAGTCAATAATAATGCAGGCAACATGCTCACCTTT	45	CAESQ**_AGNMLTF	:::::::::0:-3:10:::::13:-2:43:::
20322	285.0	1.1204671207769201E-4	1	1.1548677676406051E-4	TGCATCGTCCTTAAATTCAGGGAGCCCAGAAGCTGGTATTT	NNNNNNNNNNNNNNNNNNNNNNNNNNNNNNNNNNNNNNNNN	TRAV26-1*00(579.5)		TRAJ54*00(569)		763|772|799|0|9||90.0		21|49|80|13|41||280.0		TGCATCGTCCTTAAATTCAGGGAGCCCAGAAGCTGGTATTT	45	CIVLKFR_AQKLVF	:::::::::0:-7:9:::::13:-1:41:::
20337	285.0	1.1204671207769201E-4	1	1.1548677676406051E-4	TGCATCGTCATTAACCAGTTCTATTTT	NNNNNNNNNNNNNNNNNNNNNNNNNNN	TRAV26-1*00(589.7)		TRAJ49*00(459.7)		763|773|799|0|10||100.0		29|45|76|11|27||160.0		TGCATCGTCATTAACCAGTTCTATTTT	45	CIVINQFYF	:::::::::0:-6:10:::::11:-9:27:::
20417	285.0	1.1204671207769201E-4	1	1.1548677676406051E-4	TGCATCGTCAGAGTCGATTCGGGAAAGCTTATCTTC	NNNNNNNNNNNNNNNNNNNNNNNNNNNNNNNNNNNN	TRAV26-1*00(649.7)		TRAJ23*00(377.2)		763|779|799|0|16||160.0		37|52|83|21|36||150.0		TGCATCGTCAGAGTCGATTCGGGAAAGCTTATCTTC	45	CIVRVDSGKLIF	:::::::::0:0:16:::::21:-17:36:::
1955	284.0	1.1165356571952468E-4	1	1.1548677676406051E-4	TGTGTGGTGAAAGGAAGGAGGAGGAAGCTACATACCTACATTT	NNNNNNNNNNNNNNNNNNNNNNNNNNNNNNNNNNNNNNNNNNN	TRAV12-1*00(725.2)		TRAJ6*00(541.2)		539|550|572|0|11||110.0		26|51|82|18|43||250.0		TGTGTGGTGAAAGGAAGGAGGAGGAAGCTACATACCTACATTT	45	CVVKGRR_GSYIPTF	:::::::::0:-2:11:::::18:-6:43:::
2009	284.0	1.1165356571952468E-4	1	1.1548677676406051E-4	TGTGCTTTCCCTCTGGAACTCACTTTC	NNNNNNNNNNNNNNNNNNNNNNNNNNN	TRAV1-2*00(619.8)		TRAJ28*00(399.9)		620|626|654|0|6||60.0		44|55|86|16|27||110.0		TGTGCTTTCCCTCTGGAACTCACTTTC	45	CAFPLELTF	:::::::::0:-8:6:::::16:-24:27:::
2138	284.0	1.1165356571952468E-4	1	1.1548677676406051E-4	TGTGCTTCGCTCTGGGGGTTACCAGAAAGTTACCTTT	NNNNNNNNNNNNNNNNNNNNNNNNNNNNNNNNNNNNN	TRAV6*00(430)		TRAJ13*00(540.6)		535|541|568|0|6||60.0		25|52|83|10|37||270.0		TGTGCTTCGCTCTGGGGGTTACCAGAAAGTTACCTTT	45	CASLWG_YQKVTF	:::::::::0:-7:6:::::10:-5:37:::
2945	284.0	1.1165356571952468E-4	1	1.1548677676406051E-4	TGTGCTCTAGACAGCGACTACAAGCTCAGCTTT	NNNNNNNNNNNNNNNNNNNNNNNNNNNNNNNNN	TRAV6*00(499.7)		TRAJ20*00(489.8)		535|548|568|0|13||130.0		27|46|77|14|33||190.0		TGTGCTCTAGACAGCGACTACAAGCTCAGCTTT	45	CALDSDYKLSF	:::::::::0:0:13:::::14:-7:33:::
3047	284.0	1.1165356571952468E-4	1	1.1548677676406051E-4	TGTGCTCCTGAAGGTGGTGCTACAAACAAGCTCATCTTT	NNNNNNNNNNNNNNNNNNNNNNNNNNNNNNNNNNNNNNN	TRAV9-2*00(678.8)		TRAJ32*00(568.3)		480|487|514|0|7||70.0		28|55|86|12|39||270.0		TGTGCTCCTGAAGGTGGTGCTACAAACAAGCTCATCTTT	45	CAPEGGATNKLIF	:::::::::0:-7:7:::::12:-8:39:::
3185	284.0	1.1165356571952468E-4	1	1.1548677676406051E-4	TGTGCTGTTATCGTTCTGGTTCTGCAAGGCAACTGACCTTT	NNNNNNNNNNNNNNNNNNNNNNNNNNNNNNNNNNNNNNNNN	TRAV21*00(439.8)		TRAJ22*00(589.3)		544|552|576|0|8||80.0		24|52|83|13|41||280.0		TGTGCTGTTATCGTTCTGGTTCTGCAAGGCAACTGACCTTT	45	CAVIVLV_ARQLTF	:::::::::0:-4:8:::::13:-4:41:::
3423	284.0	1.1165356571952468E-4	1	1.1548677676406051E-4	TGTGCTGTGCACGGTCAGAATTTTGTCTTT	NNNNNNNNNNNNNNNNNNNNNNNNNNNNNN	TRAV36/DV7*00(581)		TRAJ26*00(469.7)		500|509|533|0|9||90.0		31|49|80|12|30||180.0		TGTGCTGTGCACGGTCAGAATTTTGTCTTT	45	CAVHGQNFVF	:::::::::0:-4:9:::::12:-11:30:::
3863	284.0	1.1165356571952468E-4	1	1.1548677676406051E-4	TGTGCTGTGAGTCCTCGACGGGCAGGAGAGCACTTACTTTT	NNNNNNNNNNNNNNNNNNNNNNNNNNNNNNNNNNNNNNNNN	TRAV8-4*00(634.7)		TRAJ5*00(539.6)		476|488|510|0|12||120.0		25|49|80|17|41||240.0		TGTGCTGTGAGTCCTCGACGGGCAGGAGAGCACTTACTTTT	45	CAVSPRR_RRALTF	:::::::::0:-2:12:::::17:-5:41:::
4386	284.0	1.1165356571952468E-4	1	1.1548677676406051E-4	TGTGCTGCTTCTTTTTATGGTCAGAATTTTGTCTTT	NNNNNNNNNNNNNNNNNNNNNNNNNNNNNNNNNNNN	TRAV22*00(499.9)		TRAJ26*00(509.5)		526|533|559|0|7||70.0		28|49|80|15|36||210.0		TGTGCTGCTTCTTTTTATGGTCAGAATTTTGTCTTT	45	CAASFYGQNFVF	:::::::::0:-6:7:::::15:-8:36:::
6369	284.0	1.1165356571952468E-4	1	1.1548677676406051E-4	TGTGCCGTGAATAGGGGCACAGGCTTTCAGAAACTTGTATTT	NNNNNNNNNNNNNNNNNNNNNNNNNNNNNNNNNNNNNNNNNN	TRAV8-1*00(589.9)		TRAJ8*00(539.1)		474|486|508|0|12||120.0		24|49|80|17|42||250.0		TGTGCCGTGAATAGGGGCACAGGCTTTCAGAAACTTGTATTT	45	CAVNRGTGFQKLVF	:::::::::0:-2:12:::::17:-4:42:::
6466	284.0	1.1165356571952468E-4	1	1.1548677676406051E-4	TGTGCCGTAGGCTAATGCTGGTGGTACTAGCTATGGAAAGCTGACATTT	NNNNNNNNNNNNNNNNNNNNNNNNNNNNNNNNNNNNNNNNNNNNNNNNN	TRAV39*00(699.7)		TRAJ52*00(688.6)		507|515|540|0|8||80.0		19|58|89|10|49||390.0		TGTGCCGTAGGCTAATGCTGGTGGTACTAGCTATGGAAAGCTGACATTT	45	CAVG*CWW_TSYGKLTF	:::::::::0:-5:8:::::10:1:49:::
17783	284.0	1.1165356571952468E-4	1	1.1548677676406051E-4	TGTGCAGCAAGCTTAATTAAATATCTAACTTTGGAAATGAGAAATTAACCTTT	NNNNNNNNNNNNNNNNNNNNNNNNNNNNNNNNNNNNNNNNNNNNNNNNNNNNN	TRAV29/DV5*00(529.9)		TRAJ48*00(639.1)		529|541|562|0|12||120.0		19|52|83|20|53||330.0		TGTGCAGCAAGCTTAATTAAATATCTAACTTTGGAAATGAGAAATTAACCTTT	45	CAASLIKYL_FGNEKLTF	:::::::::0:-1:12:::::20:1:53:::
17961	284.0	1.1165356571952468E-4	1	1.1548677676406051E-4	TGTGCAGCAAGCGAGCCCATAATCTTATAACACCGACAAGCTCATCTTT	NNNNNNNNNNNNNNNNNNNNNNNNNNNNNNNNNNNNNNNNNNNNNNNNN	TRAV29/DV5*00(540.7)		TRAJ34*00(579.4)		529|545|562|0|16|SC542A|131.0		19|47|78|21|49||280.0		TGTGCAGCAAGCGAGCCCATAATCTTATAACACCGACAAGCTCATCTTT	45	CAASEPII_YNTDKLIF	:::::::::0:3:16:::::21:1:49:::
19047	284.0	1.1165356571952468E-4	1	1.1548677676406051E-4	TGCCTCGTGGGCTTTATAGGCTTTGGGAATGTGCTGCATTGC	NNNNNNNNNNNNNNNNNNNNNNNNNNNNNNNNNNNNNNNNNN	TRAV4*00(529.8)		TRAJ35*00(579.7)		768|779|804|0|11||110.0		21|48|79|15|42||270.0		TGCCTCGTGGGCTTTATAGGCTTTGGGAATGTGCTGCATTGC	45	CLVGFIGFGNVLHC	:::::::::0:-5:11:::::15:-1:42:::
20256	284.0	1.1165356571952468E-4	1	1.1548677676406051E-4	TGCATCCTGAGAGATCCATTTCCCCTTAAATAATGCAGGCAACATGCTCACCTTT	NNNNNNNNNNNNNNNNNNNNNNNNNNNNNNNNNNNNNNNNNNNNNNNNNNNNNNN	TRAV26-2*00(619.6)		TRAJ39*00(579.7)		791|805|826|0|14||140.0		25|52|83|28|55||270.0		TGCATCCTGAGAGATCCATTTCCCCTTAAATAATGCAGGCAACATGCTCACCTTT	45	CILRDPFPL_NNAGNMLTF	:::::::::0:-1:14:::::28:-5:55:::
21368	284.0	1.1165356571952468E-4	1	1.1548677676406051E-4	CCGGGGTAACCAGTTCTATTTT	NNNNNNNNNNNNNNNNNNNNNN	TRAV14/DV4*00(599.1)		TRAJ49*00(479.4)		517|517|554|0|0||0.0		27|45|76|4|22||180.0		CCGGGGTAACCAGTTCTATTTT	45	PG*P_FYF	:::::::::0:-17:0:::::4:-7:22:::
1472	283.0	1.1126041936135733E-4	2	2.3097355352812103E-4	CTTGGGGAGGGAGGAAAGCTTATCTTC	[[[[[[[[[[[[[[[[[[[[[[[[[[[	TRAV13-1*00(859.9)		TRAJ23*00(490.2)		511|511|544|0|0||0.0		32|52|83|7|27||200.0		CTTGGGGAGGGAGGAAAGCTTATCTTC	58	LGEGGKLIF	:::::::::0:-13:0:::::7:-12:27:::
1637	283.0	1.1126041936135733E-4	1	1.1548677676406051E-4	TGTGTCCTCTCATACTGGAGGCTTCAAAACTATCTTT	NNNNNNNNNNNNNNNNNNNNNNNNNNNNNNNNNNNNN	TRAV12-1*00(909.7)		TRAJ9*00(559.7)		539|544|572|0|5||50.0		24|50|81|11|37||260.0		TGTGTCCTCTCATACTGGAGGCTTCAAAACTATCTTT	45	CVLSYW_GFKTIF	:::::::::0:-8:5:::::11:-4:37:::
1942	283.0	1.1126041936135733E-4	1	1.1548677676406051E-4	TGTGTGGTGAACAAGTGCGGAACCAGGGAGGAAAGCTTATCTTC	NNNNNNNNNNNNNNNNNNNNNNNNNNNNNNNNNNNNNNNNNNNN	TRAV12-1*00(990.3)		TRAJ23*00(470.9)		539|555|572|0|16|ST552A|131.0		28|52|83|20|44||240.0		TGTGTGGTGAACAAGTGCGGAACCAGGGAGGAAAGCTTATCTTC	45	CVVNKCG_QGGKLIF	:::::::::0:3:16:::::20:-8:44:::
3187	283.0	1.1126041936135733E-4	1	1.1548677676406051E-4	TGTGCTGTTATGCCTTAACCAATGCAGGCAAATCAACCTTT	NNNNNNNNNNNNNNNNNNNNNNNNNNNNNNNNNNNNNNNNN	TRAV22*00(509.1)		TRAJ27*00(528.9)		526|534|559|0|8||80.0		24|48|79|17|41||240.0		TGTGCTGTTATGCCTTAACCAATGCAGGCAAATCAACCTTT	45	CAVMP*P_AGKSTF	:::::::::0:-5:8:::::17:-4:41:::
3321	283.0	1.1126041936135733E-4	1	1.1548677676406051E-4	TGTGCTGTCAGATCGGGGGGCAGCCCAGAAGCTGGTATTT	NNNNNNNNNNNNNNNNNNNNNNNNNNNNNNNNNNNNNNNN	TRAV41*00(641.1)		TRAJ54*00(480.1)		512|526|544|0|14||140.0		27|49|80|18|40|SG29C|191.0		TGTGCTGTCAGATCGGGGGGCAGCCCAGAAGCTGGTATTT	45	CAVRSGG_AQKLVF	:::::::::0:2:14:::::18:-7:40:::
3996	283.0	1.1126041936135733E-4	1	1.1548677676406051E-4	TGTGCTGTGAGTGATAATAATGCAGGCAACATGCTCACCTTT	NNNNNNNNNNNNNNNNNNNNNNNNNNNNNNNNNNNNNNNNNN	TRAV8-6*00(719.8)		TRAJ39*00(599.5)		448|462|482|0|14||150.0		24|52|83|14|42||290.0		TGTGCTGTGAGTGATAATAATGCAGGCAACATGCTCACCTTT	45	CAVSDNNAGNMLTF	:::::::::0:0:14:::::14:-4:42:::
4066	283.0	1.1126041936135733E-4	1	1.1548677676406051E-4	TGTGCTGTGAGTAGAGGACGATAGCAACTATCAGTTAATCTGG	NNNNNNNNNNNNNNNNNNNNNNNNNNNNNNNNNNNNNNNNNNN	TRAV8-4*00(668.8)		TRAJ33*00(529.8)		476|488|510|0|12||120.0		22|46|77|19|43||240.0		TGTGCTGTGAGTAGAGGACGATAGCAACTATCAGTTAATCTGG	45	CAVSRGR_SNYQLIW	:::::::::0:-2:12:::::19:-2:43:::
4216	283.0	1.1126041936135733E-4	1	1.1548677676406051E-4	TGTGCTGTGAGAGTTCCCGATCAGGAGGAAGCTACATACCTACATTT	NNNNNNNNNNNNNNNNNNNNNNNNNNNNNNNNNNNNNNNNNNNNNNN	TRAV1-2*00(690.8)		TRAJ6*00(589.3)		620|636|654|0|16|SA633T|131.0		23|51|82|19|47||280.0		TGTGCTGTGAGAGTTCCCGATCAGGAGGAAGCTACATACCTACATTT	45	CAVRVPDQ_GSYIPTF	:::::::::0:2:16:::::19:-3:47:::
4583	283.0	1.1126041936135733E-4	1	1.1548677676406051E-4	TGTGCTGGGCGCCCAGGGGGATTTTATTCAGGGAGCCCAGAAGCTGGTATTT	NNNNNNNNNNNNNNNNNNNNNNNNNNNNNNNNNNNNNNNNNNNNNNNNNNNN	TRAV35*00(939.9)		TRAJ54*00(521)		588|598|620|0|10||100.0		22|49|80|25|52||270.0		TGTGCTGGGCGCCCAGGGGGATTTTATTCAGGGAGCCCAGAAGCTGGTATTT	45	CAGRPGGFY_QGAQKLVF	:::::::::0:-2:10:::::25:-2:52:::
4744	283.0	1.1126041936135733E-4	1	1.1548677676406051E-4	TGTGCTGACAGGCTGGTGGTACTAGCTATGGAAAGCTGACATTT	NNNNNNNNNNNNNNNNNNNNNNNNNNNNNNNNNNNNNNNNNNNN	TRAV8-6*00(639.4)		TRAJ52*00(628.7)		448|455|482|0|7||70.0		25|58|89|11|44||330.0		TGTGCTGACAGGCTGGTGGTACTAGCTATGGAAAGCTGACATTT	45	CADRLVV_SYGKLTF	:::::::::0:-7:7:::::11:-5:44:::
4893	283.0	1.1126041936135733E-4	1	1.1548677676406051E-4	TGTGCTACGGACACCTACTTGGGGAGCCCAGAAGCTGGTATTT	NNNNNNNNNNNNNNNNNNNNNNNNNNNNNNNNNNNNNNNNNNN	TRAV17*00(919.8)		TRAJ54*00(508)		490|502|523|0|12||120.0		27|49|80|21|43||220.0		TGTGCTACGGACACCTACTTGGGGAGCCCAGAAGCTGGTATTT	45	CATDTYL_GAQKLVF	:::::::::0:-1:12:::::21:-7:43:::
6016	283.0	1.1126041936135733E-4	1	1.1548677676406051E-4	TGTGCCCCCTCCTATAACCAGGGAGGAAAGCTTATCTTC	NNNNNNNNNNNNNNNNNNNNNNNNNNNNNNNNNNNNNNN	TRAV17*00(849.8)		TRAJ23*00(540.3)		490|495|523|0|5||50.0		25|52|83|12|39||270.0		TGTGCCCCCTCCTATAACCAGGGAGGAAAGCTTATCTTC	45	CAPSYNQGGKLIF	:::::::::0:-8:5:::::12:-5:39:::
6398	283.0	1.1126041936135733E-4	1	1.1548677676406051E-4	TGTGCCGTGAACGGTAATACTGGAGGCTTCAAAACTATCTTT	NNNNNNNNNNNNNNNNNNNNNNNNNNNNNNNNNNNNNNNNNN	TRAV8-1*00(579.4)		TRAJ9*00(580.5)		474|485|508|0|11||110.0		19|50|81|11|42|SA22T|281.0		TGTGCCGTGAACGGTAATACTGGAGGCTTCAAAACTATCTTT	45	CAVNGNTGGFKTIF	:::::::::0:-3:11:::::11:1:42:::
17575	283.0	1.1126041936135733E-4	1	1.1548677676406051E-4	TGTGCAGCAGCAAGGGCTGGGGCAAACAACCTCTTCTTT	NNNNNNNNNNNNNNNNNNNNNNNNNNNNNNNNNNNNNNN	TRAV23/DV6*00(459.7)		TRAJ36*00(539.9)		517|526|550|0|9||90.0		25|48|79|16|39||230.0		TGTGCAGCAGCAAGGGCTGGGGCAAACAACCTCTTCTTT	45	CAAARAGANNLFF	:::::::::0:-4:9:::::16:-5:39:::
17933	283.0	1.1126041936135733E-4	1	1.1548677676406051E-4	TGTGCAGCAAGCGGGGGGGGTTACCAGAAAGTTACCTTT	NNNNNNNNNNNNNNNNNNNNNNNNNNNNNNNNNNNNNNN	TRAV29/DV5*00(538.5)		TRAJ13*00(510.4)		529|542|562|0|13||130.0		28|52|83|15|39||240.0		TGTGCAGCAAGCGGGGGGGGTTACCAGAAAGTTACCTTT	45	CAASGGGYQKVTF	:::::::::0:0:13:::::15:-8:39:::
18079	283.0	1.1126041936135733E-4	1	1.1548677676406051E-4	TGTGCAGCAAACCAGATCCCCAATGCAGGCAAATCAACCTTT	NNNNNNNNNNNNNNNNNNNNNNNNNNNNNNNNNNNNNNNNNN	TRAV23/DV6*00(469.9)		TRAJ27*00(519.6)		517|527|550|0|10||100.0		25|48|79|19|42||230.0		TGTGCAGCAAACCAGATCCCCAATGCAGGCAAATCAACCTTT	45	CAANQIPNAGKSTF	:::::::::0:-3:10:::::19:-5:42:::
19037	283.0	1.1126041936135733E-4	1	1.1548677676406051E-4	TGCCTCGTGGGTGAAGCAGGAACCTACAAATACATCTTT	NNNNNNNNNNNNNNNNNNNNNNNNNNNNNNNNNNNNNNN	TRAV4*00(753.1)		TRAJ40*00(511)		768|782|804|0|14||140.0		27|50|81|16|39||230.0		TGCCTCGTGGGTGAAGCAGGAACCTACAAATACATCTTT	45	CLVGEAGTYKYIF	:::::::::0:-2:14:::::16:-7:39:::
19052	283.0	1.1126041936135733E-4	1	1.1548677676406051E-4	TGCCTCGTGGGCGGGCCCCTTGGCTCTAGCAACACAGGCAAACTAATCTTT	NNNNNNNNNNNNNNNNNNNNNNNNNNNNNNNNNNNNNNNNNNNNNNNNNNN	TRAV4*00(979.7)		TRAJ37*00(551.6)		768|779|804|0|11||110.0		17|51|82|17|51|SA19TSG27A|282.0		TGCCTCGTGGGCGGGCCCCTTGGCTCTAGCAACACAGGCAAACTAATCTTT	45	CLVGGPLGSSNTGKLIF	:::::::::0:-5:11:::::17:3:51:::
19091	283.0	1.1126041936135733E-4	1	1.1548677676406051E-4	TGCGCTTCCTCTATGGTCAGAATTTTGTCTTT	NNNNNNNNNNNNNNNNNNNNNNNNNNNNNNNN	TRAV1-1*00(630.7)		TRAJ26*00(509.8)		670|676|704|0|6||60.0		27|49|80|10|32||220.0		TGCGCTTCCTCTATGGTCAGAATTTTGTCTTT	45	CASSM_QNFVF	:::::::::0:-8:6:::::10:-7:32:::
20296	283.0	1.1126041936135733E-4	1	1.1548677676406051E-4	TGCATCCTGAACAGCAACACAGGCAAACTAATCTTT	NNNNNNNNNNNNNNNNNNNNNNNNNNNNNNNNNNNN	TRAV26-2*00(869.7)		TRAJ37*00(539.6)		791|801|826|0|10||100.0		28|51|82|13|36||230.0		TGCATCCTGAACAGCAACACAGGCAAACTAATCTTT	45	CILNSNTGKLIF	:::::::::0:-5:10:::::13:-8:36:::
640	282.0	1.1086727300319E-4	2	2.3097355352812103E-4	TGTGCTGTTTCTACCGGTAACCAGTTCTATTTT	[[[[[[[[[[[[[[[[[[[[[[[[[[[[[[[[[	TRAV41*00(601.9)		TRAJ49*00(499.6)		512|520|544|0|8||80.0		24|45|76|12|33||210.0		TGTGCTGTTTCTACCGGTAACCAGTTCTATTTT	58	CAVSTGNQFYF	:::::::::0:-4:8:::::12:-4:33:::
1483	282.0	1.1086727300319E-4	1	1.1548677676406051E-4	TTACAATCATTCTAGCCAGACTCATGTTT	NNNNNNNNNNNNNNNNNNNNNNNNNNNNN	TRAV39*00(649.8)		TRAJ31*00(449.4)		507|508|540|0|1||10.0		31|46|77|14|29||150.0		TTACAATCATTCTAGCCAGACTCATGTTT	45	LQSF*_RLMF	:::::::::0:-12:1:::::14:-11:29:::
1969	282.0	1.1086727300319E-4	1	1.1548677676406051E-4	TGTGTGGCCCGCGGCAGGGTGGCAACAACCGTAAGCTGATTTGG	NNNNNNNNNNNNNNNNNNNNNNNNNNNNNNNNNNNNNNNNNNNN	TRAV10*00(629.9)		TRAJ38*00(549.2)		575|582|608|0|7||70.0		26|51|82|19|44||250.0		TGTGTGGCCCGCGGCAGGGTGGCAACAACCGTAAGCTGATTTGG	45	CVARGRV_NNRKLIW	:::::::::0:-6:7:::::19:-6:44:::
2166	282.0	1.1086727300319E-4	1	1.1548677676406051E-4	TGTGCTTATCGGGGGAGCCCAGAAGCTGGTATTT	NNNNNNNNNNNNNNNNNNNNNNNNNNNNNNNNNN	TRAV38-2/DV8*00(550.7)		TRAJ54*00(509.6)		602|614|638|0|12|SA611C|91.0		27|49|80|12|34||220.0		TGTGCTTATCGGGGGAGCCCAGAAGCTGGTATTT	45	CAYRGS_QKLVF	:::::::::0:-4:12:::::12:-7:34:::
2251	282.0	1.1086727300319E-4	1	1.1548677676406051E-4	TGTGCTTATAGGAGGAGATCAGGAGGAGGTGCTGACGGACTCACCTTT	NNNNNNNNNNNNNNNNNNNNNNNNNNNNNNNNNNNNNNNNNNNNNNNN	TRAV38-2/DV8*00(599.8)		TRAJ45*00(609.7)		602|616|638|0|14||140.0		25|55|86|18|48||300.0		TGTGCTTATAGGAGGAGATCAGGAGGAGGTGCTGACGGACTCACCTTT	45	CAYRRRSGGGADGLTF	:::::::::0:-2:14:::::18:-5:48:::
2692	282.0	1.1086727300319E-4	1	1.1548677676406051E-4	TGTGCTCTGAGTGAGTCTTATGGTCAGAATTTTGTCTTT	NNNNNNNNNNNNNNNNNNNNNNNNNNNNNNNNNNNNNNN	TRAV19*00(760)		TRAJ26*00(519)		556|571|593|0|15||150.0		28|49|80|18|39||210.0		TGTGCTCTGAGTGAGTCTTATGGTCAGAATTTTGTCTTT	45	CALSESYGQNFVF	:::::::::0:-2:15:::::18:-8:39:::
2793	282.0	1.1086727300319E-4	1	1.1548677676406051E-4	TGTGCTCTGAGTATACCATAATGCTGGCAACAACCGTAAGCTGATTTGG	NNNNNNNNNNNNNNNNNNNNNNNNNNNNNNNNNNNNNNNNNNNNNNNNN	TRAV19*00(719.9)		TRAJ38*00(619.4)		556|568|593|0|12||120.0		19|51|82|17|49||320.0		TGTGCTCTGAGTATACCATAATGCTGGCAACAACCGTAAGCTGATTTGG	45	CALSIP*C_GNNRKLIW	:::::::::0:-5:12:::::17:1:49:::
3073	282.0	1.1086727300319E-4	1	1.1548677676406051E-4	TGTGCTCCCGGGGCAACAATGACATGCGCTTT	NNNNNNNNNNNNNNNNNNNNNNNNNNNNNNNN	TRAV8-3*00(579.7)		TRAJ43*00(450.7)		455|461|489|0|6||60.0		25|43|74|14|32||180.0		TGTGCTCCCGGGGCAACAATGACATGCGCTTT	45	CAPGA_NDMRF	:::::::::0:-8:6:::::14:-5:32:::
3674	282.0	1.1086727300319E-4	1	1.1548677676406051E-4	TGTGCTGTGGACGGCAATGCAGGCAACATGCTCACCTTT	NNNNNNNNNNNNNNNNNNNNNNNNNNNNNNNNNNNNNNN	TRAV36/DV7*00(599.9)		TRAJ39*00(549)		500|511|533|0|11||110.0		28|52|83|15|39||240.0		TGTGCTGTGGACGGCAATGCAGGCAACATGCTCACCTTT	45	CAVDGNAGNMLTF	:::::::::0:-2:11:::::15:-8:39:::
3866	282.0	1.1086727300319E-4	1	1.1548677676406051E-4	TGTGCTGTGAGTCCCCCGACTGGGGCAAACAACCTCTTCTTT	NNNNNNNNNNNNNNNNNNNNNNNNNNNNNNNNNNNNNNNNNN	TRAV8-4*00(669.9)		TRAJ36*00(549.6)		476|488|510|0|12||120.0		24|48|79|18|42||240.0		TGTGCTGTGAGTCCCCCGACTGGGGCAAACAACCTCTTCTTT	45	CAVSPPTGANNLFF	:::::::::0:-2:12:::::18:-4:42:::
4117	282.0	1.1086727300319E-4	1	1.1548677676406051E-4	TGTGCTGTGAGGTGGGGACGGATACAGCACCCTCACCTTT	NNNNNNNNNNNNNNNNNNNNNNNNNNNNNNNNNNNNNNNN	TRAV3*00(589.8)		TRAJ11*00(519.4)		437|448|473|0|11||110.0		28|49|80|19|40||210.0		TGTGCTGTGAGGTGGGGACGGATACAGCACCCTCACCTTT	45	CAVRWGR_YSTLTF	:::::::::0:-5:11:::::19:-8:40:::
4443	282.0	1.1086727300319E-4	1	1.1548677676406051E-4	TGTGCTGCCACCTCCAAAGCTGCAGGCAACAAGCTAACTTTT	NNNNNNNNNNNNNNNNNNNNNNNNNNNNNNNNNNNNNNNNNN	TRAV8-4*00(583.9)		TRAJ17*00(579.8)		476|483|510|0|7||70.0		24|52|83|14|42||280.0		TGTGCTGCCACCTCCAAAGCTGCAGGCAACAAGCTAACTTTT	45	CAATSKAAGNKLTF	:::::::::0:-7:7:::::14:-4:42:::
6066	282.0	1.1086727300319E-4	1	1.1548677676406051E-4	TGTGCCCCGAATTATGGAGGAAGCCAAGGAAATCTCATCTTT	NNNNNNNNNNNNNNNNNNNNNNNNNNNNNNNNNNNNNNNNNN	TRAV23/DV6*00(361.9)		TRAJ42*00(639.8)		517|522|550|0|5||50.0		21|55|86|8|42||340.0		TGTGCCCCGAATTATGGAGGAAGCCAAGGAAATCTCATCTTT	45	CAPNYGGSQGNLIF	:::::::::0:-8:5:::::8:-1:42:::
18146	282.0	1.1086727300319E-4	1	1.1548677676406051E-4	TGTGCAGGGCTATGGATGGGAACAACAGACTCGCTTTT	NNNNNNNNNNNNNNNNNNNNNNNNNNNNNNNNNNNNNN	TRAV25*00(559.7)		TRAJ7*00(519.5)		620|630|649|0|10||100.0		25|48|79|15|38||230.0		TGTGCAGGGCTATGGATGGGAACAACAGACTCGCTTTT	45	CAGLWM_NNRLAF	:::::::::0:1:10:::::15:-5:38:::
18439	282.0	1.1086727300319E-4	1	1.1548677676406051E-4	TGTGCAGAGAGTAAGGGATACAAGCTCAGCTTT	NNNNNNNNNNNNNNNNNNNNNNNNNNNNNNNNN	TRAV5*00(489.8)		TRAJ20*00(449.8)		523|536|556|0|13||130.0		31|46|77|18|33||150.0		TGTGCAGAGAGTAAGGGATACAAGCTCAGCTTT	45	CAESKGYKLSF	:::::::::0:0:13:::::18:-11:33:::
18550	282.0	1.1086727300319E-4	1	1.1548677676406051E-4	TGTGCAATGTAAGAACGACTACAAGCTCAGCTTT	NNNNNNNNNNNNNNNNNNNNNNNNNNNNNNNNNN	TRAV12-3*00(273.9)		TRAJ20*00(511.5)		562|571|595|0|9||90.0		25|46|77|13|34||210.0		TGTGCAATGTAAGAACGACTACAAGCTCAGCTTT	45	CAM*ER_YKLSF	:::::::::0:-4:9:::::13:-5:34:::
18667	282.0	1.1086727300319E-4	1	1.1548677676406051E-4	TGTGCAATGAGGTTACCTCAGGAACCTACAAATACATCTTT	NNNNNNNNNNNNNNNNNNNNNNNNNNNNNNNNNNNNNNNNN	TRAV12-3*00(760.1)		TRAJ40*00(552.6)		562|573|595|0|11||110.0		22|50|81|13|41||280.0		TGTGCAATGAGGTTACCTCAGGAACCTACAAATACATCTTT	45	CAMRLPQ_TYKYIF	:::::::::0:-2:11:::::13:-2:41:::
20277	282.0	1.1086727300319E-4	1	1.1548677676406051E-4	TGCATCCTGAGAGACGGGTAGGAAGGTATGGAGCCAATAGTAAGCTGACATTT	NNNNNNNNNNNNNNNNNNNNNNNNNNNNNNNNNNNNNNNNNNNNNNNNNNNNN	TRAV26-2*00(786.7)		TRAJ56*00(539.2)		791|807|826|0|16||160.0		26|51|82|28|53||250.0		TGCATCCTGAGAGACGGGTAGGAAGGTATGGAGCCAATAGTAAGCTGACATTT	45	CILRDG*EG_GANSKLTF	:::::::::0:1:16:::::28:-6:53:::
20339	282.0	1.1086727300319E-4	1	1.1548677676406051E-4	TGCATCGTCACGTCCTAGGAAGAGAATATAATGCAGGCAACATGCTCACCTTT	NNNNNNNNNNNNNNNNNNNNNNNNNNNNNNNNNNNNNNNNNNNNNNNNNNNNN	TRAV26-1*00(589.1)		TRAJ39*00(568.2)		763|773|799|0|10||100.0		26|52|83|27|53||260.0		TGCATCGTCACGTCCTAGGAAGAGAATATAATGCAGGCAACATGCTCACCTTT	45	CIVTS*EEN_NAGNMLTF	:::::::::0:-6:10:::::27:-6:53:::
1611	281.0	1.1047412664502265E-4	1	1.1548677676406051E-4	TGTGTTGTGAGTGATCAAGCAGGAGGAAGCTACATACCTACATTT	NNNNNNNNNNNNNNNNNNNNNNNNNNNNNNNNNNNNNNNNNNNNN	TRAV8-2*00(719.7)		TRAJ6*00(568.1)		466|483|500|0|17||170.0		25|51|82|19|45||260.0		TGTGTTGTGAGTGATCAAGCAGGAGGAAGCTACATACCTACATTT	45	CVVSDQAGGSYIPTF	:::::::::0:3:17:::::19:-5:45:::
1710	281.0	1.1047412664502265E-4	1	1.1548677676406051E-4	TGTGTGGTGGAGGGGGATAGCAACTATCAGTTAATCTGG	NNNNNNNNNNNNNNNNNNNNNNNNNNNNNNNNNNNNNNN	TRAV10*00(999.4)		TRAJ33*00(499.2)		575|584|608|0|9||90.0		21|46|77|14|39||250.0		TGTGTGGTGGAGGGGGATAGCAACTATCAGTTAATCTGG	45	CVVEGDSNYQLIW	:::::::::0:-4:9:::::14:-1:39:::
1861	281.0	1.1047412664502265E-4	1	1.1548677676406051E-4	TGTGTGGTGAACCTAGTGCCAACTATCAGTTAATCTGG	NNNNNNNNNNNNNNNNNNNNNNNNNNNNNNNNNNNNNN	TRAV12-1*00(978.9)		TRAJ33*00(479.4)		539|551|572|0|12||120.0		27|46|77|19|38||190.0		TGTGTGGTGAACCTAGTGCCAACTATCAGTTAATCTGG	45	CVVNLV_NYQLIW	:::::::::0:-1:12:::::19:-7:38:::
2600	281.0	1.1047412664502265E-4	1	1.1548677676406051E-4	TGTGCTCTGAGTGTCAGGGCGGATCTGAAAAGCTGGTCTTT	NNNNNNNNNNNNNNNNNNNNNNNNNNNNNNNNNNNNNNNNN	TRAV9-2*00(739.7)		TRAJ57*00(588.8)		480|493|514|0|13||130.0		24|52|83|13|41||280.0		TGTGCTCTGAGTGTCAGGGCGGATCTGAAAAGCTGGTCTTT	45	CALSVRA_SEKLVF	:::::::::0:-1:13:::::13:-4:41:::
2988	281.0	1.1047412664502265E-4	1	1.1548677676406051E-4	TGTGCTCTAAGTGGGAGGACCCAGGCAGGAACTGCTCTGATCTTT	NNNNNNNNNNNNNNNNNNNNNNNNNNNNNNNNNNNNNNNNNNNNN	TRAV16*00(833.9)		TRAJ15*00(534.9)		449|463|483|0|14||140.0		24|49|80|20|45||250.0		TGTGCTCTAAGTGGGAGGACCCAGGCAGGAACTGCTCTGATCTTT	45	CALSGRTQAGTALIF	:::::::::0:0:14:::::20:-4:45:::
3033	281.0	1.1047412664502265E-4	1	1.1548677676406051E-4	TGTGCTCTAAAAGTGGTGAACAGAGATGACAAGATCATCTTT	NNNNNNNNNNNNNNNNNNNNNNNNNNNNNNNNNNNNNNNNNN	TRAV16*00(969.3)		TRAJ30*00(529)		449|459|483|0|10||100.0		20|46|77|16|42||260.0		TGTGCTCTAAAAGTGGTGAACAGAGATGACAAGATCATCTTT	45	CALKVVNRDDKIIF	:::::::::0:-4:10:::::16:0:42:::
3060	281.0	1.1047412664502265E-4	1	1.1548677676406051E-4	TGTGCTCCCCTAGGGGGGGCTGGTGGTACTAGCTATGGAAAGCTGACATTT	NNNNNNNNNNNNNNNNNNNNNNNNNNNNNNNNNNNNNNNNNNNNNNNNNNN	TRAV9-2*00(685.2)		TRAJ52*00(630.6)		480|487|514|0|7||70.0		25|58|89|18|51||330.0		TGTGCTCCCCTAGGGGGGGCTGGTGGTACTAGCTATGGAAAGCTGACATTT	45	CAPLGGAGGTSYGKLTF	:::::::::0:-7:7:::::18:-5:51:::
3224	281.0	1.1047412664502265E-4	1	1.1548677676406051E-4	TGTGCTGTCCTTAACGACGACTACAAGCTCAGCTTT	NNNNNNNNNNNNNNNNNNNNNNNNNNNNNNNNNNNN	TRAV1-2*00(640)		TRAJ20*00(499.8)		620|628|654|0|8||80.0		26|46|77|16|36||200.0		TGTGCTGTCCTTAACGACGACTACAAGCTCAGCTTT	45	CAVLNDDYKLSF	:::::::::0:-6:8:::::16:-6:36:::
3327	281.0	1.1047412664502265E-4	1	1.1548677676406051E-4	TGTGCTGTCAGATAGGAGGTGCTGACGGACTCACCTTT	NNNNNNNNNNNNNNNNNNNNNNNNNNNNNNNNNNNNNN	TRAV41*00(644)		TRAJ45*00(559.5)		512|525|544|0|13||130.0		30|55|86|13|38||250.0		TGTGCTGTCAGATAGGAGGTGCTGACGGACTCACCTTT	45	CAVR*E_ADGLTF	:::::::::0:1:13:::::13:-10:38:::
3483	281.0	1.1047412664502265E-4	1	1.1548677676406051E-4	TGTGCTGTGGTTGTTCATGGGGGGGGAGGAAAGCTTATCTTC	NNNNNNNNNNNNNNNNNNNNNNNNNNNNNNNNNNNNNNNNNN	TRAV8-3*00(592)		TRAJ23*00(498.9)		455|468|489|0|13|SG465T|101.0		33|52|83|23|42||190.0		TGTGCTGTGGTTGTTCATGGGGGGGGAGGAAAGCTTATCTTC	45	CAVVVHGGGGKLIF	:::::::::0:-1:13:::::23:-13:42:::
4284	281.0	1.1047412664502265E-4	1	1.1548677676406051E-4	TGTGCTGTGAGAGACGAGTACGACTACAAGCTCAGCTTT	NNNNNNNNNNNNNNNNNNNNNNNNNNNNNNNNNNNNNNN	TRAV3*00(629.7)		TRAJ20*00(499.9)		437|452|473|0|15||150.0		26|46|77|19|39||200.0		TGTGCTGTGAGAGACGAGTACGACTACAAGCTCAGCTTT	45	CAVRDEYDYKLSF	:::::::::0:-1:15:::::19:-6:39:::
6024	281.0	1.1047412664502265E-4	1	1.1548677676406051E-4	TGTGCCCCCCTCTATTCAGGAGGAGGTGCTGACGGACTCACCTTT	NNNNNNNNNNNNNNNNNNNNNNNNNNNNNNNNNNNNNNNNNNNNN	TRAV24*00(440.6)		TRAJ45*00(639.3)		515|521|545|0|6||60.0		22|55|86|12|45||330.0		TGTGCCCCCCTCTATTCAGGAGGAGGTGCTGACGGACTCACCTTT	45	CAPLYSGGGADGLTF	:::::::::0:-4:6:::::12:-2:45:::
17405	281.0	1.1047412664502265E-4	1	1.1548677676406051E-4	TGTGCAGTTGGGGTAATGCTGGCAACAACCGTAAGCTGATTTGG	NNNNNNNNNNNNNNNNNNNNNNNNNNNNNNNNNNNNNNNNNNNN	TRAV27*00(596.4)		TRAJ38*00(608.7)		552|559|582|0|7||70.0		20|51|82|13|44||310.0		TGTGCAGTTGGGGTAATGCTGGCAACAACCGTAAGCTGATTTGG	45	CAVGVML_NNRKLIW	:::::::::0:-3:7:::::13:0:44:::
17935	281.0	1.1047412664502265E-4	1	1.1548677676406051E-4	TGTGCAGCAAGCGGGGGAAGCAGCGGAGACAAGCTGACTTTT	NNNNNNNNNNNNNNNNNNNNNNNNNNNNNNNNNNNNNNNNNN	TRAV29/DV5*00(539.6)		TRAJ46*00(539.8)		529|542|562|0|13||130.0		27|52|83|17|42||250.0		TGTGCAGCAAGCGGGGGAAGCAGCGGAGACAAGCTGACTTTT	45	CAASGGSSGDKLTF	:::::::::0:0:13:::::17:-7:42:::
17944	281.0	1.1047412664502265E-4	1	1.1548677676406051E-4	TGTGCAGCAAGCGGAAACAACTTCAACAAATTTTACTTT	NNNNNNNNNNNNNNNNNNNNNNNNNNNNNNNNNNNNNNN	TRAV29/DV5*00(539.8)		TRAJ21*00(539.7)		529|542|562|0|13||130.0		21|44|75|16|39||230.0		TGTGCAGCAAGCGGAAACAACTTCAACAAATTTTACTTT	45	CAASGNNFNKFYF	:::::::::0:0:13:::::16:-1:39:::
18040	281.0	1.1047412664502265E-4	1	1.1548677676406051E-4	TGTGCAGCAAGGCCCACCCTAGCAACACAGGCAAACTAATCTTT	NNNNNNNNNNNNNNNNNNNNNNNNNNNNNNNNNNNNNNNNNNNN	TRAV29/DV5*00(559.8)		TRAJ37*00(540.8)		529|540|562|0|11||110.0		25|51|82|18|44|SG27A|231.0		TGTGCAGCAAGGCCCACCCTAGCAACACAGGCAAACTAATCTTT	45	CAARPTL_NTGKLIF	:::::::::0:-2:11:::::18:-5:44:::
18115	281.0	1.1047412664502265E-4	1	1.1548677676406051E-4	TGTGCAGGTAAACCGCAGCTAATGCTGGTGGTACTAGCTATGGAAAGCTGACATTT	NNNNNNNNNNNNNNNNNNNNNNNNNNNNNNNNNNNNNNNNNNNNNNNNNNNNNNNN	TRAV13-2*00(519.5)		TRAJ52*00(699.1)		506|513|539|0|7||70.0		18|58|89|16|56||400.0		TGTGCAGGTAAACCGCAGCTAATGCTGGTGGTACTAGCTATGGAAAGCTGACATTT	45	CAGKPQLML_GTSYGKLTF	:::::::::0:-6:7:::::16:2:56:::
18232	281.0	1.1047412664502265E-4	1	1.1548677676406051E-4	TGTGCAGGACCCCTTACGGCTCTAGCAACACAGGCAAACTAATCTTT	NNNNNNNNNNNNNNNNNNNNNNNNNNNNNNNNNNNNNNNNNNNNNNN	TRAV27*00(631.6)		TRAJ37*00(580.3)		552|561|582|0|9||90.0		21|51|82|17|47|SG27A|271.0		TGTGCAGGACCCCTTACGGCTCTAGCAACACAGGCAAACTAATCTTT	45	CAGPLTAL_NTGKLIF	:::::::::0:-1:9:::::17:-1:47:::
18373	281.0	1.1047412664502265E-4	1	1.1548677676406051E-4	TGTGCAGAGGGGTCATATGGAAACAAGCTGGTCTTT	NNNNNNNNNNNNNNNNNNNNNNNNNNNNNNNNNNNN	TRAV13-2*00(539.7)		TRAJ47*00(500.5)		506|515|539|0|9||90.0		24|46|77|14|36|SA36G|191.0		TGTGCAGAGGGGTCATATGGAAACAAGCTGGTCTTT	45	CAEGSYGNKLVF	:::::::::0:-4:9:::::14:-4:36:::
20309	281.0	1.1047412664502265E-4	1	1.1548677676406051E-4	TGCATCCCGGATAACTATGGTCAGAATTTTGTCTTT	NNNNNNNNNNNNNNNNNNNNNNNNNNNNNNNNNNNN	TRAV26-2*00(552.8)		TRAJ26*00(580.9)		791|797|826|0|6||70.0		19|49|80|6|36|SG20C|281.0		TGCATCCCGGATAACTATGGTCAGAATTTTGTCTTT	45	CIPDNYGQNFVF	:::::::::0:-9:6:::::6:1:36:::
2029	280.0	1.1008098028685531E-4	1	1.1548677676406051E-4	TGTGCTTTCATTAACATGAATTATGGAGGAAGCCAAGGAAATCTCATCTTT	NNNNNNNNNNNNNNNNNNNNNNNNNNNNNNNNNNNNNNNNNNNNNNNNNNN	TRAV38-1*00(570.9)		TRAJ42*00(669.8)		596|610|633|0|14|SG607T|111.0		18|55|86|14|51||370.0		TGTGCTTTCATTAACATGAATTATGGAGGAAGCCAAGGAAATCTCATCTTT	45	CAFINMNYGGSQGNLIF	:::::::::0:-3:14:::::14:2:51:::
2053	280.0	1.1008098028685531E-4	1	1.1548677676406051E-4	TGTGCTTTCATGAAGCTACCTACCGGTAACCAGTTCTATTTT	NNNNNNNNNNNNNNNNNNNNNNNNNNNNNNNNNNNNNNNNNN	TRAV38-1*00(620)		TRAJ49*00(509.8)		596|612|633|0|16||160.0		24|45|76|21|42||210.0		TGTGCTTTCATGAAGCTACCTACCGGTAACCAGTTCTATTTT	45	CAFMKLPTGNQFYF	:::::::::0:-1:16:::::21:-4:42:::
2088	280.0	1.1008098028685531E-4	1	1.1548677676406051E-4	TGTGCTTTCATGAAAGTCGGTGCTGGTGGTACTAGCTATGGAAAGCTGACATTT	NNNNNNNNNNNNNNNNNNNNNNNNNNNNNNNNNNNNNNNNNNNNNNNNNNNNNN	TRAV38-1*00(599.5)		TRAJ52*00(638)		596|610|633|0|14||140.0		24|58|89|20|54||340.0		TGTGCTTTCATGAAAGTCGGTGCTGGTGGTACTAGCTATGGAAAGCTGACATTT	45	CAFMKVGAGGTSYGKLTF	:::::::::0:-3:14:::::20:-4:54:::
2127	280.0	1.1008098028685531E-4	1	1.1548677676406051E-4	TGTGCTTCCCCAGGAGAATTTATGGAGGAAGCCAAGGAAATCTCATCTTT	NNNNNNNNNNNNNNNNNNNNNNNNNNNNNNNNNNNNNNNNNNNNNNNNNN	TRAV38-1*00(529.9)		TRAJ42*00(609.5)		596|603|633|0|7||70.0		24|55|86|19|50||310.0		TGTGCTTCCCCAGGAGAATTTATGGAGGAAGCCAAGGAAATCTCATCTTT	45	CASPGEFM_GSQGNLIF	:::::::::0:-10:7:::::19:-4:50:::
2911	280.0	1.1008098028685531E-4	1	1.1548677676406051E-4	TGTGCTCTAGCCTCCGGGATAACTATGGTCAGAATTTTGTCTTT	NNNNNNNNNNNNNNNNNNNNNNNNNNNNNNNNNNNNNNNNNNNN	TRAV6*00(469.7)		TRAJ26*00(599.7)		535|545|568|0|10||100.0		18|49|80|13|44||310.0		TGTGCTCTAGCCTCCGGGATAACTATGGTCAGAATTTTGTCTTT	45	CALASGI_YGQNFVF	:::::::::0:-3:10:::::13:2:44:::
3199	280.0	1.1008098028685531E-4	1	1.1548677676406051E-4	TGTGCTGTTAATAATGCAGGCAACATGCTCACCTTT	NNNNNNNNNNNNNNNNNNNNNNNNNNNNNNNNNNNN	TRAV22*00(509.5)		TRAJ39*00(589.1)		526|534|559|0|8||80.0		24|52|83|8|36||280.0		TGTGCTGTTAATAATGCAGGCAACATGCTCACCTTT	45	CAVNNAGNMLTF	:::::::::0:-5:8:::::8:-4:36:::
3279	280.0	1.1008098028685531E-4	1	1.1548677676406051E-4	TGTGCTGTCGACTCAGGAACCTACAAATACATCTTT	NNNNNNNNNNNNNNNNNNNNNNNNNNNNNNNNNNNN	TRAV2*00(979.7)		TRAJ40*00(519.7)		519|530|553|0|11|SG527C|81.0		25|50|81|11|36||250.0		TGTGCTGTCGACTCAGGAACCTACAAATACATCTTT	45	CAVDSGTYKYIF	:::::::::0:-3:11:::::11:-5:36:::
3363	280.0	1.1008098028685531E-4	1	1.1548677676406051E-4	TGTGCTGTGTCCTTACAGCAATGCTTCCAAGATAATCTTT	NNNNNNNNNNNNNNNNNNNNNNNNNNNNNNNNNNNNNNNN	TRAV8-6*00(659.7)		TRAJ3*00(540.8)		448|457|482|0|9||90.0		24|51|82|13|40|SG31A|241.0		TGTGCTGTGTCCTTACAGCAATGCTTCCAAGATAATCTTT	45	CAVSLQQ_ASKIIF	:::::::::0:-5:9:::::13:-4:40:::
3585	280.0	1.1008098028685531E-4	1	1.1548677676406051E-4	TGTGCTGTGGGTGCAAGGGGGAATGGAAACAAGCTGGTCTTT	NNNNNNNNNNNNNNNNNNNNNNNNNNNNNNNNNNNNNNNNNN	TRAV8-3*00(630.7)		TRAJ47*00(387.8)		455|469|489|0|14||140.0		26|46|77|22|42|SA36G|171.0		TGTGCTGTGGGTGCAAGGGGGAATGGAAACAAGCTGGTCTTT	45	CAVGARGNGNKLVF	:::::::::0:0:14:::::22:-6:42:::
4081	280.0	1.1008098028685531E-4	1	1.1548677676406051E-4	TGTGCTGTGAGCCCTGAATAACAATGACATGCGCTTT	NNNNNNNNNNNNNNNNNNNNNNNNNNNNNNNNNNNNN	TRAV21*00(990.1)		TRAJ43*00(499.4)		544|559|576|0|15|SG555C|121.0		22|43|74|16|37||210.0		TGTGCTGTGAGCCCTGAATAACAATGACATGCGCTTT	45	CAVSPE_NNDMRF	:::::::::0:3:15:::::16:-2:37:::
4312	280.0	1.1008098028685531E-4	1	1.1548677676406051E-4	TGTGCTGTGAGAATCCAGGGGCTTTAAGCCAGACTCATGTTT	NNNNNNNNNNNNNNNNNNNNNNNNNNNNNNNNNNNNNNNNNN	TRAV3*00(599.2)		TRAJ31*00(449.7)		437|449|473|0|12||120.0		31|46|77|27|42||150.0		TGTGCTGTGAGAATCCAGGGGCTTTAAGCCAGACTCATGTTT	45	CAVRIQGL*ARLMF	:::::::::0:-4:12:::::27:-11:42:::
4470	280.0	1.1008098028685531E-4	1	1.1548677676406051E-4	TGTGCTGCGATCGATTTATCTGGGGCTGGGAGTTACCAACTCACTTTC	NNNNNNNNNNNNNNNNNNNNNNNNNNNNNNNNNNNNNNNNNNNNNNNN	TRAV22*00(499.6)		TRAJ28*00(588.3)		526|533|559|0|7||70.0		25|55|86|18|48||300.0		TGTGCTGCGATCGATTTATCTGGGGCTGGGAGTTACCAACTCACTTTC	45	CAAIDLSGAGSYQLTF	:::::::::0:-6:7:::::18:-5:48:::
4897	280.0	1.1008098028685531E-4	1	1.1548677676406051E-4	TGTGCTACGGACAATAACAATGACATGCGCTTT	NNNNNNNNNNNNNNNNNNNNNNNNNNNNNNNNN	TRAV17*00(919.9)		TRAJ43*00(529.9)		490|501|523|0|11||120.0		21|43|74|11|33||230.0		TGTGCTACGGACAATAACAATGACATGCGCTTT	45	CATDNNNDMRF	:::::::::0:-2:11:::::11:-1:33:::
5011	280.0	1.1008098028685531E-4	1	1.1548677676406051E-4	TGTGCCTTTATAACCAGGGAGGAAAGCTTATCTTC	NNNNNNNNNNNNNNNNNNNNNNNNNNNNNNNNNNN	TRAV24*00(428.3)		TRAJ23*00(520.6)		515|525|545|0|10||130.0		27|52|83|10|35||290.0		TGTGCCTTTATAACCAGGGAGGAAAGCTTATCTTC	45	CAFITR_GKLIF	:::::::::0:0:10:::::10:-7:35:::
6107	280.0	1.1008098028685531E-4	1	1.1548677676406051E-4	TGTGCCCAGGAGGCGGGAACCTACAAATACATCTTT	NNNNNNNNNNNNNNNNNNNNNNNNNNNNNNNNNNNN	TRAV38-2/DV8*00(509.9)		TRAJ40*00(499.7)		602|607|638|0|5||50.0		29|50|81|15|36||210.0		TGTGCCCAGGAGGCGGGAACCTACAAATACATCTTT	45	CAQEAGTYKYIF	:::::::::0:-11:5:::::15:-9:36:::
6324	280.0	1.1008098028685531E-4	1	1.1548677676406051E-4	TGTGCCGTGAGGGAATATAGAAACAAACTGGTCTTT	NNNNNNNNNNNNNNNNNNNNNNNNNNNNNNNNNNNN	TRAV12-2*00(704.4)		TRAJ47*00(530.4)		551|561|584|0|10||100.0		21|46|77|11|36|SG28A|221.0		TGTGCCGTGAGGGAATATAGAAACAAACTGGTCTTT	45	CAVREYRNKLVF	:::::::::0:-3:10:::::11:-1:36:::
6407	280.0	1.1008098028685531E-4	1	1.1548677676406051E-4	TGTGCCGTGAACATGTGGGACGACTACAAGCTCAGCTTT	NNNNNNNNNNNNNNNNNNNNNNNNNNNNNNNNNNNNNNN	TRAV12-2*00(916.8)		TRAJ20*00(419.5)		551|567|584|0|16||160.0		26|46|77|19|39||200.0		TGTGCCGTGAACATGTGGGACGACTACAAGCTCAGCTTT	45	CAVNMWDDYKLSF	:::::::::0:3:16:::::19:-6:39:::
6415	280.0	1.1008098028685531E-4	1	1.1548677676406051E-4	TGTGCCGTGAACAGTAATACCGGCACTGCCAGTAAACTCACCTTT	NNNNNNNNNNNNNNNNNNNNNNNNNNNNNNNNNNNNNNNNNNNNN	TRAV8-3*00(517.4)		TRAJ44*00(609.8)		455|464|489|0|9|ST460C|61.0		22|52|83|15|45||300.0		TGTGCCGTGAACAGTAATACCGGCACTGCCAGTAAACTCACCTTT	45	CAVNSNTGTASKLTF	:::::::::0:-5:9:::::15:-2:45:::
17844	280.0	1.1008098028685531E-4	1	1.1548677676406051E-4	TGTGCAGCAAGCGTTAGGGGGTGCTGCATTGC	NNNNNNNNNNNNNNNNNNNNNNNNNNNNNNNN	TRAV29/DV5*00(477.9)		TRAJ35*00(420)		529|542|562|0|13||130.0		36|48|79|20|32||120.0		TGTGCAGCAAGCGTTAGGGGGTGCTGCATTGC	45	CAASV_GVLHC	:::::::::0:0:13:::::20:-16:32:::
17925	280.0	1.1008098028685531E-4	1	1.1548677676406051E-4	TGTGCAGCAAGCGGGCGACTACCTCAGGAACCTACAAATACATCTTT	NNNNNNNNNNNNNNNNNNNNNNNNNNNNNNNNNNNNNNNNNNNNNNN	TRAV29/DV5*00(580.7)		TRAJ40*00(589.8)		529|545|562|0|16|SC542G|131.0		20|50|81|17|47||300.0		TGTGCAGCAAGCGGGCGACTACCTCAGGAACCTACAAATACATCTTT	45	CAASGRLP_GTYKYIF	:::::::::0:3:16:::::17:0:47:::
18083	280.0	1.1008098028685531E-4	1	1.1548677676406051E-4	TGTGCAGCAAACACGGGCAGGAGAGCACTTACTTTT	NNNNNNNNNNNNNNNNNNNNNNNNNNNNNNNNNNNN	TRAV23/DV6*00(470.8)		TRAJ5*00(559.6)		517|529|550|0|12|SG527A|101.0		25|49|80|12|36||260.0		TGTGCAGCAAACACGGGCAGGAGAGCACTTACTTTT	45	CAANTGRRALTF	:::::::::0:-1:12:::::12:-5:36:::
18808	280.0	1.1008098028685531E-4	1	1.1548677676406051E-4	TGTGCAATGAGAGAGGGAATAATGCTGGCAACAACCGTAAGCTGATTTGG	NNNNNNNNNNNNNNNNNNNNNNNNNNNNNNNNNNNNNNNNNNNNNNNNNN	TRAV14/DV4*00(900.3)		TRAJ38*00(589.5)		517|534|554|0|17||170.0		19|51|82|18|50||320.0		TGTGCAATGAGAGAGGGAATAATGCTGGCAACAACCGTAAGCTGATTTGG	45	CAMREGIM_GNNRKLIW	:::::::::0:0:17:::::18:1:50:::
19152	280.0	1.1008098028685531E-4	1	1.1548677676406051E-4	TGCGCTGTGAGAGATCCGGACACCGACAAGCTCATCTTT	NNNNNNNNNNNNNNNNNNNNNNNNNNNNNNNNNNNNNNN	TRAV1-1*00(730.6)		TRAJ34*00(499.5)		670|686|704|0|16||160.0		27|47|78|19|39||200.0		TGCGCTGTGAGAGATCCGGACACCGACAAGCTCATCTTT	45	CAVRDPDTDKLIF	:::::::::0:2:16:::::19:-7:39:::
20297	280.0	1.1008098028685531E-4	1	1.1548677676406051E-4	TGCATCCTGAAGGATAGCCTGGATAGCAACTATCAGTTAATCTGG	NNNNNNNNNNNNNNNNNNNNNNNNNNNNNNNNNNNNNNNNNNNNN	TRAV26-2*00(662.7)		TRAJ33*00(543.8)		791|801|826|0|10||100.0		20|46|77|19|45||260.0		TGCATCCTGAAGGATAGCCTGGATAGCAACTATCAGTTAATCTGG	45	CILKDSLDSNYQLIW	:::::::::0:-5:10:::::19:0:45:::
20398	280.0	1.1008098028685531E-4	1	1.1548677676406051E-4	TGCATCGTCAGAGTCGCGGGGTGCTACAAACAAGCTCATCTTT	NNNNNNNNNNNNNNNNNNNNNNNNNNNNNNNNNNNNNNNNNNN	TRAV26-1*00(669.4)		TRAJ32*00(537)		763|781|799|0|18||180.0		31|55|86|19|43||240.0		TGCATCGTCAGAGTCGCGGGGTGCTACAAACAAGCTCATCTTT	45	CIVRVAG_ATNKLIF	:::::::::0:2:18:::::19:-11:43:::
1975	279.0	1.0968783392868797E-4	1	1.1548677676406051E-4	TGTGTGGGTAACGACTACAAGCTCAGCTTT	NNNNNNNNNNNNNNNNNNNNNNNNNNNNNN	TRAV12-1*00(469.6)		TRAJ20*00(522.4)		539|546|572|0|7||70.0		24|46|77|8|30||220.0		TGTGTGGGTAACGACTACAAGCTCAGCTTT	45	CVGNDYKLSF	:::::::::0:-6:7:::::8:-4:30:::
2025	279.0	1.0968783392868797E-4	1	1.1548677676406051E-4	TGTGCTTTCATTTAGACAGAACCAGGCAGGAACTGCTCTGATCTTT	NNNNNNNNNNNNNNNNNNNNNNNNNNNNNNNNNNNNNNNNNNNNNN	TRAV38-1*00(569.6)		TRAJ15*00(579.8)		596|607|633|0|11||110.0		22|49|80|19|46||270.0		TGTGCTTTCATTTAGACAGAACCAGGCAGGAACTGCTCTGATCTTT	45	CAFI*TEP_AGTALIF	:::::::::0:-6:11:::::19:-2:46:::
2262	279.0	1.0968783392868797E-4	1	1.1548677676406051E-4	TGTGCTTATAACCCAGGAGGAGGTGCTGACGGACTCACCTTT	NNNNNNNNNNNNNNNNNNNNNNNNNNNNNNNNNNNNNNNNNN	TRAV38-2/DV8*00(559.9)		TRAJ45*00(599.5)		602|612|638|0|10||100.0		26|55|86|13|42||290.0		TGTGCTTATAACCCAGGAGGAGGTGCTGACGGACTCACCTTT	45	CAYNPGGGADGLTF	:::::::::0:-6:10:::::13:-6:42:::
2455	279.0	1.0968783392868797E-4	1	1.1548677676406051E-4	TGTGCTCTCCTTAGCGGGAAGATAATCTTT	NNNNNNNNNNNNNNNNNNNNNNNNNNNNNN	TRAV9-2*00(690)		TRAJ3*00(419.9)		480|488|514|0|8||80.0		39|51|82|18|30||120.0		TGTGCTCTCCTTAGCGGGAAGATAATCTTT	45	CALLSGKIIF	:::::::::0:-6:8:::::18:-19:30:::
3126	279.0	1.0968783392868797E-4	1	1.1548677676406051E-4	TGTGCTCGAAATCTGGGGCTGGGAGTTACCAACTCACTTTC	NNNNNNNNNNNNNNNNNNNNNNNNNNNNNNNNNNNNNNNNN	TRAV38-2/DV8*00(519.3)		TRAJ28*00(589.6)		602|608|638|0|6||60.0		25|55|86|11|41||300.0		TGTGCTCGAAATCTGGGGCTGGGAGTTACCAACTCACTTTC	45	CARNLGL_SYQLTF	:::::::::0:-10:6:::::11:-5:41:::
3173	279.0	1.0968783392868797E-4	1	1.1548677676406051E-4	TGTGCTGTTCACCCCCGGCCCAAAGCTGCAGGCAACAAGCTAACTTTT	NNNNNNNNNNNNNNNNNNNNNNNNNNNNNNNNNNNNNNNNNNNNNNNN	TRAV41*00(595.3)		TRAJ17*00(579.3)		512|520|544|0|8||80.0		24|52|83|20|48||280.0		TGTGCTGTTCACCCCCGGCCCAAAGCTGCAGGCAACAAGCTAACTTTT	45	CAVHPRPKAAGNKLTF	:::::::::0:-4:8:::::20:-4:48:::
3512	279.0	1.0968783392868797E-4	1	1.1548677676406051E-4	TGTGCTGTGGCTAGCTATGGGAACAACAGACTCGCTTTT	NNNNNNNNNNNNNNNNNNNNNNNNNNNNNNNNNNNNNNN	TRAV8-3*00(547.8)		TRAJ7*00(539.4)		455|465|489|0|10||100.0		23|48|79|14|39||250.0		TGTGCTGTGGCTAGCTATGGGAACAACAGACTCGCTTTT	45	CAVASYGNNRLAF	:::::::::0:-4:10:::::14:-3:39:::
3920	279.0	1.0968783392868797E-4	1	1.1548677676406051E-4	TGTGCTGTGAGTGGGGCCGGCGTAGGCAACACAGGCAAACTAATCTTT	NNNNNNNNNNNNNNNNNNNNNNNNNNNNNNNNNNNNNNNNNNNNNNNN	TRAV8-4*00(651)		TRAJ37*00(549.9)		476|489|510|0|13||130.0		27|51|82|24|48||240.0		TGTGCTGTGAGTGGGGCCGGCGTAGGCAACACAGGCAAACTAATCTTT	45	CAVSGAGVGNTGKLIF	:::::::::0:-1:13:::::24:-7:48:::
4164	279.0	1.0968783392868797E-4	1	1.1548677676406051E-4	TGTGCTGTGAGGGGCCTAAAATGCTGGCAACAACCGTAAGCTGATTTGG	NNNNNNNNNNNNNNNNNNNNNNNNNNNNNNNNNNNNNNNNNNNNNNNNN	TRAV22*00(519.7)		TRAJ38*00(599.5)		526|535|559|0|9||90.0		18|51|82|16|49|ST20A|301.0		TGTGCTGTGAGGGGCCTAAAATGCTGGCAACAACCGTAAGCTGATTTGG	45	CAVRGLKC_GNNRKLIW	:::::::::0:-4:9:::::16:2:49:::
4700	279.0	1.0968783392868797E-4	1	1.1548677676406051E-4	TGTGCTGGGGCATGGCTCTAGCAACACAGGCAAACTAATCTTT	NNNNNNNNNNNNNNNNNNNNNNNNNNNNNNNNNNNNNNNNNNN	TRAV35*00(929.5)		TRAJ37*00(571)		588|597|620|0|9||90.0		18|51|82|10|43|SG27A|301.0		TGTGCTGGGGCATGGCTCTAGCAACACAGGCAAACTAATCTTT	45	CAGAWL*_NTGKLIF	:::::::::0:-3:9:::::10:2:43:::
5010	279.0	1.0968783392868797E-4	1	1.1548677676406051E-4	TGTGCCTTTATAATGACATGCGCTTT	NNNNNNNNNNNNNNNNNNNNNNNNNN	TRAV24*00(861.2)		TRAJ43*00(449.8)		515|527|545|0|12||130.0		29|43|74|12|26||150.0		TGTGCCTTTATAATGACATGCGCTTT	45	CAFI_DMRF	:::::::::0:2:12:::::12:-9:26:::
17375	279.0	1.0968783392868797E-4	1	1.1548677676406051E-4	TGTGCATAAGGAAGGGGGAGCCCAGAAGCTGGTATTT	NNNNNNNNNNNNNNNNNNNNNNNNNNNNNNNNNNNNN	TRAV13-2*00(509.8)		TRAJ54*00(509.6)		506|512|539|0|6||60.0		27|49|80|15|37||220.0		TGTGCATAAGGAAGGGGGAGCCCAGAAGCTGGTATTT	45	CA*GRG_AQKLVF	:::::::::0:-7:6:::::15:-7:37:::
17838	279.0	1.0968783392868797E-4	1	1.1548677676406051E-4	TGTGCAGCAAGCCACCGAACACCGGTAACCAGTTCTATTTT	NNNNNNNNNNNNNNNNNNNNNNNNNNNNNNNNNNNNNNNNN	TRAV23/DV6*00(489.9)		TRAJ49*00(559.4)		517|529|550|0|12||120.0		19|45|76|15|41||260.0		TGTGCAGCAAGCCACCGAACACCGGTAACCAGTTCTATTTT	45	CAASHRT_GNQFYF	:::::::::0:-1:12:::::15:1:41:::
18066	279.0	1.0968783392868797E-4	1	1.1548677676406051E-4	TGTGCAGCAAGAGACAGCAGTGCTTCCAAGATAATCTTT	NNNNNNNNNNNNNNNNNNNNNNNNNNNNNNNNNNNNNNN	TRAV24*00(227.3)		TRAJ3*00(559.6)		515|520|545|0|5||50.0		25|51|82|13|39||260.0		TGTGCAGCAAGAGACAGCAGTGCTTCCAAGATAATCTTT	45	CAARDSSASKIIF	:::::::::0:-5:5:::::13:-5:39:::
18530	279.0	1.0968783392868797E-4	1	1.1548677676406051E-4	TGTGCAGAAGGGATCTGGGGGAAATTGCAGTTT	NNNNNNNNNNNNNNNNNNNNNNNNNNNNNNNNN	TRAV5*00(439.7)		TRAJ24*00(477.2)		523|531|556|0|8||80.0		33|52|83|14|33||190.0		TGTGCAGAAGGGATCTGGGGGAAATTGCAGTTT	45	CAEGIWGKLQF	:::::::::0:-5:8:::::14:-13:33:::
18587	279.0	1.0968783392868797E-4	1	1.1548677676406051E-4	TGTGCAATGACGAGGCAACAATGCCAGACTCATGTTT	NNNNNNNNNNNNNNNNNNNNNNNNNNNNNNNNNNNNN	TRAV12-3*00(499.8)		TRAJ31*00(509.2)		562|572|595|0|10||100.0		25|46|77|16|37||210.0		TGTGCAATGACGAGGCAACAATGCCAGACTCATGTTT	45	CAMTRQ_NARLMF	:::::::::0:-3:10:::::16:-5:37:::
19042	279.0	1.0968783392868797E-4	1	1.1548677676406051E-4	TGCCTCGTGGGTATTAATTCTGGGGGTTACCAGAAAGTTACCTTT	NNNNNNNNNNNNNNNNNNNNNNNNNNNNNNNNNNNNNNNNNNNNN	TRAV4*00(989)		TRAJ13*00(531.5)		768|780|804|0|12||120.0		19|52|83|12|45|SG21T|301.0		TGCCTCGTGGGTATTAATTCTGGGGGTTACCAGAAAGTTACCTTT	45	CLVGINSGGYQKVTF	:::::::::0:-4:12:::::12:1:45:::
20336	279.0	1.0968783392868797E-4	1	1.1548677676406051E-4	TGCATCGTCATTGGGTATTCAGGAGGAGGTGCTGACGGACTCACCTTT	NNNNNNNNNNNNNNNNNNNNNNNNNNNNNNNNNNNNNNNNNNNNNNNN	TRAV26-1*00(590)		TRAJ45*00(649.4)		763|773|799|0|10||100.0		21|55|86|14|48||340.0		TGCATCGTCATTGGGTATTCAGGAGGAGGTGCTGACGGACTCACCTTT	45	CIVIGYSGGGADGLTF	:::::::::0:-6:10:::::14:-1:48:::
20349	279.0	1.0968783392868797E-4	1	1.1548677676406051E-4	TGCATCGTCAGCGACACTAATAATGCAGGCAACATGCTCACCTTT	NNNNNNNNNNNNNNNNNNNNNNNNNNNNNNNNNNNNNNNNNNNNN	TRAV26-1*00(599.6)		TRAJ39*00(588.9)		763|774|799|0|11||110.0		24|52|83|17|45||280.0		TGCATCGTCAGCGACACTAATAATGCAGGCAACATGCTCACCTTT	45	CIVSDTNNAGNMLTF	:::::::::0:-5:11:::::17:-4:45:::
21340	279.0	1.0968783392868797E-4	1	1.1548677676406051E-4	TGACCTTAACACCGACAAGCTCATCTTT	NNNNNNNNNNNNNNNNNNNNNNNNNNNN	TRAV38-2/DV8*00(481.9)		TRAJ34*00(519.8)		602|609|638|0|7|ST604ASG605C|22.0		26|47|78|7|28||220.0		TGACCTTAACACCGACAAGCTCATCTTT	45	*P*HR_KLIF	:::::::::0:-9:7:::::7:-6:28:::
681	278.0	1.0929468757052063E-4	2	2.3097355352812103E-4	TGTGCTGTGAGTGAGGATCAGGGCGGATCTGAAAAGCTGGTCTTT	[[[[[[[[[[[[[[[[[[[[[[[[[[[[[[[[[[[[[[[[[[[[[	TRAV8-4*00(689.7)		TRAJ57*00(588.9)		476|490|510|0|14||140.0		24|52|83|17|45||280.0		TGTGCTGTGAGTGAGGATCAGGGCGGATCTGAAAAGCTGGTCTTT	58	CAVSEDQGGSEKLVF	:::::::::0:0:14:::::17:-4:45:::
1613	278.0	1.0929468757052063E-4	1	1.1548677676406051E-4	TGTGTTGTGAGTGATACAAATTCCGGGTATGCACTCAACTTC	NNNNNNNNNNNNNNNNNNNNNNNNNNNNNNNNNNNNNNNNNN	TRAV8-2*00(684.8)		TRAJ41*00(519.9)		466|481|500|0|15||150.0		25|51|82|16|42||260.0		TGTGTTGTGAGTGATACAAATTCCGGGTATGCACTCAACTTC	45	CVVSDTNSGYALNF	:::::::::0:1:15:::::16:-5:42:::
1859	278.0	1.0929468757052063E-4	1	1.1548677676406051E-4	TGTGTGGTGAACTAAAAAGGATAGCAGCTATAAATTGATCTTC	NNNNNNNNNNNNNNNNNNNNNNNNNNNNNNNNNNNNNNNNNNN	TRAV12-1*00(979)		TRAJ12*00(489.6)		539|551|572|0|12||120.0		24|49|80|18|43||250.0		TGTGTGGTGAACTAAAAAGGATAGCAGCTATAAATTGATCTTC	45	CVVN*KG_SSYKLIF	:::::::::0:-1:12:::::18:-4:43:::
2055	278.0	1.0929468757052063E-4	1	1.1548677676406051E-4	TGTGCTTTCATGAAGCCTTTGATTTCAGGGAGCCCAGAAGCTGGTATTT	NNNNNNNNNNNNNNNNNNNNNNNNNNNNNNNNNNNNNNNNNNNNNNNNN	TRAV38-1*00(619.8)		TRAJ54*00(549.9)		596|612|633|0|16||160.0		23|49|80|23|49||260.0		TGTGCTTTCATGAAGCCTTTGATTTCAGGGAGCCCAGAAGCTGGTATTT	45	CAFMKPLI_QGAQKLVF	:::::::::0:-1:16:::::23:-3:49:::
2164	278.0	1.0929468757052063E-4	1	1.1548677676406051E-4	TGTGCTTATCCCTGGGGCTGGGAGTTACCAACTCACTTTC	NNNNNNNNNNNNNNNNNNNNNNNNNNNNNNNNNNNNNNNN	TRAV38-2/DV8*00(550)		TRAJ28*00(579.9)		602|611|638|0|9||90.0		26|55|86|11|40||290.0		TGTGCTTATCCCTGGGGCTGGGAGTTACCAACTCACTTTC	45	CAYPWGW_SYQLTF	:::::::::0:-7:9:::::11:-6:40:::
2212	278.0	1.0929468757052063E-4	1	1.1548677676406051E-4	TGTGCTTATAGGAGTGGATTCTCAGGAACCTACAAATACATCTTT	NNNNNNNNNNNNNNNNNNNNNNNNNNNNNNNNNNNNNNNNNNNNN	TRAV38-2/DV8*00(599.6)		TRAJ40*00(539.9)		602|616|638|0|14||140.0		25|50|81|20|45||250.0		TGTGCTTATAGGAGTGGATTCTCAGGAACCTACAAATACATCTTT	45	CAYRSGFSGTYKYIF	:::::::::0:-2:14:::::20:-5:45:::
3170	278.0	1.0929468757052063E-4	1	1.1548677676406051E-4	TGTGCTGTTCGTCGGGCTGGGGCAAACAACCTCTTCTTT	NNNNNNNNNNNNNNNNNNNNNNNNNNNNNNNNNNNNNNN	TRAV8-6*00(649.7)		TRAJ36*00(539.5)		448|456|482|0|8||80.0		25|48|79|16|39||230.0		TGTGCTGTTCGTCGGGCTGGGGCAAACAACCTCTTCTTT	45	CAVRRAGANNLFF	:::::::::0:-6:8:::::16:-5:39:::
3883	278.0	1.0929468757052063E-4	1	1.1548677676406051E-4	TGTGCTGTGAGTGTACCGCGTTACACAGGCAAACTAATCTTT	NNNNNNNNNNNNNNNNNNNNNNNNNNNNNNNNNNNNNNNNNN	TRAV8-4*00(664)		TRAJ37*00(509.1)		476|489|510|0|13||130.0		31|51|82|22|42||200.0		TGTGCTGTGAGTGTACCGCGTTACACAGGCAAACTAATCTTT	45	CAVSVPRYTGKLIF	:::::::::0:-1:13:::::22:-11:42:::
4049	278.0	1.0929468757052063E-4	1	1.1548677676406051E-4	TGTGCTGTGAGTGAAGGAACAGGCTTTCAGAAACTTGTATTT	NNNNNNNNNNNNNNNNNNNNNNNNNNNNNNNNNNNNNNNNNN	TRAV8-4*00(657.5)		TRAJ8*00(528.9)		476|490|510|0|14||140.0		25|49|80|18|42||240.0		TGTGCTGTGAGTGAAGGAACAGGCTTTCAGAAACTTGTATTT	45	CAVSEGTGFQKLVF	:::::::::0:0:14:::::18:-5:42:::
4258	278.0	1.0929468757052063E-4	1	1.1548677676406051E-4	TGTGCTGTGAGAGATGACAAGATCATCTTT	NNNNNNNNNNNNNNNNNNNNNNNNNNNNNN	TRAV3*00(619)		TRAJ30*00(499.5)		437|449|473|0|12||140.0		28|46|77|12|30||210.0		TGTGCTGTGAGAGATGACAAGATCATCTTT	45	CAVRDDKIIF	:::::::::0:-4:12:::::12:-8:30:::
4282	278.0	1.0929468757052063E-4	1	1.1548677676406051E-4	TGTGCTGTGAGAGACGGGCTGGAGGAAGCCAAGGAAATCTCATCTTT	NNNNNNNNNNNNNNNNNNNNNNNNNNNNNNNNNNNNNNNNNNNNNNN	TRAV3*00(629.6)		TRAJ42*00(579.9)		437|452|473|0|15||150.0		27|55|86|19|47||280.0		TGTGCTGTGAGAGACGGGCTGGAGGAAGCCAAGGAAATCTCATCTTT	45	CAVRDGLE_SQGNLIF	:::::::::0:-1:15:::::19:-7:47:::
4457	278.0	1.0929468757052063E-4	1	1.1548677676406051E-4	TGTGCTGCGCTGAATAGCAACTATCAGTTAATCTGG	NNNNNNNNNNNNNNNNNNNNNNNNNNNNNNNNNNNN	TRAV1-2*00(629.6)		TRAJ33*00(520.8)		620|627|654|0|7||70.0		20|46|77|10|36|SG22A|231.0		TGTGCTGCGCTGAATAGCAACTATCAGTTAATCTGG	45	CAALNSNYQLIW	:::::::::0:-7:7:::::10:0:36:::
4612	278.0	1.0929468757052063E-4	1	1.1548677676406051E-4	TGTGCTGGGCAGTACAACTTCAACAAATTTTACTTT	NNNNNNNNNNNNNNNNNNNNNNNNNNNNNNNNNNNN	TRAV35*00(706.6)		TRAJ21*00(549.3)		588|600|620|0|12||120.0		20|44|75|12|36||240.0		TGTGCTGGGCAGTACAACTTCAACAAATTTTACTTT	45	CAGQYNFNKFYF	:::::::::0:0:12:::::12:0:36:::
4751	278.0	1.0929468757052063E-4	1	1.1548677676406051E-4	TGTGCTATTTACGTTCTGCAAGGCAACTGACCTTT	NNNNNNNNNNNNNNNNNNNNNNNNNNNNNNNNNNN	TRAV16*00(929.7)		TRAJ22*00(539.5)		449|455|483|0|6||60.0		29|52|83|12|35||230.0		TGTGCTATTTACGTTCTGCAAGGCAACTGACCTTT	45	CAIYVL_RQLTF	:::::::::0:-8:6:::::12:-9:35:::
6084	278.0	1.0929468757052063E-4	1	1.1548677676406051E-4	TGTGCCCGCTTCAGGGAGCCCAGAAGCTGGTATTT	NNNNNNNNNNNNNNNNNNNNNNNNNNNNNNNNNNN	TRAV17*00(849.1)		TRAJ54*00(549.4)		490|495|523|0|5||50.0		23|49|80|9|35||260.0		TGTGCCCGCTTCAGGGAGCCCAGAAGCTGGTATTT	45	CARFRE_QKLVF	:::::::::0:-8:5:::::9:-3:35:::
6358	278.0	1.0929468757052063E-4	1	1.1548677676406051E-4	TGTGCCGTGAATGGGGACACCGACAAGCTCATCTTT	NNNNNNNNNNNNNNNNNNNNNNNNNNNNNNNNNNNN	TRAV8-1*00(599.8)		TRAJ34*00(499.8)		474|487|508|0|13||130.0		27|47|78|16|36||200.0		TGTGCCGTGAATGGGGACACCGACAAGCTCATCTTT	45	CAVNGDTDKLIF	:::::::::0:-1:13:::::16:-7:36:::
17373	278.0	1.0929468757052063E-4	1	1.1548677676406051E-4	TGTGCATCAGCTTTCAGATGGCCAGAAGCTGCTCTTT	NNNNNNNNNNNNNNNNNNNNNNNNNNNNNNNNNNNNN	TRAV23/DV6*00(430.4)		TRAJ16*00(530.6)		517|526|550|0|9|SG523T|61.0		23|49|80|11|37||260.0		TGTGCATCAGCTTTCAGATGGCCAGAAGCTGCTCTTT	45	CASAFR_GQKLLF	:::::::::0:-4:9:::::11:-3:37:::
17379	278.0	1.0929468757052063E-4	1	1.1548677676406051E-4	TGTGCACTGGGCCGTCGGAATATGGAAACAAGCTGGTCTTT	NNNNNNNNNNNNNNNNNNNNNNNNNNNNNNNNNNNNNNNNN	TRAV13-1*00(919.3)		TRAJ47*00(480.7)		511|517|544|0|6||60.0		21|46|77|16|41|SA36G|221.0		TGTGCACTGGGCCGTCGGAATATGGAAACAAGCTGGTCTTT	45	CALGRRN_GNKLVF	:::::::::0:-7:6:::::16:-1:41:::
17608	278.0	1.0929468757052063E-4	1	1.1548677676406051E-4	TGTGCAGCAATAAGGGAAACAAGCTGGTCTTT	NNNNNNNNNNNNNNNNNNNNNNNNNNNNNNNN	TRAV13-1*00(579.5)		TRAJ47*00(460.8)		511|521|544|0|10||100.0		28|46|77|14|32|SA36G|151.0		TGTGCAGCAATAAGGGAAACAAGCTGGTCTTT	45	CAAIR_NKLVF	:::::::::0:-3:10:::::14:-8:32:::
17620	278.0	1.0929468757052063E-4	1	1.1548677676406051E-4	TGTGCAGCAACCTACAAAGCTGCAGGCAACAAGCTAACTTTT	NNNNNNNNNNNNNNNNNNNNNNNNNNNNNNNNNNNNNNNNNN	TRAV23/DV6*00(469.6)		TRAJ17*00(579.6)		517|527|550|0|10||100.0		24|52|83|14|42||280.0		TGTGCAGCAACCTACAAAGCTGCAGGCAACAAGCTAACTTTT	45	CAATYKAAGNKLTF	:::::::::0:-3:10:::::14:-4:42:::
17888	278.0	1.0929468757052063E-4	1	1.1548677676406051E-4	TGTGCAGCAAGCGCGGGAGGTGCTGACGGACTCACCTTT	NNNNNNNNNNNNNNNNNNNNNNNNNNNNNNNNNNNNNNN	TRAV29/DV5*00(599.3)		TRAJ45*00(549.8)		529|544|562|0|15||150.0		31|55|86|15|39||240.0		TGTGCAGCAAGCGCGGGAGGTGCTGACGGACTCACCTTT	45	CAASAGGADGLTF	:::::::::0:2:15:::::15:-11:39:::
17938	278.0	1.0929468757052063E-4	1	1.1548677676406051E-4	TGTGCAGCAAGCGGGAAAGCTGCAGGCAACAAGCTAACTTTT	NNNNNNNNNNNNNNNNNNNNNNNNNNNNNNNNNNNNNNNNNN	TRAV29/DV5*00(539.6)		TRAJ17*00(569.3)		529|542|562|0|13||130.0		25|52|83|15|42||270.0		TGTGCAGCAAGCGGGAAAGCTGCAGGCAACAAGCTAACTTTT	45	CAASGKAAGNKLTF	:::::::::0:0:13:::::15:-5:42:::
18072	278.0	1.0929468757052063E-4	1	1.1548677676406051E-4	TGTGCAGCAAATTATGGAGGAAGCCAAGGAAATCTCATCTTT	NNNNNNNNNNNNNNNNNNNNNNNNNNNNNNNNNNNNNNNNNN	TRAV29/DV5*00(509.9)		TRAJ42*00(629.5)		529|539|562|0|10||100.0		23|55|86|10|42||330.0		TGTGCAGCAAATTATGGAGGAAGCCAAGGAAATCTCATCTTT	45	CAANYGGSQGNLIF	:::::::::0:-3:10:::::10:-3:42:::
18112	278.0	1.0929468757052063E-4	1	1.1548677676406051E-4	TGTGCAGGTGATAATGCAGGCAACATGCTCACCTTT	NNNNNNNNNNNNNNNNNNNNNNNNNNNNNNNNNNNN	TRAV13-2*00(519.9)		TRAJ39*00(569.7)		506|513|539|0|7||70.0		26|52|83|10|36||260.0		TGTGCAGGTGATAATGCAGGCAACATGCTCACCTTT	45	CAGDNAGNMLTF	:::::::::0:-6:7:::::10:-6:36:::
18283	278.0	1.0929468757052063E-4	1	1.1548677676406051E-4	TGTGCAGGAGGGTTAGCAACTATCAGTTAATCTGG	NNNNNNNNNNNNNNNNNNNNNNNNNNNNNNNNNNN	TRAV27*00(654.5)		TRAJ33*00(510.7)		552|562|582|0|10||100.0		21|46|77|10|35|SA23T|221.0		TGTGCAGGAGGGTTAGCAACTATCAGTTAATCTGG	45	CAGGLA_YQLIW	:::::::::0:0:10:::::10:-1:35:::
18461	278.0	1.0929468757052063E-4	1	1.1548677676406051E-4	TGTGCAGAGAGAGGACAAGATCATCTTT	NNNNNNNNNNNNNNNNNNNNNNNNNNNN	TRAV13-2*00(549.4)		TRAJ30*00(490.7)		506|515|539|0|9||100.0		27|46|77|9|28|ST30G|181.0		TGTGCAGAGAGAGGACAAGATCATCTTT	45	CAERG_KIIF	:::::::::0:-4:9:::::9:-7:28:::
18637	278.0	1.0929468757052063E-4	1	1.1548677676406051E-4	TGTGCAATGAGCGCGGGAGGAGGAAACAAACTCACCTTT	NNNNNNNNNNNNNNNNNNNNNNNNNNNNNNNNNNNNNNN	TRAV12-3*00(775.6)		TRAJ10*00(549.4)		562|576|595|0|14||150.0		28|53|84|14|39||260.0		TGTGCAATGAGCGCGGGAGGAGGAAACAAACTCACCTTT	45	CAMSAGGGNKLTF	:::::::::0:1:14:::::14:-8:39:::
19133	278.0	1.0929468757052063E-4	1	1.1548677676406051E-4	TGCGCTGTGAGGCAGGCAGGAACTGCTCTGATCTTT	NNNNNNNNNNNNNNNNNNNNNNNNNNNNNNNNNNNN	TRAV1-1*00(680.7)		TRAJ15*00(463)		670|681|704|0|11||110.0		25|49|80|12|36||240.0		TGCGCTGTGAGGCAGGCAGGAACTGCTCTGATCTTT	45	CAVRQAGTALIF	:::::::::0:-3:11:::::12:-5:36:::
20208	278.0	1.0929468757052063E-4	1	1.1548677676406051E-4	TGCATCCTGATAATTACGGGGCAGGCAACATGCTCACCTTT	NNNNNNNNNNNNNNNNNNNNNNNNNNNNNNNNNNNNNNNNN	TRAV26-2*00(869.5)		TRAJ39*00(519.9)		791|801|826|0|10||100.0		31|52|83|20|41||210.0		TGCATCCTGATAATTACGGGGCAGGCAACATGCTCACCTTT	45	CILIITG_GNMLTF	:::::::::0:-5:10:::::20:-11:41:::
20368	278.0	1.0929468757052063E-4	1	1.1548677676406051E-4	TGCATCGTCAGACGTCCCTCAGGAACCTACAAATACATCTTT	NNNNNNNNNNNNNNNNNNNNNNNNNNNNNNNNNNNNNNNNNN	TRAV26-1*00(609.3)		TRAJ40*00(549.7)		763|775|799|0|12||120.0		24|50|81|16|42||260.0		TGCATCGTCAGACGTCCCTCAGGAACCTACAAATACATCTTT	45	CIVRRPSGTYKYIF	:::::::::0:-4:12:::::16:-4:42:::
1636	277.0	1.0890154121235329E-4	1	1.1548677676406051E-4	TGTGTCCTTTTTACAGCAATGCTTCCAAGATAATCTTT	NNNNNNNNNNNNNNNNNNNNNNNNNNNNNNNNNNNNNN	TRAV20*00(449.3)		TRAJ3*00(511.7)		498|502|531|0|4||40.0		24|51|82|11|38|SG31A|241.0		TGTGTCCTTTTTACAGCAATGCTTCCAAGATAATCTTT	45	CVLFTA_ASKIIF	:::::::::0:-9:4:::::11:-4:38:::
1729	277.0	1.0890154121235329E-4	1	1.1548677676406051E-4	TGTGTGGTGACTCCCTCAGGAACCTACAAATACATCTTT	NNNNNNNNNNNNNNNNNNNNNNNNNNNNNNNNNNNNNNN	TRAV12-1*00(499.8)		TRAJ40*00(560.6)		539|549|572|0|10||100.0		21|50|81|10|39|SA23C|271.0		TGTGTGGTGACTCCCTCAGGAACCTACAAATACATCTTT	45	CVVTPSGTYKYIF	:::::::::0:-3:10:::::10:-1:39:::
2168	277.0	1.0890154121235329E-4	1	1.1548677676406051E-4	TGTGCTTATCAGCTCCTTACCTCAGGAACCTACAAATACATCTTT	NNNNNNNNNNNNNNNNNNNNNNNNNNNNNNNNNNNNNNNNNNNNN	TRAV38-2/DV8*00(549.8)		TRAJ40*00(569.8)		602|611|638|0|9||90.0		22|50|81|17|45||280.0		TGTGCTTATCAGCTCCTTACCTCAGGAACCTACAAATACATCTTT	45	CAYQLLTSGTYKYIF	:::::::::0:-7:9:::::17:-2:45:::
2507	277.0	1.0890154121235329E-4	1	1.1548677676406051E-4	TGTGCTCTGGCCGACAGAGGCTCAACCCTGGGGAGGCTATACTTT	NNNNNNNNNNNNNNNNNNNNNNNNNNNNNNNNNNNNNNNNNNNNN	TRAV9-2*00(699.5)		TRAJ18*00(679.8)		480|489|514|0|9||90.0		19|55|86|9|45||370.0		TGTGCTCTGGCCGACAGAGGCTCAACCCTGGGGAGGCTATACTTT	45	CALADRGSTLGRLYF	:::::::::0:-5:9:::::9:1:45:::
2589	277.0	1.0890154121235329E-4	1	1.1548677676406051E-4	TGTGCTCTGAGTCCCCTCACGGGAGGAGGAAACAAACTCACCTTT	NNNNNNNNNNNNNNNNNNNNNNNNNNNNNNNNNNNNNNNNNNNNN	TRAV9-2*00(728)		TRAJ10*00(599.5)		480|492|514|0|12||120.0		23|53|84|15|45||300.0		TGTGCTCTGAGTCCCCTCACGGGAGGAGGAAACAAACTCACCTTT	45	CALSPLTGGGNKLTF	:::::::::0:-2:12:::::15:-3:45:::
3602	277.0	1.0890154121235329E-4	1	1.1548677676406051E-4	TGTGCTGTGGGTATAGCAACTATCAGTTAATCTGG	NNNNNNNNNNNNNNNNNNNNNNNNNNNNNNNNNNN	TRAV1-2*00(649.7)		TRAJ33*00(519.5)		620|629|654|0|9||90.0		23|46|77|12|35||230.0		TGTGCTGTGGGTATAGCAACTATCAGTTAATCTGG	45	CAVGIA_YQLIW	:::::::::0:-5:9:::::12:-3:35:::
3750	277.0	1.0890154121235329E-4	1	1.1548677676406051E-4	TGTGCTGTGGAGGAATGGAGGGAATATAGAAACAAACTGGTCTTT	NNNNNNNNNNNNNNNNNNNNNNNNNNNNNNNNNNNNNNNNNNNNN	TRAV2*00(1008.2)		TRAJ47*00(492.8)		519|533|553|0|14||140.0		21|46|77|20|45|SG28A|221.0		TGTGCTGTGGAGGAATGGAGGGAATATAGAAACAAACTGGTCTTT	45	CAVEEWREYRNKLVF	:::::::::0:0:14:::::20:-1:45:::
4593	277.0	1.0890154121235329E-4	1	1.1548677676406051E-4	TGTGCTGGGCGGAGAACTCAGGGCGGATCTGAAAAGCTGGTCTTT	NNNNNNNNNNNNNNNNNNNNNNNNNNNNNNNNNNNNNNNNNNNNN	TRAV35*00(925.5)		TRAJ57*00(569.9)		588|598|620|0|10||100.0		21|52|83|14|45||310.0		TGTGCTGGGCGGAGAACTCAGGGCGGATCTGAAAAGCTGGTCTTT	45	CAGRRTQGGSEKLVF	:::::::::0:-2:10:::::14:-1:45:::
4616	277.0	1.0890154121235329E-4	1	1.1548677676406051E-4	TGTGCTGGGCAGCTTGATGAGGAACCTACAAATACATCTTT	NNNNNNNNNNNNNNNNNNNNNNNNNNNNNNNNNNNNNNNNN	TRAV35*00(529.7)		TRAJ40*00(509.7)		588|602|620|0|14||140.0		28|50|81|19|41||220.0		TGTGCTGGGCAGCTTGATGAGGAACCTACAAATACATCTTT	45	CAGQLDE_TYKYIF	:::::::::0:2:14:::::19:-8:41:::
4694	277.0	1.0890154121235329E-4	1	1.1548677676406051E-4	TGTGCTGGGGCTTATAACCAGGGAGGAAAGCTTATCTTC	NNNNNNNNNNNNNNNNNNNNNNNNNNNNNNNNNNNNNNN	TRAV35*00(715.1)		TRAJ23*00(584.4)		588|597|620|0|9||90.0		24|52|83|11|39||280.0		TGTGCTGGGGCTTATAACCAGGGAGGAAAGCTTATCTTC	45	CAGAYNQGGKLIF	:::::::::0:-3:9:::::11:-4:39:::
4733	277.0	1.0890154121235329E-4	1	1.1548677676406051E-4	TGTGCTGGATATTTATAACCAGGGAGGAAAGCTTATCTTC	NNNNNNNNNNNNNNNNNNNNNNNNNNNNNNNNNNNNNNNN	TRAV21*00(939.8)		TRAJ23*00(530.7)		544|551|576|0|7||70.0		22|52|83|10|40||300.0		TGTGCTGGATATTTATAACCAGGGAGGAAAGCTTATCTTC	45	CAGYL*P_GGKLIF	:::::::::0:-5:7:::::10:-2:40:::
4837	277.0	1.0890154121235329E-4	1	1.1548677676406051E-4	TGTGCTACGGACTATAACACCGACAAGCTCATCTTT	NNNNNNNNNNNNNNNNNNNNNNNNNNNNNNNNNNNN	TRAV17*00(919.3)		TRAJ34*00(539.4)		490|502|523|0|12||120.0		23|47|78|12|36||240.0		TGTGCTACGGACTATAACACCGACAAGCTCATCTTT	45	CATDYNTDKLIF	:::::::::0:-1:12:::::12:-3:36:::
4848	277.0	1.0890154121235329E-4	1	1.1548677676406051E-4	TGTGCTACGGACGTCAGGGAGGGGGCTTCCAAGATAATCTTT	NNNNNNNNNNNNNNNNNNNNNNNNNNNNNNNNNNNNNNNNNN	TRAV17*00(929.6)		TRAJ3*00(479.3)		490|503|523|0|13||130.0		33|51|82|24|42||180.0		TGTGCTACGGACGTCAGGGAGGGGGCTTCCAAGATAATCTTT	45	CATDVREGASKIIF	:::::::::0:0:13:::::24:-13:42:::
6010	277.0	1.0890154121235329E-4	1	1.1548677676406051E-4	TGTGCCCCTACTAACTTTGGAAATGAGAAATTAACCTTT	NNNNNNNNNNNNNNNNNNNNNNNNNNNNNNNNNNNNNNN	TRAV6*00(419.9)		TRAJ48*00(599.2)		535|540|568|0|5||50.0		23|52|83|10|39||290.0		TGTGCCCCTACTAACTTTGGAAATGAGAAATTAACCTTT	45	CAPTNFGNEKLTF	:::::::::0:-8:5:::::10:-3:39:::
17506	277.0	1.0890154121235329E-4	1	1.1548677676406051E-4	TGTGCAGCCAAACCCCCGGAACACAGGCAAACTAATCTTT	NNNNNNNNNNNNNNNNNNNNNNNNNNNNNNNNNNNNNNNN	TRAV27*00(611.5)		TRAJ37*00(519)		552|559|582|0|7||70.0		30|51|82|19|40||210.0		TGTGCAGCCAAACCCCCGGAACACAGGCAAACTAATCTTT	45	CAAKPPE_TGKLIF	:::::::::0:-3:7:::::19:-10:40:::
17520	277.0	1.0890154121235329E-4	1	1.1548677676406051E-4	TGTGCAGCGGACACCGGTAACCAGTTCTATTTT	NNNNNNNNNNNNNNNNNNNNNNNNNNNNNNNNN	TRAV29/DV5*00(529.8)		TRAJ49*00(531)		529|537|562|0|8||80.0		20|45|76|8|33|SA21G|231.0		TGTGCAGCGGACACCGGTAACCAGTTCTATTTT	45	CAADTGNQFYF	:::::::::0:-5:8:::::8:0:33:::
17979	277.0	1.0890154121235329E-4	1	1.1548677676406051E-4	TGTGCAGCAAGCATGTATGGTCAGAATTTTGTCTTT	NNNNNNNNNNNNNNNNNNNNNNNNNNNNNNNNNNNN	TRAV23/DV6*00(519.4)		TRAJ26*00(499.8)		517|532|550|0|15||150.0		28|49|80|15|36||210.0		TGTGCAGCAAGCATGTATGGTCAGAATTTTGTCTTT	45	CAASMYGQNFVF	:::::::::0:2:15:::::15:-8:36:::
17997	277.0	1.0890154121235329E-4	1	1.1548677676406051E-4	TGTGCAGCAAGCACGGAATTACCTCAGGAACCTACAAATACATCTTT	NNNNNNNNNNNNNNNNNNNNNNNNNNNNNNNNNNNNNNNNNNNNNNN	TRAV29/DV5*00(530.9)		TRAJ40*00(569.8)		529|544|562|0|15|SG541A|121.0		22|50|81|19|47||280.0		TGTGCAGCAAGCACGGAATTACCTCAGGAACCTACAAATACATCTTT	45	CAASTELP_GTYKYIF	:::::::::0:2:15:::::19:-2:47:::
18148	277.0	1.0890154121235329E-4	1	1.1548677676406051E-4	TGTGCAGGGCTAAATGCCAGACTCATGTTT	NNNNNNNNNNNNNNNNNNNNNNNNNNNNNN	TRAV25*00(560)		TRAJ31*00(479.8)		620|630|649|0|10||100.0		28|46|77|12|30||180.0		TGTGCAGGGCTAAATGCCAGACTCATGTTT	45	CAGLNARLMF	:::::::::0:1:10:::::12:-8:30:::
18353	277.0	1.0890154121235329E-4	1	1.1548677676406051E-4	TGTGCAGAGCTGCCCGAGGGCGACTACAAGCTCAGCTTT	NNNNNNNNNNNNNNNNNNNNNNNNNNNNNNNNNNNNNNN	TRAV5*00(451.2)		TRAJ20*00(489.6)		523|532|556|0|9||90.0		27|46|77|20|39||190.0		TGTGCAGAGCTGCCCGAGGGCGACTACAAGCTCAGCTTT	45	CAELPEGDYKLSF	:::::::::0:-4:9:::::20:-7:39:::
18725	277.0	1.0890154121235329E-4	1	1.1548677676406051E-4	TGTGCAATGAGAGAGTCAGCCATGGATAGCAACTATCAGTTAATCTGG	NNNNNNNNNNNNNNNNNNNNNNNNNNNNNNNNNNNNNNNNNNNNNNNN	TRAV14/DV4*00(880.6)		TRAJ33*00(579.5)		517|532|554|0|15||150.0		17|46|77|19|48||290.0		TGTGCAATGAGAGAGTCAGCCATGGATAGCAACTATCAGTTAATCTGG	45	CAMRESAMDSNYQLIW	:::::::::0:-2:15:::::19:3:48:::
18911	277.0	1.0890154121235329E-4	1	1.1548677676406051E-4	TGTGGAGCAGACAGGGGATGGATAGCAACTATCAGTTAATCTGG	NNNNNNNNNNNNNNNNNNNNNNNNNNNNNNNNNNNNNNNNNNNN	TRAV34*00(519.7)		TRAJ33*00(559.5)		603|616|636|0|13||130.0		19|46|77|17|44||270.0		TGTGGAGCAGACAGGGGATGGATAGCAACTATCAGTTAATCTGG	45	CGADRGW_SNYQLIW	:::::::::0:0:13:::::17:1:44:::
1601	276.0	1.0850839485418595E-4	1	1.1548677676406051E-4	TGTGTTGTGAGTGATCTAGGATGGCAGGCAGGAACTGCTCTGATCTTT	NNNNNNNNNNNNNNNNNNNNNNNNNNNNNNNNNNNNNNNNNNNNNNNN	TRAV8-2*00(671.9)		TRAJ15*00(461.5)		466|482|500|0|16||160.0		25|49|80|24|48||240.0		TGTGTTGTGAGTGATCTAGGATGGCAGGCAGGAACTGCTCTGATCTTT	45	CVVSDLGWQAGTALIF	:::::::::0:2:16:::::24:-5:48:::
1638	276.0	1.0850839485418595E-4	1	1.1548677676406051E-4	TGTGTCCCTGATAACTATGGTCAGAATTTTGTCTTT	NNNNNNNNNNNNNNNNNNNNNNNNNNNNNNNNNNNN	TRAV1-2*00(599.4)		TRAJ26*00(579.6)		620|624|654|0|4||40.0		22|49|80|9|36||270.0		TGTGTCCCTGATAACTATGGTCAGAATTTTGTCTTT	45	CVPDNYGQNFVF	:::::::::0:-10:4:::::9:-2:36:::
1651	276.0	1.0850839485418595E-4	1	1.1548677676406051E-4	TGTGTGCCCCGAACTAATGCTGGCAACAACCGTAAGCTGATTTGG	NNNNNNNNNNNNNNNNNNNNNNNNNNNNNNNNNNNNNNNNNNNNN	TRAV12-1*00(754.4)		TRAJ38*00(583.8)		539|545|572|0|6||60.0		20|51|82|14|45||310.0		TGTGTGCCCCGAACTAATGCTGGCAACAACCGTAAGCTGATTTGG	45	CVPRTNAGNNRKLIW	:::::::::0:-7:6:::::14:0:45:::
1654	276.0	1.0850839485418595E-4	1	1.1548677676406051E-4	TGTGTGGTTTCGCGGGGAGGAACTGCTCTGATCTTT	NNNNNNNNNNNNNNNNNNNNNNNNNNNNNNNNNNNN	TRAV12-1*00(479.5)		TRAJ15*00(408.9)		539|547|572|0|8||80.0		27|49|80|14|36|SC29G|191.0		TGTGTGGTTTCGCGGGGAGGAACTGCTCTGATCTTT	45	CVVSRGGTALIF	:::::::::0:-5:8:::::14:-7:36:::
2114	276.0	1.0850839485418595E-4	1	1.1548677676406051E-4	TGTGCTTCTTGCTGGGGGAACCGACAAGCTCATCTTT	NNNNNNNNNNNNNNNNNNNNNNNNNNNNNNNNNNNNN	TRAV6*00(430)		TRAJ34*00(479.2)		535|541|568|0|6||60.0		29|47|78|19|37||180.0		TGTGCTTCTTGCTGGGGGAACCGACAAGCTCATCTTT	45	CASCWG_TDKLIF	:::::::::0:-7:6:::::19:-9:37:::
2454	276.0	1.0850839485418595E-4	1	1.1548677676406051E-4	TGTGCTCTCTAACCAGGCAGGAACTGCTCTGATCTTT	NNNNNNNNNNNNNNNNNNNNNNNNNNNNNNNNNNNNN	TRAV16*00(489.8)		TRAJ15*00(579.7)		449|457|483|0|8||80.0		22|49|80|10|37||270.0		TGTGCTCTCTAACCAGGCAGGAACTGCTCTGATCTTT	45	CAL*PG_GTALIF	:::::::::0:-6:8:::::10:-2:37:::
2799	276.0	1.0850839485418595E-4	1	1.1548677676406051E-4	TGTGCTCTGAGTACGACGGAATAACAATGCCAGACTCATGTTT	NNNNNNNNNNNNNNNNNNNNNNNNNNNNNNNNNNNNNNNNNNN	TRAV19*00(728.8)		TRAJ31*00(569.7)		556|568|593|0|12||120.0		19|46|77|16|43||270.0		TGTGCTCTGAGTACGACGGAATAACAATGCCAGACTCATGTTT	45	CALSTTE_NNARLMF	:::::::::0:-5:12:::::16:1:43:::
3259	276.0	1.0850839485418595E-4	1	1.1548677676406051E-4	TGTGCTGTCGCGAAGGGGAACAGAGATGACAAGATCATCTTT	NNNNNNNNNNNNNNNNNNNNNNNNNNNNNNNNNNNNNNNNNN	TRAV8-4*00(629.2)		TRAJ30*00(559.1)		476|484|510|0|8||80.0		21|46|77|17|42||250.0		TGTGCTGTCGCGAAGGGGAACAGAGATGACAAGATCATCTTT	45	CAVAKGNRDDKIIF	:::::::::0:-6:8:::::17:-1:42:::
3525	276.0	1.0850839485418595E-4	1	1.1548677676406051E-4	TGTGCTGTGGCCGAGGGGGACAATGACATGCGCTTT	NNNNNNNNNNNNNNNNNNNNNNNNNNNNNNNNNNNN	TRAV8-3*00(590.8)		TRAJ43*00(469.6)		455|465|489|0|10||100.0		26|43|74|19|36||170.0		TGTGCTGTGGCCGAGGGGGACAATGACATGCGCTTT	45	CAVAEGDNDMRF	:::::::::0:-4:10:::::19:-6:36:::
3837	276.0	1.0850839485418595E-4	1	1.1548677676406051E-4	TGTGCTGTGACGGGCACTGCCAGTAAACTCACCTTT	NNNNNNNNNNNNNNNNNNNNNNNNNNNNNNNNNNNN	TRAV20*00(499.4)		TRAJ44*00(550.7)		498|507|531|0|9||90.0		25|52|83|9|36|SC27G|241.0		TGTGCTGTGACGGGCACTGCCAGTAAACTCACCTTT	45	CAVTGTASKLTF	:::::::::0:-4:9:::::9:-5:36:::
4093	276.0	1.0850839485418595E-4	1	1.1548677676406051E-4	TGTGCTGTGAGCCAAACTTATGGGAACAACAGACTCGCTTTT	NNNNNNNNNNNNNNNNNNNNNNNNNNNNNNNNNNNNNNNNNN	TRAV8-6*00(679.4)		TRAJ7*00(529.8)		448|459|482|0|11||110.0		24|48|79|18|42||240.0		TGTGCTGTGAGCCAAACTTATGGGAACAACAGACTCGCTTTT	45	CAVSQTYGNNRLAF	:::::::::0:-3:11:::::18:-4:42:::
5654	276.0	1.0850839485418595E-4	1	1.1548677676406051E-4	TGTGCCTCTGCTTCAAATTCCGGGTATGCACTCAACTTC	NNNNNNNNNNNNNNNNNNNNNNNNNNNNNNNNNNNNNNN	TRAV24*00(479.3)		TRAJ41*00(529.7)		515|522|545|0|7||70.0		24|51|82|12|39||270.0		TGTGCCTCTGCTTCAAATTCCGGGTATGCACTCAACTTC	45	CASASNSGYALNF	:::::::::0:-3:7:::::12:-4:39:::
17435	276.0	1.0850839485418595E-4	1	1.1548677676406051E-4	TGTGCAGCTTTTCCCACTACCTCAGGAACCTACAAATACATCTTT	NNNNNNNNNNNNNNNNNNNNNNNNNNNNNNNNNNNNNNNNNNNNN	TRAV13-1*00(657.6)		TRAJ40*00(579.3)		511|519|544|0|8||80.0		20|50|81|15|45||300.0		TGTGCAGCTTTTCCCACTACCTCAGGAACCTACAAATACATCTTT	45	CAAFPTTSGTYKYIF	:::::::::0:-5:8:::::15:0:45:::
17885	276.0	1.0850839485418595E-4	1	1.1548677676406051E-4	TGTGCAGCAAGCGCGGGCTTTGGGAATGTGCTGCATTGC	NNNNNNNNNNNNNNNNNNNNNNNNNNNNNNNNNNNNNNN	TRAV29/DV5*00(597)		TRAJ35*00(549.2)		529|544|562|0|15||150.0		24|48|79|15|39||240.0		TGTGCAGCAAGCGCGGGCTTTGGGAATGTGCTGCATTGC	45	CAASAGFGNVLHC	:::::::::0:2:15:::::15:-4:39:::
18432	276.0	1.0850839485418595E-4	1	1.1548677676406051E-4	TGTGCAGAGAGTATAAAGAATTATGGTGGTGCTACAAACAAGCTCATCTTT	NNNNNNNNNNNNNNNNNNNNNNNNNNNNNNNNNNNNNNNNNNNNNNNNNNN	TRAV5*00(509.4)		TRAJ32*00(639.8)		523|538|556|0|15||150.0		21|55|86|17|51||340.0		TGTGCAGAGAGTATAAAGAATTATGGTGGTGCTACAAACAAGCTCATCTTT	45	CAESIKNYGGATNKLIF	:::::::::0:2:15:::::17:-1:51:::
18503	276.0	1.0850839485418595E-4	1	1.1548677676406051E-4	TGTGCAGAGAATAAGGCTCGGGGCTCTAGCAACACAGGCAAACTAATCTTT	NNNNNNNNNNNNNNNNNNNNNNNNNNNNNNNNNNNNNNNNNNNNNNNNNNN	TRAV13-2*00(579.5)		TRAJ37*00(580.6)		506|519|539|0|13||130.0		21|51|82|21|51|SG27A|271.0		TGTGCAGAGAATAAGGCTCGGGGCTCTAGCAACACAGGCAAACTAATCTTT	45	CAENKARGSSNTGKLIF	:::::::::0:0:13:::::21:-1:51:::
18651	276.0	1.0850839485418595E-4	1	1.1548677676406051E-4	TGTGCAATGAGCGGCGTCTTTAGGGCCAGACTCATGTTT	NNNNNNNNNNNNNNNNNNNNNNNNNNNNNNNNNNNNNNN	TRAV12-3*00(529.6)		TRAJ31*00(449.6)		562|575|595|0|13||130.0		31|46|77|24|39||150.0		TGTGCAATGAGCGGCGTCTTTAGGGCCAGACTCATGTTT	45	CAMSGVFRARLMF	:::::::::0:0:13:::::24:-11:39:::
18897	276.0	1.0850839485418595E-4	1	1.1548677676406051E-4	TGTGGAGCAGTCTCTCAGGGAGCCCAGAAGCTGGTATTT	NNNNNNNNNNNNNNNNNNNNNNNNNNNNNNNNNNNNNNN	TRAV34*00(490)		TRAJ54*00(538.6)		603|613|636|0|10||100.0		24|49|80|14|39||250.0		TGTGGAGCAGTCTCTCAGGGAGCCCAGAAGCTGGTATTT	45	CGAVSQGAQKLVF	:::::::::0:-3:10:::::14:-4:39:::
636	275.0	1.0811524849601861E-4	2	2.3097355352812103E-4	TGTGCTCTACAGGGAGCCCAGAAGCTGGTATTT	[[[[[[[[[[[[[[[[[[[[[[[[[[[[[[[[[	TRAV9-2*00(344.3)		TRAJ54*00(529.4)		480|488|514|0|8||80.0		25|49|80|9|33||240.0		TGTGCTCTACAGGGAGCCCAGAAGCTGGTATTT	58	CALQGAQKLVF	:::::::::0:-6:8:::::9:-5:33:::
1854	275.0	1.0811524849601861E-4	1	1.1548677676406051E-4	TGTGTGGTGAACTATGGTCAGAATTTTGTCTTT	NNNNNNNNNNNNNNNNNNNNNNNNNNNNNNNNN	TRAV12-1*00(772.2)		TRAJ26*00(549.4)		539|550|572|0|11||120.0		27|49|80|11|33||240.0		TGTGTGGTGAACTATGGTCAGAATTTTGTCTTT	45	CVVNYGQNFVF	:::::::::0:-2:11:::::11:-7:33:::
2277	275.0	1.0811524849601861E-4	1	1.1548677676406051E-4	TGTGCTCTTTTCCCAGGAGGAGGTGCTGACGGACTCACCTTT	NNNNNNNNNNNNNNNNNNNNNNNNNNNNNNNNNNNNNNNNNN	TRAV6*00(449.6)		TRAJ45*00(599.5)		535|543|568|0|8||80.0		26|55|86|13|42||290.0		TGTGCTCTTTTCCCAGGAGGAGGTGCTGACGGACTCACCTTT	45	CALFPGGGADGLTF	:::::::::0:-5:8:::::13:-6:42:::
2476	275.0	1.0811524849601861E-4	1	1.1548677676406051E-4	TGTGCTCTCATCATGGATAGCAACTATCAGTTAATCTGG	NNNNNNNNNNNNNNNNNNNNNNNNNNNNNNNNNNNNNNN	TRAV6*00(449.7)		TRAJ33*00(567.8)		535|543|568|0|8||80.0		18|46|77|11|39||280.0		TGTGCTCTCATCATGGATAGCAACTATCAGTTAATCTGG	45	CALIMDSNYQLIW	:::::::::0:-5:8:::::11:2:39:::
2830	275.0	1.0811524849601861E-4	1	1.1548677676406051E-4	TGTGCTCTGAGGCCGGGGTACAGCAGTGCTTCCAAGATAATCTTT	NNNNNNNNNNNNNNNNNNNNNNNNNNNNNNNNNNNNNNNNNNNNN	TRAV19*00(719.4)		TRAJ3*00(629.4)		556|567|593|0|11||110.0		18|51|82|12|45||330.0		TGTGCTCTGAGGCCGGGGTACAGCAGTGCTTCCAAGATAATCTTT	45	CALRPGYSSASKIIF	:::::::::0:-6:11:::::12:2:45:::
2892	275.0	1.0811524849601861E-4	1	1.1548677676406051E-4	TGTGCTCTATCCTTGGGCACAGGCAAACTAATCTTT	NNNNNNNNNNNNNNNNNNNNNNNNNNNNNNNNNNNN	TRAV6*00(459.8)		TRAJ37*00(499.3)		535|544|568|0|9||90.0		32|51|82|17|36||190.0		TGTGCTCTATCCTTGGGCACAGGCAAACTAATCTTT	45	CALSLGTGKLIF	:::::::::0:-4:9:::::17:-12:36:::
3160	275.0	1.0811524849601861E-4	1	1.1548677676406051E-4	TGTGCTGTTTAATCTATGGTCAGAATTTTGTCTTT	NNNNNNNNNNNNNNNNNNNNNNNNNNNNNNNNNNN	TRAV36/DV7*00(571)		TRAJ26*00(509.8)		500|508|533|0|8||80.0		27|49|80|13|35||220.0		TGTGCTGTTTAATCTATGGTCAGAATTTTGTCTTT	45	CAV*SM_QNFVF	:::::::::0:-5:8:::::13:-7:35:::
3597	275.0	1.0811524849601861E-4	1	1.1548677676406051E-4	TGTGCTGTGGGTGAATACAATAACAATGACATGCGCTTT	NNNNNNNNNNNNNNNNNNNNNNNNNNNNNNNNNNNNNNN	TRAV8-3*00(620.9)		TRAJ43*00(539.7)		455|468|489|0|13||130.0		19|43|74|15|39||240.0		TGTGCTGTGGGTGAATACAATAACAATGACATGCGCTTT	45	CAVGEYNNNDMRF	:::::::::0:-1:13:::::15:1:39:::
3688	275.0	1.0811524849601861E-4	1	1.1548677676406051E-4	TGTGCTGTGGAGCTCCGGGGATAACCAGGGAGGAAAGCTTATCTTC	NNNNNNNNNNNNNNNNNNNNNNNNNNNNNNNNNNNNNNNNNNNNNN	TRAV22*00(559.9)		TRAJ23*00(530.4)		526|539|559|0|13||130.0		26|52|83|20|46||260.0		TGTGCTGTGGAGCTCCGGGGATAACCAGGGAGGAAAGCTTATCTTC	45	CAVELRG*_QGGKLIF	:::::::::0:0:13:::::20:-6:46:::
3698	275.0	1.0811524849601861E-4	1	1.1548677676406051E-4	TGTGCTGTGGAGCGAAGCTTTCAGAAACTTGTATTT	NNNNNNNNNNNNNNNNNNNNNNNNNNNNNNNNNNNN	TRAV22*00(569.9)		TRAJ8*00(489.4)		526|540|559|0|14||140.0		29|49|80|16|36||200.0		TGTGCTGTGGAGCGAAGCTTTCAGAAACTTGTATTT	45	CAVERSFQKLVF	:::::::::0:1:14:::::16:-9:36:::
3715	275.0	1.0811524849601861E-4	1	1.1548677676406051E-4	TGTGCTGTGGAGGGGCCAGGCAGGAACTGCTCTGATCTTT	NNNNNNNNNNNNNNNNNNNNNNNNNNNNNNNNNNNNNNNN	TRAV22*00(549.6)		TRAJ15*00(559.5)		526|538|559|0|12||120.0		24|49|80|15|40||250.0		TGTGCTGTGGAGGGGCCAGGCAGGAACTGCTCTGATCTTT	45	CAVEGPG_GTALIF	:::::::::0:-1:12:::::15:-4:40:::
4731	275.0	1.0811524849601861E-4	1	1.1548677676406051E-4	TGTGCTGGGAACCTATGAACAGAGATGACAAGATCATCTTT	NNNNNNNNNNNNNNNNNNNNNNNNNNNNNNNNNNNNNNNNN	TRAV1-2*00(630.4)		TRAJ30*00(578.9)		620|630|654|0|10|ST627G|71.0		19|46|77|14|41||270.0		TGTGCTGGGAACCTATGAACAGAGATGACAAGATCATCTTT	45	CAGNL*T_DDKIIF	:::::::::0:-4:10:::::14:1:41:::
5660	275.0	1.0811524849601861E-4	1	1.1548677676406051E-4	TGTGCCTCCTTTCTCTGGGGCTGGGAGTTACCAACTCACTTTC	NNNNNNNNNNNNNNNNNNNNNNNNNNNNNNNNNNNNNNNNNNN	TRAV8-5*00(540.5),TRAV8-3*00(538.4)		TRAJ28*00(599.9)		1528|1533|1562|0|5||50.0;455|460|489|0|5||50.0		24|55|86|12|43||310.0		TGTGCCTCCTTTCTCTGGGGCTGGGAGTTACCAACTCACTTTC	45	CASFLWG_GSYQLTF	:::::::::0:-9:5:::::12:-4:43:::
6293	275.0	1.0811524849601861E-4	1	1.1548677676406051E-4	TGTGCCGTGATAAATGCTGGCAACAACCGTAAGCTGATTTGG	NNNNNNNNNNNNNNNNNNNNNNNNNNNNNNNNNNNNNNNNNN	TRAV12-2*00(594.6)		TRAJ38*00(587.7)		551|561|584|0|10||100.0		21|51|82|12|42||300.0		TGTGCCGTGATAAATGCTGGCAACAACCGTAAGCTGATTTGG	45	CAVINAGNNRKLIW	:::::::::0:-3:10:::::12:-1:42:::
17404	275.0	1.0811524849601861E-4	1	1.1548677676406051E-4	TGTGCAGTTCATACCGGCACTGCCAGTAAACTCACCTTT	NNNNNNNNNNNNNNNNNNNNNNNNNNNNNNNNNNNNNNN	TRAV12-3*00(459.6)		TRAJ44*00(599.8)		562|568|595|0|6||60.0		23|52|83|10|39||290.0		TGTGCAGTTCATACCGGCACTGCCAGTAAACTCACCTTT	45	CAVHTGTASKLTF	:::::::::0:-7:6:::::10:-3:39:::
17491	275.0	1.0811524849601861E-4	1	1.1548677676406051E-4	TGTGCAGCCCGGTAACCAGTTCTATTTT	NNNNNNNNNNNNNNNNNNNNNNNNNNNN	TRAV25*00(529.8)		TRAJ49*00(499.8)		620|627|649|0|7||70.0		25|45|76|8|28||200.0		TGTGCAGCCCGGTAACCAGTTCTATTTT	45	CAAR*_QFYF	:::::::::0:-2:7:::::8:-5:28:::
17498	275.0	1.0811524849601861E-4	1	1.1548677676406051E-4	TGTGCAGCCGGGGGGGCTCAAATTCCGGGTATGCACTCAACTTC	NNNNNNNNNNNNNNNNNNNNNNNNNNNNNNNNNNNNNNNNNNNN	TRAV13-1*00(559.3)		TRAJ41*00(539.7)		511|519|544|0|8||80.0		23|51|82|16|44||280.0		TGTGCAGCCGGGGGGGCTCAAATTCCGGGTATGCACTCAACTTC	45	CAAGGAQ_SGYALNF	:::::::::0:-5:8:::::16:-3:44:::
18772	275.0	1.0811524849601861E-4	1	1.1548677676406051E-4	TGTGCAATGAGAGAGGGCCCCGGTGGTACTAGCTATGGAAAGCTGACATTT	NNNNNNNNNNNNNNNNNNNNNNNNNNNNNNNNNNNNNNNNNNNNNNNNNNN	TRAV14/DV4*00(743.3)		TRAJ52*00(551)		517|537|554|0|20||200.0		28|58|89|21|51||300.0		TGTGCAATGAGAGAGGGCCCCGGTGGTACTAGCTATGGAAAGCTGACATTT	45	CAMREGPGGTSYGKLTF	:::::::::0:3:20:::::21:-8:51:::
1518	274.0	1.0772210213785126E-4	1	1.1548677676406051E-4	TGTTGGGGCGGTATGGAAACAAGCTGGTCTTT	NNNNNNNNNNNNNNNNNNNNNNNNNNNNNNNN	TRAV13-2*00(479.8)		TRAJ47*00(490.6)		506|509|539|0|3||30.0		25|46|77|11|32|SA36G|181.0		TGTTGGGGCGGTATGGAAACAAGCTGGTCTTT	45	CWGGM_NKLVF	:::::::::0:-10:3:::::11:-5:32:::
1938	274.0	1.0772210213785126E-4	1	1.1548677676406051E-4	TGTGTGGTGAACAACCCTGACAGCTGGGGGAAATTGCAGTTT	NNNNNNNNNNNNNNNNNNNNNNNNNNNNNNNNNNNNNNNNNN	TRAV12-1*00(846.8)		TRAJ24*00(522)		539|552|572|0|13||130.0		26|52|83|16|42||260.0		TGTGTGGTGAACAACCCTGACAGCTGGGGGAAATTGCAGTTT	45	CVVNNPDSWGKLQF	:::::::::0:0:13:::::16:-6:42:::
2010	274.0	1.0772210213785126E-4	1	1.1548677676406051E-4	TGTGCTTTCCCCCTGTATAACCAGGGAGGAAAGCTTATCTTC	NNNNNNNNNNNNNNNNNNNNNNNNNNNNNNNNNNNNNNNNNN	TRAV38-1*00(546.1)		TRAJ23*00(579.7)		596|605|633|0|9||90.0		25|52|83|15|42||270.0		TGTGCTTTCCCCCTGTATAACCAGGGAGGAAAGCTTATCTTC	45	CAFPLYNQGGKLIF	:::::::::0:-8:9:::::15:-5:42:::
2035	274.0	1.0772210213785126E-4	1	1.1548677676406051E-4	TGTGCTTTCATGTCGGCAAATTCCGGGTATGCACTCAACTTC	NNNNNNNNNNNNNNNNNNNNNNNNNNNNNNNNNNNNNNNNNN	TRAV38-1*00(580)		TRAJ41*00(519.7)		596|608|633|0|12||120.0		25|51|82|16|42||260.0		TGTGCTTTCATGTCGGCAAATTCCGGGTATGCACTCAACTTC	45	CAFMSANSGYALNF	:::::::::0:-5:12:::::16:-5:42:::
2243	274.0	1.0772210213785126E-4	1	1.1548677676406051E-4	TGTGCTTATAGGAGCGAGAACGGTAACCAGTTCTATTTT	NNNNNNNNNNNNNNNNNNNNNNNNNNNNNNNNNNNNNNN	TRAV38-2/DV8*00(619.8)		TRAJ49*00(489.9)		602|618|638|0|16||160.0		26|45|76|20|39||190.0		TGTGCTTATAGGAGCGAGAACGGTAACCAGTTCTATTTT	45	CAYRSENGNQFYF	:::::::::0:0:16:::::20:-6:39:::
2339	274.0	1.0772210213785126E-4	1	1.1548677676406051E-4	TGTGCTCTTGGGGACGATGGGGGTTACCAGAAAGTTACCTTT	NNNNNNNNNNNNNNNNNNNNNNNNNNNNNNNNNNNNNNNNNN	TRDV1*00(1009.1)		TRAJ13*00(509.4)		573|587|610|0|14||140.0		27|52|83|17|42||250.0		TGTGCTCTTGGGGACGATGGGGGTTACCAGAAAGTTACCTTT	45	CALGDDGGYQKVTF	:::::::::0:-3:14:::::17:-7:42:::
2582	274.0	1.0772210213785126E-4	1	1.1548677676406051E-4	TGTGCTCTGAGTTAGGAATAATGCAGGCAACATGCTCACCTTT	NNNNNNNNNNNNNNNNNNNNNNNNNNNNNNNNNNNNNNNNNNN	TRAV19*00(740.8)		TRAJ39*00(579.7)		556|572|593|0|16|SG568T|131.0		25|52|83|16|43||270.0		TGTGCTCTGAGTTAGGAATAATGCAGGCAACATGCTCACCTTT	45	CALS*E*_AGNMLTF	:::::::::0:-1:16:::::16:-5:43:::
2973	274.0	1.0772210213785126E-4	1	1.1548677676406051E-4	TGTGCTCTAAGTGCGTGCCAATAGTAAGCTGACATTT	NNNNNNNNNNNNNNNNNNNNNNNNNNNNNNNNNNNNN	TRAV16*00(539.8)		TRAJ56*00(520)		449|462|483|0|13||130.0		30|51|82|16|37||210.0		TGTGCTCTAAGTGCGTGCCAATAGTAAGCTGACATTT	45	CALSAC_NSKLTF	:::::::::0:-1:13:::::16:-10:37:::
3113	274.0	1.0772210213785126E-4	1	1.1548677676406051E-4	TGTGCTCCAACTGGCCAGATGGCCAGAAGCTGCTCTTT	NNNNNNNNNNNNNNNNNNNNNNNNNNNNNNNNNNNNNN	TRAV2*00(958.8)		TRAJ16*00(459.7)		519|525|553|0|6||60.0		26|49|80|15|38||230.0		TGTGCTCCAACTGGCCAGATGGCCAGAAGCTGCTCTTT	45	CAPTGQ_GQKLLF	:::::::::0:-8:6:::::15:-6:38:::
3186	274.0	1.0772210213785126E-4	1	1.1548677676406051E-4	TGTGCTGTTATGTCAGGAGGAGGTGCTGACGGACTCACCTTT	NNNNNNNNNNNNNNNNNNNNNNNNNNNNNNNNNNNNNNNNNN	TRAV8-4*00(619.2)		TRAJ45*00(609.5)		476|484|510|0|8||80.0		25|55|86|12|42||300.0		TGTGCTGTTATGTCAGGAGGAGGTGCTGACGGACTCACCTTT	45	CAVMSGGGADGLTF	:::::::::0:-6:8:::::12:-5:42:::
3312	274.0	1.0772210213785126E-4	1	1.1548677676406051E-4	TGTGCTGTCAGGGGGGGCTTTGGGAATGTGCTGCATTGC	NNNNNNNNNNNNNNNNNNNNNNNNNNNNNNNNNNNNNNN	TRAV1-2*00(640.5)		TRAJ35*00(549.6)		620|631|654|0|11|SG628C|81.0		24|48|79|15|39||240.0		TGTGCTGTCAGGGGGGGCTTTGGGAATGTGCTGCATTGC	45	CAVRGGFGNVLHC	:::::::::0:-3:11:::::15:-4:39:::
3699	274.0	1.0772210213785126E-4	1	1.1548677676406051E-4	TGTGCTGTGGAGCACACTCAAATTCCGGGTATGCACTCAACTTC	NNNNNNNNNNNNNNNNNNNNNNNNNNNNNNNNNNNNNNNNNNNN	TRAV22*00(561.1)		TRAJ41*00(551.3)		526|539|559|0|13||130.0		22|51|82|15|44||290.0		TGTGCTGTGGAGCACACTCAAATTCCGGGTATGCACTCAACTTC	45	CAVEHTQ_SGYALNF	:::::::::0:0:13:::::15:-2:44:::
4414	274.0	1.0772210213785126E-4	1	1.1548677676406051E-4	TGTGCTGCCTACCATGACAAGATCATCTTT	NNNNNNNNNNNNNNNNNNNNNNNNNNNNNN	TRAV41*00(571.7)		TRAJ30*00(450.8)		512|519|544|0|7||70.0		29|46|77|13|30||170.0		TGTGCTGCCTACCATGACAAGATCATCTTT	45	CAAYHDKIIF	:::::::::0:-5:7:::::13:-9:30:::
4688	274.0	1.0772210213785126E-4	1	1.1548677676406051E-4	TGTGCTGGGCAACTGGGGCATAATAATGCAGGCAACATGCTCACCTTT	NNNNNNNNNNNNNNNNNNNNNNNNNNNNNNNNNNNNNNNNNNNNNNNN	TRAV35*00(731.7)		TRAJ39*00(578.9)		588|603|620|0|15|SG599A|121.0		23|52|83|19|48||290.0		TGTGCTGGGCAACTGGGGCATAATAATGCAGGCAACATGCTCACCTTT	45	CAGQLGHNNAGNMLTF	:::::::::0:3:15:::::19:-3:48:::
4908	274.0	1.0772210213785126E-4	1	1.1548677676406051E-4	TGTGCTACGGAAACAAGCTGGTCTTT	NNNNNNNNNNNNNNNNNNNNNNNNNN	TRAV17*00(919.6)		TRAJ47*00(460.2)		490|498|523|0|8||110.0		28|46|77|8|26|SA36G|152.0		TGTGCTACGGAAACAAGCTGGTCTTT	45	CATE_KLVF	:::::::::0:-5:8:::::8:-8:26:::
6173	274.0	1.0772210213785126E-4	1	1.1548677676406051E-4	TGTGCCGTGTCCGGCTCGGACAGCTGGGGGAAATTGCAGTTT	NNNNNNNNNNNNNNNNNNNNNNNNNNNNNNNNNNNNNNNNNN	TRAV12-2*00(833.7)		TRAJ24*00(499.9)		551|560|584|0|9||90.0		28|52|83|18|42||240.0		TGTGCCGTGTCCGGCTCGGACAGCTGGGGGAAATTGCAGTTT	45	CAVSGSDSWGKLQF	:::::::::0:-4:9:::::18:-8:42:::
6229	274.0	1.0772210213785126E-4	1	1.1548677676406051E-4	TGTGCCGTGGACGGTTTGGCAGGAAGCCAAGGAAATCTCATCTTT	NNNNNNNNNNNNNNNNNNNNNNNNNNNNNNNNNNNNNNNNNNNNN	TRAV39*00(760.3)		TRAJ42*00(548.7)		507|519|540|0|12||120.0		30|55|86|20|45||250.0		TGTGCCGTGGACGGTTTGGCAGGAAGCCAAGGAAATCTCATCTTT	45	CAVDGLAGSQGNLIF	:::::::::0:-1:12:::::20:-10:45:::
17535	274.0	1.0772210213785126E-4	1	1.1548677676406051E-4	TGTGCAGCATCCAACTCAGGAACCTACAAATACATCTTT	NNNNNNNNNNNNNNNNNNNNNNNNNNNNNNNNNNNNNNN	TRAV23/DV6*00(460)		TRAJ40*00(539.3)		517|526|550|0|9||90.0		25|50|81|14|39||250.0		TGTGCAGCATCCAACTCAGGAACCTACAAATACATCTTT	45	CAASNSGTYKYIF	:::::::::0:-4:9:::::14:-5:39:::
17632	274.0	1.0772210213785126E-4	1	1.1548677676406051E-4	TGTGCAGCAACCGATACTGGAGGCTTCAAAACTATCTTT	NNNNNNNNNNNNNNNNNNNNNNNNNNNNNNNNNNNNNNN	TRAV23/DV6*00(469.4)		TRAJ9*00(559.7)		517|527|550|0|10||100.0		24|50|81|13|39||260.0		TGTGCAGCAACCGATACTGGAGGCTTCAAAACTATCTTT	45	CAATDTGGFKTIF	:::::::::0:-3:10:::::13:-4:39:::
17696	274.0	1.0772210213785126E-4	1	1.1548677676406051E-4	TGTGCAGCAAGTGACTGACCTATCTAGCAACACAGGCAAACTAATCTTT	NNNNNNNNNNNNNNNNNNNNNNNNNNNNNNNNNNNNNNNNNNNNNNNNN	TRAV29/DV5*00(559.6)		TRAJ37*00(550.6)		529|540|562|0|11||110.0		24|51|82|22|49|SG27A|241.0		TGTGCAGCAAGTGACTGACCTATCTAGCAACACAGGCAAACTAATCTTT	45	CAASD*PI_SNTGKLIF	:::::::::0:-2:11:::::22:-4:49:::
18231	274.0	1.0772210213785126E-4	1	1.1548677676406051E-4	TGTGCAGGACCTGGGGGGATAGCAACTATCAGTTAATCTGG	NNNNNNNNNNNNNNNNNNNNNNNNNNNNNNNNNNNNNNNNN	TRAV27*00(632.5)		TRAJ33*00(539.6)		552|564|582|0|12|SG561C|91.0		21|46|77|16|41||250.0		TGTGCAGGACCTGGGGGGATAGCAACTATCAGTTAATCTGG	45	CAGPGGI_NYQLIW	:::::::::0:2:12:::::16:-1:41:::
18450	274.0	1.0772210213785126E-4	1	1.1548677676406051E-4	TGTGCAGAGAGGGGGAACACCGGTAACCAGTTCTATTTT	NNNNNNNNNNNNNNNNNNNNNNNNNNNNNNNNNNNNNNN	TRAV13-2*00(518.9)		TRAJ49*00(549.1)		506|516|539|0|10||100.0		20|45|76|14|39||250.0		TGTGCAGAGAGGGGGAACACCGGTAACCAGTTCTATTTT	45	CAERGNTGNQFYF	:::::::::0:-3:10:::::14:0:39:::
18623	274.0	1.0772210213785126E-4	1	1.1548677676406051E-4	TGTGCAATGAGCGCTAAAAACCAGGGAGGAAAGCTTATCTTC	NNNNNNNNNNNNNNNNNNNNNNNNNNNNNNNNNNNNNNNNNN	TRAV12-3*00(511)		TRAJ23*00(510.5)		562|576|595|0|14||140.0		28|52|83|18|42||240.0		TGTGCAATGAGCGCTAAAAACCAGGGAGGAAAGCTTATCTTC	45	CAMSAKNQGGKLIF	:::::::::0:1:14:::::18:-8:42:::
19155	274.0	1.0772210213785126E-4	1	1.1548677676406051E-4	TGCGCTGTGAGAGATCAGAACAGAGATGACAAGATCATCTTT	NNNNNNNNNNNNNNNNNNNNNNNNNNNNNNNNNNNNNNNNNN	TRAV1-1*00(730)		TRAJ30*00(559.7)		670|686|704|0|16||160.0		21|46|77|17|42||250.0		TGCGCTGTGAGAGATCAGAACAGAGATGACAAGATCATCTTT	45	CAVRDQNRDDKIIF	:::::::::0:2:16:::::17:-1:42:::
20195	274.0	1.0772210213785126E-4	1	1.1548677676406051E-4	TGCATCCTCGCCAAGGACACGGGCAGGAGAGCACTTACTTTT	NNNNNNNNNNNNNNNNNNNNNNNNNNNNNNNNNNNNNNNNNN	TRAV26-1*00(550.7)		TRAJ5*00(590.8)		763|772|799|0|9|SG769C|61.0		17|49|80|10|42|ST20A|291.0		TGCATCCTCGCCAAGGACACGGGCAGGAGAGCACTTACTTTT	45	CILAKDTGRRALTF	:::::::::0:-7:9:::::10:3:42:::
20397	274.0	1.0772210213785126E-4	1	1.1548677676406051E-4	TGCATCGTCAGAGTCGCGGGCGACTACAAGCTCAGCTTT	NNNNNNNNNNNNNNNNNNNNNNNNNNNNNNNNNNNNNNN	TRAV26-1*00(669.3)		TRAJ20*00(486.9)		763|781|799|0|18||180.0		27|46|77|20|39||190.0		TGCATCGTCAGAGTCGCGGGCGACTACAAGCTCAGCTTT	45	CIVRVAGDYKLSF	:::::::::0:2:18:::::20:-7:39:::
1560	273.0	1.0732895577968393E-4	1	1.1548677676406051E-4	TGTCAAAACCCTCCTTGGTGGTACTAGCTATGGAAAGCTGACATTT	NNNNNNNNNNNNNNNNNNNNNNNNNNNNNNNNNNNNNNNNNNNNNN	TRAV12-1*00(429.4)		TRAJ52*00(611.4)		539|542|572|0|3||30.0		27|58|89|15|46||310.0		TGTCAAAACCCTCCTTGGTGGTACTAGCTATGGAAAGCTGACATTT	45	CQNPPWWY_SYGKLTF	:::::::::0:-10:3:::::15:-7:46:::
1565	273.0	1.0732895577968393E-4	1	1.1548677676406051E-4	TGTGTTCTGAGTGACCCATTATAACCAGGGAGGAAAGCTTATCTTC	NNNNNNNNNNNNNNNNNNNNNNNNNNNNNNNNNNNNNNNNNNNNNN	TRAV19*00(720.1)		TRAJ23*00(589.3)		556|570|593|0|14|SC560T|111.0		24|52|83|18|46||280.0		TGTGTTCTGAGTGACCCATTATAACCAGGGAGGAAAGCTTATCTTC	45	CVLSDPL*_QGGKLIF	:::::::::0:-3:14:::::18:-4:46:::
1769	273.0	1.0732895577968393E-4	1	1.1548677676406051E-4	TGTGTGGTGAGCCTTTTGTAATGCAGGCAACATGCTCACCTTT	NNNNNNNNNNNNNNNNNNNNNNNNNNNNNNNNNNNNNNNNNNN	TRAV10*00(1029)		TRAJ39*00(519.5)		575|587|608|0|12||120.0		27|52|83|18|43||250.0		TGTGTGGTGAGCCTTTTGTAATGCAGGCAACATGCTCACCTTT	45	CVVSLL*_AGNMLTF	:::::::::0:-1:12:::::18:-7:43:::
2151	273.0	1.0732895577968393E-4	1	1.1548677676406051E-4	TGTGCTTGGAGGGATTATGGCCAGAAGCTGCTCTTT	NNNNNNNNNNNNNNNNNNNNNNNNNNNNNNNNNNNN	TRAV38-2/DV8*00(529.9)		TRAJ16*00(470.3)		602|609|638|0|7||70.0		29|49|80|16|36||200.0		TGTGCTTGGAGGGATTATGGCCAGAAGCTGCTCTTT	45	CAWRDYGQKLLF	:::::::::0:-9:7:::::16:-9:36:::
2657	273.0	1.0732895577968393E-4	1	1.1548677676406051E-4	TGTGCTCTGAGTGATCGGTGGTTCAGGGAGCCCAGAAGCTGGTATTT	NNNNNNNNNNNNNNNNNNNNNNNNNNNNNNNNNNNNNNNNNNNNNNN	TRAV9-2*00(769.4)		TRAJ54*00(549.5)		480|496|514|0|16||160.0		23|49|80|21|47||260.0		TGTGCTCTGAGTGATCGGTGGTTCAGGGAGCCCAGAAGCTGGTATTT	45	CALSDRWF_GAQKLVF	:::::::::0:2:16:::::21:-3:47:::
3393	273.0	1.0732895577968393E-4	1	1.1548677676406051E-4	TGTGCTGTGCCCCGAAACACCAATGCAGGCAAATCAACCTTT	NNNNNNNNNNNNNNNNNNNNNNNNNNNNNNNNNNNNNNNNNN	TRAV1-2*00(650)		TRAJ27*00(559.7)		620|629|654|0|9||90.0		21|48|79|15|42||270.0		TGTGCTGTGCCCCGAAACACCAATGCAGGCAAATCAACCTTT	45	CAVPRNTNAGKSTF	:::::::::0:-5:9:::::15:-1:42:::
5057	273.0	1.0732895577968393E-4	1	1.1548677676406051E-4	TGTGCCTTCGGTTCGAACACCGGTAACCAGTTCTATTTT	NNNNNNNNNNNNNNNNNNNNNNNNNNNNNNNNNNNNNNN	TRAV24*00(460.8)		TRAJ49*00(589.8)		515|523|545|0|8||80.0		16|45|76|10|39||290.0		TGTGCCTTCGGTTCGAACACCGGTAACCAGTTCTATTTT	45	CAFGSNTGNQFYF	:::::::::0:-2:8:::::10:4:39:::
6328	273.0	1.0732895577968393E-4	1	1.1548677676406051E-4	TGTGCCGTGAGATATCAGGGTCAGAATTTTGTCTTT	NNNNNNNNNNNNNNNNNNNNNNNNNNNNNNNNNNNN	TRAV12-2*00(721.3)		TRAJ26*00(440.9)		551|561|584|0|10||100.0		31|49|80|18|36||180.0		TGTGCCGTGAGATATCAGGGTCAGAATTTTGTCTTT	45	CAVRYQGQNFVF	:::::::::0:-3:10:::::18:-11:36:::
6549	273.0	1.0732895577968393E-4	1	1.1548677676406051E-4	TGTGCCGGGGCATTTGGAAATGAGAAATTAACCTTT	NNNNNNNNNNNNNNNNNNNNNNNNNNNNNNNNNNNN	TRAV39*00(710.6)		TRAJ48*00(549.3)		507|517|540|0|10|ST514G|71.0		28|52|83|12|36||240.0		TGTGCCGGGGCATTTGGAAATGAGAAATTAACCTTT	45	CAGAFGNEKLTF	:::::::::0:-3:10:::::12:-8:36:::
17328	273.0	1.0732895577968393E-4	1	1.1548677676406051E-4	TGTGCGCCGCTCACGGGAGGAGGAAACAAACTCACCTTT	NNNNNNNNNNNNNNNNNNNNNNNNNNNNNNNNNNNNNNN	TRAV12-2*00(450)		TRAJ10*00(599.5)		551|556|584|0|5||50.0		23|53|84|9|39||300.0		TGTGCGCCGCTCACGGGAGGAGGAAACAAACTCACCTTT	45	CAPLTGGGNKLTF	:::::::::0:-8:5:::::9:-3:39:::
17486	273.0	1.0732895577968393E-4	1	1.1548677676406051E-4	TGTGCAGCCCCATCTGGGGGTTACCAGAAAGTTACCTTT	NNNNNNNNNNNNNNNNNNNNNNNNNNNNNNNNNNNNNNN	TRAV13-1*00(559.9)		TRAJ13*00(540.5)		511|519|544|0|8||80.0		25|52|83|12|39||270.0		TGTGCAGCCCCATCTGGGGGTTACCAGAAAGTTACCTTT	45	CAAPSGGYQKVTF	:::::::::0:-5:8:::::12:-5:39:::
17932	273.0	1.0732895577968393E-4	1	1.1548677676406051E-4	TGTGCAGCAAGCGGGGGGCGGAACGAACTTCAACAAATTTTACTTT	NNNNNNNNNNNNNNNNNNNNNNNNNNNNNNNNNNNNNNNNNNNNNN	TRAV29/DV5*00(539.8)		TRAJ21*00(519.5)		529|542|562|0|13||130.0		23|44|75|25|46||210.0		TGTGCAGCAAGCGGGGGGCGGAACGAACTTCAACAAATTTTACTTT	45	CAASGGRN_NFNKFYF	:::::::::0:0:13:::::25:-3:46:::
18240	273.0	1.0732895577968393E-4	1	1.1548677676406051E-4	TGTGCAGGAGTACCCGGGGCTGGGAGTTACCAACTCACTTTC	NNNNNNNNNNNNNNNNNNNNNNNNNNNNNNNNNNNNNNNNNN	TRAV27*00(655.4)		TRAJ28*00(559.5)		552|562|582|0|10||100.0		28|55|86|15|42||270.0		TGTGCAGGAGTACCCGGGGCTGGGAGTTACCAACTCACTTTC	45	CAGVPGAGSYQLTF	:::::::::0:0:10:::::15:-8:42:::
18372	273.0	1.0732895577968393E-4	1	1.1548677676406051E-4	TGTGCAGAGGGGTCTGGGGCAAACAACCTCTTCTTT	NNNNNNNNNNNNNNNNNNNNNNNNNNNNNNNNNNNN	TRAV13-2*00(539.6)		TRAJ36*00(539.6)		506|515|539|0|9||90.0		25|48|79|13|36||230.0		TGTGCAGAGGGGTCTGGGGCAAACAACCTCTTCTTT	45	CAEGSGANNLFF	:::::::::0:-4:9:::::13:-5:36:::
18483	273.0	1.0732895577968393E-4	1	1.1548677676406051E-4	TGTGCAGAGAATATGTAGAGCAGCAATGCTTCCAAGATAATCTTT	NNNNNNNNNNNNNNNNNNNNNNNNNNNNNNNNNNNNNNNNNNNNN	TRAV13-2*00(589.3)		TRAJ3*00(520.7)		506|520|539|0|14||140.0		26|51|82|20|45|SG31A|221.0		TGTGCAGAGAATATGTAGAGCAGCAATGCTTCCAAGATAATCTTT	45	CAENM*SSNASKIIF	:::::::::0:1:14:::::20:-6:45:::
18849	273.0	1.0732895577968393E-4	1	1.1548677676406051E-4	TGTGCAACCTACACCAATGCAGGCAAATCAACCTTT	NNNNNNNNNNNNNNNNNNNNNNNNNNNNNNNNNNNN	TRAV12-3*00(727.3)		TRAJ27*00(549.6)		562|569|595|0|7||70.0		22|48|79|10|36||260.0		TGTGCAACCTACACCAATGCAGGCAAATCAACCTTT	45	CATYTNAGKSTF	:::::::::0:-6:7:::::10:-2:36:::
1878	272.0	1.0693580942151658E-4	1	1.1548677676406051E-4	TGTGTGGTGAACCATGGACACGGGCAGGAGAGCACTTACTTTT	NNNNNNNNNNNNNNNNNNNNNNNNNNNNNNNNNNNNNNNNNNN	TRAV12-1*00(489.6)		TRAJ5*00(619.3)		539|551|572|0|12||120.0		18|49|80|12|43||320.0		TGTGTGGTGAACCATGGACACGGGCAGGAGAGCACTTACTTTT	45	CVVNHGH_GRRALTF	:::::::::0:-1:12:::::12:2:43:::
1892	272.0	1.0693580942151658E-4	1	1.1548677676406051E-4	TGTGTGGTGAACGGCGTGGATTCCGGGTATGCACTCAACTTC	NNNNNNNNNNNNNNNNNNNNNNNNNNNNNNNNNNNNNNNNNN	TRAV12-1*00(979.5)		TRAJ41*00(479.6)		539|551|572|0|12||120.0		28|51|82|19|42||230.0		TGTGTGGTGAACGGCGTGGATTCCGGGTATGCACTCAACTTC	45	CVVNGVDSGYALNF	:::::::::0:-1:12:::::19:-8:42:::
2235	272.0	1.0693580942151658E-4	1	1.1548677676406051E-4	TGTGCTTATAGGAGCGCGAGGCTCCCCGGTAACCAGTTCTATTTT	NNNNNNNNNNNNNNNNNNNNNNNNNNNNNNNNNNNNNNNNNNNNN	TRAV38-2/DV8*00(639.9)		TRAJ49*00(499.5)		602|620|638|0|18||180.0		25|45|76|25|45||200.0		TGTGCTTATAGGAGCGCGAGGCTCCCCGGTAACCAGTTCTATTTT	45	CAYRSARLPGNQFYF	:::::::::0:2:18:::::25:-5:45:::
2286	272.0	1.0693580942151658E-4	1	1.1548677676406051E-4	TGTGCTCTTTAATACAGCACCCTCACCTTT	NNNNNNNNNNNNNNNNNNNNNNNNNNNNNN	TRAV16*00(949.1)		TRAJ11*00(499.3)		449|457|483|0|8||80.0		30|49|80|11|30||190.0		TGTGCTCTTTAATACAGCACCCTCACCTTT	45	CAL*YSTLTF	:::::::::0:-6:8:::::11:-10:30:::
2301	272.0	1.0693580942151658E-4	1	1.1548677676406051E-4	TGTGCTCTTGTACTCTGGGGCTGGGAGTTACCAACTCACTTTC	NNNNNNNNNNNNNNNNNNNNNNNNNNNNNNNNNNNNNNNNNNN	TRAV9-2*00(704.5)		TRAJ28*00(619.6)		480|488|514|0|8||80.0		22|55|86|10|43||330.0		TGTGCTCTTGTACTCTGGGGCTGGGAGTTACCAACTCACTTTC	45	CALVLWG_GSYQLTF	:::::::::0:-6:8:::::10:-2:43:::
2710	272.0	1.0693580942151658E-4	1	1.1548677676406051E-4	TGTGCTCTGAGTGAGGTAGAGCCAGACTCATGTTT	NNNNNNNNNNNNNNNNNNNNNNNNNNNNNNNNNNN	TRAV9-2*00(750)		TRAJ31*00(449.9)		480|494|514|0|14||140.0		31|46|77|20|35||150.0		TGTGCTCTGAGTGAGGTAGAGCCAGACTCATGTTT	45	CALSEV_ARLMF	:::::::::0:0:14:::::20:-11:35:::
2867	272.0	1.0693580942151658E-4	1	1.1548677676406051E-4	TGTGCTCTGAATTTCCGGGTATGCACTCAACTTC	NNNNNNNNNNNNNNNNNNNNNNNNNNNNNNNNNN	TRAV9-2*00(709.4)		TRAJ41*00(480.7)		480|488|514|0|8||100.0		25|51|82|8|34|SC25GSA28T|222.0		TGTGCTCTGAATTTCCGGGTATGCACTCAACTTC	45	CALNFR_YALNF	:::::::::0:-6:8:::::8:-5:34:::
3340	272.0	1.0693580942151658E-4	1	1.1548677676406051E-4	TGTGCTGTCAAGATAGGCTTTGGGAATGTGCTGCATTGC	NNNNNNNNNNNNNNNNNNNNNNNNNNNNNNNNNNNNNNN	TRAV1-2*00(639.5)		TRAJ35*00(579.6)		620|628|654|0|8||80.0		20|48|79|11|39||280.0		TGTGCTGTCAAGATAGGCTTTGGGAATGTGCTGCATTGC	45	CAVKIGFGNVLHC	:::::::::0:-6:8:::::11:0:39:::
3352	272.0	1.0693580942151658E-4	1	1.1548677676406051E-4	TGTGCTGTGTTGGATAGCAACTATCAGTTAATCTGG	NNNNNNNNNNNNNNNNNNNNNNNNNNNNNNNNNNNN	TRAV1-2*00(649.3)		TRAJ33*00(549.5)		620|629|654|0|9||90.0		20|46|77|10|36||260.0		TGTGCTGTGTTGGATAGCAACTATCAGTTAATCTGG	45	CAVLDSNYQLIW	:::::::::0:-5:9:::::10:0:36:::
3673	272.0	1.0693580942151658E-4	1	1.1548677676406051E-4	TGTGCTGTGGACGGCCTGGAATATAGAAACAAACTGGTCTTT	NNNNNNNNNNNNNNNNNNNNNNNNNNNNNNNNNNNNNNNNNN	TRAV36/DV7*00(629.6)		TRAJ47*00(540.4)		500|511|533|0|11||110.0		20|46|77|16|42|SG28A|231.0		TGTGCTGTGGACGGCCTGGAATATAGAAACAAACTGGTCTTT	45	CAVDGLEYRNKLVF	:::::::::0:-2:11:::::16:0:42:::
3682	272.0	1.0693580942151658E-4	1	1.1548677676406051E-4	TGTGCTGTGGAGTTCCACATGGAATATAGAAACAAACTGGTCTTT	NNNNNNNNNNNNNNNNNNNNNNNNNNNNNNNNNNNNNNNNNNNNN	TRAV2*00(1019.4)		TRAJ47*00(519.8)		519|531|553|0|12||120.0		18|46|77|17|45|SG28A|251.0		TGTGCTGTGGAGTTCCACATGGAATATAGAAACAAACTGGTCTTT	45	CAVEFHMEYRNKLVF	:::::::::0:-2:12:::::17:2:45:::
3701	272.0	1.0693580942151658E-4	1	1.1548677676406051E-4	TGTGCTGTGGAGGTCATAGAGGAGGTGCTGACGGACTCACCTTT	NNNNNNNNNNNNNNNNNNNNNNNNNNNNNNNNNNNNNNNNNNNN	TRAV2*00(1029)		TRAJ45*00(529.1)		519|532|553|0|13||130.0		29|55|86|18|44||260.0		TGTGCTGTGGAGGTCATAGAGGAGGTGCTGACGGACTCACCTTT	45	CAVEVIE_GADGLTF	:::::::::0:-1:13:::::18:-9:44:::
3956	272.0	1.0693580942151658E-4	1	1.1548677676406051E-4	TGTGCTGTGAGTGATCGGGGCTTTGGGAATGTGCTGCATTGC	NNNNNNNNNNNNNNNNNNNNNNNNNNNNNNNNNNNNNNNNNN	TRAV8-4*00(694.9)		TRAJ35*00(539.7)		476|492|510|0|16||160.0		24|48|79|18|42||240.0		TGTGCTGTGAGTGATCGGGGCTTTGGGAATGTGCTGCATTGC	45	CAVSDRGFGNVLHC	:::::::::0:2:16:::::18:-4:42:::
4179	272.0	1.0693580942151658E-4	1	1.1548677676406051E-4	TGTGCTGTGAGGGAGTATGGTCAGGGCGGATCTGAAAAGCTGGTCTTT	NNNNNNNNNNNNNNNNNNNNNNNNNNNNNNNNNNNNNNNNNNNNNNNN	TRAV21*00(989.8)		TRAJ57*00(539.1)		544|556|576|0|12||120.0		24|52|83|20|48||280.0		TGTGCTGTGAGGGAGTATGGTCAGGGCGGATCTGAAAAGCTGGTCTTT	45	CAVREYGQGGSEKLVF	:::::::::0:0:12:::::20:-4:48:::
5647	272.0	1.0693580942151658E-4	1	1.1548677676406051E-4	TGTGCCTTAACTGACAGCTGGGGGAAATTGCAGTTT	NNNNNNNNNNNNNNNNNNNNNNNNNNNNNNNNNNNN	TRAV24*00(802.9)		TRAJ24*00(557)		515|523|545|0|8||80.0		24|52|83|8|36||280.0		TGTGCCTTAACTGACAGCTGGGGGAAATTGCAGTTT	45	CALTDSWGKLQF	:::::::::0:-2:8:::::8:-4:36:::
5653	272.0	1.0693580942151658E-4	1	1.1548677676406051E-4	TGTGCCTCTCCGGTTACCGGCACTGCCAGTAAACTCACCTTT	NNNNNNNNNNNNNNNNNNNNNNNNNNNNNNNNNNNNNNNNNN	TRAV24*00(717.3)		TRAJ44*00(570.3)		515|522|545|0|7||70.0		24|52|83|14|42||280.0		TGTGCCTCTCCGGTTACCGGCACTGCCAGTAAACTCACCTTT	45	CASPVTGTASKLTF	:::::::::0:-3:7:::::14:-4:42:::
6023	272.0	1.0693580942151658E-4	1	1.1548677676406051E-4	TGTGCCCCCTGAAGGGGGCTCTAGCAACACAGGCAAACTAATCTTT	NNNNNNNNNNNNNNNNNNNNNNNNNNNNNNNNNNNNNNNNNNNNNN	TRAV13-1*00(529.8)		TRAJ37*00(580.1)		511|516|544|0|5||50.0		21|51|82|16|46|SG27A|271.0		TGTGCCCCCTGAAGGGGGCTCTAGCAACACAGGCAAACTAATCTTT	45	CAP*RGL*_NTGKLIF	:::::::::0:-8:5:::::16:-1:46:::
6189	272.0	1.0693580942151658E-4	1	1.1548677676406051E-4	TGTGCCGTGGTCTCAGGAGGAGGTGCTGACGGACTCACCTTT	NNNNNNNNNNNNNNNNNNNNNNNNNNNNNNNNNNNNNNNNNN	TRAV39*00(739.1)		TRAJ45*00(609.3)		507|517|540|0|10||100.0		25|55|86|12|42||300.0		TGTGCCGTGGTCTCAGGAGGAGGTGCTGACGGACTCACCTTT	45	CAVVSGGGADGLTF	:::::::::0:-3:10:::::12:-5:42:::
6416	272.0	1.0693580942151658E-4	1	1.1548677676406051E-4	TGTGCCGTGAACAGGTGTCATAGGCTTTGGGAATGTGCTGCATTGC	NNNNNNNNNNNNNNNNNNNNNNNNNNNNNNNNNNNNNNNNNNNNNN	TRAV8-1*00(579.8)		TRAJ35*00(569.3)		474|485|508|0|11||110.0		21|48|79|19|46||270.0		TGTGCCGTGAACAGGTGTCATAGGCTTTGGGAATGTGCTGCATTGC	45	CAVNRCHR_FGNVLHC	:::::::::0:-3:11:::::19:-1:46:::
17427	272.0	1.0693580942151658E-4	1	1.1548677676406051E-4	TGTGCAGTGCACACATGGATAGCAACTATCAGTTAATCTGG	NNNNNNNNNNNNNNNNNNNNNNNNNNNNNNNNNNNNNNNNN	TRAV13-2*00(519.9)		TRAJ33*00(569.5)		506|513|539|0|7||70.0		18|46|77|13|41||280.0		TGTGCAGTGCACACATGGATAGCAACTATCAGTTAATCTGG	45	CAVHTWI_NYQLIW	:::::::::0:-6:7:::::13:2:41:::
17538	272.0	1.0693580942151658E-4	1	1.1548677676406051E-4	TGTGCAGCATGTAGAAAAGAGGGAGCCCAGAAGCTGGTATTT	NNNNNNNNNNNNNNNNNNNNNNNNNNNNNNNNNNNNNNNNNN	TRAV23/DV6*00(459.8)		TRAJ54*00(519.5)		517|526|550|0|9||90.0		26|49|80|19|42||230.0		TGTGCAGCATGTAGAAAAGAGGGAGCCCAGAAGCTGGTATTT	45	CAACRKEGAQKLVF	:::::::::0:-4:9:::::19:-6:42:::
17718	272.0	1.0693580942151658E-4	1	1.1548677676406051E-4	TGTGCAGCAAGTATATAAGGGATGGACACGGGCAGGAGAGCACTTACTTTT	NNNNNNNNNNNNNNNNNNNNNNNNNNNNNNNNNNNNNNNNNNNNNNNNNNN	TRAV13-1*00(598.1)		TRAJ5*00(599.1)		511|526|544|0|15||150.0		19|49|80|21|51||300.0		TGTGCAGCAAGTATATAAGGGATGGACACGGGCAGGAGAGCACTTACTTTT	45	CAASI*GMDTGRRALTF	:::::::::0:2:15:::::21:1:51:::
18059	272.0	1.0693580942151658E-4	1	1.1548677676406051E-4	TGTGCAGCAAGATTTTGGGGCTGGGAGTTACCAACTCACTTTC	NNNNNNNNNNNNNNNNNNNNNNNNNNNNNNNNNNNNNNNNNNN	TRAV29/DV5*00(559.4)		TRAJ28*00(569.8)		529|540|562|0|11||110.0		27|55|86|15|43||280.0		TGTGCAGCAAGATTTTGGGGCTGGGAGTTACCAACTCACTTTC	45	CAARFWG_GSYQLTF	:::::::::0:-2:11:::::15:-7:43:::
18212	272.0	1.0693580942151658E-4	1	1.1548677676406051E-4	TGTGCAGGGAGTTAACTTTGGAAATGAGAAATTAACCTTT	NNNNNNNNNNNNNNNNNNNNNNNNNNNNNNNNNNNNNNNN	TRAV25*00(532.5)		TRAJ48*00(589.5)		620|629|649|0|9||90.0		24|52|83|12|40||280.0		TGTGCAGGGAGTTAACTTTGGAAATGAGAAATTAACCTTT	45	CAGS*LW_NEKLTF	:::::::::0:0:9:::::12:-4:40:::
18293	272.0	1.0693580942151658E-4	1	1.1548677676406051E-4	TGTGCAGGAGACGACCGAGGCTTTAACCAGTTCTATTTT	NNNNNNNNNNNNNNNNNNNNNNNNNNNNNNNNNNNNNNN	TRAV27*00(627.9)		TRAJ49*00(459.5)		552|562|582|0|10||100.0		29|45|76|23|39||160.0		TGTGCAGGAGACGACCGAGGCTTTAACCAGTTCTATTTT	45	CAGDDRGFNQFYF	:::::::::0:0:10:::::23:-9:39:::
18512	272.0	1.0693580942151658E-4	1	1.1548677676406051E-4	TGTGCAGAGAACAGGCCGCAGAAGCTGCTCTTT	NNNNNNNNNNNNNNNNNNNNNNNNNNNNNNNNN	TRAV13-2*00(559.6)		TRAJ16*00(421)		506|517|539|0|11||110.0		34|49|80|18|33||150.0		TGTGCAGAGAACAGGCCGCAGAAGCTGCTCTTT	45	CAENRPQKLLF	:::::::::0:-2:11:::::18:-14:33:::
18945	272.0	1.0693580942151658E-4	1	1.1548677676406051E-4	TGTAGGCACCGGTAACCAGTTCTATTTT	NNNNNNNNNNNNNNNNNNNNNNNNNNNN	TRAV29/DV5*00(479.8)		TRAJ49*00(519.8)		529|532|562|0|3||30.0		23|45|76|6|28||220.0		TGTAGGCACCGGTAACCAGTTCTATTTT	45	CRHR*_QFYF	:::::::::0:-10:3:::::6:-3:28:::
19070	272.0	1.0693580942151658E-4	1	1.1548677676406051E-4	TGCCTCGCGCATGCATCAGGAGGAAGCTACATACCTACATTT	NNNNNNNNNNNNNNNNNNNNNNNNNNNNNNNNNNNNNNNNNN	TRAV4*00(512.9)		TRAJ6*00(647.6)		768|775|804|0|7||70.0		17|51|82|8|42||340.0		TGCCTCGCGCATGCATCAGGAGGAAGCTACATACCTACATTT	45	CLAHASGGSYIPTF	:::::::::0:-9:7:::::8:3:42:::
19110	272.0	1.0693580942151658E-4	1	1.1548677676406051E-4	TGCGCTGTGCACGGCTCTAGCAACACAGGCAAACTAATCTTT	NNNNNNNNNNNNNNNNNNNNNNNNNNNNNNNNNNNNNNNNNN	TRAV1-1*00(660.7)		TRAJ37*00(581.5)		670|679|704|0|9||90.0		18|51|82|9|42|ST20CSG27A|272.0		TGCGCTGTGCACGGCTCTAGCAACACAGGCAAACTAATCTTT	45	CAVHGSSNTGKLIF	:::::::::0:-5:9:::::9:2:42:::
2084	271.0	1.0654266306334925E-4	1	1.1548677676406051E-4	TGTGCTTTCATGAAGGATAACTATGGTCAGAATTTTGTCTTT	NNNNNNNNNNNNNNNNNNNNNNNNNNNNNNNNNNNNNNNNNN	TRAV38-1*00(610.1)		TRAJ26*00(559.8)		596|612|633|0|16|SC611G|151.0		23|49|80|16|42||280.0		TGTGCTTTCATGAAGGATAACTATGGTCAGAATTTTGTCTTT	45	CAFMKDNYGQNFVF	:::::::::0:-1:16:::::16:-3:42:::
3127	271.0	1.0654266306334925E-4	1	1.1548677676406051E-4	TGTGCTCGAAAATGGGGGTAACCAGTTCTATTTT	NNNNNNNNNNNNNNNNNNNNNNNNNNNNNNNNNN	TRAV9-2*00(679.3)		TRAJ49*00(479.7)		480|487|514|0|7||70.0		27|45|76|16|34||180.0		TGTGCTCGAAAATGGGGGTAACCAGTTCTATTTT	45	CARKWG_NQFYF	:::::::::0:-7:7:::::16:-7:34:::
3135	271.0	1.0654266306334925E-4	1	1.1548677676406051E-4	TGTGCTCACAATGCAGGCAACATGCTCACCTTT	NNNNNNNNNNNNNNNNNNNNNNNNNNNNNNNNN	TRAV1-2*00(599.6)		TRAJ39*00(549.6)		620|626|654|0|6||60.0		28|52|83|9|33||240.0		TGTGCTCACAATGCAGGCAACATGCTCACCTTT	45	CAHNAGNMLTF	:::::::::0:-8:6:::::9:-8:33:::
4007	271.0	1.0654266306334925E-4	1	1.1548677676406051E-4	TGTGCTGTGAGTGACCAGGCAGGAACTGCTCTGATCTTT	NNNNNNNNNNNNNNNNNNNNNNNNNNNNNNNNNNNNNNN	TRAV8-6*00(710.6)		TRAJ15*00(472.7)		448|463|482|0|15|ST462C|141.0		25|49|80|15|39||260.0		TGTGCTGTGAGTGACCAGGCAGGAACTGCTCTGATCTTT	45	CAVSDQAGTALIF	:::::::::0:1:15:::::15:-5:39:::
4180	271.0	1.0654266306334925E-4	1	1.1548677676406051E-4	TGTGCTGTGAGGGAGAGGGAATATGGAAACAAGCTGGTCTTT	NNNNNNNNNNNNNNNNNNNNNNNNNNNNNNNNNNNNNNNNNN	TRAV21*00(481.2)		TRAJ47*00(531.8)		544|556|576|0|12||120.0		21|46|77|17|42|SA36G|221.0		TGTGCTGTGAGGGAGAGGGAATATGGAAACAAGCTGGTCTTT	45	CAVREREYGNKLVF	:::::::::0:0:12:::::17:-1:42:::
4194	271.0	1.0654266306334925E-4	1	1.1548677676406051E-4	TGTGCTGTGAGGAGGCCTCAGGAACCTACAAATACATCTTT	NNNNNNNNNNNNNNNNNNNNNNNNNNNNNNNNNNNNNNNNN	TRAV8-4*00(624.1)		TRAJ40*00(549.3)		476|487|510|0|11||110.0		24|50|81|15|41||260.0		TGTGCTGTGAGGAGGCCTCAGGAACCTACAAATACATCTTT	45	CAVRRPQ_TYKYIF	:::::::::0:-3:11:::::15:-4:41:::
4315	271.0	1.0654266306334925E-4	1	1.1548677676406051E-4	TGTGCTGTGAGAACCTAATAATGCAGGCAACATGCTCACCTTT	NNNNNNNNNNNNNNNNNNNNNNNNNNNNNNNNNNNNNNNNNNN	TRAV3*00(599.4)		TRAJ39*00(590)		437|449|473|0|12||120.0		24|52|83|15|43||280.0		TGTGCTGTGAGAACCTAATAATGCAGGCAACATGCTCACCTTT	45	CAVRT**_AGNMLTF	:::::::::0:-4:12:::::15:-4:43:::
4492	271.0	1.0654266306334925E-4	1	1.1548677676406051E-4	TGTGCTGCAGGTGCGCGGTCAGGAGGAGGTGCTGACGGACTCACCTTT	NNNNNNNNNNNNNNNNNNNNNNNNNNNNNNNNNNNNNNNNNNNNNNNN	TRAV8-5*00(665.5)		TRAJ45*00(607.7)		1528|1544|1562|0|16||160.0		25|55|86|18|48||300.0		TGTGCTGCAGGTGCGCGGTCAGGAGGAGGTGCTGACGGACTCACCTTT	45	CAAGARSGGGADGLTF	:::::::::0:2:16:::::18:-5:48:::
6361	271.0	1.0654266306334925E-4	1	1.1548677676406051E-4	TGTGCCGTGAATGAGGCTGGGAGTTACCAACTCACTTTC	NNNNNNNNNNNNNNNNNNNNNNNNNNNNNNNNNNNNNNN	TRAV12-2*00(969.5)		TRAJ28*00(530.6)		551|562|584|0|11||110.0		27|55|86|11|39|SG29A|251.0		TGTGCCGTGAATGAGGCTGGGAGTTACCAACTCACTTTC	45	CAVNEAGSYQLTF	:::::::::0:-2:11:::::11:-7:39:::
6442	271.0	1.0654266306334925E-4	1	1.1548677676406051E-4	TGTGCCGTGAAGGGGGATAGCAACTATCAGTTAATCTGG	NNNNNNNNNNNNNNNNNNNNNNNNNNNNNNNNNNNNNNN	TRAV8-1*00(584.4)		TRAJ33*00(539.9)		474|485|508|0|11||110.0		21|46|77|14|39||250.0		TGTGCCGTGAAGGGGGATAGCAACTATCAGTTAATCTGG	45	CAVKGDSNYQLIW	:::::::::0:-3:11:::::14:-1:39:::
18885	271.0	1.0654266306334925E-4	1	1.1548677676406051E-4	TGTGGCACAGAGAAGGGCTCTAGCAACACAGGCAAACTAATCTTT	NNNNNNNNNNNNNNNNNNNNNNNNNNNNNNNNNNNNNNNNNNNNN	TRAV30*00(470.9)		TRAJ37*00(580.6)		567|580|600|0|13|SC569T|101.0		21|51|82|15|45|SG27A|271.0		TGTGGCACAGAGAAGGGCTCTAGCAACACAGGCAAACTAATCTTT	45	CGTEKGSSNTGKLIF	:::::::::0:0:13:::::15:-1:45:::
18901	271.0	1.0654266306334925E-4	1	1.1548677676406051E-4	TGTGGAGCAGATCCTGATCAAACTGGGGCAAACAACCTCTTCTTT	NNNNNNNNNNNNNNNNNNNNNNNNNNNNNNNNNNNNNNNNNNNNN	TRAV34*00(499.7)		TRAJ36*00(493.4)		603|614|636|0|11||110.0		17|48|79|14|45||310.0		TGTGGAGCAGATCCTGATCAAACTGGGGCAAACAACCTCTTCTTT	45	CGADPDQTGANNLFF	:::::::::0:-2:11:::::14:3:45:::
19056	271.0	1.0654266306334925E-4	1	1.1548677676406051E-4	TGCCTCGTGGGGGGGGTTATATGGAAACAAGCTGGTCTTT	NNNNNNNNNNNNNNNNNNNNNNNNNNNNNNNNNNNNNNNN	TRAV4*00(811.7)		TRAJ47*00(475.4)		768|779|804|0|11||110.0		24|46|77|18|40|SA36G|191.0		TGCCTCGTGGGGGGGGTTATATGGAAACAAGCTGGTCTTT	45	CLVGGVI_GNKLVF	:::::::::0:-5:11:::::18:-4:40:::
20488	271.0	1.0654266306334925E-4	1	1.1548677676406051E-4	TGCATCGGGCCGGATAGCAACTATCAGTTAATCTGG	NNNNNNNNNNNNNNNNNNNNNNNNNNNNNNNNNNNN	TRAV26-1*00(559.2)		TRAJ33*00(539.8)		763|770|799|0|7||70.0		21|46|77|11|36||250.0		TGCATCGGGCCGGATAGCAACTATCAGTTAATCTGG	45	CIGPDSNYQLIW	:::::::::0:-9:7:::::11:-1:36:::
598	270.0	1.061495167051819E-4	2	2.3097355352812103E-4	TGTGTTGCCAATGCAGGCAAATCAACCTTT	[[[[[[[[[[[[[[[[[[[[[[[[[[[[[[	TRAV12-1*00(690)		TRAJ27*00(519.6)		539|544|572|0|5||50.0		25|48|79|7|30||230.0		TGTGTTGCCAATGCAGGCAAATCAACCTTT	58	CVANAGKSTF	:::::::::0:-8:5:::::7:-5:30:::
607	270.0	1.061495167051819E-4	2	2.3097355352812103E-4	TGTGTGGTGAACCCGGGGGGGCATTATGGTCAGAATTTTGTCTTT	[[[[[[[[[[[[[[[[[[[[[[[[[[[[[[[[[[[[[[[[[[[[[	TRAV12-1*00(519.5)		TRAJ26*00(510)		539|551|572|0|12||120.0		28|49|80|24|45||210.0		TGTGTGGTGAACCCGGGGGGGCATTATGGTCAGAATTTTGTCTTT	58	CVVNPGGHYGQNFVF	:::::::::0:-1:12:::::24:-8:45:::
2059	270.0	1.061495167051819E-4	1	1.1548677676406051E-4	TGTGCTTTCATGAAGCCCGTGGGTAATAATGCAGGCAACATGCTCACCTTT	NNNNNNNNNNNNNNNNNNNNNNNNNNNNNNNNNNNNNNNNNNNNNNNNNNN	TRAV38-1*00(619.7)		TRAJ39*00(589.5)		596|612|633|0|16||160.0		24|52|83|23|51||280.0		TGTGCTTTCATGAAGCCCGTGGGTAATAATGCAGGCAACATGCTCACCTTT	45	CAFMKPVGNNAGNMLTF	:::::::::0:-1:16:::::23:-4:51:::
2773	270.0	1.061495167051819E-4	1	1.1548677676406051E-4	TGTGCTCTGAGTGAGAGAAACAAACTGGTCTTT	NNNNNNNNNNNNNNNNNNNNNNNNNNNNNNNNN	TRAV19*00(759.5)		TRAJ47*00(479.7)		556|571|593|0|15||150.0		29|46|77|16|33||170.0		TGTGCTCTGAGTGAGAGAAACAAACTGGTCTTT	45	CALSERNKLVF	:::::::::0:-2:15:::::16:-9:33:::
3300	270.0	1.061495167051819E-4	1	1.1548677676406051E-4	TGTGCTGTCAGTGCAGGAACCTACAAATACATCTTT	NNNNNNNNNNNNNNNNNNNNNNNNNNNNNNNNNNNN	TRAV41*00(789.7)		TRAJ40*00(519.8)		512|523|544|0|11||110.0		27|50|81|13|36||230.0		TGTGCTGTCAGTGCAGGAACCTACAAATACATCTTT	45	CAVSAGTYKYIF	:::::::::0:-1:11:::::13:-7:36:::
3442	270.0	1.061495167051819E-4	1	1.1548677676406051E-4	TGTGCTGTGCAGGCGCCATCTAGCAACACAGGCAAACTAATCTTT	NNNNNNNNNNNNNNNNNNNNNNNNNNNNNNNNNNNNNNNNNNNNN	TRAV20*00(548.9)		TRAJ37*00(549.3)		498|512|531|0|14||140.0		24|51|82|18|45|SG27A|241.0		TGTGCTGTGCAGGCGCCATCTAGCAACACAGGCAAACTAATCTTT	45	CAVQAPSSNTGKLIF	:::::::::0:1:14:::::18:-4:45:::
3565	270.0	1.061495167051819E-4	1	1.1548677676406051E-4	TGTGCTGTGGGTGCGTATAACACCGACAAGCTCATCTTT	NNNNNNNNNNNNNNNNNNNNNNNNNNNNNNNNNNNNNNN	TRAV8-3*00(641)		TRAJ34*00(539.6)		455|470|489|0|15||150.0		23|47|78|15|39||240.0		TGTGCTGTGGGTGCGTATAACACCGACAAGCTCATCTTT	45	CAVGAYNTDKLIF	:::::::::0:1:15:::::15:-3:39:::
3985	270.0	1.061495167051819E-4	1	1.1548677676406051E-4	TGTGCTGTGAGTGATGGGGCAGGCAAATCAACCTTT	NNNNNNNNNNNNNNNNNNNNNNNNNNNNNNNNNNNN	TRAV8-4*00(664)		TRAJ27*00(469.8)		476|491|510|0|15||150.0		30|48|79|18|36||180.0		TGTGCTGTGAGTGATGGGGCAGGCAAATCAACCTTT	45	CAVSDGAGKSTF	:::::::::0:1:15:::::18:-10:36:::
4484	270.0	1.061495167051819E-4	1	1.1548677676406051E-4	TGTGCTGCACCGATCAAAGCTGCAGGCAACAAGCTAACTTTT	NNNNNNNNNNNNNNNNNNNNNNNNNNNNNNNNNNNNNNNNNN	TRAV1-2*00(630)		TRAJ17*00(608.9)		620|627|654|0|7||70.0		21|52|83|11|42||310.0		TGTGCTGCACCGATCAAAGCTGCAGGCAACAAGCTAACTTTT	45	CAAPIKAAGNKLTF	:::::::::0:-7:7:::::11:-1:42:::
4563	270.0	1.061495167051819E-4	1	1.1548677676406051E-4	TGTGCTGGGCTAGGGGGCTCTAGCAACACAGGCAAACTAATCTTT	NNNNNNNNNNNNNNNNNNNNNNNNNNNNNNNNNNNNNNNNNNNNN	TRAV35*00(744.5)		TRAJ37*00(558.2)		588|598|620|0|10||100.0		21|51|82|15|45|SG27A|271.0		TGTGCTGGGCTAGGGGGCTCTAGCAACACAGGCAAACTAATCTTT	45	CAGLGGSSNTGKLIF	:::::::::0:-2:10:::::15:-1:45:::
4916	270.0	1.061495167051819E-4	1	1.1548677676406051E-4	TGTGCTACAAAAAACTTGGAAAGCTTATCTTC	NNNNNNNNNNNNNNNNNNNNNNNNNNNNNNNN	TRAV17*00(879.2)		TRAJ23*00(459.7)		490|498|523|0|8||80.0		37|52|83|17|32||150.0		TGTGCTACAAAAAACTTGGAAAGCTTATCTTC	45	CATKN_GKLIF	:::::::::0:-5:8:::::17:-17:32:::
6106	270.0	1.061495167051819E-4	1	1.1548677676406051E-4	TGTGCCCAGGGAGCCCAGAAGCTGGTATTT	NNNNNNNNNNNNNNNNNNNNNNNNNNNNNN	TRAV24*00(783.6)		TRAJ54*00(529.2)		515|521|545|0|6||60.0		25|49|80|6|30||240.0		TGTGCCCAGGGAGCCCAGAAGCTGGTATTT	45	CAQGAQKLVF	:::::::::0:-4:6:::::6:-5:30:::
17544	270.0	1.061495167051819E-4	1	1.1548677676406051E-4	TGTGCAGCATACACCTATTATGGTGGTGCTACAAACAAGCTCATCTTT	NNNNNNNNNNNNNNNNNNNNNNNNNNNNNNNNNNNNNNNNNNNNNNNN	TRAV23/DV6*00(459.4)		TRAJ32*00(619.8)		517|526|550|0|9||90.0		23|55|86|16|48||320.0		TGTGCAGCATACACCTATTATGGTGGTGCTACAAACAAGCTCATCTTT	45	CAAYTYYGGATNKLIF	:::::::::0:-4:9:::::16:-3:48:::
17873	270.0	1.061495167051819E-4	1	1.1548677676406051E-4	TGTGCAGCAAGCGCGCTTGACAAGATCATCTTT	NNNNNNNNNNNNNNNNNNNNNNNNNNNNNNNNN	TRAV29/DV5*00(639.8)		TRAJ30*00(469.5)		529|547|562|0|18||190.0		31|46|77|18|33||160.0		TGTGCAGCAAGCGCGCTTGACAAGATCATCTTT	45	CAASALDKIIF	:::::::::0:5:18:::::18:-11:33:::
18215	270.0	1.061495167051819E-4	1	1.1548677676406051E-4	TGTGCAGGGAGAGAAACAAACTGGTCTTT	NNNNNNNNNNNNNNNNNNNNNNNNNNNNN	TRAV25*00(532.6)		TRAJ47*00(479.8)		620|629|649|0|9||90.0		29|46|77|12|29||170.0		TGTGCAGGGAGAGAAACAAACTGGTCTTT	45	CAGRE_KLVF	:::::::::0:0:9:::::12:-9:29:::
18401	270.0	1.061495167051819E-4	1	1.1548677676406051E-4	TGTGCAGAGACCCTAACTATGGTCAGAATTTTGTCTTT	NNNNNNNNNNNNNNNNNNNNNNNNNNNNNNNNNNNNNN	TRAV13-2*00(549.7)		TRAJ26*00(539.4)		506|516|539|0|10||100.0		24|49|80|13|38||250.0		TGTGCAGAGACCCTAACTATGGTCAGAATTTTGTCTTT	45	CAETLT_GQNFVF	:::::::::0:-3:10:::::13:-4:38:::
18737	270.0	1.061495167051819E-4	1	1.1548677676406051E-4	TGTGCAATGAGAGAGGCTGGGATGGATAGCAGCTATAAATTGATCTTC	NNNNNNNNNNNNNNNNNNNNNNNNNNNNNNNNNNNNNNNNNNNNNNNN	TRAV14/DV4*00(520.8)		TRAJ12*00(569.8)		517|533|554|0|16||160.0		20|49|80|19|48||290.0		TGTGCAATGAGAGAGGCTGGGATGGATAGCAGCTATAAATTGATCTTC	45	CAMREAGMDSSYKLIF	:::::::::0:-1:16:::::19:0:48:::
20182	270.0	1.061495167051819E-4	1	1.1548677676406051E-4	TGCGGCACAGAGATCGAATCCAATTCCGGGTATGCACTCAACTTC	NNNNNNNNNNNNNNNNNNNNNNNNNNNNNNNNNNNNNNNNNNNNN	TRAV30*00(519.9)		TRAJ41*00(500.9)		567|582|600|0|15||150.0		24|51|82|18|45|SA26C|241.0		TGCGGCACAGAGATCGAATCCAATTCCGGGTATGCACTCAACTTC	45	CGTEIESNSGYALNF	:::::::::0:2:15:::::18:-4:45:::
20380	270.0	1.061495167051819E-4	1	1.1548677676406051E-4	TGCATCGTCAGAGTCCCTTAAGGGTAGCAACACAGGCAAACTAATCTTT	NNNNNNNNNNNNNNNNNNNNNNNNNNNNNNNNNNNNNNNNNNNNNNNNN	TRAV26-1*00(639.8)		TRAJ37*00(538.7)		763|778|799|0|15||150.0		28|51|82|26|49||230.0		TGCATCGTCAGAGTCCCTTAAGGGTAGCAACACAGGCAAACTAATCTTT	45	CIVRVP*G_SNTGKLIF	:::::::::0:-1:15:::::26:-8:49:::
2228	269.0	1.0575637034701457E-4	1	1.1548677676406051E-4	TGTGCTTATAGGAGCGCGCCCTCAGGAACCTACAAATACATCTTT	NNNNNNNNNNNNNNNNNNNNNNNNNNNNNNNNNNNNNNNNNNNNN	TRAV38-2/DV8*00(651.3)		TRAJ40*00(551.2)		602|621|638|0|19||190.0		24|50|81|19|45||260.0		TGTGCTTATAGGAGCGCGCCCTCAGGAACCTACAAATACATCTTT	45	CAYRSAPSGTYKYIF	:::::::::0:3:19:::::19:-4:45:::
2233	269.0	1.0575637034701457E-4	1	1.1548677676406051E-4	TGTGCTTATAGGAGCGCGGGGGAGCCCAGAAGCTGGTATTT	NNNNNNNNNNNNNNNNNNNNNNNNNNNNNNNNNNNNNNNNN	TRAV38-2/DV8*00(639.7)		TRAJ54*00(509.6)		602|620|638|0|18||180.0		27|49|80|19|41||220.0		TGTGCTTATAGGAGCGCGGGGGAGCCCAGAAGCTGGTATTT	45	CAYRSAG_AQKLVF	:::::::::0:2:18:::::19:-7:41:::
2395	269.0	1.0575637034701457E-4	1	1.1548677676406051E-4	TGTGCTCTTGGGGAACCGCAGGATATCTAACTTTGGAAATGAGAAATTAACCTTT	NNNNNNNNNNNNNNNNNNNNNNNNNNNNNNNNNNNNNNNNNNNNNNNNNNNNNNN	TRDV1*00(854)		TRAJ48*00(619.1)		573|589|610|0|16||160.0		19|52|83|22|55||330.0		TGTGCTCTTGGGGAACCGCAGGATATCTAACTTTGGAAATGAGAAATTAACCTTT	45	CALGEPQDI_NFGNEKLTF	:::::::::0:-1:16:::::22:1:55:::
4141	269.0	1.0575637034701457E-4	1	1.1548677676406051E-4	TGTGCTGTGAGGCCACCTAGCAACTATCAGTTAATCTGG	NNNNNNNNNNNNNNNNNNNNNNNNNNNNNNNNNNNNNNN	TRAV21*00(499.5)		TRAJ33*00(509.8)		544|558|576|0|14||140.0		24|46|77|17|39||220.0		TGTGCTGTGAGGCCACCTAGCAACTATCAGTTAATCTGG	45	CAVRPPSNYQLIW	:::::::::0:2:14:::::17:-4:39:::
4185	269.0	1.0575637034701457E-4	1	1.1548677676406051E-4	TGTGCTGTGAGGACTGGAGGCTTCAAAACTATCTTT	NNNNNNNNNNNNNNNNNNNNNNNNNNNNNNNNNNNN	TRAV20*00(499.9)		TRAJ9*00(539.8)		498|507|531|0|9||90.0		26|50|81|12|36||240.0		TGTGCTGTGAGGACTGGAGGCTTCAAAACTATCTTT	45	CAVRTGGFKTIF	:::::::::0:-4:9:::::12:-6:36:::
4902	269.0	1.0575637034701457E-4	1	1.1548677676406051E-4	TGTGCTACGGAGGCGGATAGCAGCTATAAATTGATCTTC	NNNNNNNNNNNNNNNNNNNNNNNNNNNNNNNNNNNNNNN	TRAV17*00(920.4)		TRAJ12*00(519.6)		490|505|523|0|15|SC501G|121.0		25|49|80|15|39||250.0		TGTGCTACGGAGGCGGATAGCAGCTATAAATTGATCTTC	45	CATEADSSYKLIF	:::::::::0:2:15:::::15:-5:39:::
6383	269.0	1.0575637034701457E-4	1	1.1548677676406051E-4	TGTGCCGTGAACCCTTCTAACGACTACAAGCTCAGCTTT	NNNNNNNNNNNNNNNNNNNNNNNNNNNNNNNNNNNNNNN	TRAV12-2*00(741.3)		TRAJ20*00(539.9)		551|563|584|0|12||120.0		21|46|77|14|39||250.0		TGTGCCGTGAACCCTTCTAACGACTACAAGCTCAGCTTT	45	CAVNPSNDYKLSF	:::::::::0:-1:12:::::14:-1:39:::
17399	269.0	1.0575637034701457E-4	1	1.1548677676406051E-4	TGTGCAGTTTATGGTGGTGCTACAAACAAGCTCATCTTT	NNNNNNNNNNNNNNNNNNNNNNNNNNNNNNNNNNNNNNN	TRAV5*00(430)		TRAJ32*00(609.6)		523|530|556|0|7||70.0		24|55|86|8|39||310.0		TGTGCAGTTTATGGTGGTGCTACAAACAAGCTCATCTTT	45	CAVYGGATNKLIF	:::::::::0:-6:7:::::8:-4:39:::
18189	269.0	1.0575637034701457E-4	1	1.1548677676406051E-4	TGTGCAGGGGTGAATAACAATGCCAGACTCATGTTT	NNNNNNNNNNNNNNNNNNNNNNNNNNNNNNNNNNNN	TRAV25*00(549.7)		TRAJ31*00(549.7)		620|629|649|0|9||90.0		21|46|77|11|36||250.0		TGTGCAGGGGTGAATAACAATGCCAGACTCATGTTT	45	CAGVNNNARLMF	:::::::::0:0:9:::::11:-1:36:::
18448	269.0	1.0575637034701457E-4	1	1.1548677676406051E-4	TGTGCAGAGAGGGCAATTCAGGGAGCCCAGAAGCTGGTATTT	NNNNNNNNNNNNNNNNNNNNNNNNNNNNNNNNNNNNNNNNNN	TRAV13-2*00(510.5)		TRAJ54*00(569.6)		506|516|539|0|10||100.0		21|49|80|14|42||280.0		TGTGCAGAGAGGGCAATTCAGGGAGCCCAGAAGCTGGTATTT	45	CAERAIQGAQKLVF	:::::::::0:-3:10:::::14:-1:42:::
18454	269.0	1.0575637034701457E-4	1	1.1548677676406051E-4	TGTGCAGAGAGGAAACTTCAACAAATTTTACTTT	NNNNNNNNNNNNNNNNNNNNNNNNNNNNNNNNNN	TRAV5*00(471.9)		TRAJ21*00(509.9)		523|538|556|0|15|ST534GST536A|112.0		25|44|75|15|34||210.0		TGTGCAGAGAGGAAACTTCAACAAATTTTACTTT	45	CAERKL_NKFYF	:::::::::0:2:15:::::15:-5:34:::
18504	269.0	1.0575637034701457E-4	1	1.1548677676406051E-4	TGTGCAGAGAATAAGGCCAGACTCATGTTT	NNNNNNNNNNNNNNNNNNNNNNNNNNNNNN	TRAV13-2*00(579.7)		TRAJ31*00(450.6)		506|517|539|0|11||130.0		27|46|77|11|30|SC27TST30G|152.0		TGTGCAGAGAATAAGGCCAGACTCATGTTT	45	CAENKARLMF	:::::::::0:-2:11:::::11:-7:30:::
19183	269.0	1.0575637034701457E-4	1	1.1548677676406051E-4	TGCGCCGACACCGACAAGCTCATCTTT	NNNNNNNNNNNNNNNNNNNNNNNNNNN	TRAV1-1*00(620.7)		TRAJ34*00(499.9)		670|675|704|0|5||50.0		27|47|78|7|27||200.0		TGCGCCGACACCGACAAGCTCATCTTT	45	CADTDKLIF	:::::::::0:-9:5:::::7:-7:27:::
601	268.0	1.0536322398884722E-4	2	2.3097355352812103E-4	TGTGTGGTGGATGATACCGGTAACCAGTTCTATTTT	[[[[[[[[[[[[[[[[[[[[[[[[[[[[[[[[[[[[	TRAV12-1*00(490)		TRAJ49*00(509.7)		539|548|572|0|9||90.0		24|45|76|15|36||210.0		TGTGTGGTGGATGATACCGGTAACCAGTTCTATTTT	58	CVVDDTGNQFYF	:::::::::0:-4:9:::::15:-4:36:::
1529	268.0	1.0536322398884722E-4	1	1.1548677676406051E-4	TGTCTTCTGGGAGTTCTAACGACTACAAGCTCAGCTTT	NNNNNNNNNNNNNNNNNNNNNNNNNNNNNNNNNNNNNN	TRAV40*00(920.1)		TRAJ20*00(539.9)		436|451|470|0|15|SA449T|141.0		23|46|77|15|38||260.0		TGTCTTCTGGGAGTTCTAACGACTACAAGCTCAGCTTT	45	CLLGVL_DYKLSF	:::::::::0:1:15:::::15:-3:38:::
2250	268.0	1.0536322398884722E-4	1	1.1548677676406051E-4	TGTGCTTATAGGAGGGAAAGGAGGACTGCCAGTAAACTCACCTTT	NNNNNNNNNNNNNNNNNNNNNNNNNNNNNNNNNNNNNNNNNNNNN	TRAV38-2/DV8*00(600)		TRAJ44*00(519.5)		602|616|638|0|14||140.0		31|52|83|24|45||210.0		TGTGCTTATAGGAGGGAAAGGAGGACTGCCAGTAAACTCACCTTT	45	CAYRRERRTASKLTF	:::::::::0:-2:14:::::24:-11:45:::
3428	268.0	1.0536322398884722E-4	1	1.1548677676406051E-4	TGTGCTGTGCAGGTGGTCAGGAGGAGGTGCTGACGGACTCACCTTT	NNNNNNNNNNNNNNNNNNNNNNNNNNNNNNNNNNNNNNNNNNNNNN	TRAV20*00(539.9)		TRAJ45*00(609.8)		498|511|531|0|13||130.0		25|55|86|16|46||300.0		TGTGCTGTGCAGGTGGTCAGGAGGAGGTGCTGACGGACTCACCTTT	45	CAVQVVRR_GADGLTF	:::::::::0:0:13:::::16:-5:46:::
3896	268.0	1.0536322398884722E-4	1	1.1548677676406051E-4	TGTGCTGTGAGTGCCGTAAACCAGGGAGGAAAGCTTATCTTC	NNNNNNNNNNNNNNNNNNNNNNNNNNNNNNNNNNNNNNNNNN	TRAV8-4*00(679.6)		TRAJ23*00(477.7)		476|489|510|0|13||130.0		28|52|83|18|42||240.0		TGTGCTGTGAGTGCCGTAAACCAGGGAGGAAAGCTTATCTTC	45	CAVSAVNQGGKLIF	:::::::::0:-1:13:::::18:-8:42:::
4912	268.0	1.0536322398884722E-4	1	1.1548677676406051E-4	TGTGCTACGAGGCCCTGAACACAGGCTTTCAGAAACTTGTATTT	NNNNNNNNNNNNNNNNNNNNNNNNNNNNNNNNNNNNNNNNNNNN	TRAV17*00(889.1)		TRAJ8*00(579.7)		490|499|523|0|9||90.0		20|49|80|15|44||290.0		TGTGCTACGAGGCCCTGAACACAGGCTTTCAGAAACTTGTATTT	45	CATRP*T_GFQKLVF	:::::::::0:-4:9:::::15:0:44:::
5964	268.0	1.0536322398884722E-4	1	1.1548677676406051E-4	TGTGCCTAACCGGCGACTACAAGCTCAGCTTT	NNNNNNNNNNNNNNNNNNNNNNNNNNNNNNNN	TRAV13-2*00(499.9)		TRAJ20*00(489.8)		506|511|539|0|5||50.0		27|46|77|13|32||190.0		TGTGCCTAACCGGCGACTACAAGCTCAGCTTT	45	CA*PA_YKLSF	:::::::::0:-8:5:::::13:-7:32:::
17847	268.0	1.0536322398884722E-4	1	1.1548677676406051E-4	TGTGCAGCAAGCGTGCGGTATGGAGGAAGCCAAGGAAATCTCATCTTT	NNNNNNNNNNNNNNNNNNNNNNNNNNNNNNNNNNNNNNNNNNNNNNNN	TRAV29/DV5*00(580.9)		TRAJ42*00(599.9)		529|545|562|0|16|SC542T|131.0		25|55|86|18|48||300.0		TGTGCAGCAAGCGTGCGGTATGGAGGAAGCCAAGGAAATCTCATCTTT	45	CAASVRYGGSQGNLIF	:::::::::0:3:16:::::18:-5:48:::
17978	268.0	1.0536322398884722E-4	1	1.1548677676406051E-4	TGTGCAGCAAGCATCTTCGGGAATGCAGGCAACATGCTCACCTTT	NNNNNNNNNNNNNNNNNNNNNNNNNNNNNNNNNNNNNNNNNNNNN	TRAV23/DV6*00(507.8)		TRAJ39*00(549.4)		517|531|550|0|14||140.0		28|52|83|21|45||240.0		TGTGCAGCAAGCATCTTCGGGAATGCAGGCAACATGCTCACCTTT	45	CAASIFGNAGNMLTF	:::::::::0:1:14:::::21:-8:45:::
18139	268.0	1.0536322398884722E-4	1	1.1548677676406051E-4	TGTGCAGGGTATAAATTCAGGGAGCCCAGAAGCTGGTATTT	NNNNNNNNNNNNNNNNNNNNNNNNNNNNNNNNNNNNNNNNN	TRAV25*00(549.7)		TRAJ54*00(569.7)		620|629|649|0|9||90.0		21|49|80|13|41||280.0		TGTGCAGGGTATAAATTCAGGGAGCCCAGAAGCTGGTATTT	45	CAGYKFR_AQKLVF	:::::::::0:0:9:::::13:-1:41:::
19011	268.0	1.0536322398884722E-4	1	1.1548677676406051E-4	TGCCTCGTGGGTGACCATATCGGTAACCAGTTCTATTTT	NNNNNNNNNNNNNNNNNNNNNNNNNNNNNNNNNNNNNNN	TRAV4*00(1019.6)		TRAJ49*00(459.4)		768|783|804|0|15||150.0		26|45|76|20|39||190.0		TGCCTCGTGGGTGACCATATCGGTAACCAGTTCTATTTT	45	CLVGDHIGNQFYF	:::::::::0:-1:15:::::20:-6:39:::
4381	267.0	1.0497007763067989E-4	1	1.1548677676406051E-4	TGTGCTGTAAGGCGGCTCACGGGAGGAGGAAACAAACTCACCTTT	NNNNNNNNNNNNNNNNNNNNNNNNNNNNNNNNNNNNNNNNNNNNN	TRAV22*00(509.8)		TRAJ10*00(599.7)		526|534|559|0|8||80.0		23|53|84|15|45||300.0		TGTGCTGTAAGGCGGCTCACGGGAGGAGGAAACAAACTCACCTTT	45	CAVRRLTGGGNKLTF	:::::::::0:-5:8:::::15:-3:45:::
4570	267.0	1.0497007763067989E-4	1	1.1548677676406051E-4	TGTGCTGGGCCCCTTATTCAGGGAGCCCAGAAGCTGGTATTT	NNNNNNNNNNNNNNNNNNNNNNNNNNNNNNNNNNNNNNNNNN	TRAV35*00(925.5)		TRAJ54*00(539.5)		588|598|620|0|10||100.0		22|49|80|15|42||270.0		TGTGCTGGGCCCCTTATTCAGGGAGCCCAGAAGCTGGTATTT	45	CAGPLIQGAQKLVF	:::::::::0:-2:10:::::15:-2:42:::
4573	267.0	1.0497007763067989E-4	1	1.1548677676406051E-4	TGTGCTGGGCCGACTAGGGGAACCTACAAATACATCTTT	NNNNNNNNNNNNNNNNNNNNNNNNNNNNNNNNNNNNNNN	TRAV35*00(489.6)		TRAJ40*00(499.9)		588|598|620|0|10||100.0		29|50|81|18|39||210.0		TGTGCTGGGCCGACTAGGGGAACCTACAAATACATCTTT	45	CAGPTRGTYKYIF	:::::::::0:-2:10:::::18:-9:39:::
18138	267.0	1.0497007763067989E-4	1	1.1548677676406051E-4	TGTGCAGGGTGATAAATTATGGCAACTATCAGTTAATCTGG	NNNNNNNNNNNNNNNNNNNNNNNNNNNNNNNNNNNNNNNNN	TRAV25*00(532.5)		TRAJ33*00(490.7)		620|629|649|0|9||90.0		23|46|77|18|41|SA25G|201.0		TGTGCAGGGTGATAAATTATGGCAACTATCAGTTAATCTGG	45	CAG**IM_NYQLIW	:::::::::0:0:9:::::18:-3:41:::
18237	267.0	1.0497007763067989E-4	1	1.1548677676406051E-4	TGTGCAGGAGTCGATAATGCAGGCAACATGCTCACCTTT	NNNNNNNNNNNNNNNNNNNNNNNNNNNNNNNNNNNNNNN	TRAV27*00(641.6)		TRAJ39*00(570)		552|562|582|0|10||100.0		26|52|83|13|39||260.0		TGTGCAGGAGTCGATAATGCAGGCAACATGCTCACCTTT	45	CAGVDNAGNMLTF	:::::::::0:0:10:::::13:-6:39:::
18254	267.0	1.0497007763067989E-4	1	1.1548677676406051E-4	TGTGCAGGAGCTGACGCAATTCAGGATACAGCACCCTCACCTTT	NNNNNNNNNNNNNNNNNNNNNNNNNNNNNNNNNNNNNNNNNNNN	TRAV27*00(661.5)		TRAJ11*00(579.8)		552|564|582|0|12||120.0		22|49|80|17|44||270.0		TGTGCAGGAGCTGACGCAATTCAGGATACAGCACCCTCACCTTT	45	CAGADAI_GYSTLTF	:::::::::0:2:12:::::17:-2:44:::
18316	267.0	1.0497007763067989E-4	1	1.1548677676406051E-4	TGTGCAGGAACACCAATGCAGGCAAATCAACCTTT	NNNNNNNNNNNNNNNNNNNNNNNNNNNNNNNNNNN	TRAV27*00(617.3)		TRAJ27*00(559.3)		552|561|582|0|9||90.0		22|48|79|9|35||270.0		TGTGCAGGAACACCAATGCAGGCAAATCAACCTTT	45	CAGTPM_GKSTF	:::::::::0:-1:9:::::9:-2:35:::
18582	267.0	1.0497007763067989E-4	1	1.1548677676406051E-4	TGTGCAATGACCCTTACCGGCACTGCCAGTAAACTCACCTTT	NNNNNNNNNNNNNNNNNNNNNNNNNNNNNNNNNNNNNNNNNN	TRAV14/DV4*00(460.8)		TRAJ44*00(589.8)		517|527|554|0|10||100.0		24|52|83|14|42||280.0		TGTGCAATGACCCTTACCGGCACTGCCAGTAAACTCACCTTT	45	CAMTLTGTASKLTF	:::::::::0:-7:10:::::14:-4:42:::
18652	267.0	1.0497007763067989E-4	1	1.1548677676406051E-4	TGTGCAATGAGCGGCGGTGGTGCTACAAACAAGCTCATCTTT	NNNNNNNNNNNNNNNNNNNNNNNNNNNNNNNNNNNNNNNNNN	TRAV12-3*00(529.8)		TRAJ32*00(569.9)		562|575|595|0|13||130.0		28|55|86|15|42||270.0		TGTGCAATGAGCGGCGGTGGTGCTACAAACAAGCTCATCTTT	45	CAMSGGGATNKLIF	:::::::::0:0:13:::::15:-8:42:::
18799	267.0	1.0497007763067989E-4	1	1.1548677676406051E-4	TGTGCAATGAGAGAGGGGCGTAACACCGACAAGCTCATCTTT	NNNNNNNNNNNNNNNNNNNNNNNNNNNNNNNNNNNNNNNNNN	TRAV14/DV4*00(730.2)		TRAJ34*00(519.7)		517|534|554|0|17||170.0		25|47|78|20|42||220.0		TGTGCAATGAGAGAGGGGCGTAACACCGACAAGCTCATCTTT	45	CAMREGRNTDKLIF	:::::::::0:0:17:::::20:-5:42:::
18920	267.0	1.0497007763067989E-4	1	1.1548677676406051E-4	TGTGACATCGGGGTACTAGCTATGGAAAGCTGACATTT	NNNNNNNNNNNNNNNNNNNNNNNNNNNNNNNNNNNNNN	TRAV24*00(615.1)		TRAJ52*00(554.8)		515|519|545|0|4||40.0		31|58|89|11|38||270.0		TGTGACATCGGGGTACTAGCTATGGAAAGCTGACATTT	45	CDIGVL_YGKLTF	:::::::::0:-6:4:::::11:-11:38:::
1358	266.0	1.0457693127251254E-4	2	2.3097355352812103E-4	TGTGGGTAAACTGACAGCTGGGGGAAATTGCAGTTT	[[[[[[[[[[[[[[[[[[[[[[[[[[[[[[[[[[[[	TRAV12-1*00(435.2)		TRAJ24*00(569.9)		539|543|572|0|4||40.0		24|52|83|8|36||280.0		TGTGGGTAAACTGACAGCTGGGGGAAATTGCAGTTT	58	CG*TDSWGKLQF	:::::::::0:-9:4:::::8:-4:36:::
1824	266.0	1.0457693127251254E-4	1	1.1548677676406051E-4	TGTGTGGTGAGCAGTTATAGAAACAAACTGGTCTTT	NNNNNNNNNNNNNNNNNNNNNNNNNNNNNNNNNNNN	TRAV10*00(814)		TRAJ47*00(475)		575|587|608|0|12||120.0		25|46|77|15|36|SG28A|181.0		TGTGTGGTGAGCAGTTATAGAAACAAACTGGTCTTT	45	CVVSSYRNKLVF	:::::::::0:-1:12:::::15:-5:36:::
2083	266.0	1.0457693127251254E-4	1	1.1548677676406051E-4	TGTGCTTTCATGAAGGGAGGTAGCAACTATAAACTGACATTT	NNNNNNNNNNNNNNNNNNNNNNNNNNNNNNNNNNNNNNNNNN	TRAV38-1*00(609.6)		TRAJ53*00(579.8)		596|611|633|0|15||150.0		28|55|86|15|42||270.0		TGTGCTTTCATGAAGGGAGGTAGCAACTATAAACTGACATTT	45	CAFMKGGSNYKLTF	:::::::::0:-2:15:::::15:-8:42:::
2100	266.0	1.0457693127251254E-4	1	1.1548677676406051E-4	TGTGCTTTGGATAATGCAGGCAACATGCTCACCTTT	NNNNNNNNNNNNNNNNNNNNNNNNNNNNNNNNNNNN	TRAV6*00(429.9)		TRAJ39*00(569.5)		535|541|568|0|6||60.0		26|52|83|10|36||260.0		TGTGCTTTGGATAATGCAGGCAACATGCTCACCTTT	45	CALDNAGNMLTF	:::::::::0:-7:6:::::10:-6:36:::
2113	266.0	1.0457693127251254E-4	1	1.1548677676406051E-4	TGTGCTTCTTCAAATTCCGGGTATGCACTCAACTTC	NNNNNNNNNNNNNNNNNNNNNNNNNNNNNNNNNNNN	TRAV35*00(449.8)		TRAJ41*00(529.4)		588|594|620|0|6||60.0		24|51|82|9|36||270.0		TGTGCTTCTTCAAATTCCGGGTATGCACTCAACTTC	45	CASSNSGYALNF	:::::::::0:-6:6:::::9:-4:36:::
3293	266.0	1.0457693127251254E-4	1	1.1548677676406051E-4	TGTGCTGTCACGCATGGAATATAGAAACAAACTGGTCTTT	NNNNNNNNNNNNNNNNNNNNNNNNNNNNNNNNNNNNNNNN	TRAV1-2*00(639.4)		TRAJ47*00(560.6)		620|628|654|0|8||80.0		18|46|77|12|40|SG28A|251.0		TGTGCTGTCACGCATGGAATATAGAAACAAACTGGTCTTT	45	CAVTHGI_RNKLVF	:::::::::0:-6:8:::::12:2:40:::
4259	266.0	1.0457693127251254E-4	1	1.1548677676406051E-4	TGTGCTGTGAGAGATGAACCTGACAGCTGGGGGAAATTGCAGTTT	NNNNNNNNNNNNNNNNNNNNNNNNNNNNNNNNNNNNNNNNNNNNN	TRAV1-2*00(709.3)		TRAJ24*00(549.3)		620|635|654|0|15||150.0		26|52|83|19|45||260.0		TGTGCTGTGAGAGATGAACCTGACAGCTGGGGGAAATTGCAGTTT	45	CAVRDEPDSWGKLQF	:::::::::0:1:15:::::19:-6:45:::
4703	266.0	1.0457693127251254E-4	1	1.1548677676406051E-4	TGTGCTGGGGGCTATAACTATGGTCAGAATTTTGTCTTT	NNNNNNNNNNNNNNNNNNNNNNNNNNNNNNNNNNNNNNN	TRAV21*00(767.3)		TRAJ26*00(536.4)		544|551|576|0|7||70.0		23|49|80|13|39||260.0		TGTGCTGGGGGCTATAACTATGGTCAGAATTTTGTCTTT	45	CAGGYNYGQNFVF	:::::::::0:-5:7:::::13:-3:39:::
5986	266.0	1.0457693127251254E-4	1	1.1548677676406051E-4	TGTGCCCTATCCGAAGGAGGAGGTGCTGACGGACTCACCTTT	NNNNNNNNNNNNNNNNNNNNNNNNNNNNNNNNNNNNNNNNNN	TRAV39*00(699.2)		TRAJ45*00(589.2)		507|513|540|0|6||60.0		27|55|86|14|42||280.0		TGTGCCCTATCCGAAGGAGGAGGTGCTGACGGACTCACCTTT	45	CALSEGGGADGLTF	:::::::::0:-7:6:::::14:-7:42:::
6149	266.0	1.0457693127251254E-4	1	1.1548677676406051E-4	TGTGCCGTCCAGGGAGCCCAGAAGCTGGTATTT	NNNNNNNNNNNNNNNNNNNNNNNNNNNNNNNNN	TRAV12-2*00(466)		TRAJ54*00(529.4)		551|559|584|0|8||80.0		25|49|80|9|33||240.0		TGTGCCGTCCAGGGAGCCCAGAAGCTGGTATTT	45	CAVQGAQKLVF	:::::::::0:-5:8:::::9:-5:33:::
6352	266.0	1.0457693127251254E-4	1	1.1548677676406051E-4	TGTGCCGTGAATGCGCGGACCTCAGGAACCTACAAATACATCTTT	NNNNNNNNNNNNNNNNNNNNNNNNNNNNNNNNNNNNNNNNNNNNN	TRAV8-1*00(628.4)		TRAJ40*00(559.5)		474|490|508|0|16||160.0		23|50|81|18|45||270.0		TGTGCCGTGAATGCGCGGACCTCAGGAACCTACAAATACATCTTT	45	CAVNARTSGTYKYIF	:::::::::0:2:16:::::18:-3:45:::
6413	266.0	1.0457693127251254E-4	1	1.1548677676406051E-4	TGTGCCGTGAACACCAATGCAGGCAAATCAACCTTT	NNNNNNNNNNNNNNNNNNNNNNNNNNNNNNNNNNNN	TRAV8-1*00(579.3)		TRAJ27*00(559.3)		474|484|508|0|10||110.0		22|48|79|10|36||270.0		TGTGCCGTGAACACCAATGCAGGCAAATCAACCTTT	45	CAVNTNAGKSTF	:::::::::0:-4:10:::::10:-2:36:::
6498	266.0	1.0457693127251254E-4	1	1.1548677676406051E-4	TGTGCCGCCCCCTTTGAGGAAAGCTTATCTTC	NNNNNNNNNNNNNNNNNNNNNNNNNNNNNNNN	TRAV12-1*00(439.9)		TRAJ23*00(440.8)		539|543|572|0|4||40.0		35|52|83|15|32||170.0		TGTGCCGCCCCCTTTGAGGAAAGCTTATCTTC	45	CAAPF_GKLIF	:::::::::0:-9:4:::::15:-15:32:::
17612	266.0	1.0457693127251254E-4	1	1.1548677676406051E-4	TGTGCAGCAACTGGTGGGGCAAACAACCTCTTCTTT	NNNNNNNNNNNNNNNNNNNNNNNNNNNNNNNNNNNN	TRAV29/DV5*00(509.7)		TRAJ36*00(529.6)		529|539|562|0|10||100.0		26|48|79|14|36||220.0		TGTGCAGCAACTGGTGGGGCAAACAACCTCTTCTTT	45	CAATGGANNLFF	:::::::::0:-3:10:::::14:-6:36:::
17951	266.0	1.0457693127251254E-4	1	1.1548677676406051E-4	TGTGCAGCAAGCGATAGCAACTATCAGTTAATCTGG	NNNNNNNNNNNNNNNNNNNNNNNNNNNNNNNNNNNN	TRAV23/DV6*00(489.7)		TRAJ33*00(529.5)		517|529|550|0|12||120.0		22|46|77|12|36||240.0		TGTGCAGCAAGCGATAGCAACTATCAGTTAATCTGG	45	CAASDSNYQLIW	:::::::::0:-1:12:::::12:-2:36:::
17954	266.0	1.0457693127251254E-4	1	1.1548677676406051E-4	TGTGCAGCAAGCGACTCTGGGGCTGGGAGTTACCAACTCACTTTC	NNNNNNNNNNNNNNNNNNNNNNNNNNNNNNNNNNNNNNNNNNNNN	TRAV29/DV5*00(578.8)		TRAJ28*00(609.7)		529|542|562|0|13||130.0		23|55|86|13|45||320.0		TGTGCAGCAAGCGACTCTGGGGCTGGGAGTTACCAACTCACTTTC	45	CAASDSGAGSYQLTF	:::::::::0:0:13:::::13:-3:45:::
18012	266.0	1.0457693127251254E-4	1	1.1548677676406051E-4	TGTGCAGCAAGCAGGGGACACCGACAAGCTCATCTTT	NNNNNNNNNNNNNNNNNNNNNNNNNNNNNNNNNNNNN	TRAV23/DV6*00(499.8)		TRAJ34*00(499.8)		517|530|550|0|13||130.0		27|47|78|17|37||200.0		TGTGCAGCAAGCAGGGGACACCGACAAGCTCATCTTT	45	CAASRG_TDKLIF	:::::::::0:0:13:::::17:-7:37:::
18198	266.0	1.0457693127251254E-4	1	1.1548677676406051E-4	TGTGCAGGGGGCTATGCTGGCAACAACCGTAAGCTGATTTGG	NNNNNNNNNNNNNNNNNNNNNNNNNNNNNNNNNNNNNNNNNN	TRAV27*00(621.8)		TRAJ38*00(589.9)		552|560|582|0|8||80.0		22|51|82|13|42||290.0		TGTGCAGGGGGCTATGCTGGCAACAACCGTAAGCTGATTTGG	45	CAGGYAGNNRKLIW	:::::::::0:-2:8:::::13:-2:42:::
18680	266.0	1.0457693127251254E-4	1	1.1548677676406051E-4	TGTGCAATGAGGAGGGGTGGAGGTAGCAACTATAAACTGACATTT	NNNNNNNNNNNNNNNNNNNNNNNNNNNNNNNNNNNNNNNNNNNNN	TRAV12-3*00(568.4)		TRAJ53*00(576.2)		562|573|595|0|11||110.0		26|55|86|16|45||290.0		TGTGCAATGAGGAGGGGTGGAGGTAGCAACTATAAACTGACATTT	45	CAMRRGGGSNYKLTF	:::::::::0:-2:11:::::16:-6:45:::
18994	266.0	1.0457693127251254E-4	1	1.1548677676406051E-4	TGCCTCGTGGGTGGATATTATGGTGGTGCTACAAACAAGCTCATCTTT	NNNNNNNNNNNNNNNNNNNNNNNNNNNNNNNNNNNNNNNNNNNNNNNN	TRAV4*00(746)		TRAJ32*00(602.6)		768|781|804|0|13||130.0		23|55|86|16|48||320.0		TGCCTCGTGGGTGGATATTATGGTGGTGCTACAAACAAGCTCATCTTT	45	CLVGGYYGGATNKLIF	:::::::::0:-3:13:::::16:-3:48:::
19159	266.0	1.0457693127251254E-4	1	1.1548677676406051E-4	TGCGCTGTGAGAAGGGTTAGCAACTATCAGTTAATCTGG	NNNNNNNNNNNNNNNNNNNNNNNNNNNNNNNNNNNNNNN	TRAV1-1*00(690.6)		TRAJ33*00(510.7)		670|682|704|0|12||120.0		21|46|77|14|39|SA23T|221.0		TGCGCTGTGAGAAGGGTTAGCAACTATCAGTTAATCTGG	45	CAVRRVSNYQLIW	:::::::::0:-2:12:::::14:-1:39:::
20496	266.0	1.0457693127251254E-4	1	1.1548677676406051E-4	TGCATGAGTGCTGGTGGTACTAGCTATGGAAAGCTGACATTT	NNNNNNNNNNNNNNNNNNNNNNNNNNNNNNNNNNNNNNNNNN	TRAV26-2*00(819.7)		TRAJ52*00(639.8)		791|796|826|0|5||50.0		24|58|89|8|42||340.0		TGCATGAGTGCTGGTGGTACTAGCTATGGAAAGCTGACATTT	45	CMSAGGTSYGKLTF	:::::::::0:-10:5:::::8:-4:42:::
21343	266.0	1.0457693127251254E-4	1	1.1548677676406051E-4	TGAGCTCATAACTATGGTCAGAATTTTGTCTTT	NNNNNNNNNNNNNNNNNNNNNNNNNNNNNNNNN	TRAV27*00(549)		TRAJ26*00(558.9)		552|557|582|0|5|ST554A|21.0		23|49|80|7|33||260.0		TGAGCTCATAACTATGGTCAGAATTTTGTCTTT	45	*AHNYGQNFVF	:::::::::0:-5:5:::::7:-3:33:::
1553	265.0	1.041837849143452E-4	1	1.1548677676406051E-4	TGTCCCCAGGCAGGAACTGCTCTGATCTTT	NNNNNNNNNNNNNNNNNNNNNNNNNNNNNN	TRAV16*00(713.7)		TRAJ15*00(559.7)		449|452|483|0|3||30.0		24|49|80|5|30||250.0		TGTCCCCAGGCAGGAACTGCTCTGATCTTT	45	CPQAGTALIF	:::::::::0:-11:3:::::5:-4:30:::
1605	265.0	1.041837849143452E-4	1	1.1548677676406051E-4	TGTGTTGTGAGTGATCCAGGCCAGGGAGGAAAGCTTATCTTC	NNNNNNNNNNNNNNNNNNNNNNNNNNNNNNNNNNNNNNNNNN	TRAV8-2*00(667.3)		TRAJ23*00(529.5)		466|482|500|0|16||160.0		30|52|83|20|42||220.0		TGTGTTGTGAGTGATCCAGGCCAGGGAGGAAAGCTTATCTTC	45	CVVSDPGQGGKLIF	:::::::::0:2:16:::::20:-10:42:::
1883	265.0	1.041837849143452E-4	1	1.1548677676406051E-4	TGTGTGGTGAACGTTCTTTAATGCTGGTGGTACTAGCTATGGAAAGCTGACATTT	NNNNNNNNNNNNNNNNNNNNNNNNNNNNNNNNNNNNNNNNNNNNNNNNNNNNNNN	TRAV12-1*00(700)		TRAJ52*00(653.8)		539|551|572|0|12||120.0		21|58|89|18|55||370.0		TGTGTGGTGAACGTTCTTTAATGCTGGTGGTACTAGCTATGGAAAGCTGACATTT	45	CVVNVL*CW_GTSYGKLTF	:::::::::0:-1:12:::::18:-1:55:::
2176	265.0	1.041837849143452E-4	1	1.1548677676406051E-4	TGTGCTTATGAGCGCGGATCTGAAAAGCTGGTCTTT	NNNNNNNNNNNNNNNNNNNNNNNNNNNNNNNNNNNN	TRAV38-2/DV8*00(549.6)		TRAJ57*00(531)		602|611|638|0|9||90.0		26|52|83|10|36|SG28C|231.0		TGTGCTTATGAGCGCGGATCTGAAAAGCTGGTCTTT	45	CAYERGSEKLVF	:::::::::0:-7:9:::::10:-6:36:::
2924	265.0	1.041837849143452E-4	1	1.1548677676406051E-4	TGTGCTCTAGGGGCAGGCAGCTGGGGGAAATTGCAGTTT	NNNNNNNNNNNNNNNNNNNNNNNNNNNNNNNNNNNNNNN	TRAV6*00(469.6)		TRAJ24*00(509.5)		535|545|568|0|10||100.0		30|52|83|17|39||220.0		TGTGCTCTAGGGGCAGGCAGCTGGGGGAAATTGCAGTTT	45	CALGAGSWGKLQF	:::::::::0:-3:10:::::17:-10:39:::
3497	265.0	1.041837849143452E-4	1	1.1548677676406051E-4	TGTGCTGTGGTGGGGGGTAATGCAGGCAACATGCTCACCTTT	NNNNNNNNNNNNNNNNNNNNNNNNNNNNNNNNNNNNNNNNNN	TRAV8-3*00(557.9)		TRAJ39*00(559.6)		455|465|489|0|10||100.0		27|52|83|17|42||250.0		TGTGCTGTGGTGGGGGGTAATGCAGGCAACATGCTCACCTTT	45	CAVVGGNAGNMLTF	:::::::::0:-4:10:::::17:-7:42:::
3558	265.0	1.041837849143452E-4	1	1.1548677676406051E-4	TGTGCTGTGGGTGCTATATCAGGAGGAAGCTACATACCTACATTT	NNNNNNNNNNNNNNNNNNNNNNNNNNNNNNNNNNNNNNNNNNNNN	TRAV8-3*00(604.3)		TRAJ6*00(589.8)		455|469|489|0|14||140.0		23|51|82|17|45||280.0		TGTGCTGTGGGTGCTATATCAGGAGGAAGCTACATACCTACATTT	45	CAVGAISGGSYIPTF	:::::::::0:0:14:::::17:-3:45:::
3681	265.0	1.041837849143452E-4	1	1.1548677676406051E-4	TGTGCTGTGGAGTTCCCTTATCAGGAGGAAGCTACATACCTACATTT	NNNNNNNNNNNNNNNNNNNNNNNNNNNNNNNNNNNNNNNNNNNNNNN	TRAV2*00(569.9)		TRAJ6*00(589.7)		519|531|553|0|12||120.0		23|51|82|19|47||280.0		TGTGCTGTGGAGTTCCCTTATCAGGAGGAAGCTACATACCTACATTT	45	CAVEFPYQ_GSYIPTF	:::::::::0:-2:12:::::19:-3:47:::
4479	265.0	1.041837849143452E-4	1	1.1548677676406051E-4	TGTGCTGCATGGAATATAGAAACAAACTGGTCTTT	NNNNNNNNNNNNNNNNNNNNNNNNNNNNNNNNNNN	TRAV1-2*00(629.7)		TRAJ47*00(560.1)		620|627|654|0|7||70.0		18|46|77|7|35|SG28A|251.0		TGTGCTGCATGGAATATAGAAACAAACTGGTCTTT	45	CAAWNI_NKLVF	:::::::::0:-7:7:::::7:2:35:::
6349	265.0	1.041837849143452E-4	1	1.1548677676406051E-4	TGTGCCGTGAATGCCCCAAATTCCGGGTATGCACTCAACTTC	NNNNNNNNNNNNNNNNNNNNNNNNNNNNNNNNNNNNNNNNNN	TRAV8-1*00(609.6)		TRAJ41*00(519.2)		474|488|508|0|14||140.0		25|51|82|16|42||260.0		TGTGCCGTGAATGCCCCAAATTCCGGGTATGCACTCAACTTC	45	CAVNAPNSGYALNF	:::::::::0:0:14:::::16:-5:42:::
17590	265.0	1.041837849143452E-4	1	1.1548677676406051E-4	TGTGCAGCAATTAATAGTGGAGGTAGCAACTATAAACTGACATTT	NNNNNNNNNNNNNNNNNNNNNNNNNNNNNNNNNNNNNNNNNNNNN	TRAV29/DV5*00(509.9)		TRAJ53*00(639.5)		529|539|562|0|10||100.0		22|55|86|12|45||330.0		TGTGCAGCAATTAATAGTGGAGGTAGCAACTATAAACTGACATTT	45	CAAINSGGSNYKLTF	:::::::::0:-3:10:::::12:-2:45:::
17868	265.0	1.041837849143452E-4	1	1.1548677676406051E-4	TGTGCAGCAAGCGCGTGCAGGGAGGAAAGCTTATCTTC	NNNNNNNNNNNNNNNNNNNNNNNNNNNNNNNNNNNNNN	TRAV29/DV5*00(599.7)		TRAJ23*00(519.5)		529|544|562|0|15||150.0		31|52|83|17|38||210.0		TGTGCAGCAAGCGCGTGCAGGGAGGAAAGCTTATCTTC	45	CAASAC_GGKLIF	:::::::::0:2:15:::::17:-11:38:::
18035	265.0	1.041837849143452E-4	1	1.1548677676406051E-4	TGTGCAGCAAGGTCGGGCAGGCAACATGCTCACCTTT	NNNNNNNNNNNNNNNNNNNNNNNNNNNNNNNNNNNNN	TRAV13-1*00(589.7)		TRAJ39*00(519.5)		511|522|544|0|11||110.0		31|52|83|16|37||210.0		TGTGCAGCAAGGTCGGGCAGGCAACATGCTCACCTTT	45	CAARSG_GNMLTF	:::::::::0:-2:11:::::16:-11:37:::
18158	265.0	1.041837849143452E-4	1	1.1548677676406051E-4	TGTGCAGGGCCGGGGGCACCGGTAACCAGTTCTATTTT	NNNNNNNNNNNNNNNNNNNNNNNNNNNNNNNNNNNNNN	TRAV25*00(561.8)		TRAJ49*00(519.7)		620|631|649|0|11||110.0		23|45|76|16|38||220.0		TGTGCAGGGCCGGGGGCACCGGTAACCAGTTCTATTTT	45	CAGPGA_GNQFYF	:::::::::0:2:11:::::16:-3:38:::
18210	265.0	1.041837849143452E-4	1	1.1548677676406051E-4	TGTGCAGGGACTAAGAATAGCAACTATCAGTTAATCTGG	NNNNNNNNNNNNNNNNNNNNNNNNNNNNNNNNNNNNNNN	TRAV25*00(549.7)		TRAJ33*00(519.6)		620|629|649|0|9||90.0		23|46|77|16|39||230.0		TGTGCAGGGACTAAGAATAGCAACTATCAGTTAATCTGG	45	CAGTKNSNYQLIW	:::::::::0:0:9:::::16:-3:39:::
18456	265.0	1.041837849143452E-4	1	1.1548677676406051E-4	TGTGCAGAGAGACTAGCAACTATCAGTTAATCTGG	NNNNNNNNNNNNNNNNNNNNNNNNNNNNNNNNNNN	TRAV13-2*00(549.9)		TRAJ33*00(509.9)		506|516|539|0|10||100.0		24|46|77|13|35||220.0		TGTGCAGAGAGACTAGCAACTATCAGTTAATCTGG	45	CAERLA_YQLIW	:::::::::0:-3:10:::::13:-4:35:::
18462	265.0	1.041837849143452E-4	1	1.1548677676406051E-4	TGTGCAGAGAGAGATATCACGGGAGGAGGAAACAAACTCACCTTT	NNNNNNNNNNNNNNNNNNNNNNNNNNNNNNNNNNNNNNNNNNNNN	TRAV13-2*00(549.6)		TRAJ10*00(589.6)		506|516|539|0|10||100.0		24|53|84|16|45||290.0		TGTGCAGAGAGAGATATCACGGGAGGAGGAAACAAACTCACCTTT	45	CAERDITGGGNKLTF	:::::::::0:-3:10:::::16:-4:45:::
18635	265.0	1.041837849143452E-4	1	1.1548677676406051E-4	TGTGCAATGAGCGCGGGGGCTGGTCAGAATTTTGTCTTT	NNNNNNNNNNNNNNNNNNNNNNNNNNNNNNNNNNNNNNN	TRAV12-3*00(1009.1)		TRAJ26*00(469.3)		562|577|595|0|15||150.0		30|49|80|20|39||190.0		TGTGCAATGAGCGCGGGGGCTGGTCAGAATTTTGTCTTT	45	CAMSAGAGQNFVF	:::::::::0:2:15:::::20:-10:39:::
18703	265.0	1.041837849143452E-4	1	1.1548677676406051E-4	TGTGCAATGAGAGGGCTCATGGATAGCAGCTATAAATTGATCTTC	NNNNNNNNNNNNNNNNNNNNNNNNNNNNNNNNNNNNNNNNNNNNN	TRAV14/DV4*00(674.6)		TRAJ12*00(539.9)		517|530|554|0|13||130.0		22|49|80|18|45||270.0		TGTGCAATGAGAGGGCTCATGGATAGCAGCTATAAATTGATCTTC	45	CAMRGLMDSSYKLIF	:::::::::0:-4:13:::::18:-2:45:::
2175	264.0	1.0379063855617786E-4	1	1.1548677676406051E-4	TGTGCTTATGAGTAGCAGGAGGAAGCTACATACCTACATTT	NNNNNNNNNNNNNNNNNNNNNNNNNNNNNNNNNNNNNNNNN	TRAV38-2/DV8*00(549.7)		TRAJ6*00(569.3)		602|611|638|0|9||90.0		25|51|82|15|41||260.0		TGTGCTTATGAGTAGCAGGAGGAAGCTACATACCTACATTT	45	CAYE*QE_SYIPTF	:::::::::0:-7:9:::::15:-5:41:::
2232	264.0	1.0379063855617786E-4	1	1.1548677676406051E-4	TGTGCTTATAGGAGCGCGGCCGGGTATGCACTCAACTTC	NNNNNNNNNNNNNNNNNNNNNNNNNNNNNNNNNNNNNNN	TRAV38-2/DV8*00(639.8)		TRAJ41*00(469.1)		602|620|638|0|18||180.0		31|51|82|19|39||200.0		TGTGCTTATAGGAGCGCGGCCGGGTATGCACTCAACTTC	45	CAYRSAAGYALNF	:::::::::0:2:18:::::19:-11:39:::
4263	264.0	1.0379063855617786E-4	1	1.1548677676406051E-4	TGTGCTGTGAGAGATAGAGGCTACAAGCTCAGCTTT	NNNNNNNNNNNNNNNNNNNNNNNNNNNNNNNNNNNN	TRAV1-2*00(709.1)		TRAJ20*00(459.7)		620|635|654|0|15||150.0		30|46|77|20|36||160.0		TGTGCTGTGAGAGATAGAGGCTACAAGCTCAGCTTT	45	CAVRDRGYKLSF	:::::::::0:1:15:::::20:-10:36:::
4323	264.0	1.0379063855617786E-4	1	1.1548677676406051E-4	TGTGCTGTGAATGAAGAGGCTCAACCCTGGGGAGGCTATACTTT	NNNNNNNNNNNNNNNNNNNNNNNNNNNNNNNNNNNNNNNNNNNN	TRAV21*00(459.8)		TRAJ18*00(609.8)		544|554|576|0|10||100.0		25|55|86|14|44||300.0		TGTGCTGTGAATGAAGAGGCTCAACCCTGGGGAGGCTATACTTT	45	CAVNEEA_TLGRLYF	:::::::::0:-2:10:::::14:-5:44:::
4785	264.0	1.0379063855617786E-4	1	1.1548677676406051E-4	TGTGCTACGCCTATTTCTTCTGGTTCTGCAAGGCAACTGACCTTT	NNNNNNNNNNNNNNNNNNNNNNNNNNNNNNNNNNNNNNNNNNNNN	TRAV17*00(889.6)		TRAJ22*00(609.8)		490|499|523|0|9||90.0		19|52|83|12|45||330.0		TGTGCTACGCCTATTTCTTCTGGTTCTGCAAGGCAACTGACCTTT	45	CATPISSGSARQLTF	:::::::::0:-4:9:::::12:1:45:::
17412	264.0	1.0379063855617786E-4	1	1.1548677676406051E-4	TGTGCAGTCTCTAGGTATGGAAGCCAAGGAAATCTCATCTTT	NNNNNNNNNNNNNNNNNNNNNNNNNNNNNNNNNNNNNNNNNN	TRAV13-2*00(519.4)		TRAJ42*00(539.2)		506|513|539|0|7||70.0		31|55|86|18|42||240.0		TGTGCAGTCTCTAGGTATGGAAGCCAAGGAAATCTCATCTTT	45	CAVSRYGSQGNLIF	:::::::::0:-6:7:::::18:-11:42:::
17772	264.0	1.0379063855617786E-4	1	1.1548677676406051E-4	TGTGCAGCAAGTAAAGCAGCGGAGACAAGCTGACTTTT	NNNNNNNNNNNNNNNNNNNNNNNNNNNNNNNNNNNNNN	TRAV13-1*00(988.5)		TRAJ46*00(549.5)		511|522|544|0|11||130.0		25|52|83|11|38|SA25T|271.0		TGTGCAGCAAGTAAAGCAGCGGAGACAAGCTGACTTTT	45	CAASKA_GDKLTF	:::::::::0:-2:11:::::11:-5:38:::
17853	264.0	1.0379063855617786E-4	1	1.1548677676406051E-4	TGTGCAGCAAGCGTAATCCTAGACCGGCACTGCCAGTAAACTCACCTTT	NNNNNNNNNNNNNNNNNNNNNNNNNNNNNNNNNNNNNNNNNNNNNNNNN	TRAV23/DV6*00(489.7)		TRAJ44*00(579.9)		517|529|550|0|12||120.0		25|52|83|22|49||270.0		TGTGCAGCAAGCGTAATCCTAGACCGGCACTGCCAGTAAACTCACCTTT	45	CAASVILD_GTASKLTF	:::::::::0:-1:12:::::22:-5:49:::
17984	264.0	1.0379063855617786E-4	1	1.1548677676406051E-4	TGTGCAGCAAGCATGGGGAGAGATGACAAGATCATCTTT	NNNNNNNNNNNNNNNNNNNNNNNNNNNNNNNNNNNNNNN	TRAV23/DV6*00(519.5)		TRAJ30*00(519.5)		517|532|550|0|15||150.0		25|46|77|18|39||210.0		TGTGCAGCAAGCATGGGGAGAGATGACAAGATCATCTTT	45	CAASMGRDDKIIF	:::::::::0:2:15:::::18:-5:39:::
18467	264.0	1.0379063855617786E-4	1	1.1548677676406051E-4	TGTGCAGAGAATTGGGTTTAGGGCTGGTGGTACTAGCTATGGAAAGCTGACATTT	NNNNNNNNNNNNNNNNNNNNNNNNNNNNNNNNNNNNNNNNNNNNNNNNNNNNNNN	TRAV13-2*00(569.3)		TRAJ52*00(629.5)		506|518|539|0|12||120.0		25|58|89|22|55||330.0		TGTGCAGAGAATTGGGTTTAGGGCTGGTGGTACTAGCTATGGAAAGCTGACATTT	45	CAENWV*GW_GTSYGKLTF	:::::::::0:-1:12:::::22:-5:55:::
18828	264.0	1.0379063855617786E-4	1	1.1548677676406051E-4	TGTGCAATGAGAAAGGGGGCTGGGAGTTACCAACTCACTTTC	NNNNNNNNNNNNNNNNNNNNNNNNNNNNNNNNNNNNNNNNNN	TRAV12-3*00(756.9)		TRAJ28*00(538.4)		562|573|595|0|11||110.0		28|55|86|15|42||270.0		TGTGCAATGAGAAAGGGGGCTGGGAGTTACCAACTCACTTTC	45	CAMRKGAGSYQLTF	:::::::::0:-2:11:::::15:-8:42:::
19108	264.0	1.0379063855617786E-4	1	1.1548677676406051E-4	TGCGCTGTGCCCCCCCCGGAACCAGGGAGGAAAGCTTATCTTC	NNNNNNNNNNNNNNNNNNNNNNNNNNNNNNNNNNNNNNNNNNN	TRAV1-1*00(660.3)		TRAJ23*00(510.5)		670|679|704|0|9||90.0		28|52|83|19|43||240.0		TGCGCTGTGCCCCCCCCGGAACCAGGGAGGAAAGCTTATCTTC	45	CAVPPPE_QGGKLIF	:::::::::0:-5:9:::::19:-8:43:::
646	263.0	1.0339749219801052E-4	2	2.3097355352812103E-4	TGTGCTGTCATCCGAGCAGGAGGAGGTGCTGACGGACTCACCTTT	[[[[[[[[[[[[[[[[[[[[[[[[[[[[[[[[[[[[[[[[[[[[[	TRAV41*00(769.6)		TRAJ45*00(594.5)		512|522|544|0|10||100.0		26|55|86|16|45||290.0		TGTGCTGTCATCCGAGCAGGAGGAGGTGCTGACGGACTCACCTTT	58	CAVIRAGGGADGLTF	:::::::::0:-2:10:::::16:-6:45:::
1569	263.0	1.0339749219801052E-4	1	1.1548677676406051E-4	TGTGTTCAACTATGGTCAGAATTTTGTCTTT	NNNNNNNNNNNNNNNNNNNNNNNNNNNNNNN	TRAV8-3*00(493.6)		TRAJ26*00(529.6)		455|459|489|0|4||40.0		25|49|80|7|31||240.0		TGTGTTCAACTATGGTCAGAATTTTGTCTTT	45	CVQLW_QNFVF	:::::::::0:-10:4:::::7:-5:31:::
1625	263.0	1.0339749219801052E-4	1	1.1548677676406051E-4	TGTGTTGTGAGCTTGGGAGGAAAGCTTATCTTC	NNNNNNNNNNNNNNNNNNNNNNNNNNNNNNNNN	TRAV8-2*00(625.3)		TRAJ23*00(460.6)		466|477|500|0|11||110.0		33|52|83|14|33||190.0		TGTGTTGTGAGCTTGGGAGGAAAGCTTATCTTC	45	CVVSLGGKLIF	:::::::::0:-3:11:::::14:-13:33:::
1910	263.0	1.0339749219801052E-4	1	1.1548677676406051E-4	TGTGTGGTGAACATGTGGAAAGAACCAGGGAGGAAAGCTTATCTTC	NNNNNNNNNNNNNNNNNNNNNNNNNNNNNNNNNNNNNNNNNNNNNN	TRAV12-1*00(640)		TRAJ23*00(541)		539|555|572|0|16||160.0		28|52|83|22|46||240.0		TGTGTGGTGAACATGTGGAAAGAACCAGGGAGGAAAGCTTATCTTC	45	CVVNMWKE_QGGKLIF	:::::::::0:3:16:::::22:-8:46:::
2597	263.0	1.0339749219801052E-4	1	1.1548677676406051E-4	TGTGCTCTGAGTCAGAAGTGGAGGTAGCAACTATAAACTGACATTT	NNNNNNNNNNNNNNNNNNNNNNNNNNNNNNNNNNNNNNNNNNNNNN	TRAV9-2*00(731.2)		TRAJ53*00(609.6)		480|492|514|0|12||120.0		25|55|86|16|46||300.0		TGTGCTCTGAGTCAGAAGTGGAGGTAGCAACTATAAACTGACATTT	45	CALSQKWR_SNYKLTF	:::::::::0:-2:12:::::16:-5:46:::
3967	263.0	1.0339749219801052E-4	1	1.1548677676406051E-4	TGTGCTGTGAGTGATCATGGGACTGGAGGCTTCAAAACTATCTTT	NNNNNNNNNNNNNNNNNNNNNNNNNNNNNNNNNNNNNNNNNNNNN	TRAV8-6*00(739.8)		TRAJ9*00(539.2)		448|465|482|0|17||170.0		26|50|81|21|45||240.0		TGTGCTGTGAGTGATCATGGGACTGGAGGCTTCAAAACTATCTTT	45	CAVSDHGTGGFKTIF	:::::::::0:3:17:::::21:-6:45:::
4220	263.0	1.0339749219801052E-4	1	1.1548677676406051E-4	TGTGCTGTGAGAGTCTTGAATCGCTCAGCGCTGGCAACAACCGTAAGCTGATTTGG	NNNNNNNNNNNNNNNNNNNNNNNNNNNNNNNNNNNNNNNNNNNNNNNNNNNNNNNN	TRAV3*00(609.3)		TRAJ38*00(569.4)		437|450|473|0|13||130.0		24|51|82|29|56||270.0		TGTGCTGTGAGAGTCTTGAATCGCTCAGCGCTGGCAACAACCGTAAGCTGATTTGG	45	CAVRVLNRS_AGNNRKLIW	:::::::::0:-3:13:::::29:-4:56:::
4546	263.0	1.0339749219801052E-4	1	1.1548677676406051E-4	TGTGCTGGGCTTCAGGATAGCAACTATCAGTTAATCTGG	NNNNNNNNNNNNNNNNNNNNNNNNNNNNNNNNNNNNNNN	TRAV35*00(910.7)		TRAJ33*00(539.9)		588|598|620|0|10||100.0		21|46|77|14|39||250.0		TGTGCTGGGCTTCAGGATAGCAACTATCAGTTAATCTGG	45	CAGLQDSNYQLIW	:::::::::0:-2:10:::::14:-1:39:::
6115	263.0	1.0339749219801052E-4	1	1.1548677676406051E-4	TGTGCCGTTTTTAATACCGGCACTGCCAGTAAACTCACCTTT	NNNNNNNNNNNNNNNNNNNNNNNNNNNNNNNNNNNNNNNNNN	TRAV39*00(719.1)		TRAJ44*00(611.1)		507|515|540|0|8||80.0		22|52|83|12|42||300.0		TGTGCCGTTTTTAATACCGGCACTGCCAGTAAACTCACCTTT	45	CAVFNTGTASKLTF	:::::::::0:-5:8:::::12:-2:42:::
6290	263.0	1.0339749219801052E-4	1	1.1548677676406051E-4	TGTGCCGTGATAGGCTTTGGGAATGTGCTGCATTGC	NNNNNNNNNNNNNNNNNNNNNNNNNNNNNNNNNNNN	TRAV8-1*00(569.6)		TRAJ35*00(589.8)		474|483|508|0|9||100.0		21|48|79|9|36||280.0		TGTGCCGTGATAGGCTTTGGGAATGTGCTGCATTGC	45	CAVIGFGNVLHC	:::::::::0:-5:9:::::9:-1:36:::
17350	263.0	1.0339749219801052E-4	1	1.1548677676406051E-4	TGTGCGGATTTATCTAACTTTGGAAATGAGAAATTAACCTTT	NNNNNNNNNNNNNNNNNNNNNNNNNNNNNNNNNNNNNNNNNN	TRAV27*00(605.4)		TRAJ48*00(640.7)		552|557|582|0|5||50.0		16|52|83|6|42|SA19T|331.0		TGTGCGGATTTATCTAACTTTGGAAATGAGAAATTAACCTTT	45	CADLSNFGNEKLTF	:::::::::0:-5:5:::::6:4:42:::
17394	263.0	1.0339749219801052E-4	1	1.1548677676406051E-4	TGTGCACGGAAGGGGGCCACGGCTGGCAACAACCGTAAGCTGATTTGG	NNNNNNNNNNNNNNNNNNNNNNNNNNNNNNNNNNNNNNNNNNNNNNNN	TRAV29/DV5*00(469.5)		TRAJ38*00(570)		529|535|562|0|6||60.0		24|51|82|21|48||270.0		TGTGCACGGAAGGGGGCCACGGCTGGCAACAACCGTAAGCTGATTTGG	45	CARKGATAGNNRKLIW	:::::::::0:-7:6:::::21:-4:48:::
17595	263.0	1.0339749219801052E-4	1	1.1548677676406051E-4	TGTGCAGCAATCGCTTCCAAGATAATCTTT	NNNNNNNNNNNNNNNNNNNNNNNNNNNNNN	TRAV13-1*00(579.7)		TRAJ3*00(479.4)		511|521|544|0|10||100.0		33|51|82|12|30||180.0		TGTGCAGCAATCGCTTCCAAGATAATCTTT	45	CAAIASKIIF	:::::::::0:-3:10:::::12:-13:30:::
18386	263.0	1.0339749219801052E-4	1	1.1548677676406051E-4	TGTGCAGAGATTAAGAACACCGGTAACCAGTTCTATTTT	NNNNNNNNNNNNNNNNNNNNNNNNNNNNNNNNNNNNNNN	TRAV13-2*00(550.5)		TRAJ49*00(549.8)		506|519|539|0|13|SA516T|101.0		20|45|76|14|39||250.0		TGTGCAGAGATTAAGAACACCGGTAACCAGTTCTATTTT	45	CAEIKNTGNQFYF	:::::::::0:0:13:::::14:0:39:::
19156	263.0	1.0339749219801052E-4	1	1.1548677676406051E-4	TGCGCTGTGAGAGATGGAAAGGGCAGGAGAGCACTTACTTTT	NNNNNNNNNNNNNNNNNNNNNNNNNNNNNNNNNNNNNNNNNN	TRAV1-1*00(720.9)		TRAJ5*00(519.7)		670|685|704|0|15||150.0		27|49|80|20|42||220.0		TGCGCTGTGAGAGATGGAAAGGGCAGGAGAGCACTTACTTTT	45	CAVRDGKGRRALTF	:::::::::0:1:15:::::20:-7:42:::
20338	263.0	1.0339749219801052E-4	1	1.1548677676406051E-4	TGCATCGTCATGATCTCCGGGCCAGAAGCTGCTCTTT	NNNNNNNNNNNNNNNNNNNNNNNNNNNNNNNNNNNNN	TRAV26-1*00(589.9)		TRAJ16*00(450.6)		763|773|799|0|10||100.0		31|49|80|19|37||180.0		TGCATCGTCATGATCTCCGGGCCAGAAGCTGCTCTTT	45	CIVMIS_GQKLLF	:::::::::0:-6:10:::::19:-11:37:::
21346	263.0	1.0339749219801052E-4	1	1.1548677676406051E-4	TGAGGAAAGCTTATCTTC	NNNNNNNNNNNNNNNNNN	TRAV8-3*00(477)		TRAJ23*00(479.8)		455|457|489|0|2||20.0		36|52|83|2|18||170.0		TGAGGAAAGCTTATCTTC	45	*GKLIF	:::::::::0:-12:2:::::2:-16:18:::
1516	262.0	1.0300434583984318E-4	1	1.1548677676406051E-4	TGTTGTCTTTCTGGTTCTGCAAGGCAACTGACCTTT	NNNNNNNNNNNNNNNNNNNNNNNNNNNNNNNNNNNN	TRAV6*00(399.8)		TRAJ22*00(589.5)		535|538|568|0|3||30.0		24|52|83|8|36||280.0		TGTTGTCTTTCTGGTTCTGCAAGGCAACTGACCTTT	45	CCLSGSARQLTF	:::::::::0:-10:3:::::8:-4:36:::
2022	262.0	1.0300434583984318E-4	1	1.1548677676406051E-4	TGTGCTTTCGGGGATAGCAACTATCAGTTAATCTGG	NNNNNNNNNNNNNNNNNNNNNNNNNNNNNNNNNNNN	TRAV38-1*00(549.9)		TRAJ33*00(539.2)		596|605|633|0|9||90.0		21|46|77|11|36||250.0		TGTGCTTTCGGGGATAGCAACTATCAGTTAATCTGG	45	CAFGDSNYQLIW	:::::::::0:-8:9:::::11:-1:36:::
2065	262.0	1.0300434583984318E-4	1	1.1548677676406051E-4	TGTGCTTTCATGAAGCATCGGTCCGGGGCTGGGAGTTACCAACTCACTTTC	NNNNNNNNNNNNNNNNNNNNNNNNNNNNNNNNNNNNNNNNNNNNNNNNNNN	TRAV38-1*00(639.6)		TRAJ28*00(561)		596|614|633|0|18||180.0		25|55|86|21|51|ST27C|271.0		TGTGCTTTCATGAAGCATCGGTCCGGGGCTGGGAGTTACCAACTCACTTTC	45	CAFMKHRSGAGSYQLTF	:::::::::0:1:18:::::21:-5:51:::
2163	262.0	1.0300434583984318E-4	1	1.1548677676406051E-4	TGTGCTTATCTAAGTTACAATAACAATGACATGCGCTTT	NNNNNNNNNNNNNNNNNNNNNNNNNNNNNNNNNNNNNNN	TRAV38-2/DV8*00(549.4)		TRAJ43*00(539.3)		602|611|638|0|9||90.0		19|43|74|15|39||240.0		TGTGCTTATCTAAGTTACAATAACAATGACATGCGCTTT	45	CAYLSYNNNDMRF	:::::::::0:-7:9:::::15:1:39:::
4060	262.0	1.0300434583984318E-4	1	1.1548677676406051E-4	TGTGCTGTGAGTATCGTATTCCGGGTATGCACTCAACTTC	NNNNNNNNNNNNNNNNNNNNNNNNNNNNNNNNNNNNNNNN	TRAV1-2*00(669.8)		TRAJ41*00(489.6)		620|631|654|0|11||110.0		28|51|82|17|40||230.0		TGTGCTGTGAGTATCGTATTCCGGGTATGCACTCAACTTC	45	CAVSIVF_GYALNF	:::::::::0:-3:11:::::17:-8:40:::
4488	262.0	1.0300434583984318E-4	1	1.1548677676406051E-4	TGTGCTGCAGGTCTCCCGGAGATCAGGAGGAGGTGCTGACGGACTCACCTTT	NNNNNNNNNNNNNNNNNNNNNNNNNNNNNNNNNNNNNNNNNNNNNNNNNNNN	TRAV8-5*00(625.5)		TRAJ45*00(609.6)		1528|1540|1562|0|12||120.0		25|55|86|22|52||300.0		TGTGCTGCAGGTCTCCCGGAGATCAGGAGGAGGTGCTGACGGACTCACCTTT	45	CAAGLPEIR_GGADGLTF	:::::::::0:-2:12:::::22:-5:52:::
5014	262.0	1.0300434583984318E-4	1	1.1548677676406051E-4	TGTGCCTTTACCTCAGGAACCTACAAATACATCTTT	NNNNNNNNNNNNNNNNNNNNNNNNNNNNNNNNNNNN	TRAV24*00(999.7)		TRAJ40*00(549.5)		515|524|545|0|9||100.0		23|50|81|9|36||280.0		TGTGCCTTTACCTCAGGAACCTACAAATACATCTTT	45	CAFTSGTYKYIF	:::::::::0:-1:9:::::9:-3:36:::
17745	262.0	1.0300434583984318E-4	1	1.1548677676406051E-4	TGTGCAGCAAGTAGATTATGGTGGTGCTACAAACAAGCTCATCTTT	NNNNNNNNNNNNNNNNNNNNNNNNNNNNNNNNNNNNNNNNNNNNNN	TRAV13-1*00(609.8)		TRAJ32*00(619.6)		511|524|544|0|13||130.0		23|55|86|14|46||320.0		TGTGCAGCAAGTAGATTATGGTGGTGCTACAAACAAGCTCATCTTT	45	CAASRLWW_ATNKLIF	:::::::::0:0:13:::::14:-3:46:::
17905	262.0	1.0300434583984318E-4	1	1.1548677676406051E-4	TGTGCAGCAAGCGCAGTTATTCTCCCCTCGGGGTAACCAGTTCTATTTT	NNNNNNNNNNNNNNNNNNNNNNNNNNNNNNNNNNNNNNNNNNNNNNNNN	TRAV29/DV5*00(549.6)		TRAJ49*00(479)		529|543|562|0|14||140.0		27|45|76|31|49||180.0		TGTGCAGCAAGCGCAGTTATTCTCCCCTCGGGGTAACCAGTTCTATTTT	45	CAASAVIL_PRGNQFYF	:::::::::0:1:14:::::31:-7:49:::
18082	262.0	1.0300434583984318E-4	1	1.1548677676406051E-4	TGTGCAGCAAACGACGCCAGACTCATGTTT	NNNNNNNNNNNNNNNNNNNNNNNNNNNNNN	TRAV29/DV5*00(550.6)		TRAJ31*00(456)		529|540|562|0|11|SG539A|101.0		27|46|77|11|30|SA28GST30C|152.0		TGTGCAGCAAACGACGCCAGACTCATGTTT	45	CAANDARLMF	:::::::::0:-2:11:::::11:-7:30:::
18229	262.0	1.0300434583984318E-4	1	1.1548677676406051E-4	TGTGCAGGACTCCGGTTCGATGACATGCGCTTT	NNNNNNNNNNNNNNNNNNNNNNNNNNNNNNNNN	TRAV27*00(613.7)		TRAJ43*00(439.6)		552|561|582|0|9||90.0		29|43|74|19|33||140.0		TGTGCAGGACTCCGGTTCGATGACATGCGCTTT	45	CAGLRFDDMRF	:::::::::0:-1:9:::::19:-9:33:::
18280	262.0	1.0300434583984318E-4	1	1.1548677676406051E-4	TGTGCAGGAGGTTTGCTACGAACACCGGTAACCAGTTCTATTTT	NNNNNNNNNNNNNNNNNNNNNNNNNNNNNNNNNNNNNNNNNNNN	TRAV27*00(641.4)		TRAJ49*00(559.3)		552|562|582|0|10||100.0		19|45|76|18|44||260.0		TGTGCAGGAGGTTTGCTACGAACACCGGTAACCAGTTCTATTTT	45	CAGGLLR_TGNQFYF	:::::::::0:0:10:::::18:1:44:::
19153	262.0	1.0300434583984318E-4	1	1.1548677676406051E-4	TGCGCTGTGAGAGATCCGATGGCCAGAAGCTGCTCTTT	NNNNNNNNNNNNNNNNNNNNNNNNNNNNNNNNNNNNNN	TRAV1-1*00(729.7)		TRAJ16*00(481.3)		670|685|704|0|15||160.0		26|49|80|15|38|SA27C|211.0		TGCGCTGTGAGAGATCCGATGGCCAGAAGCTGCTCTTT	45	CAVRDP_GQKLLF	:::::::::0:1:15:::::15:-6:38:::
20370	262.0	1.0300434583984318E-4	1	1.1548677676406051E-4	TGCATCGTCAGAGTTTCGCGTAGGGGCAAACAACCTCTTCTTT	NNNNNNNNNNNNNNNNNNNNNNNNNNNNNNNNNNNNNNNNNNN	TRAV26-1*00(629.9)		TRAJ36*00(393.5)		763|777|799|0|14||140.0		27|48|79|22|43||210.0		TGCATCGTCAGAGTTTCGCGTAGGGGCAAACAACCTCTTCTTT	45	CIVRVSR_GANNLFF	:::::::::0:-2:14:::::22:-7:43:::
20408	262.0	1.0300434583984318E-4	1	1.1548677676406051E-4	TGCATCGTCAGAGTCGCAAAGAAACTCAAATTCCGGGTATGCACTCAACTTC	NNNNNNNNNNNNNNNNNNNNNNNNNNNNNNNNNNNNNNNNNNNNNNNNNNNN	TRAV26-1*00(659.1)		TRAJ41*00(559.8)		763|780|799|0|17||170.0		21|51|82|22|52||300.0		TGCATCGTCAGAGTCGCAAAGAAACTCAAATTCCGGGTATGCACTCAACTTC	45	CIVRVAKKL_NSGYALNF	:::::::::0:1:17:::::22:-1:52:::
1525	261.0	1.0261119948167584E-4	1	1.1548677676406051E-4	TGTCTTCTGGGTTAACCTAACGACTACAAGCTCAGCTTT	NNNNNNNNNNNNNNNNNNNNNNNNNNNNNNNNNNNNNNN	TRAV40*00(888.9)		TRAJ20*00(529.3)		436|447|470|0|11||110.0		23|46|77|16|39||230.0		TGTCTTCTGGGTTAACCTAACGACTACAAGCTCAGCTTT	45	CLLG*PNDYKLSF	:::::::::0:-3:11:::::16:-3:39:::
2027	261.0	1.0261119948167584E-4	1	1.1548677676406051E-4	TGTGCTTTCATTATCTGATCAGGAGGAAGCTACATACCTACATTT	NNNNNNNNNNNNNNNNNNNNNNNNNNNNNNNNNNNNNNNNNNNNN	TRAV38-1*00(569.7)		TRAJ6*00(589.7)		596|607|633|0|11||110.0		23|51|82|17|45||280.0		TGTGCTTTCATTATCTGATCAGGAGGAAGCTACATACCTACATTT	45	CAFII*SGGSYIPTF	:::::::::0:-6:11:::::17:-3:45:::
2062	261.0	1.0261119948167584E-4	1	1.1548677676406051E-4	TGTGCTTTCATGAAGCCATCACCGGCACTGCCAGTAAACTCACCTTT	NNNNNNNNNNNNNNNNNNNNNNNNNNNNNNNNNNNNNNNNNNNNNNN	TRAV38-1*00(619.9)		TRAJ44*00(579.7)		596|612|633|0|16||160.0		25|52|83|20|47||270.0		TGTGCTTTCATGAAGCCATCACCGGCACTGCCAGTAAACTCACCTTT	45	CAFMKPSP_TASKLTF	:::::::::0:-1:16:::::20:-5:47:::
2886	261.0	1.0261119948167584E-4	1	1.1548677676406051E-4	TGTGCTCTGAAGGCGCAGGCAACATGCTCACCTTT	NNNNNNNNNNNNNNNNNNNNNNNNNNNNNNNNNNN	TRAV9-2*00(709.6)		TRAJ39*00(519.4)		480|490|514|0|10||100.0		31|52|83|14|35||210.0		TGTGCTCTGAAGGCGCAGGCAACATGCTCACCTTT	45	CALKAQ_NMLTF	:::::::::0:-4:10:::::14:-11:35:::
3443	261.0	1.0261119948167584E-4	1	1.1548677676406051E-4	TGTGCTGTGCAGGCGGGTATGGTCAGAATTTTGTCTTT	NNNNNNNNNNNNNNNNNNNNNNNNNNNNNNNNNNNNNN	TRAV20*00(549.9)		TRAJ26*00(499.9)		498|512|531|0|14||140.0		28|49|80|17|38||210.0		TGTGCTGTGCAGGCGGGTATGGTCAGAATTTTGTCTTT	45	CAVQAG_GQNFVF	:::::::::0:1:14:::::17:-8:38:::
3504	261.0	1.0261119948167584E-4	1	1.1548677676406051E-4	TGTGCTGTGGTAAGTAATGCAGGCAACATGCTCACCTTT	NNNNNNNNNNNNNNNNNNNNNNNNNNNNNNNNNNNNNNN	TRAV36/DV7*00(619.1)		TRAJ39*00(559.1)		500|510|533|0|10||100.0		27|52|83|14|39||250.0		TGTGCTGTGGTAAGTAATGCAGGCAACATGCTCACCTTT	45	CAVVSNAGNMLTF	:::::::::0:-3:10:::::14:-7:39:::
3570	261.0	1.0261119948167584E-4	1	1.1548677676406051E-4	TGTGCTGTGGGTGCGCCCAATGCAGGCAAATCAACCTTT	NNNNNNNNNNNNNNNNNNNNNNNNNNNNNNNNNNNNNNN	TRAV8-3*00(650.4)		TRAJ27*00(519.7)		455|471|489|0|16||160.0		25|48|79|16|39||230.0		TGTGCTGTGGGTGCGCCCAATGCAGGCAAATCAACCTTT	45	CAVGAPNAGKSTF	:::::::::0:2:16:::::16:-5:39:::
3696	261.0	1.0261119948167584E-4	1	1.1548677676406051E-4	TGTGCTGTGGAGCGAGGGCAACTATCAGTTAATCTGG	NNNNNNNNNNNNNNNNNNNNNNNNNNNNNNNNNNNNN	TRAV22*00(569.7)		TRAJ33*00(489.3)		526|540|559|0|14||140.0		26|46|77|17|37||200.0		TGTGCTGTGGAGCGAGGGCAACTATCAGTTAATCTGG	45	CAVERG_NYQLIW	:::::::::0:1:14:::::17:-6:37:::
4588	261.0	1.0261119948167584E-4	1	1.1548677676406051E-4	TGTGCTGGGCGGGGCAACACAGGCAAACTAATCTTT	NNNNNNNNNNNNNNNNNNNNNNNNNNNNNNNNNNNN	TRAV35*00(489.8)		TRAJ37*00(549.7)		588|598|620|0|10||100.0		27|51|82|12|36||240.0		TGTGCTGGGCGGGGCAACACAGGCAAACTAATCTTT	45	CAGRGNTGKLIF	:::::::::0:-2:10:::::12:-7:36:::
5023	261.0	1.0261119948167584E-4	1	1.1548677676406051E-4	TGTGCCTTTAGGGGATACAGCACCCTCACCTTT	NNNNNNNNNNNNNNNNNNNNNNNNNNNNNNNNN	TRAV20*00(459.8)		TRAJ11*00(519.8)		498|503|531|0|5||50.0		28|49|80|12|33||210.0		TGTGCCTTTAGGGGATACAGCACCCTCACCTTT	45	CAFRGYSTLTF	:::::::::0:-8:5:::::12:-8:33:::
5996	261.0	1.0261119948167584E-4	1	1.1548677676406051E-4	TGTGCCCCTTATAACTATGGTCAGAATTTTGTCTTT	NNNNNNNNNNNNNNNNNNNNNNNNNNNNNNNNNNNN	TRAV23/DV6*00(361.6)		TRAJ26*00(548.8)		517|522|550|0|5||50.0		23|49|80|10|36||260.0		TGTGCCCCTTATAACTATGGTCAGAATTTTGTCTTT	45	CAPYNYGQNFVF	:::::::::0:-8:5:::::10:-3:36:::
6182	261.0	1.0261119948167584E-4	1	1.1548677676406051E-4	TGTGCCGTGCCCCGGCACTCAACTTC	NNNNNNNNNNNNNNNNNNNNNNNNNN	TRAV12-2*00(720.7)		TRAJ41*00(379.2)		551|560|584|0|9||90.0		39|51|82|14|26||120.0		TGTGCCGTGCCCCGGCACTCAACTTC	45	CAVP_ALNF	:::::::::0:-4:9:::::14:-19:26:::
17301	261.0	1.0261119948167584E-4	1	1.1548677676406051E-4	TGTGCCAAGGGAGCCCAGAAGCTGGTATTT	NNNNNNNNNNNNNNNNNNNNNNNNNNNNNN	TRAV27*00(607.4)		TRAJ54*00(519.4)		552|557|582|0|5||50.0		26|49|80|7|30||230.0		TGTGCCAAGGGAGCCCAGAAGCTGGTATTT	45	CAKGAQKLVF	:::::::::0:-5:5:::::7:-6:30:::
17940	261.0	1.0261119948167584E-4	1	1.1548677676406051E-4	TGTGCAGCAAGCGGACCTAATGGATAGCAACTATCAGTTAATCTGG	NNNNNNNNNNNNNNNNNNNNNNNNNNNNNNNNNNNNNNNNNNNNNN	TRAV23/DV6*00(489.4)		TRAJ33*00(559.7)		517|529|550|0|12||120.0		19|46|77|19|46||270.0		TGTGCAGCAAGCGGACCTAATGGATAGCAACTATCAGTTAATCTGG	45	CAASGPNG_SNYQLIW	:::::::::0:-1:12:::::19:1:46:::
17949	261.0	1.0261119948167584E-4	1	1.1548677676406051E-4	TGTGCAGCAAGCGATATTCAGGGAGCCCAGAAGCTGGTATTT	NNNNNNNNNNNNNNNNNNNNNNNNNNNNNNNNNNNNNNNNNN	TRAV29/DV5*00(539.9)		TRAJ54*00(559.2)		529|542|562|0|13||130.0		22|49|80|15|42||270.0		TGTGCAGCAAGCGATATTCAGGGAGCCCAGAAGCTGGTATTT	45	CAASDIQGAQKLVF	:::::::::0:0:13:::::15:-2:42:::
18332	261.0	1.0261119948167584E-4	1	1.1548677676406051E-4	TGTGCAGACCTCATACTCTGGGGCTGGGAGTTACCAACTCACTTTC	NNNNNNNNNNNNNNNNNNNNNNNNNNNNNNNNNNNNNNNNNNNNNN	TRAV13-2*00(529.9)		TRAJ28*00(639.9)		506|514|539|0|8||80.0		20|55|86|11|46||350.0		TGTGCAGACCTCATACTCTGGGGCTGGGAGTTACCAACTCACTTTC	45	CADLILWG_GSYQLTF	:::::::::0:-5:8:::::11:0:46:::
18527	261.0	1.0261119948167584E-4	1	1.1548677676406051E-4	TGTGCAGAGAAAAGGTCAAATGGCCAGAAGCTGCTCTTT	NNNNNNNNNNNNNNNNNNNNNNNNNNNNNNNNNNNNNNN	TRAV5*00(459.8)		TRAJ16*00(482)		523|533|556|0|10||100.0		25|49|80|15|39|SG28A|211.0		TGTGCAGAGAAAAGGTCAAATGGCCAGAAGCTGCTCTTT	45	CAEKRSNGQKLLF	:::::::::0:-3:10:::::15:-5:39:::
18723	261.0	1.0261119948167584E-4	1	1.1548677676406051E-4	TGTGCAATGAGAGAGTTAAGGTGGTGCTACAAACAAGCTCATCTTT	NNNNNNNNNNNNNNNNNNNNNNNNNNNNNNNNNNNNNNNNNNNNNN	TRAV14/DV4*00(510.2)		TRAJ32*00(581.5)		517|531|554|0|14||150.0		23|55|86|14|46|SA23GST27A|282.0		TGTGCAATGAGAGAGTTAAGGTGGTGCTACAAACAAGCTCATCTTT	45	CAMRELRW_ATNKLIF	:::::::::0:-3:14:::::14:-3:46:::
19095	261.0	1.0261119948167584E-4	1	1.1548677676406051E-4	TGCGCTCCTAAGGGGCCAGACTCATGTTT	NNNNNNNNNNNNNNNNNNNNNNNNNNNNN	TRAV1-1*00(630.2)		TRAJ31*00(449.6)		670|676|704|0|6||60.0		31|46|77|14|29||150.0		TGCGCTCCTAAGGGGCCAGACTCATGTTT	45	CAPKG_RLMF	:::::::::0:-8:6:::::14:-11:29:::
20159	261.0	1.0261119948167584E-4	1	1.1548677676406051E-4	TGCGGCACGGACTCTTCTGGTTCTGCAAGGCAACTGACCTTT	NNNNNNNNNNNNNNNNNNNNNNNNNNNNNNNNNNNNNNNNNN	TRAV30*00(450.2)		TRAJ22*00(580.4)		567|578|600|0|11|SA575G|81.0		22|52|83|12|42||300.0		TGCGGCACGGACTCTTCTGGTTCTGCAAGGCAACTGACCTTT	45	CGTDSSGSARQLTF	:::::::::0:-2:11:::::12:-2:42:::
1514	260.0	1.022180531235085E-4	1	1.1548677676406051E-4	TGTTCGGGGGGTAAGGGGGACCGACAAGCTCATCTTT	NNNNNNNNNNNNNNNNNNNNNNNNNNNNNNNNNNNNN	TRAV23/DV6*00(399.6)		TRAJ34*00(480)		517|520|550|0|3||30.0		29|47|78|19|37||180.0		TGTTCGGGGGGTAAGGGGGACCGACAAGCTCATCTTT	45	CSGGKG_TDKLIF	:::::::::0:-10:3:::::19:-9:37:::
1562	260.0	1.022180531235085E-4	1	1.1548677676406051E-4	TGTGTTTCTTAAACCAGGCAGGAACTGCTCTGATCTTT	NNNNNNNNNNNNNNNNNNNNNNNNNNNNNNNNNNNNNN	TRAV1-2*00(599.6)		TRAJ15*00(579.3)		620|624|654|0|4||40.0		22|49|80|11|38||270.0		TGTGTTTCTTAAACCAGGCAGGAACTGCTCTGATCTTT	45	CVS*TR_GTALIF	:::::::::0:-10:4:::::11:-2:38:::
2051	260.0	1.022180531235085E-4	1	1.1548677676406051E-4	TGTGCTTTCATGAAGCTTACCAATGCAGGCAAATCAACCTTT	NNNNNNNNNNNNNNNNNNNNNNNNNNNNNNNNNNNNNNNNNN	TRAV38-1*00(619.8)		TRAJ27*00(529.7)		596|612|633|0|16||160.0		24|48|79|18|42||240.0		TGTGCTTTCATGAAGCTTACCAATGCAGGCAAATCAACCTTT	45	CAFMKLTNAGKSTF	:::::::::0:-1:16:::::18:-4:42:::
2440	260.0	1.022180531235085E-4	1	1.1548677676406051E-4	TGTGCTCTTACTATTTT	NNNNNNNNNNNNNNNNN	TRAV9-2*00(689.8)		TRAJ49*00(369.6)		480|488|514|0|8||80.0		38|45|76|10|17||70.0		TGTGCTCTTACTATTTT	45	CAL_YF	:::::::::0:-6:8:::::10:-18:17:::
2871	260.0	1.022180531235085E-4	1	1.1548677676406051E-4	TGTGCTCTGAATGCTGGCAACAACCGTAAGCTGATTTGG	NNNNNNNNNNNNNNNNNNNNNNNNNNNNNNNNNNNNNNN	TRAV9-2*00(725.7)		TRAJ38*00(588.8)		480|491|514|0|11|SG490A|101.0		23|51|82|11|39||300.0		TGTGCTCTGAATGCTGGCAACAACCGTAAGCTGATTTGG	45	CALNAGNNRKLIW	:::::::::0:-3:11:::::11:-3:39:::
3396	260.0	1.022180531235085E-4	1	1.1548677676406051E-4	TGTGCTGTGCCGTTGCATCAGGAGGAAGCTACATACCTACATTT	NNNNNNNNNNNNNNNNNNNNNNNNNNNNNNNNNNNNNNNNNNNN	TRAV21*00(449.9)		TRAJ6*00(619.8)		544|553|576|0|9||90.0		20|51|82|13|44||310.0		TGTGCTGTGCCGTTGCATCAGGAGGAAGCTACATACCTACATTT	45	CAVPLHQ_GSYIPTF	:::::::::0:-3:9:::::13:0:44:::
3469	260.0	1.022180531235085E-4	1	1.1548677676406051E-4	TGTGCTGTGCAGGAAAGCTGCAGGCAACAAGCTAACTTTT	NNNNNNNNNNNNNNNNNNNNNNNNNNNNNNNNNNNNNNNN	TRAV20*00(538.9)		TRAJ17*00(569.9)		498|511|531|0|13||130.0		25|52|83|13|40||270.0		TGTGCTGTGCAGGAAAGCTGCAGGCAACAAGCTAACTTTT	45	CAVQESC_GNKLTF	:::::::::0:0:13:::::13:-5:40:::
4177	260.0	1.022180531235085E-4	1	1.1548677676406051E-4	TGTGCTGTGAGGGATGGATAGCAGCTATAAATTGATCTTC	NNNNNNNNNNNNNNNNNNNNNNNNNNNNNNNNNNNNNNNN	TRAV1-2*00(680.9)		TRAJ12*00(559.8)		620|633|654|0|13|SA631G|121.0		22|49|80|13|40||290.0		TGTGCTGTGAGGGATGGATAGCAGCTATAAATTGATCTTC	45	CAVRDG*_SYKLIF	:::::::::0:-1:13:::::13:-2:40:::
4698	260.0	1.022180531235085E-4	1	1.1548677676406051E-4	TGTGCTGGGGCCGTGGTACTAGCTATGGAAAGCTGACATTT	NNNNNNNNNNNNNNNNNNNNNNNNNNNNNNNNNNNNNNNNN	TRAV9-2*00(669.6)		TRAJ52*00(589)		480|486|514|0|6||60.0		29|58|89|12|41||290.0		TGTGCTGGGGCCGTGGTACTAGCTATGGAAAGCTGACATTT	45	CAGAVVL_YGKLTF	:::::::::0:-8:6:::::12:-9:41:::
5037	260.0	1.022180531235085E-4	1	1.1548677676406051E-4	TGTGCCTTCTATCTTC	NNNNNNNNNNNNNNNN	TRAV3*00(529.8)		TRAJ23*00(380)		437|442|473|0|5||50.0		45|52|83|9|16||70.0		TGTGCCTTCTATCTTC	45	CAF_IF	:::::::::0:-11:5:::::9:-25:16:::
6286	260.0	1.022180531235085E-4	1	1.1548677676406051E-4	TGTGCCGTGATGGATAGCAACTATCAGTTAATCTGG	NNNNNNNNNNNNNNNNNNNNNNNNNNNNNNNNNNNN	TRAV12-2*00(499.7)		TRAJ33*00(559.2)		551|561|584|0|10||100.0		20|46|77|10|36||270.0		TGTGCCGTGATGGATAGCAACTATCAGTTAATCTGG	45	CAVMDSNYQLIW	:::::::::0:-3:10:::::10:0:36:::
6418	260.0	1.022180531235085E-4	1	1.1548677676406051E-4	TGTGCCGTGAACAATGCAGGCAAATCAACCTTT	NNNNNNNNNNNNNNNNNNNNNNNNNNNNNNNNN	TRAV12-2*00(785.8)		TRAJ27*00(509.9)		551|563|584|0|12||130.0		27|48|79|12|33||220.0		TGTGCCGTGAACAATGCAGGCAAATCAACCTTT	45	CAVNNAGKSTF	:::::::::0:-1:12:::::12:-7:33:::
17606	260.0	1.022180531235085E-4	1	1.1548677676406051E-4	TGTGCAGCAATAATAACACCGACAAGCTCATCTTT	NNNNNNNNNNNNNNNNNNNNNNNNNNNNNNNNNNN	TRAV29/DV5*00(509.6)		TRAJ34*00(529.3)		529|539|562|0|10||100.0		24|47|78|12|35||230.0		TGTGCAGCAATAATAACACCGACAAGCTCATCTTT	45	CAAIIT_DKLIF	:::::::::0:-3:10:::::12:-4:35:::
17640	260.0	1.022180531235085E-4	1	1.1548677676406051E-4	TGTGCAGCAACGGGAAACTTCAACAAATTTTACTTT	NNNNNNNNNNNNNNNNNNNNNNNNNNNNNNNNNNNN	TRAV29/DV5*00(509.6)		TRAJ21*00(519.7)		529|539|562|0|10||100.0		23|44|75|15|36||210.0		TGTGCAGCAACGGGAAACTTCAACAAATTTTACTTT	45	CAATGNFNKFYF	:::::::::0:-3:10:::::15:-3:36:::
18230	260.0	1.022180531235085E-4	1	1.1548677676406051E-4	TGTGCAGGACCTCTGGGGGCTGCAGGCAACAAGCTAACTTTT	NNNNNNNNNNNNNNNNNNNNNNNNNNNNNNNNNNNNNNNNNN	TRAV27*00(642.1)		TRAJ17*00(538.7)		552|565|582|0|13|SG561C|101.0		28|52|83|18|42||240.0		TGTGCAGGACCTCTGGGGGCTGCAGGCAACAAGCTAACTTTT	45	CAGPLGAAGNKLTF	:::::::::0:3:13:::::18:-8:42:::
18686	260.0	1.022180531235085E-4	1	1.1548677676406051E-4	TGTGCAATGAGACTCACGGGAGGAGGAAACAAACTCACCTTT	NNNNNNNNNNNNNNNNNNNNNNNNNNNNNNNNNNNNNNNNNN	TRAV12-3*00(753.2)		TRAJ10*00(587.3)		562|573|595|0|11||110.0		22|53|84|11|42||310.0		TGTGCAATGAGACTCACGGGAGGAGGAAACAAACTCACCTTT	45	CAMRLTGGGNKLTF	:::::::::0:-2:11:::::11:-2:42:::
2050	259.0	1.0182490676534116E-4	1	1.1548677676406051E-4	TGTGCTTTCATGAAGTAACCAGGGAGCCCAGAAGCTGGTATTT	NNNNNNNNNNNNNNNNNNNNNNNNNNNNNNNNNNNNNNNNNNN	TRAV38-1*00(609.6)		TRAJ54*00(529.3)		596|611|633|0|15||150.0		25|49|80|19|43||240.0		TGTGCTTTCATGAAGTAACCAGGGAGCCCAGAAGCTGGTATTT	45	CAFMK*P_GAQKLVF	:::::::::0:-2:15:::::19:-5:43:::
2592	259.0	1.0182490676534116E-4	1	1.1548677676406051E-4	TGTGCTCTGAGTCCACCCCGCACAGGCTTTCAGAAACTTGTATTT	NNNNNNNNNNNNNNNNNNNNNNNNNNNNNNNNNNNNNNNNNNNNN	TRAV9-2*00(729.9)		TRAJ8*00(539.7)		480|492|514|0|12||120.0		24|49|80|20|45||250.0		TGTGCTCTGAGTCCACCCCGCACAGGCTTTCAGAAACTTGTATTT	45	CALSPPRTGFQKLVF	:::::::::0:-2:12:::::20:-4:45:::
2981	259.0	1.0182490676534116E-4	1	1.1548677676406051E-4	TGTGCTCTAAGTGGCCGGAATTATGGAGGAAGCCAAGGAAATCTCATCTTT	NNNNNNNNNNNNNNNNNNNNNNNNNNNNNNNNNNNNNNNNNNNNNNNNNNN	TRAV16*00(1028)		TRAJ42*00(598.8)		449|465|483|0|16||160.0		21|55|86|17|51||340.0		TGTGCTCTAAGTGGCCGGAATTATGGAGGAAGCCAAGGAAATCTCATCTTT	45	CALSGRNYGGSQGNLIF	:::::::::0:2:16:::::17:-1:51:::
3358	259.0	1.0182490676534116E-4	1	1.1548677676406051E-4	TGTGCTGTGTTAAAATCCGGGTATGCACTCAACTTC	NNNNNNNNNNNNNNNNNNNNNNNNNNNNNNNNNNNN	TRAV21*00(589)		TRAJ41*00(480.8)		544|553|576|0|9||90.0		26|51|82|11|36|ST29A|221.0		TGTGCTGTGTTAAAATCCGGGTATGCACTCAACTTC	45	CAVLKSGYALNF	:::::::::0:-3:9:::::11:-6:36:::
3373	259.0	1.0182490676534116E-4	1	1.1548677676406051E-4	TGTGCTGTGTATTGGGGAGGCTTTGGGAATGTGCTGCATTGC	NNNNNNNNNNNNNNNNNNNNNNNNNNNNNNNNNNNNNNNNNN	TRAV36/DV7*00(580.9)		TRAJ35*00(549.7)		500|509|533|0|9||90.0		23|48|79|17|42||250.0		TGTGCTGTGTATTGGGGAGGCTTTGGGAATGTGCTGCATTGC	45	CAVYWGGFGNVLHC	:::::::::0:-4:9:::::17:-3:42:::
3530	259.0	1.0182490676534116E-4	1	1.1548677676406051E-4	TGTGCTGTGGCGCGGGGAGCCCAGAAGCTGGTATTT	NNNNNNNNNNNNNNNNNNNNNNNNNNNNNNNNNNNN	TRAV22*00(541)		TRAJ54*00(508.8)		526|540|559|0|14|SA536C|111.0		27|49|80|14|36||220.0		TGTGCTGTGGCGCGGGGAGCCCAGAAGCTGGTATTT	45	CAVARGAQKLVF	:::::::::0:1:14:::::14:-7:36:::
4644	259.0	1.0182490676534116E-4	1	1.1548677676406051E-4	TGTGCTGGGCAGCCTATGTATTCAGGAGGAGGTGCTGACGGACTCACCTTT	NNNNNNNNNNNNNNNNNNNNNNNNNNNNNNNNNNNNNNNNNNNNNNNNNNN	TRAV35*00(815.1)		TRAJ45*00(616.6)		588|601|620|0|13||130.0		19|55|86|15|51||360.0		TGTGCTGGGCAGCCTATGTATTCAGGAGGAGGTGCTGACGGACTCACCTTT	45	CAGQPMYSGGGADGLTF	:::::::::0:1:13:::::15:1:51:::
4747	259.0	1.0182490676534116E-4	1	1.1548677676406051E-4	TGTGCTGAGCTTATAACCAGGGAGGAAAGCTTATCTTC	NNNNNNNNNNNNNNNNNNNNNNNNNNNNNNNNNNNNNN	TRAV21*00(429.8)		TRAJ23*00(550.6)		544|551|576|0|7||70.0		24|52|83|10|38||280.0		TGTGCTGAGCTTATAACCAGGGAGGAAAGCTTATCTTC	45	CAELIT_GGKLIF	:::::::::0:-5:7:::::10:-4:38:::
6392	259.0	1.0182490676534116E-4	1	1.1548677676406051E-4	TGTGCCGTGAACGTCACCATATAATATGGAAACAAGCTGGTCTTT	NNNNNNNNNNNNNNNNNNNNNNNNNNNNNNNNNNNNNNNNNNNNN	TRAV12-2*00(752.1)		TRAJ47*00(492.4)		551|563|584|0|12||120.0		17|46|77|16|45|SG21ASG22TSA36G|203.0		TGTGCCGTGAACGTCACCATATAATATGGAAACAAGCTGGTCTTT	45	CAVNVTI*YGNKLVF	:::::::::0:-1:12:::::16:3:45:::
17867	259.0	1.0182490676534116E-4	1	1.1548677676406051E-4	TGTGCAGCAAGCGCGTCGAATCGCGGGTGGGGCAAACAACCTCTTCTTT	NNNNNNNNNNNNNNNNNNNNNNNNNNNNNNNNNNNNNNNNNNNNNNNNN	TRAV29/DV5*00(599.6)		TRAJ36*00(529.8)		529|544|562|0|15||150.0		26|48|79|27|49||220.0		TGTGCAGCAAGCGCGTCGAATCGCGGGTGGGGCAAACAACCTCTTCTTT	45	CAASASNR_GGANNLFF	:::::::::0:2:15:::::27:-6:49:::
18645	259.0	1.0182490676534116E-4	1	1.1548677676406051E-4	TGTGCAATGAGCGCGAGGTTACCAGAAAGTTACCTTT	NNNNNNNNNNNNNNNNNNNNNNNNNNNNNNNNNNNNN	TRAV12-3*00(1009.1)		TRAJ13*00(480.4)		562|577|595|0|15||150.0		31|52|83|16|37||210.0		TGTGCAATGAGCGCGAGGTTACCAGAAAGTTACCTTT	45	CAMSAR_YQKVTF	:::::::::0:2:15:::::16:-11:37:::
18771	259.0	1.0182490676534116E-4	1	1.1548677676406051E-4	TGTGCAATGAGAGAGGGCCCCTACTCTGGGGCTGGGAGTTACCAACTCACTTTC	NNNNNNNNNNNNNNNNNNNNNNNNNNNNNNNNNNNNNNNNNNNNNNNNNNNNNN	TRAV14/DV4*00(560.5)		TRAJ28*00(619.6)		517|537|554|0|20||200.0		22|55|86|21|54||330.0		TGTGCAATGAGAGAGGGCCCCTACTCTGGGGCTGGGAGTTACCAACTCACTTTC	45	CAMREGPYSGAGSYQLTF	:::::::::0:3:20:::::21:-2:54:::
20332	259.0	1.0182490676534116E-4	1	1.1548677676406051E-4	TGCATCGTCGGGGAATATAGAAACAAACTGGTCTTT	NNNNNNNNNNNNNNNNNNNNNNNNNNNNNNNNNNNN	TRAV26-1*00(579.7)		TRAJ47*00(530.4)		763|772|799|0|9||90.0		21|46|77|11|36|SG28A|221.0		TGCATCGTCGGGGAATATAGAAACAAACTGGTCTTT	45	CIVGEYRNKLVF	:::::::::0:-7:9:::::11:-1:36:::
1731	258.0	1.0143176040717382E-4	1	1.1548677676406051E-4	TGTGTGGTGACCTCTTGAGGCATGCTTCCAAGATAATCTTT	NNNNNNNNNNNNNNNNNNNNNNNNNNNNNNNNNNNNNNNNN	TRAV10*00(659.6)		TRAJ3*00(489.6)		575|585|608|0|10||100.0		32|51|82|22|41||190.0		TGTGTGGTGACCTCTTGAGGCATGCTTCCAAGATAATCTTT	45	CVVTS*G_ASKIIF	:::::::::0:-3:10:::::22:-12:41:::
3540	258.0	1.0143176040717382E-4	1	1.1548677676406051E-4	TGTGCTGTGGGTTCCTCTAACTTTGGAAATGAGAAATTAACCTTT	NNNNNNNNNNNNNNNNNNNNNNNNNNNNNNNNNNNNNNNNNNNNN	TRAV8-3*00(610.9)		TRAJ48*00(609.6)		455|467|489|0|12||120.0		22|52|83|15|45||300.0		TGTGCTGTGGGTTCCTCTAACTTTGGAAATGAGAAATTAACCTTT	45	CAVGSSNFGNEKLTF	:::::::::0:-2:12:::::15:-2:45:::
6337	258.0	1.0143176040717382E-4	1	1.1548677676406051E-4	TGTGCCGTGAATTCAGGAGGAGGTGCTGACGGACTCACCTTT	NNNNNNNNNNNNNNNNNNNNNNNNNNNNNNNNNNNNNNNNNN	TRAV8-1*00(561.1)		TRAJ45*00(629.6)		474|484|508|0|10||120.0		23|55|86|10|42||321.0		TGTGCCGTGAATTCAGGAGGAGGTGCTGACGGACTCACCTTT	45	CAVNSGGGADGLTF	:::::::::0:-4:10:::::10:-3:42:::
17521	258.0	1.0143176040717382E-4	1	1.1548677676406051E-4	TGTGCAGCGATCCGGAATAACAATGCCAGACTCATGTTT	NNNNNNNNNNNNNNNNNNNNNNNNNNNNNNNNNNNNNNN	TRAV23/DV6*00(449.9)		TRAJ31*00(589.8)		517|525|550|0|8||80.0		17|46|77|10|39||290.0		TGTGCAGCGATCCGGAATAACAATGCCAGACTCATGTTT	45	CAAIRNNNARLMF	:::::::::0:-5:8:::::10:3:39:::
17541	258.0	1.0143176040717382E-4	1	1.1548677676406051E-4	TGTGCAGCATGGAAAAATAACTATGGTCAGAATTTTGTCTTT	NNNNNNNNNNNNNNNNNNNNNNNNNNNNNNNNNNNNNNNNNN	TRAV23/DV6*00(460)		TRAJ26*00(549.9)		517|526|550|0|9||90.0		23|49|80|16|42||260.0		TGTGCAGCATGGAAAAATAACTATGGTCAGAATTTTGTCTTT	45	CAAWKNNYGQNFVF	:::::::::0:-4:9:::::16:-3:42:::
17800	258.0	1.0143176040717382E-4	1	1.1548677676406051E-4	TGTGCAGCAAGCTAGCGAATTCAGGATACAGCACCCTCACCTTT	NNNNNNNNNNNNNNNNNNNNNNNNNNNNNNNNNNNNNNNNNNNN	TRAV23/DV6*00(489.5)		TRAJ11*00(589.3)		517|529|550|0|12||120.0		21|49|80|16|44||280.0		TGTGCAGCAAGCTAGCGAATTCAGGATACAGCACCCTCACCTTT	45	CAAS*RI_GYSTLTF	:::::::::0:-1:12:::::16:-1:44:::
17960	258.0	1.0143176040717382E-4	1	1.1548677676406051E-4	TGTGCAGCAAGCGAGTGGGGAGGAGGTGCTGACGGACTCACCTTT	NNNNNNNNNNNNNNNNNNNNNNNNNNNNNNNNNNNNNNNNNNNNN	TRAV29/DV5*00(538.9)		TRAJ45*00(580)		529|542|562|0|13||130.0		28|55|86|18|45||270.0		TGTGCAGCAAGCGAGTGGGGAGGAGGTGCTGACGGACTCACCTTT	45	CAASEWGGGADGLTF	:::::::::0:0:13:::::18:-8:45:::
18174	258.0	1.0143176040717382E-4	1	1.1548677676406051E-4	TGTGCAGGGCGACTCAGAGGTAGCAACTATAAACTGACATTT	NNNNNNNNNNNNNNNNNNNNNNNNNNNNNNNNNNNNNNNNNN	TRAV25*00(559.6)		TRAJ53*00(568.9)		620|630|649|0|10||100.0		29|55|86|16|42||260.0		TGTGCAGGGCGACTCAGAGGTAGCAACTATAAACTGACATTT	45	CAGRLRGSNYKLTF	:::::::::0:1:10:::::16:-9:42:::
18415	258.0	1.0143176040717382E-4	1	1.1548677676406051E-4	TGTGCAGAGACAGGCGGATACAGCACCCTCACCTTT	NNNNNNNNNNNNNNNNNNNNNNNNNNNNNNNNNNNN	TRAV13-2*00(549.3)		TRAJ11*00(520)		506|516|539|0|10||100.0		28|49|80|15|36||210.0		TGTGCAGAGACAGGCGGATACAGCACCCTCACCTTT	45	CAETGGYSTLTF	:::::::::0:-3:10:::::15:-8:36:::
20372	258.0	1.0143176040717382E-4	1	1.1548677676406051E-4	TGCATCGTCAGAGTCTCTTCCAAATTCCGGGTATGCACTCAACTTC	NNNNNNNNNNNNNNNNNNNNNNNNNNNNNNNNNNNNNNNNNNNNNN	TRAV26-1*00(639.6)		TRAJ41*00(519.5)		763|778|799|0|15||150.0		25|51|82|20|46||260.0		TGCATCGTCAGAGTCTCTTCCAAATTCCGGGTATGCACTCAACTTC	45	CIVRVSSK_SGYALNF	:::::::::0:-1:15:::::20:-5:46:::
1488	257.0	1.0103861404900648E-4	1	1.1548677676406051E-4	TCTGAATTATGGTGGTGCTACAAACAAGCTCATCTTT	NNNNNNNNNNNNNNNNNNNNNNNNNNNNNNNNNNNNN	TRAV27*00(538.4)		TRAJ32*00(649.8)		552|555|582|0|3|SG553C|11.0		21|55|86|3|37||350.0		TCTGAATTATGGTGGTGCTACAAACAAGCTCATCTTT	45	SELWWC_TNKLIF	:::::::::0:-7:3:::::3:-1:37:::
2271	257.0	1.0103861404900648E-4	1	1.1548677676406051E-4	TGTGCTTACGGAGGAAGCCAAGGAAATCTCATCTTT	NNNNNNNNNNNNNNNNNNNNNNNNNNNNNNNNNNNN	TRAV38-1*00(529.8)		TRAJ42*00(580.6)		596|602|633|0|6||70.0		25|55|86|6|36|ST27C|281.0		TGTGCTTACGGAGGAAGCCAAGGAAATCTCATCTTT	45	CAYGGSQGNLIF	:::::::::0:-11:6:::::6:-5:36:::
2841	257.0	1.0103861404900648E-4	1	1.1548677676406051E-4	TGTGCTCTGAGGGGCGGGAGCGCTTT	NNNNNNNNNNNNNNNNNNNNNNNNNN	TRAV19*00(719.1)		TRAJ43*00(369.7)		556|567|593|0|11||110.0		36|43|74|19|26||70.0		TGTGCTCTGAGGGGCGGGAGCGCTTT	45	CALR_RERF	:::::::::0:-6:11:::::19:-16:26:::
3983	257.0	1.0103861404900648E-4	1	1.1548677676406051E-4	TGTGCTGTGAGTGATGGGGTAGATCTAACGACTACAAGCTCAGCTTT	NNNNNNNNNNNNNNNNNNNNNNNNNNNNNNNNNNNNNNNNNNNNNNN	TRAV8-6*00(719)		TRAJ20*00(554.1)		448|463|482|0|15||150.0		22|46|77|23|47||240.0		TGTGCTGTGAGTGATGGGGTAGATCTAACGACTACAAGCTCAGCTTT	45	CAVSDGVD_NDYKLSF	:::::::::0:1:15:::::23:-2:47:::
4059	257.0	1.0103861404900648E-4	1	1.1548677676406051E-4	TGTGCTGTGAGTATTGTTGGGAACGACTACAAGCTCAGCTTT	NNNNNNNNNNNNNNNNNNNNNNNNNNNNNNNNNNNNNNNNNN	TRAV1-2*00(669.9)		TRAJ20*00(509.7)		620|631|654|0|11||110.0		25|46|77|21|42||210.0		TGTGCTGTGAGTATTGTTGGGAACGACTACAAGCTCAGCTTT	45	CAVSIVGNDYKLSF	:::::::::0:-3:11:::::21:-5:42:::
4118	257.0	1.0103861404900648E-4	1	1.1548677676406051E-4	TGTGCTGTGAGGTATAACACCAATGCAGGCAAATCAACCTTT	NNNNNNNNNNNNNNNNNNNNNNNNNNNNNNNNNNNNNNNNNN	TRAV1-2*00(670)		TRAJ27*00(589.5)		620|631|654|0|11||110.0		18|48|79|12|42||300.0		TGTGCTGTGAGGTATAACACCAATGCAGGCAAATCAACCTTT	45	CAVRYNTNAGKSTF	:::::::::0:-3:11:::::12:2:42:::
4203	257.0	1.0103861404900648E-4	1	1.1548677676406051E-4	TGTGCTGTGAGATGGATGGATAGCAGCTATAAATTGATCTTC	NNNNNNNNNNNNNNNNNNNNNNNNNNNNNNNNNNNNNNNNNN	TRAV8-4*00(630.5)		TRAJ12*00(569.3)		476|487|510|0|11||110.0		20|49|80|13|42||290.0		TGTGCTGTGAGATGGATGGATAGCAGCTATAAATTGATCTTC	45	CAVRWMDSSYKLIF	:::::::::0:-3:11:::::13:0:42:::
4580	257.0	1.0103861404900648E-4	1	1.1548677676406051E-4	TGTGCTGGGCCAAGGAGGAAAGCTTATCTTC	NNNNNNNNNNNNNNNNNNNNNNNNNNNNNNN	TRAV35*00(489.9)		TRAJ23*00(461.8)		588|598|620|0|10||100.0		31|52|83|10|31|SG33A|191.0		TGTGCTGGGCCAAGGAGGAAAGCTTATCTTC	45	CAGPR_GKLIF	:::::::::0:-2:10:::::10:-11:31:::
4993	257.0	1.0103861404900648E-4	1	1.1548677676406051E-4	TGTGCCTTTCCGGGAGCCCAGAAGCTGGTATTT	NNNNNNNNNNNNNNNNNNNNNNNNNNNNNNNNN	TRAV24*00(989)		TRAJ54*00(520.4)		515|523|545|0|8||90.0		24|49|80|8|33|SA26C|231.0		TGTGCCTTTCCGGGAGCCCAGAAGCTGGTATTT	45	CAFPGAQKLVF	:::::::::0:-2:8:::::8:-4:33:::
6223	257.0	1.0103861404900648E-4	1	1.1548677676406051E-4	TGTGCCGTGGACTCAGGAGGAGGTGCTGACGGACTCACCTTT	NNNNNNNNNNNNNNNNNNNNNNNNNNNNNNNNNNNNNNNNNN	TRAV39*00(759.5)		TRAJ45*00(609.4)		507|519|540|0|12||120.0		25|55|86|12|42||300.0		TGTGCCGTGGACTCAGGAGGAGGTGCTGACGGACTCACCTTT	45	CAVDSGGGADGLTF	:::::::::0:-1:12:::::12:-5:42:::
17965	257.0	1.0103861404900648E-4	1	1.1548677676406051E-4	TGTGCAGCAAGCGAGGGATGGAGGAAGCCAAGGAAATCTCATCTTT	NNNNNNNNNNNNNNNNNNNNNNNNNNNNNNNNNNNNNNNNNNNNNN	TRAV29/DV5*00(539.9)		TRAJ42*00(589.7)		529|542|562|0|13||130.0		26|55|86|17|46||290.0		TGTGCAGCAAGCGAGGGATGGAGGAAGCCAAGGAAATCTCATCTTT	45	CAASEGWR_SQGNLIF	:::::::::0:0:13:::::17:-6:46:::
19122	257.0	1.0103861404900648E-4	1	1.1548677676406051E-4	TGCGCTGTGACGGAAGCTGCAGGCAACAAGCTAACTTTT	NNNNNNNNNNNNNNNNNNNNNNNNNNNNNNNNNNNNNNN	TRAV1-1*00(670.5)		TRAJ17*00(559.7)		670|680|704|0|10||100.0		26|52|83|13|39||260.0		TGCGCTGTGACGGAAGCTGCAGGCAACAAGCTAACTTTT	45	CAVTEAAGNKLTF	:::::::::0:-4:10:::::13:-6:39:::
19140	257.0	1.0103861404900648E-4	1	1.1548677676406051E-4	TGCGCTGTGAGATACCGTATGGTGCTACAAACAAGCTCATCTTT	NNNNNNNNNNNNNNNNNNNNNNNNNNNNNNNNNNNNNNNNNNNN	TRAV1-1*00(690.3)		TRAJ32*00(549.1)		670|682|704|0|12||120.0		30|55|86|19|44||250.0		TGCGCTGTGAGATACCGTATGGTGCTACAAACAAGCTCATCTTT	45	CAVRYRM_ATNKLIF	:::::::::0:-2:12:::::19:-10:44:::
21354	257.0	1.0103861404900648E-4	1	1.1548677676406051E-4	TAACTGACAGCTGGGGGAAATTGCAGTTT	NNNNNNNNNNNNNNNNNNNNNNNNNNNNN	TRAV12-2*00(409.8)		TRAJ24*00(569.9)		551|552|584|0|1||10.0		24|52|83|1|29||280.0		TAACTGACAGCTGGGGGAAATTGCAGTTT	45	*LTAG_KLQF	:::::::::0:-12:1:::::1:-4:29:::
775	256.0	1.0064546769083914E-4	2	2.3097355352812103E-4	TGTGCCGTGACCGGTTAAATAATGCAGGCAACATGCTCACCTTT	[[[[[[[[[[[[[[[[[[[[[[[[[[[[[[[[[[[[[[[[[[[[	TRAV12-2*00(483.5)		TRAJ39*00(579.5)		551|561|584|0|10||100.0		25|52|83|17|44||270.0		TGTGCCGTGACCGGTTAAATAATGCAGGCAACATGCTCACCTTT	58	CAVTG*I_AGNMLTF	:::::::::0:-3:10:::::17:-5:44:::
1527	256.0	1.0064546769083914E-4	1	1.1548677676406051E-4	TGTCTTCTGGGTCTATAATGCAGGCAACATGCTCACCTTT	NNNNNNNNNNNNNNNNNNNNNNNNNNNNNNNNNNNNNNNN	TRAV40*00(889.7)		TRAJ39*00(569.7)		436|447|470|0|11||110.0		26|52|83|14|40||260.0		TGTCTTCTGGGTCTATAATGCAGGCAACATGCTCACCTTT	45	CLLGL*C_GNMLTF	:::::::::0:-3:11:::::14:-6:40:::
1970	256.0	1.0064546769083914E-4	1	1.1548677676406051E-4	TGTGTGGCCCGGGAGGGGGTCAGAATTTTGTCTTT	NNNNNNNNNNNNNNNNNNNNNNNNNNNNNNNNNNN	TRAV10*00(754.1)		TRAJ26*00(475.5)		575|582|608|0|7||70.0		31|49|80|17|35||180.0		TGTGTGGCCCGGGAGGGGGTCAGAATTTTGTCTTT	45	CVAREG_QNFVF	:::::::::0:-6:7:::::17:-11:35:::
2124	256.0	1.0064546769083914E-4	1	1.1548677676406051E-4	TGTGCTTCCCTCTGGCAACAACCGTAAGCTGATTTGG	NNNNNNNNNNNNNNNNNNNNNNNNNNNNNNNNNNNNN	TRAV38-1*00(529.8)		TRAJ38*00(559.8)		596|603|633|0|7||70.0		25|51|82|11|37||260.0		TGTGCTTCCCTCTGGCAACAACCGTAAGCTGATTTGG	45	CASLWQ_NRKLIW	:::::::::0:-10:7:::::11:-5:37:::
2273	256.0	1.0064546769083914E-4	1	1.1548677676406051E-4	TGTGCTTAGTAGCGGGTAACCAGTTCTATTTT	NNNNNNNNNNNNNNNNNNNNNNNNNNNNNNNN	TRAV38-2/DV8*00(539.7)		TRAJ49*00(480)		602|610|638|0|8||80.0		27|45|76|14|32||180.0		TGTGCTTAGTAGCGGGTAACCAGTTCTATTTT	45	CA**R_NQFYF	:::::::::0:-8:8:::::14:-7:32:::
3142	256.0	1.0064546769083914E-4	1	1.1548677676406051E-4	TGTGCTGTTTTTGGAGGTAGCAACTATAAACTGACATTT	NNNNNNNNNNNNNNNNNNNNNNNNNNNNNNNNNNNNNNN	TRAV20*00(489.7)		TRAJ53*00(589.7)		498|506|531|0|8||80.0		27|55|86|11|39||280.0		TGTGCTGTTTTTGGAGGTAGCAACTATAAACTGACATTT	45	CAVFGGSNYKLTF	:::::::::0:-5:8:::::11:-7:39:::
3200	256.0	1.0064546769083914E-4	1	1.1548677676406051E-4	TGTGCTGTTAACCAGGAGGAGGTGCTGACGGACTCACCTTT	NNNNNNNNNNNNNNNNNNNNNNNNNNNNNNNNNNNNNNNNN	TRAV21*00(838.2)		TRAJ45*00(568.4)		544|552|576|0|8||80.0		26|55|86|12|41||290.0		TGTGCTGTTAACCAGGAGGAGGTGCTGACGGACTCACCTTT	45	CAVNQEE_ADGLTF	:::::::::0:-4:8:::::12:-6:41:::
4088	256.0	1.0064546769083914E-4	1	1.1548677676406051E-4	TGTGCTGTGAGCCATAACAATGCCAGACTCATGTTT	NNNNNNNNNNNNNNNNNNNNNNNNNNNNNNNNNNNN	TRAV8-4*00(630.5)		TRAJ31*00(529.5)		476|487|510|0|11||110.0		23|46|77|13|36||230.0		TGTGCTGTGAGCCATAACAATGCCAGACTCATGTTT	45	CAVSHNNARLMF	:::::::::0:-3:11:::::13:-3:36:::
4647	256.0	1.0064546769083914E-4	1	1.1548677676406051E-4	TGTGCTGGGCAGCCCGCCCCAGGGTATGGAGGAAGCCAAGGAAATCTCATCTTT	NNNNNNNNNNNNNNNNNNNNNNNNNNNNNNNNNNNNNNNNNNNNNNNNNNNNNN	TRAV35*00(659.4)		TRAJ42*00(586.7)		588|601|620|0|13||130.0		25|55|86|24|54||300.0		TGTGCTGGGCAGCCCGCCCCAGGGTATGGAGGAAGCCAAGGAAATCTCATCTTT	45	CAGQPAPGYGGSQGNLIF	:::::::::0:1:13:::::24:-5:54:::
6073	256.0	1.0064546769083914E-4	1	1.1548677676406051E-4	TGTGCCCCACCCTAGACAGCTGGGGGAAATTGCAGTTT	NNNNNNNNNNNNNNNNNNNNNNNNNNNNNNNNNNNNNN	TRAV6*00(419.9)		TRAJ24*00(529.6)		535|540|568|0|5||50.0		28|52|83|14|38||240.0		TGTGCCCCACCCTAGACAGCTGGGGGAAATTGCAGTTT	45	CAPP*T_WGKLQF	:::::::::0:-8:5:::::14:-8:38:::
17484	256.0	1.0064546769083914E-4	1	1.1548677676406051E-4	TGTGCAGCCCCGTCGATAGCTGGGAGTTACCAACTCACTTTC	NNNNNNNNNNNNNNNNNNNNNNNNNNNNNNNNNNNNNNNNNN	TRAV13-1*00(939.7)		TRAJ28*00(489.4)		511|519|544|0|8||80.0		31|55|86|18|42||240.0		TGTGCAGCCCCGTCGATAGCTGGGAGTTACCAACTCACTTTC	45	CAAPSIAGSYQLTF	:::::::::0:-5:8:::::18:-11:42:::
17774	256.0	1.0064546769083914E-4	1	1.1548677676406051E-4	TGTGCAGCAAGTAAAGGGGCTACAAACAAGCTCATCTTT	NNNNNNNNNNNNNNNNNNNNNNNNNNNNNNNNNNNNNNN	TRAV13-1*00(989.2)		TRAJ32*00(490.9)		511|524|544|0|13||130.0		31|55|86|15|39|ST33G|211.0		TGTGCAGCAAGTAAAGGGGCTACAAACAAGCTCATCTTT	45	CAASKGATNKLIF	:::::::::0:0:13:::::15:-11:39:::
18396	256.0	1.0064546769083914E-4	1	1.1548677676406051E-4	TGTGCAGAGACTCCAAGCACAGGCAAACTAATCTTT	NNNNNNNNNNNNNNNNNNNNNNNNNNNNNNNNNNNN	TRAV13-2*00(549.8)		TRAJ37*00(499.8)		506|516|539|0|10||100.0		32|51|82|17|36||190.0		TGTGCAGAGACTCCAAGCACAGGCAAACTAATCTTT	45	CAETPSTGKLIF	:::::::::0:-3:10:::::17:-12:36:::
18742	256.0	1.0064546769083914E-4	1	1.1548677676406051E-4	TGTGCAATGAGAGAGGCCCCACCGGTAACCAGTTCTATTTT	NNNNNNNNNNNNNNNNNNNNNNNNNNNNNNNNNNNNNNNNN	TRAV14/DV4*00(901.5)		TRAJ49*00(519.7)		517|537|554|0|20|SG533C|171.0		24|45|76|20|41||220.0		TGTGCAATGAGAGAGGCCCCACCGGTAACCAGTTCTATTTT	45	CAMREAP_GNQFYF	:::::::::0:3:20:::::20:-4:41:::
1608	255.0	1.002523213326718E-4	1	1.1548677676406051E-4	TGTGTTGTGAGTGATCAGGCAGAGGCTCAACCCTGGGGAGGCTATACTTT	NNNNNNNNNNNNNNNNNNNNNNNNNNNNNNNNNNNNNNNNNNNNNNNNNN	TRAV8-2*00(691.5)		TRAJ18*00(619.7)		466|483|500|0|17||170.0		24|55|86|19|50||310.0		TGTGTTGTGAGTGATCAGGCAGAGGCTCAACCCTGGGGAGGCTATACTTT	45	CVVSDQAE_STLGRLYF	:::::::::0:3:17:::::19:-4:50:::
1616	255.0	1.002523213326718E-4	1	1.1548677676406051E-4	TGTGTTGTGAGTGATAAGTGGCGGTTACCAGAAAGTTACCTTT	NNNNNNNNNNNNNNNNNNNNNNNNNNNNNNNNNNNNNNNNNNN	TRAV8-2*00(664.4)		TRAJ13*00(491.6)		466|481|500|0|15||150.0		27|52|83|18|43|SG30C|221.0		TGTGTTGTGAGTGATAAGTGGCGGTTACCAGAAAGTTACCTTT	45	CVVSDKW_GYQKVTF	:::::::::0:1:15:::::18:-7:43:::
2448	255.0	1.002523213326718E-4	1	1.1548677676406051E-4	TGTGCTCTCTCTTACAATAACAATGACATGCGCTTT	NNNNNNNNNNNNNNNNNNNNNNNNNNNNNNNNNNNN	TRAV6*00(449.7)		TRAJ43*00(539.3)		535|543|568|0|8||80.0		19|43|74|12|36||240.0		TGTGCTCTCTCTTACAATAACAATGACATGCGCTTT	45	CALSYNNNDMRF	:::::::::0:-5:8:::::12:1:36:::
2518	255.0	1.002523213326718E-4	1	1.1548677676406051E-4	TGTGCTCTGGGAGGAAACAAACTGGTCTTT	NNNNNNNNNNNNNNNNNNNNNNNNNNNNNN	TRAV22*00(500.9)		TRAJ47*00(489.8)		526|536|559|0|10|SG532C|71.0		28|46|77|12|30||180.0		TGTGCTCTGGGAGGAAACAAACTGGTCTTT	45	CALGGNKLVF	:::::::::0:-3:10:::::12:-8:30:::
3398	255.0	1.002523213326718E-4	1	1.1548677676406051E-4	TGTGCTGTGCCGCCCCCTTTGCAACCAGGGAGGAAAGCTTATCTTC	NNNNNNNNNNNNNNNNNNNNNNNNNNNNNNNNNNNNNNNNNNNNNN	TRAV20*00(509.8)		TRAJ23*00(549.7)		498|508|531|0|10||100.0		28|52|83|22|46||240.0		TGTGCTGTGCCGCCCCCTTTGCAACCAGGGAGGAAAGCTTATCTTC	45	CAVPPPLQ_QGGKLIF	:::::::::0:-3:10:::::22:-8:46:::
3502	255.0	1.002523213326718E-4	1	1.1548677676406051E-4	TGTGCTGTGGTATGAATGCAGGCAACATGCTCACCTTT	NNNNNNNNNNNNNNNNNNNNNNNNNNNNNNNNNNNNNN	TRAV8-3*00(556)		TRAJ39*00(549.3)		455|465|489|0|10||100.0		28|52|83|14|38||240.0		TGTGCTGTGGTATGAATGCAGGCAACATGCTCACCTTT	45	CAVV*M_GNMLTF	:::::::::0:-4:10:::::14:-8:38:::
4090	255.0	1.002523213326718E-4	1	1.1548677676406051E-4	TGTGCTGTGAGCCAAGGGTTGAGCTGGGGGAAATTGCAGTTT	NNNNNNNNNNNNNNNNNNNNNNNNNNNNNNNNNNNNNNNNNN	TRAV8-6*00(679.4)		TRAJ24*00(499.2)		448|459|482|0|11||110.0		31|52|83|21|42||210.0		TGTGCTGTGAGCCAAGGGTTGAGCTGGGGGAAATTGCAGTTT	45	CAVSQGLSWGKLQF	:::::::::0:-3:11:::::21:-11:42:::
4218	255.0	1.002523213326718E-4	1	1.1548677676406051E-4	TGTGCTGTGAGAGTTCAGGATACAGCACCCTCACCTTT	NNNNNNNNNNNNNNNNNNNNNNNNNNNNNNNNNNNNNN	TRAV3*00(609.7)		TRAJ11*00(560.7)		437|449|473|0|12||130.0		23|49|80|12|38|SA23G|251.0		TGTGCTGTGAGAGTTCAGGATACAGCACCCTCACCTTT	45	CAVRVQ_YSTLTF	:::::::::0:-4:12:::::12:-3:38:::
4646	255.0	1.002523213326718E-4	1	1.1548677676406051E-4	TGTGCTGGGCAGCCCCCGGGGCTTGGGAATGTGCTGCATTGC	NNNNNNNNNNNNNNNNNNNNNNNNNNNNNNNNNNNNNNNNNN	TRAV35*00(519.7)		TRAJ35*00(499.1)		588|601|620|0|13||130.0		28|48|79|22|42||200.0		TGTGCTGGGCAGCCCCCGGGGCTTGGGAATGTGCTGCATTGC	45	CAGQPPGLGNVLHC	:::::::::0:1:13:::::22:-8:42:::
4807	255.0	1.002523213326718E-4	1	1.1548677676406051E-4	TGTGCTACGGCGCCATATGGAAACAAGCTGGTCTTT	NNNNNNNNNNNNNNNNNNNNNNNNNNNNNNNNNNNN	TRAV17*00(896.7)		TRAJ47*00(500.4)		490|500|523|0|10||100.0		24|46|77|14|36|SA36G|191.0		TGTGCTACGGCGCCATATGGAAACAAGCTGGTCTTT	45	CATAPYGNKLVF	:::::::::0:-3:10:::::14:-4:36:::
18178	255.0	1.002523213326718E-4	1	1.1548677676406051E-4	TGTGCAGGGCAGGGACTTACGGGAGGAGGAAACAAACTCACCTTT	NNNNNNNNNNNNNNNNNNNNNNNNNNNNNNNNNNNNNNNNNNNNN	TRAV25*00(542.6)		TRAJ10*00(551.7)		620|630|649|0|10||100.0		22|53|84|14|45|SC25T|281.0		TGTGCAGGGCAGGGACTTACGGGAGGAGGAAACAAACTCACCTTT	45	CAGQGLTGGGNKLTF	:::::::::0:1:10:::::14:-2:45:::
18288	255.0	1.002523213326718E-4	1	1.1548677676406051E-4	TGTGCAGGAGGGAGTAACCAGGGAGGAAAGCTTATCTTC	NNNNNNNNNNNNNNNNNNNNNNNNNNNNNNNNNNNNNNN	TRAV27*00(641.8)		TRAJ23*00(520.9)		552|562|582|0|10||100.0		27|52|83|14|39||250.0		TGTGCAGGAGGGAGTAACCAGGGAGGAAAGCTTATCTTC	45	CAGGSNQGGKLIF	:::::::::0:0:10:::::14:-7:39:::
18390	255.0	1.002523213326718E-4	1	1.1548677676406051E-4	TGTGCAGAGATCCAGCAATGCTTCCAAGATAATCTTT	NNNNNNNNNNNNNNNNNNNNNNNNNNNNNNNNNNNNN	TRAV13-2*00(549.7)		TRAJ3*00(520.9)		506|516|539|0|10||100.0		26|51|82|12|37|SG31A|221.0		TGTGCAGAGATCCAGCAATGCTTCCAAGATAATCTTT	45	CAEIQQ_ASKIIF	:::::::::0:-3:10:::::12:-6:37:::
19168	255.0	1.002523213326718E-4	1	1.1548677676406051E-4	TGCGCTGCCGCCAACCAGGCAGGAACTGCTCTGATCTTT	NNNNNNNNNNNNNNNNNNNNNNNNNNNNNNNNNNNNNNN	TRAV1-1*00(640.4)		TRAJ15*00(522.8)		670|677|704|0|7||70.0		19|49|80|9|39||300.0		TGCGCTGCCGCCAACCAGGCAGGAACTGCTCTGATCTTT	45	CAAANQAGTALIF	:::::::::0:-7:7:::::9:1:39:::
1936	254.0	9.985917497450446E-5	1	1.1548677676406051E-4	TGTGTGGTGAACAATCGGTCAGGAGGAGGTGCTGACGGACTCACCTTT	NNNNNNNNNNNNNNNNNNNNNNNNNNNNNNNNNNNNNNNNNNNNNNNN	TRAV12-1*00(989)		TRAJ45*00(569.2)		539|552|572|0|13||130.0		25|55|86|18|48||300.0		TGTGTGGTGAACAATCGGTCAGGAGGAGGTGCTGACGGACTCACCTTT	45	CVVNNRSGGGADGLTF	:::::::::0:0:13:::::18:-5:48:::
2316	254.0	9.985917497450446E-5	1	1.1548677676406051E-4	TGTGCTCTTGGGGTCCCTGCTGGCAACAACCGTAAGCTGATTTGG	NNNNNNNNNNNNNNNNNNNNNNNNNNNNNNNNNNNNNNNNNNNNN	TRDV1*00(660)		TRAJ38*00(579.5)		573|586|610|0|13||130.0		23|51|82|17|45||280.0		TGTGCTCTTGGGGTCCCTGCTGGCAACAACCGTAAGCTGATTTGG	45	CALGVPAGNNRKLIW	:::::::::0:-4:13:::::17:-3:45:::
2751	254.0	9.985917497450446E-5	1	1.1548677676406051E-4	TGTGCTCTGAGTGAGGGCCCCACTTCGAGGACTTTGGAAATGAGAAATTAACCTTT	NNNNNNNNNNNNNNNNNNNNNNNNNNNNNNNNNNNNNNNNNNNNNNNNNNNNNNNN	TRAV19*00(749.8)		TRAJ48*00(569.3)		556|572|593|0|16||160.0		26|52|83|30|56||260.0		TGTGCTCTGAGTGAGGGCCCCACTTCGAGGACTTTGGAAATGAGAAATTAACCTTT	45	CALSEGPTS_DFGNEKLTF	:::::::::0:-1:16:::::30:-6:56:::
2942	254.0	9.985917497450446E-5	1	1.1548677676406051E-4	TGTGCTCTAGACATGCCCGCAGAGGCTCAACCCTGGGGAGGCTATACTTT	NNNNNNNNNNNNNNNNNNNNNNNNNNNNNNNNNNNNNNNNNNNNNNNNNN	TRAV6*00(519.8)		TRAJ18*00(619.5)		535|550|568|0|15||150.0		24|55|86|19|50||310.0		TGTGCTCTAGACATGCCCGCAGAGGCTCAACCCTGGGGAGGCTATACTTT	45	CALDMPAE_STLGRLYF	:::::::::0:2:15:::::19:-4:50:::
3031	254.0	9.985917497450446E-5	1	1.1548677676406051E-4	TGTGCTCTAAAACCCCACCGGTAACCAGTTCTATTTT	NNNNNNNNNNNNNNNNNNNNNNNNNNNNNNNNNNNNN	TRAV16*00(791.7)		TRAJ49*00(513.7)		449|459|483|0|10||100.0		23|45|76|15|37||220.0		TGTGCTCTAAAACCCCACCGGTAACCAGTTCTATTTT	45	CALKPH_GNQFYF	:::::::::0:-4:10:::::15:-3:37:::
3405	254.0	9.985917497450446E-5	1	1.1548677676406051E-4	TGTGCTGTGCGCAGTTATGGAGGAAGCCAAGGAAATCTCATCTT	NNNNNNNNNNNNNNNNNNNNNNNNNNNNNNNNNNNNNNNNNNNN	TRAV20*00(509.4)		TRAJ42*00(537.3)		498|508|531|0|10||100.0		24|55|86|14|44|DT52|238.0		TGTGCTGTGCGCAGTTATGGAGGAAGCCAAGGAAATCTCATCTT	45	CAVRSYG_KPRKSHL	:::::::::0:-3:10:::::14:-4:44:::
4079	254.0	9.985917497450446E-5	1	1.1548677676406051E-4	TGTGCTGTGAGCCTCAACCAGGCAGGAACTGCTCTGATCTTT	NNNNNNNNNNNNNNNNNNNNNNNNNNNNNNNNNNNNNNNNNN	TRAV8-4*00(626.7)		TRAJ15*00(589.5)		476|487|510|0|11||110.0		21|49|80|14|42||280.0		TGTGCTGTGAGCCTCAACCAGGCAGGAACTGCTCTGATCTTT	45	CAVSLNQAGTALIF	:::::::::0:-3:11:::::14:-1:42:::
4439	254.0	9.985917497450446E-5	1	1.1548677676406051E-4	TGTGCTGCCGGGATAACTATGGTCAGAATTTTGTCTTT	NNNNNNNNNNNNNNNNNNNNNNNNNNNNNNNNNNNNNN	TRAV1-2*00(629.7)		TRAJ26*00(619.7)		620|627|654|0|7||70.0		18|49|80|7|38||310.0		TGTGCTGCCGGGATAACTATGGTCAGAATTTTGTCTTT	45	CAAGIT_GQNFVF	:::::::::0:-7:7:::::7:2:38:::
5978	254.0	9.985917497450446E-5	1	1.1548677676406051E-4	TGTGCCCTCGCTAACGACTACAAGCTCAGCTTT	NNNNNNNNNNNNNNNNNNNNNNNNNNNNNNNNN	TRAV17*00(849.7)		TRAJ20*00(529)		490|495|523|0|5||50.0		23|46|77|10|33||230.0		TGTGCCCTCGCTAACGACTACAAGCTCAGCTTT	45	CALANDYKLSF	:::::::::0:-8:5:::::10:-3:33:::
6356	254.0	9.985917497450446E-5	1	1.1548677676406051E-4	TGTGCCGTGAATGCAGCAGTGCTTCCAAGATAATCTTT	NNNNNNNNNNNNNNNNNNNNNNNNNNNNNNNNNNNNNN	TRAV8-1*00(609.5)		TRAJ3*00(549.7)		474|488|508|0|14||140.0		27|51|82|14|38||250.0		TGTGCCGTGAATGCAGCAGTGCTTCCAAGATAATCTTT	45	CAVNAA_ASKIIF	:::::::::0:0:14:::::14:-7:38:::
6410	254.0	9.985917497450446E-5	1	1.1548677676406051E-4	TGTGCCGTGAACATAGTCAGAGGAAAGCTTATCTTC	NNNNNNNNNNNNNNNNNNNNNNNNNNNNNNNNNNNN	TRAV12-2*00(838.4)		TRAJ23*00(479.7)		551|565|584|0|14||140.0		35|52|83|19|36||170.0		TGTGCCGTGAACATAGTCAGAGGAAAGCTTATCTTC	45	CAVNIVRGKLIF	:::::::::0:1:14:::::19:-15:36:::
17490	254.0	9.985917497450446E-5	1	1.1548677676406051E-4	TGTGCAGCCCGCGTAGGGGGTAACCAGTTCTATTTT	NNNNNNNNNNNNNNNNNNNNNNNNNNNNNNNNNNNN	TRAV29/DV5*00(489.9)		TRAJ49*00(479.5)		529|537|562|0|8||80.0		27|45|76|18|36||180.0		TGTGCAGCCCGCGTAGGGGGTAACCAGTTCTATTTT	45	CAARVGGNQFYF	:::::::::0:-5:8:::::18:-7:36:::
17870	254.0	9.985917497450446E-5	1	1.1548677676406051E-4	TGTGCAGCAAGCGCGTGGGAGAACAATGACATGCGCTTT	NNNNNNNNNNNNNNNNNNNNNNNNNNNNNNNNNNNNNNN	TRAV29/DV5*00(559.7)		TRAJ43*00(479.9)		529|544|562|0|15||150.0		25|43|74|21|39||180.0		TGTGCAGCAAGCGCGTGGGAGAACAATGACATGCGCTTT	45	CAASAWENNDMRF	:::::::::0:2:15:::::21:-5:39:::
18163	254.0	9.985917497450446E-5	1	1.1548677676406051E-4	TGTGCAGGGCCGAATGGTGGTGCTACAAACAAGCTCATCTTT	NNNNNNNNNNNNNNNNNNNNNNNNNNNNNNNNNNNNNNNNNN	TRAV25*00(569.9)		TRAJ32*00(589.5)		620|631|649|0|11||110.0		26|55|86|13|42||290.0		TGTGCAGGGCCGAATGGTGGTGCTACAAACAAGCTCATCTTT	45	CAGPNGGATNKLIF	:::::::::0:2:11:::::13:-6:42:::
18338	254.0	9.985917497450446E-5	1	1.1548677676406051E-4	TGTGCAGACAGGCTTTCAGAAACTTGTATTT	NNNNNNNNNNNNNNNNNNNNNNNNNNNNNNN	TRAV5*00(440.8)		TRAJ8*00(519.8)		523|532|556|0|9|SG531C|81.0		27|49|80|9|31||240.0		TGTGCAGACAGGCTTTCAGAAACTTGTATTT	45	CADRL_QKLVF	:::::::::0:-4:9:::::9:-7:31:::
18447	254.0	9.985917497450446E-5	1	1.1548677676406051E-4	TGTGCAGAGAGGGCGGGCAACACAGGCAAACTAATCTTT	NNNNNNNNNNNNNNNNNNNNNNNNNNNNNNNNNNNNNNN	TRAV5*00(469.8)		TRAJ37*00(549.6)		523|534|556|0|11||110.0		27|51|82|15|39||240.0		TGTGCAGAGAGGGCGGGCAACACAGGCAAACTAATCTTT	45	CAERAGNTGKLIF	:::::::::0:-2:11:::::15:-7:39:::
18463	254.0	9.985917497450446E-5	1	1.1548677676406051E-4	TGTGCAGAGAGAGATAACAATGCCAGACTCATGTTT	NNNNNNNNNNNNNNNNNNNNNNNNNNNNNNNNNNNN	TRAV5*00(469.7)		TRAJ31*00(529.7)		523|534|556|0|11||110.0		23|46|77|13|36||230.0		TGTGCAGAGAGAGATAACAATGCCAGACTCATGTTT	45	CAERDNNARLMF	:::::::::0:-2:11:::::13:-3:36:::
18508	254.0	9.985917497450446E-5	1	1.1548677676406051E-4	TGTGCAGAGAACCCAGGAACCTACAAATACATCTTT	NNNNNNNNNNNNNNNNNNNNNNNNNNNNNNNNNNNN	TRAV5*00(458.7)		TRAJ40*00(519.1)		523|533|556|0|10||100.0		27|50|81|13|36||230.0		TGTGCAGAGAACCCAGGAACCTACAAATACATCTTT	45	CAENPGTYKYIF	:::::::::0:-3:10:::::13:-7:36:::
20209	254.0	9.985917497450446E-5	1	1.1548677676406051E-4	TGCATCCTGACCCTATAACACCGACAAGCTCATCTTT	NNNNNNNNNNNNNNNNNNNNNNNNNNNNNNNNNNNNN	TRAV26-2*00(579.7)		TRAJ34*00(467.7)		791|801|826|0|10||100.0		23|47|78|13|37||240.0		TGCATCCTGACCCTATAACACCGACAAGCTCATCTTT	45	CILTL*_TDKLIF	:::::::::0:-5:10:::::13:-3:37:::
1768	253.0	9.946602861633712E-5	1	1.1548677676406051E-4	TGTGTGGTGAGCTAGGAACTGCTCTGATCTTT	NNNNNNNNNNNNNNNNNNNNNNNNNNNNNNNN	TRAV10*00(900.9)		TRAJ15*00(492.7)		575|587|608|0|12||120.0		30|49|80|13|32||190.0		TGTGTGGTGAGCTAGGAACTGCTCTGATCTTT	45	CVVS*_TALIF	:::::::::0:-1:12:::::13:-10:32:::
1803	253.0	9.946602861633712E-5	1	1.1548677676406051E-4	TGTGTGGTGAGCGCGAAGGGAACCTACAAATACATCTTT	NNNNNNNNNNNNNNNNNNNNNNNNNNNNNNNNNNNNNNN	TRAV10*00(1058.9)		TRAJ40*00(459.9)		575|590|608|0|15||150.0		29|50|81|18|39||210.0		TGTGTGGTGAGCGCGAAGGGAACCTACAAATACATCTTT	45	CVVSAKGTYKYIF	:::::::::0:2:15:::::18:-9:39:::
1815	253.0	9.946602861633712E-5	1	1.1548677676406051E-4	TGTGTGGTGAGCGGGAGGAGGAAGCTACATACCTACATTT	NNNNNNNNNNNNNNNNNNNNNNNNNNNNNNNNNNNNNNNN	TRAV10*00(689.3)		TRAJ6*00(559.5)		575|588|608|0|13||130.0		26|51|82|15|40||250.0		TGTGTGGTGAGCGGGAGGAGGAAGCTACATACCTACATTT	45	CVVSGRR_SYIPTF	:::::::::0:0:13:::::15:-6:40:::
1822	253.0	9.946602861633712E-5	1	1.1548677676406051E-4	TGTGTGGTGAGCATTATGGATAGCAACTATCAGTTAATCTGG	NNNNNNNNNNNNNNNNNNNNNNNNNNNNNNNNNNNNNNNNNN	TRAV10*00(679.9)		TRAJ33*00(559.7)		575|587|608|0|12||120.0		19|46|77|15|42||270.0		TGTGTGGTGAGCATTATGGATAGCAACTATCAGTTAATCTGG	45	CVVSIMDSNYQLIW	:::::::::0:-1:12:::::15:1:42:::
2484	253.0	9.946602861633712E-5	1	1.1548677676406051E-4	TGTGCTCTCAATGCCAGACTCATGTTT	NNNNNNNNNNNNNNNNNNNNNNNNNNN	TRAV6*00(449.7)		TRAJ31*00(489.5)		535|543|568|0|8||80.0		27|46|77|8|27||190.0		TGTGCTCTCAATGCCAGACTCATGTTT	45	CALNARLMF	:::::::::0:-5:8:::::8:-7:27:::
2494	253.0	9.946602861633712E-5	1	1.1548677676406051E-4	TGTGCTCTGCTGATTTGGAAATGAGAAATTAACCTTT	NNNNNNNNNNNNNNNNNNNNNNNNNNNNNNNNNNNNN	TRAV9-2*00(699.7)		TRAJ48*00(549.3)		480|489|514|0|9||90.0		28|52|83|13|37||240.0		TGTGCTCTGCTGATTTGGAAATGAGAAATTAACCTTT	45	CALLIW_NEKLTF	:::::::::0:-5:9:::::13:-8:37:::
2501	253.0	9.946602861633712E-5	1	1.1548677676406051E-4	TGTGCTCTGGTTTCGGTTTTTCAGATGGCCAGAAGCTGCTCTTT	NNNNNNNNNNNNNNNNNNNNNNNNNNNNNNNNNNNNNNNNNNNN	TRAV6*00(449.5)		TRAJ16*00(540.7)		535|543|568|0|8||80.0		22|49|80|17|44||270.0		TGTGCTCTGGTTTCGGTTTTTCAGATGGCCAGAAGCTGCTCTTT	45	CALVSVF_DGQKLLF	:::::::::0:-5:8:::::17:-2:44:::
2604	253.0	9.946602861633712E-5	1	1.1548677676406051E-4	TGTGCTCTGAGTGTAAGGAACCAGGGAGGAAAGCTTATCTTC	NNNNNNNNNNNNNNNNNNNNNNNNNNNNNNNNNNNNNNNNNN	TRAV19*00(739.7)		TRAJ23*00(549.1)		556|569|593|0|13||130.0		28|52|83|18|42||240.0		TGTGCTCTGAGTGTAAGGAACCAGGGAGGAAAGCTTATCTTC	45	CALSVRNQGGKLIF	:::::::::0:-4:13:::::18:-8:42:::
4669	253.0	9.946602861633712E-5	1	1.1548677676406051E-4	TGTGCTGGGCAGGATAATGCAGGCAACATGCTCACCTTT	NNNNNNNNNNNNNNNNNNNNNNNNNNNNNNNNNNNNNNN	TRAV35*00(693.9)		TRAJ39*00(564.9)		588|600|620|0|12||120.0		26|52|83|13|39||260.0		TGTGCTGGGCAGGATAATGCAGGCAACATGCTCACCTTT	45	CAGQDNAGNMLTF	:::::::::0:0:12:::::13:-6:39:::
5061	253.0	9.946602861633712E-5	1	1.1548677676406051E-4	TGTGCCTTCATAATTCAGGGAGCCCAGAAGCTGGTATTT	NNNNNNNNNNNNNNNNNNNNNNNNNNNNNNNNNNNNNNN	TRAV24*00(660)		TRAJ54*00(565.3)		515|526|545|0|11|ST523C|101.0		21|49|80|11|39||300.0		TGTGCCTTCATAATTCAGGGAGCCCAGAAGCTGGTATTT	45	CAFIIQGAQKLVF	:::::::::0:1:11:::::11:-1:39:::
6096	253.0	9.946602861633712E-5	1	1.1548677676406051E-4	TGTGCCCATGGCTCTAGCAACACAGGCAAACTAATCTTT	NNNNNNNNNNNNNNNNNNNNNNNNNNNNNNNNNNNNNNN	TRAV8-4*00(599.5),TRAV8-2*00(589.5)		TRAJ37*00(620.3)		476|481|510|0|5||50.0;466|470|500|0|4||40.0		17|51|82|5|39|SG27A|311.0		TGTGCCCATGGCTCTAGCAACACAGGCAAACTAATCTTT	45	CAHGSSNTGKLIF	:::::::::0:-9:5:::::5:3:39:::
6393	253.0	9.946602861633712E-5	1	1.1548677676406051E-4	TGTGCCGTGAACGCTGGGGGTTACCAGAAAGTTACCTTT	NNNNNNNNNNNNNNNNNNNNNNNNNNNNNNNNNNNNNNN	TRAV12-2*00(491)		TRAJ13*00(559.8)		551|561|584|0|10||120.0		23|52|83|10|39|ST24CST25G|262.0		TGTGCCGTGAACGCTGGGGGTTACCAGAAAGTTACCTTT	45	CAVNAGGYQKVTF	:::::::::0:-3:10:::::10:-3:39:::
17345	253.0	9.946602861633712E-5	1	1.1548677676406051E-4	TGTGCGGGGCACTGCCAGTAAACTCACCTTT	NNNNNNNNNNNNNNNNNNNNNNNNNNNNNNN	TRAV38-2/DV8*00(510)		TRAJ44*00(410)		602|607|638|0|5||50.0		28|52|83|7|31||240.0		TGTGCGGGGCACTGCCAGTAAACTCACCTTT	45	CAGHC_SKLTF	:::::::::0:-11:5:::::7:-8:31:::
17382	253.0	9.946602861633712E-5	1	1.1548677676406051E-4	TGTGCACCTCTGAACGAGCTCACCTTT	NNNNNNNNNNNNNNNNNNNNNNNNNNN	TRAV13-1*00(539.6)		TRAJ39*00(409.7)		511|517|544|0|6||60.0		42|52|83|17|27||100.0		TGTGCACCTCTGAACGAGCTCACCTTT	45	CAPLNELTF	:::::::::0:-7:6:::::17:-22:27:::
17444	253.0	9.946602861633712E-5	1	1.1548677676406051E-4	TGTGCAGCTCCGATGATTCAGGGAGCCCAGAAGCTGGTATTT	NNNNNNNNNNNNNNNNNNNNNNNNNNNNNNNNNNNNNNNNNN	TRAV29/DV5*00(490)		TRAJ54*00(560.2)		529|537|562|0|8||80.0		19|49|80|12|42|SA21G|271.0		TGTGCAGCTCCGATGATTCAGGGAGCCCAGAAGCTGGTATTT	45	CAAPMIQGAQKLVF	:::::::::0:-5:8:::::12:1:42:::
18180	253.0	9.946602861633712E-5	1	1.1548677676406051E-4	TGTGCAGGGCAGAGGTACACCGGTAACCAGTTCTATTTT	NNNNNNNNNNNNNNNNNNNNNNNNNNNNNNNNNNNNNNN	TRAV27*00(621.5)		TRAJ49*00(529.9)		552|560|582|0|8||80.0		22|45|76|16|39||230.0		TGTGCAGGGCAGAGGTACACCGGTAACCAGTTCTATTTT	45	CAGQRYTGNQFYF	:::::::::0:-2:8:::::16:-2:39:::
18357	253.0	9.946602861633712E-5	1	1.1548677676406051E-4	TGTGCAGAGCGAATCTCGAACACCGGTAACCAGTTCTATTTT	NNNNNNNNNNNNNNNNNNNNNNNNNNNNNNNNNNNNNNNNNN	TRAV13-2*00(540.1)		TRAJ49*00(569.7)		506|515|539|0|9||90.0		18|45|76|15|42||270.0		TGTGCAGAGCGAATCTCGAACACCGGTAACCAGTTCTATTTT	45	CAERISNTGNQFYF	:::::::::0:-4:9:::::15:2:42:::
18655	253.0	9.946602861633712E-5	1	1.1548677676406051E-4	TGTGCAATGAGCGGGGGAGGAAAGCTTATCTTC	NNNNNNNNNNNNNNNNNNNNNNNNNNNNNNNNN	TRAV12-3*00(500.7)		TRAJ23*00(460.5)		562|575|595|0|13||130.0		33|52|83|14|33||190.0		TGTGCAATGAGCGGGGGAGGAAAGCTTATCTTC	45	CAMSGGGKLIF	:::::::::0:0:13:::::14:-13:33:::
19169	253.0	9.946602861633712E-5	1	1.1548677676406051E-4	TGCGCTGGGGGGAACCTACAAATACATCTTT	NNNNNNNNNNNNNNNNNNNNNNNNNNNNNNN	TRAV1-1*00(640.9)		TRAJ40*00(499.5)		670|677|704|0|7||70.0		29|50|81|10|31||210.0		TGCGCTGGGGGGAACCTACAAATACATCTTT	45	CAGGN_YKYIF	:::::::::0:-7:7:::::10:-9:31:::
20329	253.0	9.946602861633712E-5	1	1.1548677676406051E-4	TGCATCGTCGCTGCAGGCAAATCAACCTTT	NNNNNNNNNNNNNNNNNNNNNNNNNNNNNN	TRAV26-1*00(578.7)		TRAJ27*00(479.4)		763|772|799|0|9||90.0		29|48|79|11|30||190.0		TGCATCGTCGCTGCAGGCAAATCAACCTTT	45	CIVAAGKSTF	:::::::::0:-7:9:::::11:-9:30:::
20441	253.0	9.946602861633712E-5	1	1.1548677676406051E-4	TGCATCGTCAGAGCCTTTAACAATGACATGCGCTTT	NNNNNNNNNNNNNNNNNNNNNNNNNNNNNNNNNNNN	TRAV26-1*00(619.2)		TRAJ43*00(489.8)		763|776|799|0|13||130.0		24|43|74|17|36||190.0		TGCATCGTCAGAGCCTTTAACAATGACATGCGCTTT	45	CIVRAFNNDMRF	:::::::::0:-3:13:::::17:-4:36:::
3501	252.0	9.907288225816978E-5	1	1.1548677676406051E-4	TGTGCTGTGGTATTATTCAGGAGGAGGTGCTGACGGACTCACCTTT	NNNNNNNNNNNNNNNNNNNNNNNNNNNNNNNNNNNNNNNNNNNNNN	TRAV21*00(449.7)		TRAJ45*00(639.5)		544|553|576|0|9||90.0		22|55|86|13|46||330.0		TGTGCTGTGGTATTATTCAGGAGGAGGTGCTGACGGACTCACCTTT	45	CAVVLFRR_GADGLTF	:::::::::0:-3:9:::::13:-2:46:::
3893	252.0	9.907288225816978E-5	1	1.1548677676406051E-4	TGTGCTGTGAGTGCTGAGAGGATAGCAACTATCAGTTAATCTGG	NNNNNNNNNNNNNNNNNNNNNNNNNNNNNNNNNNNNNNNNNNNN	TRAV8-4*00(642.6)		TRAJ33*00(539.2)		476|489|510|0|13||130.0		21|46|77|19|44||250.0		TGTGCTGTGAGTGCTGAGAGGATAGCAACTATCAGTTAATCTGG	45	CAVSAER_SNYQLIW	:::::::::0:-1:13:::::19:-1:44:::
4846	252.0	9.907288225816978E-5	1	1.1548677676406051E-4	TGTGCTACGGACCATAACTATGGTCAGAATTTTGTCTTT	NNNNNNNNNNNNNNNNNNNNNNNNNNNNNNNNNNNNNNN	TRAV17*00(919.4)		TRAJ26*00(549.5)		490|502|523|0|12||120.0		23|49|80|13|39||260.0		TGTGCTACGGACCATAACTATGGTCAGAATTTTGTCTTT	45	CATDHNYGQNFVF	:::::::::0:-1:12:::::13:-3:39:::
17479	252.0	9.907288225816978E-5	1	1.1548677676406051E-4	TGTGCAGCCCTCGGACACGGGCAGGAGAGCACTTACTTTT	NNNNNNNNNNNNNNNNNNNNNNNNNNNNNNNNNNNNNNNN	TRAV29/DV5*00(489.8)		TRAJ5*00(579.9)		529|537|562|0|8||80.0		21|49|80|12|40||280.0		TGTGCAGCCCTCGGACACGGGCAGGAGAGCACTTACTTTT	45	CAALGHG_RRALTF	:::::::::0:-5:8:::::12:-1:40:::
17834	252.0	9.907288225816978E-5	1	1.1548677676406051E-4	TGTGCAGCAAGCCGATGAGGACACGGGCAGGAGAGCACTTACTTTT	NNNNNNNNNNNNNNNNNNNNNNNNNNNNNNNNNNNNNNNNNNNNNN	TRAV29/DV5*00(569.6)		TRAJ5*00(579.9)		529|541|562|0|12||120.0		21|49|80|18|46||280.0		TGTGCAGCAAGCCGATGAGGACACGGGCAGGAGAGCACTTACTTTT	45	CAASR*GH_GRRALTF	:::::::::0:-1:12:::::18:-1:46:::
18086	252.0	9.907288225816978E-5	1	1.1548677676406051E-4	TGTGCAGCAAAGGGTATTTTGGAAATGAGAAATTAACCTTT	NNNNNNNNNNNNNNNNNNNNNNNNNNNNNNNNNNNNNNNNN	TRAV29/DV5*00(546.7)		TRAJ48*00(549.1)		529|539|562|0|10||100.0		28|52|83|17|41||240.0		TGTGCAGCAAAGGGTATTTTGGAAATGAGAAATTAACCTTT	45	CAAKGIL_NEKLTF	:::::::::0:-3:10:::::17:-8:41:::
18143	252.0	9.907288225816978E-5	1	1.1548677676406051E-4	TGTGCAGGGCTGGTGGAGGAACCTACAAATACATCTTT	NNNNNNNNNNNNNNNNNNNNNNNNNNNNNNNNNNNNNN	TRAV25*00(542.6)		TRAJ40*00(509.7)		620|630|649|0|10||100.0		28|50|81|16|38||220.0		TGTGCAGGGCTGGTGGAGGAACCTACAAATACATCTTT	45	CAGLVE_TYKYIF	:::::::::0:1:10:::::16:-8:38:::
18543	252.0	9.907288225816978E-5	1	1.1548677676406051E-4	TGTGCAATCACCAATACTGGAGCCAATAGTAAGCTGACATTT	NNNNNNNNNNNNNNNNNNNNNNNNNNNNNNNNNNNNNNNNNN	TRAV14/DV4*00(810.3)		TRAJ56*00(599.8)		517|525|554|0|8||80.0		22|51|82|13|42||290.0		TGTGCAATCACCAATACTGGAGCCAATAGTAAGCTGACATTT	45	CAITNTGANSKLTF	:::::::::0:-9:8:::::13:-2:42:::
19065	252.0	9.907288225816978E-5	1	1.1548677676406051E-4	TGCCTCGTGAATGCCAGACTCATGTTT	NNNNNNNNNNNNNNNNNNNNNNNNNNN	TRAV4*00(792.9)		TRAJ31*00(479.6)		768|777|804|0|9||90.0		28|46|77|9|27||180.0		TGCCTCGTGAATGCCAGACTCATGTTT	45	CLVNARLMF	:::::::::0:-7:9:::::9:-8:27:::
1597	251.0	9.867973590000244E-5	1	1.1548677676406051E-4	TGTGTTGTGAGTGGCGCTATGGTCAGAATTTTGTCTTT	NNNNNNNNNNNNNNNNNNNNNNNNNNNNNNNNNNNNNN	TRAV8-2*00(679.9)		TRAJ26*00(519.8)		466|479|500|0|13||130.0		27|49|80|16|38||220.0		TGTGTTGTGAGTGGCGCTATGGTCAGAATTTTGTCTTT	45	CVVSGA_GQNFVF	:::::::::0:-1:13:::::16:-7:38:::
1836	251.0	9.867973590000244E-5	1	1.1548677676406051E-4	TGTGTGGTGAATTATTACCATGACATGCGCTTT	NNNNNNNNNNNNNNNNNNNNNNNNNNNNNNNNN	TRAV12-1*00(773.7)		TRAJ43*00(441.8)		539|550|572|0|11||110.0		23|43|74|13|33|SA25TSA28C|142.0		TGTGTGGTGAATTATTACCATGACATGCGCTTT	45	CVVNYYHDMRF	:::::::::0:-2:11:::::13:-3:33:::
2512	251.0	9.867973590000244E-5	1	1.1548677676406051E-4	TGTGCTCTGGGGTATGCCGGTGGTACTAGCTATGGAAAGCTGACATTT	NNNNNNNNNNNNNNNNNNNNNNNNNNNNNNNNNNNNNNNNNNNNNNNN	TRAV9-2*00(699.1)		TRAJ52*00(620.3)		480|489|514|0|9||90.0		23|58|89|13|48|ST27C|321.0		TGTGCTCTGGGGTATGCCGGTGGTACTAGCTATGGAAAGCTGACATTT	45	CALGYAGGTSYGKLTF	:::::::::0:-5:9:::::13:-3:48:::
3247	251.0	9.867973590000244E-5	1	1.1548677676406051E-4	TGTGCTGTCCGAACTGACAGCTGGGGGAAATTGCAGTTT	NNNNNNNNNNNNNNNNNNNNNNNNNNNNNNNNNNNNNNN	TRAV8-3*00(599.7)		TRAJ24*00(569.9)		455|463|489|0|8||80.0		24|52|83|11|39||280.0		TGTGCTGTCCGAACTGACAGCTGGGGGAAATTGCAGTTT	45	CAVRTDSWGKLQF	:::::::::0:-6:8:::::11:-4:39:::
3282	251.0	9.867973590000244E-5	1	1.1548677676406051E-4	TGTGCTGTCGAAGTGATAGGCTTTGGGAATGTGCTGCATTGC	NNNNNNNNNNNNNNNNNNNNNNNNNNNNNNNNNNNNNNNNNN	TRAV21*00(949.3)		TRAJ35*00(540)		544|552|576|0|8||80.0		20|48|79|14|42||280.0		TGTGCTGTCGAAGTGATAGGCTTTGGGAATGTGCTGCATTGC	45	CAVEVIGFGNVLHC	:::::::::0:-4:8:::::14:0:42:::
3834	251.0	9.867973590000244E-5	1	1.1548677676406051E-4	TGTGCTGTGACGTCATACCGGCACTGCCAGTAAACTCACCTTT	NNNNNNNNNNNNNNNNNNNNNNNNNNNNNNNNNNNNNNNNNNN	TRAV21*00(975.2)		TRAJ44*00(526.7)		544|554|576|0|10||100.0		23|52|83|14|43||290.0		TGTGCTGTGACGTCATACCGGCACTGCCAGTAAACTCACCTTT	45	CAVTSYR_TASKLTF	:::::::::0:-2:10:::::14:-3:43:::
4067	251.0	9.867973590000244E-5	1	1.1548677676406051E-4	TGTGCTGTGAGTAACTCCGGCAACACAGGCAAACTAATCTTT	NNNNNNNNNNNNNNNNNNNNNNNNNNNNNNNNNNNNNNNNNN	TRAV8-6*00(689.4)		TRAJ37*00(560.3)		448|460|482|0|12||120.0		23|51|82|14|42|ST26C|251.0		TGTGCTGTGAGTAACTCCGGCAACACAGGCAAACTAATCTTT	45	CAVSNSGNTGKLIF	:::::::::0:-2:12:::::14:-3:42:::
4360	251.0	9.867973590000244E-5	1	1.1548677676406051E-4	TGTGCTGTATTCGGGGACAGGCAGGAACTGCTCTGATCTTT	NNNNNNNNNNNNNNNNNNNNNNNNNNNNNNNNNNNNNNNNN	TRAV21*00(937.2)		TRAJ15*00(438.6)		544|552|576|0|8||80.0		25|49|80|17|41||240.0		TGTGCTGTATTCGGGGACAGGCAGGAACTGCTCTGATCTTT	45	CAVFGDR_GTALIF	:::::::::0:-4:8:::::17:-5:41:::
4562	251.0	9.867973590000244E-5	1	1.1548677676406051E-4	TGTGCTGGGCTACTCGGCGATAACAATGACATGCGCTTT	NNNNNNNNNNNNNNNNNNNNNNNNNNNNNNNNNNNNNNN	TRAV35*00(918.1)		TRAJ43*00(500)		588|598|620|0|10||100.0		23|43|74|19|39||200.0		TGTGCTGGGCTACTCGGCGATAACAATGACATGCGCTTT	45	CAGLLGDNNDMRF	:::::::::0:-2:10:::::19:-3:39:::
5826	251.0	9.867973590000244E-5	1	1.1548677676406051E-4	TGTGCCTGGGGGCATGCAGGCAACATGCTCACCTTT	NNNNNNNNNNNNNNNNNNNNNNNNNNNNNNNNNNNN	TRAV22*00(480)		TRAJ39*00(538.8)		526|531|559|0|5||50.0		29|52|83|13|36||230.0		TGTGCCTGGGGGCATGCAGGCAACATGCTCACCTTT	45	CAWGHAGNMLTF	:::::::::0:-8:5:::::13:-9:36:::
6336	251.0	9.867973590000244E-5	1	1.1548677676406051E-4	TGTGCCGTGAATTTGGGGATGGGAGGAAACAAACTCACCTTT	NNNNNNNNNNNNNNNNNNNNNNNNNNNNNNNNNNNNNNNNNN	TRAV8-1*00(589.5)		TRAJ10*00(509.8)		474|486|508|0|12||120.0		32|53|84|21|42||210.0		TGTGCCGTGAATTTGGGGATGGGAGGAAACAAACTCACCTTT	45	CAVNLGMGGNKLTF	:::::::::0:-2:12:::::21:-12:42:::
17514	251.0	9.867973590000244E-5	1	1.1548677676406051E-4	TGTGCAGCGCATAATTCCGGGTATGCACTCAACTTC	NNNNNNNNNNNNNNNNNNNNNNNNNNNNNNNNNNNN	TRAV13-2*00(521.6)		TRAJ41*00(499.5)		506|519|539|0|13|SA513CSA515C|72.0		28|51|82|13|36||240.0		TGTGCAGCGCATAATTCCGGGTATGCACTCAACTTC	45	CAAHNSGYALNF	:::::::::0:0:13:::::13:-8:36:::
18095	251.0	9.867973590000244E-5	1	1.1548677676406051E-4	TGTGCAGCAAAAAAGCAGGGCCAGGCAGGAACTGCTCTGATCTTT	NNNNNNNNNNNNNNNNNNNNNNNNNNNNNNNNNNNNNNNNNNNNN	TRAV21*00(358.2)		TRAJ15*00(560)		544|549|576|0|5||50.0		24|49|80|20|45||250.0		TGTGCAGCAAAAAAGCAGGGCCAGGCAGGAACTGCTCTGATCTTT	45	CAAKKQGQAGTALIF	:::::::::0:-7:5:::::20:-4:45:::
18153	251.0	9.867973590000244E-5	1	1.1548677676406051E-4	TGTGCAGGGCCTACATGGTTCTGCAAGGCAACTGACCTTT	NNNNNNNNNNNNNNNNNNNNNNNNNNNNNNNNNNNNNNNN	TRAV27*00(621.4)		TRAJ22*00(559.5)		552|560|582|0|8||80.0		27|52|83|15|40||250.0		TGTGCAGGGCCTACATGGTTCTGCAAGGCAACTGACCTTT	45	CAGPTWF_ARQLTF	:::::::::0:-2:8:::::15:-7:40:::
18241	251.0	9.867973590000244E-5	1	1.1548677676406051E-4	TGTGCAGGAGTAACCGGCACTGCCAGTAAACTCACCTTT	NNNNNNNNNNNNNNNNNNNNNNNNNNNNNNNNNNNNNNN	TRAV27*00(655.9)		TRAJ44*00(579.7)		552|562|582|0|10||100.0		25|52|83|12|39||270.0		TGTGCAGGAGTAACCGGCACTGCCAGTAAACTCACCTTT	45	CAGVTGTASKLTF	:::::::::0:0:10:::::12:-5:39:::
18435	251.0	9.867973590000244E-5	1	1.1548677676406051E-4	TGTGCAGAGAGTAGCAACTATCAGTTAATCTGG	NNNNNNNNNNNNNNNNNNNNNNNNNNNNNNNNN	TRAV5*00(489.3)		TRAJ33*00(509.3)		523|535|556|0|12||130.0		25|46|77|12|33||220.0		TGTGCAGAGAGTAGCAACTATCAGTTAATCTGG	45	CAESSNYQLIW	:::::::::0:-1:12:::::12:-5:33:::
20230	251.0	9.867973590000244E-5	1	1.1548677676406051E-4	TGCATCCTGAGGGCCGGGGCAAACAACCTCTTCTTT	NNNNNNNNNNNNNNNNNNNNNNNNNNNNNNNNNNNN	TRAV26-2*00(589.3)		TRAJ36*00(519.5)		791|802|826|0|11||110.0		27|48|79|15|36||210.0		TGCATCCTGAGGGCCGGGGCAAACAACCTCTTCTTT	45	CILRAGANNLFF	:::::::::0:-4:11:::::15:-7:36:::
20376	251.0	9.867973590000244E-5	1	1.1548677676406051E-4	TGCATCGTCAGAGTCTGGAGCCAATAGTAAGCTGACATTT	NNNNNNNNNNNNNNNNNNNNNNNNNNNNNNNNNNNNNNNN	TRAV26-1*00(638.5)		TRAJ56*00(569.5)		763|778|799|0|15||150.0		26|51|82|15|40||260.0		TGCATCGTCAGAGTCTGGAGCCAATAGTAAGCTGACATTT	45	CIVRVWS_NSKLTF	:::::::::0:-1:15:::::15:-6:40:::
21358	251.0	9.867973590000244E-5	1	1.1548677676406051E-4	CTCTCCGGAATAGAAACAAACTGGTCTTT	NNNNNNNNNNNNNNNNNNNNNNNNNNNNN	TRAV27*00(527.7)		TRAJ47*00(480.7)		552|552|582|0|0||0.0		26|46|77|9|29|SG28A|171.0		CTCTCCGGAATAGAAACAAACTGGTCTTT	45	LSGIE_KLVF	:::::::::0:-10:0:::::9:-6:29:::
1510	250.0	9.82865895418351E-5	1	1.1548677676406051E-4	TGTTCTAGCAACACAGGCAAACTAATCTTT	NNNNNNNNNNNNNNNNNNNNNNNNNNNNNN	TRAV25*00(489.8)		TRAJ37*00(549.9)		620|623|649|0|3||30.0		24|51|82|3|30|SG27A|241.0		TGTTCTAGCAACACAGGCAAACTAATCTTT	45	CSSNTGKLIF	:::::::::0:-6:3:::::3:-4:30:::
1652	250.0	9.82865895418351E-5	1	1.1548677676406051E-4	TGTGTGCCATCGATGGATAGCAGCTATAAATTGATCTTC	NNNNNNNNNNNNNNNNNNNNNNNNNNNNNNNNNNNNNNN	TRAV12-1*00(764.9)		TRAJ12*00(549.7)		539|545|572|0|6||60.0		21|49|80|11|39||280.0		TGTGTGCCATCGATGGATAGCAGCTATAAATTGATCTTC	45	CVPSMDSSYKLIF	:::::::::0:-7:6:::::11:-1:39:::
4291	250.0	9.82865895418351E-5	1	1.1548677676406051E-4	TGTGCTGTGAGAGACACCGAAGCTGCAGGCAACAAGCTAACTTTT	NNNNNNNNNNNNNNNNNNNNNNNNNNNNNNNNNNNNNNNNNNNNN	TRAV3*00(639.4)		TRAJ17*00(559.8)		437|453|473|0|16||160.0		26|52|83|19|45||260.0		TGTGCTGTGAGAGACACCGAAGCTGCAGGCAACAAGCTAACTTTT	45	CAVRDTEAAGNKLTF	:::::::::0:0:16:::::19:-6:45:::
4299	250.0	9.82865895418351E-5	1	1.1548677676406051E-4	TGTGCTGTGAGAGACAACGGGCAAACAACCTCTTCTTT	NNNNNNNNNNNNNNNNNNNNNNNNNNNNNNNNNNNNNN	TRAV3*00(639.8)		TRAJ36*00(509.3)		437|453|473|0|16||160.0		28|48|79|18|38||200.0		TGTGCTGTGAGAGACAACGGGCAAACAACCTCTTCTTT	45	CAVRDN_ANNLFF	:::::::::0:0:16:::::18:-8:38:::
5957	250.0	9.82865895418351E-5	1	1.1548677676406051E-4	TGTGCCTATAAAATAATGCAGGCAACATGCTCACCTTT	NNNNNNNNNNNNNNNNNNNNNNNNNNNNNNNNNNNNNN	TRAV24*00(535.1)		TRAJ39*00(557.8)		515|527|545|0|12|ST522AST525A|72.0		26|52|83|12|38||270.0		TGTGCCTATAAAATAATGCAGGCAACATGCTCACCTTT	45	CAYKIM_GNMLTF	:::::::::0:2:12:::::12:-6:38:::
17383	250.0	9.82865895418351E-5	1	1.1548677676406051E-4	TGTGCACCTCAGGGGAGGGGGGGAACCTACAAATACATCTTT	NNNNNNNNNNNNNNNNNNNNNNNNNNNNNNNNNNNNNNNNNN	TRAV29/DV5*00(470)		TRAJ40*00(499.8)		529|535|562|0|6||60.0		29|50|81|21|42||210.0		TGTGCACCTCAGGGGAGGGGGGGAACCTACAAATACATCTTT	45	CAPQGRGGTYKYIF	:::::::::0:-7:6:::::21:-9:42:::
18505	250.0	9.82865895418351E-5	1	1.1548677676406051E-4	TGTGCAGAGAATAAGGGTCGAGGAAAGCTTATCTTC	NNNNNNNNNNNNNNNNNNNNNNNNNNNNNNNNNNNN	TRAV13-2*00(580)		TRAJ23*00(479.5)		506|519|539|0|13||130.0		35|52|83|19|36||170.0		TGTGCAGAGAATAAGGGTCGAGGAAAGCTTATCTTC	45	CAENKGRGKLIF	:::::::::0:0:13:::::19:-15:36:::
18514	250.0	9.82865895418351E-5	1	1.1548677676406051E-4	TGTGCAGAGAAGTCGGGGACAAGCTCAGCTTT	NNNNNNNNNNNNNNNNNNNNNNNNNNNNNNNN	TRAV13-2*00(559.7)		TRAJ20*00(440)		506|517|539|0|11||110.0		32|46|77|18|32||140.0		TGTGCAGAGAAGTCGGGGACAAGCTCAGCTTT	45	CAEKS_DKLSF	:::::::::0:-2:11:::::18:-12:32:::
19132	250.0	9.82865895418351E-5	1	1.1548677676406051E-4	TGCGCTGTGAGCAATCAATGACATGCGCTTT	NNNNNNNNNNNNNNNNNNNNNNNNNNNNNNN	TRAV1-1*00(680.8)		TRAJ43*00(459.8)		670|681|704|0|11||110.0		27|43|74|15|31||160.0		TGCGCTGTGAGCAATCAATGACATGCGCTTT	45	CAVSN_NDMRF	:::::::::0:-3:11:::::15:-7:31:::
20271	250.0	9.82865895418351E-5	1	1.1548677676406051E-4	TGCATCCTGAGAGACGTGTACACCGGTAACCAGTTCTATTTT	NNNNNNNNNNNNNNNNNNNNNNNNNNNNNNNNNNNNNNNNNN	TRAV26-2*00(939.4)		TRAJ49*00(529.8)		791|808|826|0|17||170.0		22|45|76|19|42||230.0		TGCATCCTGAGAGACGTGTACACCGGTAACCAGTTCTATTTT	45	CILRDVYTGNQFYF	:::::::::0:2:17:::::19:-2:42:::
1354	249.0	9.789344318366776E-5	2	2.3097355352812103E-4	TGTGCAATGAGAGAGGGCTGGGTGACAGCTGGGGGAAATTGCAGTTT	[[[[[[[[[[[[[[[[[[[[[[[[[[[[[[[[[[[[[[[[[[[[[[[	TRAV14/DV4*00(540.8)		TRAJ24*00(539.8)		517|535|554|0|18||180.0		27|52|83|22|47||250.0		TGTGCAATGAGAGAGGGCTGGGTGACAGCTGGGGGAAATTGCAGTTT	58	CAMREGWV_SWGKLQF	:::::::::0:1:18:::::22:-7:47:::
2026	249.0	9.789344318366776E-5	1	1.1548677676406051E-4	TGTGCTTTCATTCTGAATTATGGTGGTGCTACAAACAAGCTCATCTTT	NNNNNNNNNNNNNNNNNNNNNNNNNNNNNNNNNNNNNNNNNNNNNNNN	TRAV38-1*00(569.6)		TRAJ32*00(649.9)		596|607|633|0|11||110.0		20|55|86|13|48||350.0		TGTGCTTTCATTCTGAATTATGGTGGTGCTACAAACAAGCTCATCTTT	45	CAFILNYGGATNKLIF	:::::::::0:-6:11:::::13:0:48:::
2052	249.0	9.789344318366776E-5	1	1.1548677676406051E-4	TGTGCTTTCATGAAGCTGGGGTATGGAGGAAGCCAAGGAAATCTCATCTTT	NNNNNNNNNNNNNNNNNNNNNNNNNNNNNNNNNNNNNNNNNNNNNNNNNNN	TRAV38-1*00(619.8)		TRAJ42*00(599.9)		596|612|633|0|16||160.0		25|55|86|21|51||300.0		TGTGCTTTCATGAAGCTGGGGTATGGAGGAAGCCAAGGAAATCTCATCTTT	45	CAFMKLGYGGSQGNLIF	:::::::::0:-1:16:::::21:-5:51:::
2439	249.0	9.789344318366776E-5	1	1.1548677676406051E-4	TGTGCTCTTATAATTCAGGGAGCCCAGAAGCTGGTATTT	NNNNNNNNNNNNNNNNNNNNNNNNNNNNNNNNNNNNNNN	TRAV8-4*00(595.2)		TRAJ54*00(609.7)		476|482|510|0|6||60.0		17|49|80|7|39||320.0		TGTGCTCTTATAATTCAGGGAGCCCAGAAGCTGGTATTT	45	CALIIQGAQKLVF	:::::::::0:-8:6:::::7:3:39:::
2647	249.0	9.789344318366776E-5	1	1.1548677676406051E-4	TGTGCTCTGAGTGATCTGGGTGGTTCTGCAAGGCAACTGACCTTT	NNNNNNNNNNNNNNNNNNNNNNNNNNNNNNNNNNNNNNNNNNNNN	TRAV9-2*00(769.1)		TRAJ22*00(559.7)		480|496|514|0|16||160.0		27|52|83|20|45||250.0		TGTGCTCTGAGTGATCTGGGTGGTTCTGCAAGGCAACTGACCTTT	45	CALSDLGGSARQLTF	:::::::::0:2:16:::::20:-7:45:::
2756	249.0	9.789344318366776E-5	1	1.1548677676406051E-4	TGTGCTCTGAGTGAGGGGGGCTCAGGAACCTACAAATACATCTTT	NNNNNNNNNNNNNNNNNNNNNNNNNNNNNNNNNNNNNNNNNNNNN	TRAV19*00(769.2)		TRAJ40*00(539.5)		556|572|593|0|16||160.0		25|50|81|20|45||250.0		TGTGCTCTGAGTGAGGGGGGCTCAGGAACCTACAAATACATCTTT	45	CALSEGGSGTYKYIF	:::::::::0:-1:16:::::20:-5:45:::
2952	249.0	9.789344318366776E-5	1	1.1548677676406051E-4	TGTGCTCTAATTAAATTCCGGGTATGCACTCAACTTC	NNNNNNNNNNNNNNNNNNNNNNNNNNNNNNNNNNNNN	TRAV16*00(755.2)		TRAJ41*00(510)		449|459|483|0|10||100.0		26|51|82|12|37||250.0		TGTGCTCTAATTAAATTCCGGGTATGCACTCAACTTC	45	CALIKF_GYALNF	:::::::::0:-4:10:::::12:-6:37:::
3716	249.0	9.789344318366776E-5	1	1.1548677676406051E-4	TGTGCTGTGGAGGGGGGAGGTGCTGACGGACTCACCTTT	NNNNNNNNNNNNNNNNNNNNNNNNNNNNNNNNNNNNNNN	TRAV36/DV7*00(620.5)		TRAJ45*00(550.5)		500|513|533|0|13||130.0		29|55|86|13|39|SA30G|241.0		TGTGCTGTGGAGGGGGGAGGTGCTGACGGACTCACCTTT	45	CAVEGGGADGLTF	:::::::::0:0:13:::::13:-9:39:::
4261	249.0	9.789344318366776E-5	1	1.1548677676406051E-4	TGTGCTGTGAGAGATACTGGAGGCTTCAAAACTATCTTT	NNNNNNNNNNNNNNNNNNNNNNNNNNNNNNNNNNNNNNN	TRAV1-2*00(709.5)		TRAJ9*00(559.4)		620|633|654|0|13||150.0		24|50|81|13|39||261.0		TGTGCTGTGAGAGATACTGGAGGCTTCAAAACTATCTTT	45	CAVRDTGGFKTIF	:::::::::0:-1:13:::::13:-4:39:::
6065	249.0	9.789344318366776E-5	1	1.1548677676406051E-4	TGTGCCCCGAGGGAAAACTATGGTCAGAATTTTGTCTTT	NNNNNNNNNNNNNNNNNNNNNNNNNNNNNNNNNNNNNNN	TRAV1-2*00(592.8)		TRAJ26*00(570.9)		620|625|654|0|5||50.0		20|49|80|10|39|ST24A|261.0		TGTGCCCCGAGGGAAAACTATGGTCAGAATTTTGTCTTT	45	CAPRENYGQNFVF	:::::::::0:-9:5:::::10:0:39:::
6099	249.0	9.789344318366776E-5	1	1.1548677676406051E-4	TGTGCCCACTCTAGCAACACAGGCAAACTAATCTTT	NNNNNNNNNNNNNNNNNNNNNNNNNNNNNNNNNNNN	TRAV36/DV7*00(540.6)		TRAJ37*00(560.8)		500|505|533|0|5||50.0		23|51|82|8|36|SG27A|251.0		TGTGCCCACTCTAGCAACACAGGCAAACTAATCTTT	45	CAHSSNTGKLIF	:::::::::0:-8:5:::::8:-3:36:::
6562	249.0	9.789344318366776E-5	1	1.1548677676406051E-4	TGTGCCGGACCTTGGAGGAAGCCAAGGAAATCTCATCTTT	NNNNNNNNNNNNNNNNNNNNNNNNNNNNNNNNNNNNNNNN	TRAV8-1*00(539.8)		TRAJ42*00(579.8)		474|481|508|0|7||70.0		27|55|86|12|40||280.0		TGTGCCGGACCTTGGAGGAAGCCAAGGAAATCTCATCTTT	45	CAGPWRK_QGNLIF	:::::::::0:-7:7:::::12:-7:40:::
17591	249.0	9.789344318366776E-5	1	1.1548677676406051E-4	TGTGCAGCAATCTTCTATAACACCGACAAGCTCATCTTT	NNNNNNNNNNNNNNNNNNNNNNNNNNNNNNNNNNNNNNN	TRAV29/DV5*00(509.5)		TRAJ34*00(539.5)		529|539|562|0|10||100.0		23|47|78|15|39||240.0		TGTGCAGCAATCTTCTATAACACCGACAAGCTCATCTTT	45	CAAIFYNTDKLIF	:::::::::0:-3:10:::::15:-3:39:::
17722	249.0	9.789344318366776E-5	1	1.1548677676406051E-4	TGTGCAGCAAGTATAGATGTCAGGGAGCCCAGAAGCTGGTATTT	NNNNNNNNNNNNNNNNNNNNNNNNNNNNNNNNNNNNNNNNNNNN	TRAV13-1*00(1009.3)		TRAJ54*00(499.5)		511|526|544|0|15||150.0		24|49|80|19|44||250.0		TGTGCAGCAAGTATAGATGTCAGGGAGCCCAGAAGCTGGTATTT	45	CAASIDV_GAQKLVF	:::::::::0:2:15:::::19:-4:44:::
18379	249.0	9.789344318366776E-5	1	1.1548677676406051E-4	TGTGCAGAGGAGGATAGATAGCAACTATCAGTTAATCTGG	NNNNNNNNNNNNNNNNNNNNNNNNNNNNNNNNNNNNNNNN	TRAV5*00(449.7)		TRAJ33*00(530.7)		523|532|556|0|9||90.0		19|46|77|13|40|SG21A|241.0		TGTGCAGAGGAGGATAGATAGCAACTATCAGTTAATCTGG	45	CAEEDR*_NYQLIW	:::::::::0:-4:9:::::13:1:40:::
19160	249.0	9.789344318366776E-5	1	1.1548677676406051E-4	TGCGCTGTGAACCCCCCCATGCTGGCAACAACCGTAAGCTGATTTGG	NNNNNNNNNNNNNNNNNNNNNNNNNNNNNNNNNNNNNNNNNNNNNNN	TRAV1-1*00(670.7)		TRAJ38*00(589.2)		670|680|704|0|10||100.0		22|51|82|18|47||290.0		TGCGCTGTGAACCCCCCCATGCTGGCAACAACCGTAAGCTGATTTGG	45	CAVNPPML_NNRKLIW	:::::::::0:-4:10:::::18:-2:47:::
20216	249.0	9.789344318366776E-5	1	1.1548677676406051E-4	TGCATCCTGAGTCCGAAGGGAAAAACAATGACATGCGCTTT	NNNNNNNNNNNNNNNNNNNNNNNNNNNNNNNNNNNNNNNNN	TRAV26-2*00(589.6)		TRAJ43*00(480.7)		791|802|826|0|11||110.0		22|43|74|20|41|ST24A|181.0		TGCATCCTGAGTCCGAAGGGAAAAACAATGACATGCGCTTT	45	CILSPKG_NNDMRF	:::::::::0:-4:11:::::20:-2:41:::
20318	249.0	9.789344318366776E-5	1	1.1548677676406051E-4	TGCATCGTTAGGGGCAACAATGACATGCGCTTT	NNNNNNNNNNNNNNNNNNNNNNNNNNNNNNNNN	TRAV26-1*00(570.9)		TRAJ43*00(479.9)		763|774|799|0|11|SC771T|81.0		25|43|74|15|33||180.0		TGCATCGTTAGGGGCAACAATGACATGCGCTTT	45	CIVRGNNDMRF	:::::::::0:-5:11:::::15:-5:33:::
20414	249.0	9.789344318366776E-5	1	1.1548677676406051E-4	TGCATCGTCAGAGTCGGAGGAGCCCAGAAGCTGGTATTT	NNNNNNNNNNNNNNNNNNNNNNNNNNNNNNNNNNNNNNN	TRAV26-1*00(648.8)		TRAJ54*00(499.7)		763|779|799|0|16||160.0		28|49|80|18|39||210.0		TGCATCGTCAGAGTCGGAGGAGCCCAGAAGCTGGTATTT	45	CIVRVGGAQKLVF	:::::::::0:0:16:::::18:-8:39:::
1526	248.0	9.750029682550042E-5	1	1.1548677676406051E-4	TGTCTTCTGGGTCTCCCACAAATGAATTATGGAGGAAGCCAAGGAAATCTCATCTTT	NNNNNNNNNNNNNNNNNNNNNNNNNNNNNNNNNNNNNNNNNNNNNNNNNNNNNNNNN	TRAV40*00(889.3)		TRAJ42*00(619.4)		436|447|470|0|11||110.0		19|55|86|21|57||360.0		TGTCTTCTGGGTCTCCCACAAATGAATTATGGAGGAAGCCAAGGAAATCTCATCTTT	45	CLLGLPQMNYGGSQGNLIF	:::::::::0:-3:11:::::21:1:57:::
2187	248.0	9.750029682550042E-5	1	1.1548677676406051E-4	TGTGCTTATAGCCTCACCGGCACTGCCAGTAAACTCACCTTT	NNNNNNNNNNNNNNNNNNNNNNNNNNNNNNNNNNNNNNNNNN	TRAV38-2/DV8*00(569.9)		TRAJ44*00(579.8)		602|613|638|0|11||110.0		25|52|83|15|42||270.0		TGTGCTTATAGCCTCACCGGCACTGCCAGTAAACTCACCTTT	45	CAYSLTGTASKLTF	:::::::::0:-5:11:::::15:-5:42:::
3561	248.0	9.750029682550042E-5	1	1.1548677676406051E-4	TGTGCTGTGGGTGCCTCAGGAACCTACAAATACATCTTT	NNNNNNNNNNNNNNNNNNNNNNNNNNNNNNNNNNNNNNN	TRAV8-3*00(596.5)		TRAJ40*00(549.9)		455|469|489|0|14||140.0		25|50|81|14|39||260.0		TGTGCTGTGGGTGCCTCAGGAACCTACAAATACATCTTT	45	CAVGASGTYKYIF	:::::::::0:0:14:::::14:-5:39:::
17349	248.0	9.750029682550042E-5	1	1.1548677676406051E-4	TGTGCGGGAGGGGGATACCGGCACTGCCAGTAAACTCACCTTT	NNNNNNNNNNNNNNNNNNNNNNNNNNNNNNNNNNNNNNNNNNN	TRAV5*00(409.7)		TRAJ44*00(599.8)		523|528|556|0|5||50.0		23|52|83|14|43||290.0		TGTGCGGGAGGGGGATACCGGCACTGCCAGTAAACTCACCTTT	45	CAGGGYR_TASKLTF	:::::::::0:-8:5:::::14:-3:43:::
17664	248.0	9.750029682550042E-5	1	1.1548677676406051E-4	TGTGCAGCAAGTCCCGATAGCAACTATCAGTTAATCTGG	NNNNNNNNNNNNNNNNNNNNNNNNNNNNNNNNNNNNNNN	TRAV23/DV6*00(479.6)		TRAJ33*00(529.7)		517|528|550|0|11||110.0		22|46|77|15|39||240.0		TGTGCAGCAAGTCCCGATAGCAACTATCAGTTAATCTGG	45	CAASPDSNYQLIW	:::::::::0:-2:11:::::15:-2:39:::
18306	248.0	9.750029682550042E-5	1	1.1548677676406051E-4	TGTGCAGGAGAAAGGCTCTAGCAACACAGGCAAACTAATCTTT	NNNNNNNNNNNNNNNNNNNNNNNNNNNNNNNNNNNNNNNNNNN	TRAV27*00(649.3)		TRAJ37*00(578.8)		552|562|582|0|10||100.0		21|51|82|13|43|SG27A|271.0		TGTGCAGGAGAAAGGCTCTAGCAACACAGGCAAACTAATCTTT	45	CAGERL*_NTGKLIF	:::::::::0:0:10:::::13:-1:43:::
19008	248.0	9.750029682550042E-5	1	1.1548677676406051E-4	TGCCTCGTGGGTGACCGTAACCAGGGAGGAAAGCTTATCTTC	NNNNNNNNNNNNNNNNNNNNNNNNNNNNNNNNNNNNNNNNNN	TRAV4*00(1019.4)		TRAJ23*00(519.5)		768|783|804|0|15||150.0		27|52|83|17|42||250.0		TGCCTCGTGGGTGACCGTAACCAGGGAGGAAAGCTTATCTTC	45	CLVGDRNQGGKLIF	:::::::::0:-1:15:::::17:-7:42:::
19137	248.0	9.750029682550042E-5	1	1.1548677676406051E-4	TGCGCTGTGAGATCCCCTCTAGGAACTTCAACAAATTTTACTTT	NNNNNNNNNNNNNNNNNNNNNNNNNNNNNNNNNNNNNNNNNNNN	TRAV1-1*00(690.3)		TRAJ21*00(518.9)		670|682|704|0|12||120.0		23|44|75|23|44||210.0		TGCGCTGTGAGATCCCCTCTAGGAACTTCAACAAATTTTACTTT	45	CAVRSPL_NFNKFYF	:::::::::0:-2:12:::::23:-3:44:::
20467	248.0	9.750029682550042E-5	1	1.1548677676406051E-4	TGCATCGTCAAGAGGCTGGCAACAACCGTAAGCTGATTTGG	NNNNNNNNNNNNNNNNNNNNNNNNNNNNNNNNNNNNNNNNN	TRAV26-1*00(589.5)		TRAJ38*00(569.6)		763|773|799|0|10||100.0		24|51|82|14|41||270.0		TGCATCGTCAAGAGGCTGGCAACAACCGTAAGCTGATTTGG	45	CIVKRLA_NRKLIW	:::::::::0:-6:10:::::14:-4:41:::
21372	248.0	9.750029682550042E-5	1	1.1548677676406051E-4	CGTTACTACCTCAGGAACCTACAAATACATCTTT	NNNNNNNNNNNNNNNNNNNNNNNNNNNNNNNNNN	TRAV25*00(483.2)		TRAJ40*00(599.9)		620|623|649|0|3|ST620C|1.0		19|50|81|3|34||310.0		CGTTACTACCTCAGGAACCTACAAATACATCTTT	45	RYYLRN_YKYIF	:::::::::0:-6:3:::::3:1:34:::
1493	247.0	9.710715046733308E-5	1	1.1548677676406051E-4	TCCCCCACATTTTATAACACCGACAAGCTCATCTTT	NNNNNNNNNNNNNNNNNNNNNNNNNNNNNNNNNNNN	TRAV25*00(452.7)		TRAJ34*00(550.1)		620|621|649|0|1||10.0		19|47|78|8|36|SC21T|251.0		TCCCCCACATTTTATAACACCGACAAGCTCATCTTT	45	SPTFYNTDKLIF	:::::::::0:-8:1:::::8:1:36:::
1500	247.0	9.710715046733308E-5	1	1.1548677676406051E-4	TCGACGGGCTTTGGGAATGTGCTGCATTGC	NNNNNNNNNNNNNNNNNNNNNNNNNNNNNN	TRAV12-1*00(409.8)		TRAJ35*00(551.5)		539|540|572|0|1||10.0		19|48|79|1|30|ST22CSA23G|242.0		TCGACGGGCTTTGGGAATGTGCTGCATTGC	45	STGFGNVLHC	:::::::::0:-12:1:::::1:1:30:::
2020	247.0	9.710715046733308E-5	1	1.1548677676406051E-4	TGTGCTTTCGCCAAGGGAGCCCAGAAGCTGGTATTT	NNNNNNNNNNNNNNNNNNNNNNNNNNNNNNNNNNNN	TRAV38-1*00(549.6)		TRAJ54*00(519.4)		596|605|633|0|9||90.0		26|49|80|13|36||230.0		TGTGCTTTCGCCAAGGGAGCCCAGAAGCTGGTATTT	45	CAFAKGAQKLVF	:::::::::0:-8:9:::::13:-6:36:::
2111	247.0	9.710715046733308E-5	1	1.1548677676406051E-4	TGTGCTTTAAAGGATGGTGCTACAAACAAGCTCATCTTT	NNNNNNNNNNNNNNNNNNNNNNNNNNNNNNNNNNNNNNN	TRAV21*00(929.6)		TRAJ32*00(519.7)		544|550|576|0|6||60.0		30|55|86|14|39||250.0		TGTGCTTTAAAGGATGGTGCTACAAACAAGCTCATCTTT	45	CALKDGATNKLIF	:::::::::0:-6:6:::::14:-10:39:::
2472	247.0	9.710715046733308E-5	1	1.1548677676406051E-4	TGTGCTCTCGCGATAACTATGGTCAGAATTTTGTCTTT	NNNNNNNNNNNNNNNNNNNNNNNNNNNNNNNNNNNNNN	TRAV16*00(489.6)		TRAJ26*00(561.5)		449|456|483|0|7||80.0		18|49|80|7|38|SC18TSG21C|272.0		TGTGCTCTCGCGATAACTATGGTCAGAATTTTGTCTTT	45	CALAIT_GQNFVF	:::::::::0:-7:7:::::7:2:38:::
3201	247.0	9.710715046733308E-5	1	1.1548677676406051E-4	TGTGCTGTTAAACTCTAGCAACACAGGCAAACTAATCTTT	NNNNNNNNNNNNNNNNNNNNNNNNNNNNNNNNNNNNNNNN	TRAV22*00(509.5)		TRAJ37*00(560.1)		526|534|559|0|8||80.0		23|51|82|12|40|SG27A|251.0		TGTGCTGTTAAACTCTAGCAACACAGGCAAACTAATCTTT	45	CAVKL*Q_TGKLIF	:::::::::0:-5:8:::::12:-3:40:::
3270	247.0	9.710715046733308E-5	1	1.1548677676406051E-4	TGTGCTGTCGGGGGCTACTCTGGGGCTGGGAGTTACCAACTCACTTTC	NNNNNNNNNNNNNNNNNNNNNNNNNNNNNNNNNNNNNNNNNNNNNNNN	TRAV22*00(509.9)		TRAJ28*00(619.2)		526|534|559|0|8||80.0		22|55|86|15|48||330.0		TGTGCTGTCGGGGGCTACTCTGGGGCTGGGAGTTACCAACTCACTTTC	45	CAVGGYSGAGSYQLTF	:::::::::0:-5:8:::::15:-2:48:::
3441	247.0	9.710715046733308E-5	1	1.1548677676406051E-4	TGTGCTGTGCAGGCCAGCCCTGGGGCAAACAACCTCTTCTTT	NNNNNNNNNNNNNNNNNNNNNNNNNNNNNNNNNNNNNNNNNN	TRAV20*00(560.2)		TRAJ36*00(539.5)		498|516|531|0|18|ST513A|151.0		25|48|79|19|42||230.0		TGTGCTGTGCAGGCCAGCCCTGGGGCAAACAACCTCTTCTTT	45	CAVQASPGANNLFF	:::::::::0:5:18:::::19:-5:42:::
3477	247.0	9.710715046733308E-5	1	1.1548677676406051E-4	TGTGCTGTGCAACCAGACGACTACAAGCTCAGCTTT	NNNNNNNNNNNNNNNNNNNNNNNNNNNNNNNNNNNN	TRAV20*00(519.6)		TRAJ20*00(499.8)		498|509|531|0|11||110.0		26|46|77|16|36||200.0		TGTGCTGTGCAACCAGACGACTACAAGCTCAGCTTT	45	CAVQPDDYKLSF	:::::::::0:-2:11:::::16:-6:36:::
3641	247.0	9.710715046733308E-5	1	1.1548677676406051E-4	TGTGCTGTGGGGGGACTATGGTCAGAATTTTGTCTTT	NNNNNNNNNNNNNNNNNNNNNNNNNNNNNNNNNNNNN	TRAV21*00(451)		TRAJ26*00(530)		544|556|576|0|12|SA553G|91.0		26|49|80|14|37||230.0		TGTGCTGTGGGGGGACTATGGTCAGAATTTTGTCTTT	45	CAVGGL_GQNFVF	:::::::::0:0:12:::::14:-6:37:::
3767	247.0	9.710715046733308E-5	1	1.1548677676406051E-4	TGTGCTGTGGAAGGGTATGGTCAGAATTTTGTCTTT	NNNNNNNNNNNNNNNNNNNNNNNNNNNNNNNNNNNN	TRAV8-3*00(555.9)		TRAJ26*00(509.7)		455|465|489|0|10||100.0		28|49|80|15|36||210.0		TGTGCTGTGGAAGGGTATGGTCAGAATTTTGTCTTT	45	CAVEGYGQNFVF	:::::::::0:-4:10:::::15:-8:36:::
3862	247.0	9.710715046733308E-5	1	1.1548677676406051E-4	TGTGCTGTGAGTCCTCGCGGTAACCAGTTCTATTTT	NNNNNNNNNNNNNNNNNNNNNNNNNNNNNNNNNNNN	TRAV8-4*00(669.6)		TRAJ49*00(489.8)		476|488|510|0|12||120.0		26|45|76|17|36||190.0		TGTGCTGTGAGTCCTCGCGGTAACCAGTTCTATTTT	45	CAVSPRGNQFYF	:::::::::0:-2:12:::::17:-6:36:::
3873	247.0	9.710715046733308E-5	1	1.1548677676406051E-4	TGTGCTGTGAGTCGTACCGGCACTGCCAGTAAACTCACCTTT	NNNNNNNNNNNNNNNNNNNNNNNNNNNNNNNNNNNNNNNNNN	TRAV8-4*00(632.6)		TRAJ44*00(589.8)		476|488|510|0|12||120.0		24|52|83|14|42||280.0		TGTGCTGTGAGTCGTACCGGCACTGCCAGTAAACTCACCTTT	45	CAVSRTGTASKLTF	:::::::::0:-2:12:::::14:-4:42:::
4200	247.0	9.710715046733308E-5	1	1.1548677676406051E-4	TGTGCTGTGAGATCCGATGGTCAGAATTTTGTCTTT	NNNNNNNNNNNNNNNNNNNNNNNNNNNNNNNNNNNN	TRAV1-2*00(679.5)		TRAJ26*00(491.7)		620|632|654|0|12||120.0		29|49|80|16|36||200.0		TGTGCTGTGAGATCCGATGGTCAGAATTTTGTCTTT	45	CAVRSDGQNFVF	:::::::::0:-2:12:::::16:-9:36:::
4400	247.0	9.710715046733308E-5	1	1.1548677676406051E-4	TGTGCTGCCTTCTCTAGCAACACAGGCAAACTAATCTTT	NNNNNNNNNNNNNNNNNNNNNNNNNNNNNNNNNNNNNNN	TRAV35*00(742.4)		TRAJ37*00(553.8)		588|595|620|0|7||70.0		23|51|82|11|39|SG27A|251.0		TGTGCTGCCTTCTCTAGCAACACAGGCAAACTAATCTTT	45	CAAFSSNTGKLIF	:::::::::0:-5:7:::::11:-3:39:::
4831	247.0	9.710715046733308E-5	1	1.1548677676406051E-4	TGTGCTACGGACTTAGGAACTCAGGGCGGATCTGAAAAGCTGGTCTTT	NNNNNNNNNNNNNNNNNNNNNNNNNNNNNNNNNNNNNNNNNNNNNNNN	TRAV17*00(918.7)		TRAJ57*00(569.6)		490|502|523|0|12||120.0		21|52|83|17|48||310.0		TGTGCTACGGACTTAGGAACTCAGGGCGGATCTGAAAAGCTGGTCTTT	45	CATDLGTQGGSEKLVF	:::::::::0:-1:12:::::17:-1:48:::
6452	247.0	9.710715046733308E-5	1	1.1548677676406051E-4	TGTGCCGTGAAACCCGGTAACCAGTTCTATTTT	NNNNNNNNNNNNNNNNNNNNNNNNNNNNNNNNN	TRAV12-2*00(482.4)		TRAJ49*00(499.2)		551|562|584|0|11||110.0		25|45|76|13|33||200.0		TGTGCCGTGAAACCCGGTAACCAGTTCTATTTT	45	CAVKPGNQFYF	:::::::::0:-2:11:::::13:-5:33:::
6528	247.0	9.710715046733308E-5	1	1.1548677676406051E-4	TGTGCCGGTTAGGGGATAGCAACTATCAGTTAATCTGG	NNNNNNNNNNNNNNNNNNNNNNNNNNNNNNNNNNNNNN	TRAV1-2*00(609.8)		TRAJ33*00(539)		620|625|654|0|5||50.0		21|46|77|13|38||250.0		TGTGCCGGTTAGGGGATAGCAACTATCAGTTAATCTGG	45	CAG*GI_NYQLIW	:::::::::0:-9:5:::::13:-1:38:::
17552	247.0	9.710715046733308E-5	1	1.1548677676406051E-4	TGTGCAGCACCCGGCTTCTCTATTCAGGAGGAGGTGCTGACGGACTCACCTTT	NNNNNNNNNNNNNNNNNNNNNNNNNNNNNNNNNNNNNNNNNNNNNNNNNNNNN	TRAV29/DV5*00(499.8)		TRAJ45*00(639)		529|538|562|0|9||90.0		22|55|86|20|53||330.0		TGTGCAGCACCCGGCTTCTCTATTCAGGAGGAGGTGCTGACGGACTCACCTTT	45	CAAPGFSIQ_GGADGLTF	:::::::::0:-4:9:::::20:-2:53:::
17723	247.0	9.710715046733308E-5	1	1.1548677676406051E-4	TGTGCAGCAAGTATAGAGCTTTGGGAATGTGCTGCATTGC	NNNNNNNNNNNNNNNNNNNNNNNNNNNNNNNNNNNNNNNN	TRAV13-1*00(1009.5)		TRAJ35*00(499.8)		511|526|544|0|15||150.0		25|48|79|17|40||230.0		TGTGCAGCAAGTATAGAGCTTTGGGAATGTGCTGCATTGC	45	CAASIEL_GNVLHC	:::::::::0:2:15:::::17:-5:40:::
17818	247.0	9.710715046733308E-5	1	1.1548677676406051E-4	TGTGCAGCAAGCCCTAATGCTGGTGGTACTAGCTATGGAAAGCTGACATTT	NNNNNNNNNNNNNNNNNNNNNNNNNNNNNNNNNNNNNNNNNNNNNNNNNNN	TRAV23/DV6*00(489.9)		TRAJ52*00(679.8)		517|529|550|0|12||120.0		20|58|89|13|51||380.0		TGTGCAGCAAGCCCTAATGCTGGTGGTACTAGCTATGGAAAGCTGACATTT	45	CAASPNAGGTSYGKLTF	:::::::::0:-1:12:::::13:0:51:::
17858	247.0	9.710715046733308E-5	1	1.1548677676406051E-4	TGTGCAGCAAGCGCTCGGACTCAGGAGGAGGTGCTGACGGACTCACCTTT	NNNNNNNNNNNNNNNNNNNNNNNNNNNNNNNNNNNNNNNNNNNNNNNNNN	TRAV29/DV5*00(549.5)		TRAJ45*00(609.4)		529|543|562|0|14||140.0		25|55|86|20|50||300.0		TGTGCAGCAAGCGCTCGGACTCAGGAGGAGGTGCTGACGGACTCACCTTT	45	CAASARTQ_GGADGLTF	:::::::::0:1:14:::::20:-5:50:::
18114	247.0	9.710715046733308E-5	1	1.1548677676406051E-4	TGTGCAGGTAACGACTACAAGCTCAGCTTT	NNNNNNNNNNNNNNNNNNNNNNNNNNNNNN	TRAV27*00(621.9)		TRAJ20*00(519.8)		552|560|582|0|8||80.0		24|46|77|8|30||220.0		TGTGCAGGTAACGACTACAAGCTCAGCTTT	45	CAGNDYKLSF	:::::::::0:-2:8:::::8:-4:30:::
18428	247.0	9.710715046733308E-5	1	1.1548677676406051E-4	TGTGCAGAGAGTATGGGACTCACGGGAGGAGGAAACAAACTCACCTTT	NNNNNNNNNNNNNNNNNNNNNNNNNNNNNNNNNNNNNNNNNNNNNNNN	TRAV5*00(458.7)		TRAJ10*00(609.6)		523|537|556|0|14||140.0		22|53|84|17|48||310.0		TGTGCAGAGAGTATGGGACTCACGGGAGGAGGAAACAAACTCACCTTT	45	CAESMGLTGGGNKLTF	:::::::::0:1:14:::::17:-2:48:::
18605	247.0	9.710715046733308E-5	1	1.1548677676406051E-4	TGTGCAATGAGCTACGATAACTATGGTCAGAATTTTGTCTTT	NNNNNNNNNNNNNNNNNNNNNNNNNNNNNNNNNNNNNNNNNN	TRAV12-3*00(979.4)		TRAJ26*00(519.5)		562|574|595|0|12||120.0		22|49|80|15|42||270.0		TGTGCAATGAGCTACGATAACTATGGTCAGAATTTTGTCTTT	45	CAMSYDNYGQNFVF	:::::::::0:-1:12:::::15:-2:42:::
18999	247.0	9.710715046733308E-5	1	1.1548677676406051E-4	TGCCTCGTGGGTGACTCGCCGGGGCAGGCAAATCAACCTTT	NNNNNNNNNNNNNNNNNNNNNNNNNNNNNNNNNNNNNNNNN	TRAV4*00(1017.8)		TRAJ27*00(429.5)		768|783|804|0|15||150.0		30|48|79|23|41||180.0		TGCCTCGTGGGTGACTCGCCGGGGCAGGCAAATCAACCTTT	45	CLVGDSP_AGKSTF	:::::::::0:-1:15:::::23:-10:41:::
19006	247.0	9.710715046733308E-5	1	1.1548677676406051E-4	TGCCTCGTGGGTGACCCCAATGCTGGCAACAACCGTAAGCTGATTTGG	NNNNNNNNNNNNNNNNNNNNNNNNNNNNNNNNNNNNNNNNNNNNNNNN	TRAV4*00(1019.5)		TRAJ38*00(559.8)		768|783|804|0|15||150.0		21|51|82|18|48||300.0		TGCCTCGTGGGTGACCCCAATGCTGGCAACAACCGTAAGCTGATTTGG	45	CLVGDPNAGNNRKLIW	:::::::::0:-1:15:::::18:-1:48:::
20228	247.0	9.710715046733308E-5	1	1.1548677676406051E-4	TGCATCCTGAGGCCCCAGGGATCAGATGGCCAGAAGCTGCTCTTT	NNNNNNNNNNNNNNNNNNNNNNNNNNNNNNNNNNNNNNNNNNNNN	TRAV26-2*00(682.2)		TRAJ16*00(501.1)		791|802|826|0|11||110.0		25|49|80|21|45||240.0		TGCATCCTGAGGCCCCAGGGATCAGATGGCCAGAAGCTGCTCTTT	45	CILRPQGSDGQKLLF	:::::::::0:-4:11:::::21:-5:45:::
642	246.0	9.671400410916574E-5	2	2.3097355352812103E-4	TGTGCTGTTACCAGTAATGCTGGCAACAACCGTAAGCTGATTTGG	[[[[[[[[[[[[[[[[[[[[[[[[[[[[[[[[[[[[[[[[[[[[[	TRAV21*00(701.4)		TRAJ38*00(589.1)		544|552|576|0|8||80.0		20|51|82|14|45||310.0		TGTGCTGTTACCAGTAATGCTGGCAACAACCGTAAGCTGATTTGG	58	CAVTSNAGNNRKLIW	:::::::::0:-4:8:::::14:0:45:::
1484	246.0	9.671400410916574E-5	1	1.1548677676406051E-4	TTAGGCTACAAACAAGCTCATCTTT	NNNNNNNNNNNNNNNNNNNNNNNNN	TRAV5*00(369.7)		TRAJ32*00(437.8)		523|524|556|0|1||10.0		34|55|86|4|25||210.0		TTAGGCTACAAACAAGCTCATCTTT	45	LGYK_KLIF	:::::::::0:-12:1:::::4:-14:25:::
1671	246.0	9.671400410916574E-5	1	1.1548677676406051E-4	TGTGTGGTCCGAGGGGGCTTCAAAACTATCTTT	NNNNNNNNNNNNNNNNNNNNNNNNNNNNNNNNN	TRAV12-1*00(479.6)		TRAJ9*00(480.9)		539|547|572|0|8||80.0		29|50|81|12|33|SA31G|181.0		TGTGTGGTCCGAGGGGGCTTCAAAACTATCTTT	45	CVVRGGFKTIF	:::::::::0:-5:8:::::12:-9:33:::
2099	246.0	9.671400410916574E-5	1	1.1548677676406051E-4	TGTGCTTTGGCGGGAACGGGCAGGAGAGCACTTACTTTT	NNNNNNNNNNNNNNNNNNNNNNNNNNNNNNNNNNNNNNN	TRAV12-3*00(658.8)		TRAJ5*00(530.4)		562|567|595|0|5||50.0		25|49|80|15|39||240.0		TGTGCTTTGGCGGGAACGGGCAGGAGAGCACTTACTTTT	45	CALAGTGRRALTF	:::::::::0:-8:5:::::15:-5:39:::
2224	246.0	9.671400410916574E-5	1	1.1548677676406051E-4	TGTGCTTATAGGAGCGCTGTAAATAACAATGACATGCGCTTT	NNNNNNNNNNNNNNNNNNNNNNNNNNNNNNNNNNNNNNNNNN	TRAV38-2/DV8*00(629.9)		TRAJ43*00(510)		602|619|638|0|17||170.0		22|43|74|21|42||210.0		TGTGCTTATAGGAGCGCTGTAAATAACAATGACATGCGCTTT	45	CAYRSAVNNNDMRF	:::::::::0:1:17:::::21:-2:42:::
2237	246.0	9.671400410916574E-5	1	1.1548677676406051E-4	TGTGCTTATAGGAGCGGGGGGTTTTCGGGTAACAATGACATGCGCTTT	NNNNNNNNNNNNNNNNNNNNNNNNNNNNNNNNNNNNNNNNNNNNNNNN	TRAV38-2/DV8*00(618.9)		TRAJ43*00(490)		602|618|638|0|16||160.0		24|43|74|29|48||190.0		TGTGCTTATAGGAGCGGGGGGTTTTCGGGTAACAATGACATGCGCTTT	45	CAYRSGGFSGNNDMRF	:::::::::0:0:16:::::29:-4:48:::
2296	246.0	9.671400410916574E-5	1	1.1548677676406051E-4	TGTGCTCTTCCGCGGTGTATTCAGGAGGAGGTGCTGACGGACTCACCTTT	NNNNNNNNNNNNNNNNNNNNNNNNNNNNNNNNNNNNNNNNNNNNNNNNNN	TRAV9-2*00(679.6)		TRAJ45*00(659.4)		480|488|514|0|8||80.0		20|55|86|15|50||350.0		TGTGCTCTTCCGCGGTGTATTCAGGAGGAGGTGCTGACGGACTCACCTTT	45	CALPRCIQ_GGADGLTF	:::::::::0:-6:8:::::15:0:50:::
2313	246.0	9.671400410916574E-5	1	1.1548677676406051E-4	TGTGCTCTTGGGCCCATCTCTGGGAATGTGCTGCATTGC	NNNNNNNNNNNNNNNNNNNNNNNNNNNNNNNNNNNNNNN	TRDV1*00(745.2)		TRAJ35*00(482.2)		573|585|610|0|12||120.0		26|48|79|17|39|ST28C|191.0		TGTGCTCTTGGGCCCATCTCTGGGAATGTGCTGCATTGC	45	CALGPISGNVLHC	:::::::::0:-5:12:::::17:-6:39:::
3289	246.0	9.671400410916574E-5	1	1.1548677676406051E-4	TGTGCTGTCATAACTCAGGGCGGATCTGAAAAGCTGGTCTTT	NNNNNNNNNNNNNNNNNNNNNNNNNNNNNNNNNNNNNNNNNN	TRAV21*00(948.7)		TRAJ57*00(580.8)		544|551|576|0|7||80.0		17|52|83|7|42|ST18C|331.0		TGTGCTGTCATAACTCAGGGCGGATCTGAAAAGCTGGTCTTT	45	CAVITQGGSEKLVF	:::::::::0:-5:7:::::7:3:42:::
3573	246.0	9.671400410916574E-5	1	1.1548677676406051E-4	TGTGCTGTGGGTGCGGGTGGCCAGAAGCTGCTCTTT	NNNNNNNNNNNNNNNNNNNNNNNNNNNNNNNNNNNN	TRAV8-3*00(652.7)		TRAJ16*00(460.8)		455|470|489|0|15||150.0		30|49|80|17|36||190.0		TGTGCTGTGGGTGCGGGTGGCCAGAAGCTGCTCTTT	45	CAVGAGGQKLLF	:::::::::0:1:15:::::17:-10:36:::
4304	246.0	9.671400410916574E-5	1	1.1548677676406051E-4	TGTGCTGTGAGAGAGAGGATACAGCACCCTCACCTTT	NNNNNNNNNNNNNNNNNNNNNNNNNNNNNNNNNNNNN	TRAV1-2*00(699.2)		TRAJ11*00(530)		620|634|654|0|14||140.0		27|49|80|15|37||220.0		TGTGCTGTGAGAGAGAGGATACAGCACCCTCACCTTT	45	CAVRER_YSTLTF	:::::::::0:0:14:::::15:-7:37:::
4399	246.0	9.671400410916574E-5	1	1.1548677676406051E-4	TGTGCTGCTAACGTCCAGAAAGAGGCTCAACCCTGGGGAGGCTATACTTT	NNNNNNNNNNNNNNNNNNNNNNNNNNNNNNNNNNNNNNNNNNNNNNNNNN	TRAV17*00(859.4)		TRAJ18*00(570.5)		490|496|523|0|6||60.0		22|55|86|17|50|SC24A|301.0		TGTGCTGCTAACGTCCAGAAAGAGGCTCAACCCTGGGGAGGCTATACTTT	45	CAANVQKE_STLGRLYF	:::::::::0:-7:6:::::17:-2:50:::
4597	246.0	9.671400410916574E-5	1	1.1548677676406051E-4	TGTGCTGGGCGAAAGGGAGCCCAGAAGCTGGTATTT	NNNNNNNNNNNNNNNNNNNNNNNNNNNNNNNNNNNN	TRAV35*00(939.4)		TRAJ54*00(519.1)		588|598|620|0|10||100.0		26|49|80|13|36||230.0		TGTGCTGGGCGAAAGGGAGCCCAGAAGCTGGTATTT	45	CAGRKGAQKLVF	:::::::::0:-2:10:::::13:-6:36:::
6138	246.0	9.671400410916574E-5	1	1.1548677676406051E-4	TGTGCCGTCTCTAGCAACACAGGCAAACTAATCTTT	NNNNNNNNNNNNNNNNNNNNNNNNNNNNNNNNNNNN	TRAV8-4*00(564.7),TRAV8-2*00(553.7)		TRAJ37*00(560.4)		476|484|510|0|8|ST481C|51.0;466|470|500|0|4||40.0		23|51|82|8|36|SG27A|251.0		TGTGCCGTCTCTAGCAACACAGGCAAACTAATCTTT	45	CAVSSNTGKLIF	:::::::::0:-6:8:::::8:-3:36:::
17481	246.0	9.671400410916574E-5	1	1.1548677676406051E-4	TGTGCAGCCCCTTGGCTCAGGAACCTACAAATACATCTTT	NNNNNNNNNNNNNNNNNNNNNNNNNNNNNNNNNNNNNNNN	TRAV23/DV6*00(449.6)		TRAJ40*00(539.5)		517|525|550|0|8||80.0		25|50|81|15|40||250.0		TGTGCAGCCCCTTGGCTCAGGAACCTACAAATACATCTTT	45	CAAPWLR_TYKYIF	:::::::::0:-5:8:::::15:-5:40:::
17831	246.0	9.671400410916574E-5	1	1.1548677676406051E-4	TGTGCAGCAAGCCGCGGAACACCGACAAGCTCATCTTT	NNNNNNNNNNNNNNNNNNNNNNNNNNNNNNNNNNNNNN	TRAV29/DV5*00(529.9)		TRAJ34*00(509.4)		529|541|562|0|12||120.0		26|47|78|17|38||210.0		TGTGCAGCAAGCCGCGGAACACCGACAAGCTCATCTTT	45	CAASRG_TDKLIF	:::::::::0:-1:12:::::17:-6:38:::
17882	246.0	9.671400410916574E-5	1	1.1548677676406051E-4	TGTGCAGCAAGCGCGGCTAGCAACTATCAGTTAATCTGG	NNNNNNNNNNNNNNNNNNNNNNNNNNNNNNNNNNNNNNN	TRAV29/DV5*00(559.8)		TRAJ33*00(510.6)		529|544|562|0|15||150.0		22|46|77|15|39|SA23C|221.0		TGTGCAGCAAGCGCGGCTAGCAACTATCAGTTAATCTGG	45	CAASAASNYQLIW	:::::::::0:2:15:::::15:-2:39:::
18551	246.0	9.671400410916574E-5	1	1.1548677676406051E-4	TGTGCAATGCCTCGGGGAATACTTCAGAAACTTGTATTT	NNNNNNNNNNNNNNNNNNNNNNNNNNNNNNNNNNNNNNN	TRAV12-3*00(688.9)		TRAJ8*00(439.2)		562|571|595|0|9||90.0		32|49|80|22|39||170.0		TGTGCAATGCCTCGGGGAATACTTCAGAAACTTGTATTT	45	CAMPRGILQKLVF	:::::::::0:-4:9:::::22:-12:39:::
18868	246.0	9.671400410916574E-5	1	1.1548677676406051E-4	TGTGGTAGGTTTGGAAATGAGAAATTAACCTTT	NNNNNNNNNNNNNNNNNNNNNNNNNNNNNNNNN	TRAV30*00(390.5)		TRAJ48*00(549.4)		567|572|600|0|5|SC569T|21.0		28|52|83|9|33||240.0		TGTGGTAGGTTTGGAAATGAGAAATTAACCTTT	45	CGRFGNEKLTF	:::::::::0:-8:5:::::9:-8:33:::
19119	246.0	9.671400410916574E-5	1	1.1548677676406051E-4	TGCGCTGTGATCCCTGCGTATGGTGGTGCTACAAACAAGCTCATCTTT	NNNNNNNNNNNNNNNNNNNNNNNNNNNNNNNNNNNNNNNNNNNNNNNN	TRAV1-1*00(670.9)		TRAJ32*00(600)		670|680|704|0|10||100.0		25|55|86|18|48||300.0		TGCGCTGTGATCCCTGCGTATGGTGGTGCTACAAACAAGCTCATCTTT	45	CAVIPAYGGATNKLIF	:::::::::0:-4:10:::::18:-5:48:::
741	245.0	9.63208577509984E-5	2	2.3097355352812103E-4	TGTGCCTTGAACACCGGTAACCAGTTCTATTTT	[[[[[[[[[[[[[[[[[[[[[[[[[[[[[[[[[	TRAV24*00(734.6)		TRAJ49*00(549.5)		515|523|545|0|8||80.0		20|45|76|8|33||250.0		TGTGCCTTGAACACCGGTAACCAGTTCTATTTT	58	CALNTGNQFYF	:::::::::0:-2:8:::::8:0:33:::
2102	245.0	9.63208577509984E-5	1	1.1548677676406051E-4	TGTGCTTTGAGGGGCCGTTCCTCAGGAACCTACAAATACATCTTT	NNNNNNNNNNNNNNNNNNNNNNNNNNNNNNNNNNNNNNNNNNNNN	TRAV38-1*00(539.7)		TRAJ40*00(550)		596|604|633|0|8||80.0		24|50|81|19|45||260.0		TGTGCTTTGAGGGGCCGTTCCTCAGGAACCTACAAATACATCTTT	45	CALRGRSSGTYKYIF	:::::::::0:-9:8:::::19:-4:45:::
3412	245.0	9.63208577509984E-5	1	1.1548677676406051E-4	TGTGCTGTGCGGGCGATTAATGTATTCAGGAGGAGGTGCTGACGGACTCACCTTT	NNNNNNNNNNNNNNNNNNNNNNNNNNNNNNNNNNNNNNNNNNNNNNNNNNNNNNN	TRAV20*00(520.3)		TRAJ45*00(668.8)		498|512|531|0|14|SA508G|111.0		19|55|86|19|55||360.0		TGTGCTGTGCGGGCGATTAATGTATTCAGGAGGAGGTGCTGACGGACTCACCTTT	45	CAVRAINVF_GGGADGLTF	:::::::::0:1:14:::::19:1:55:::
3993	245.0	9.63208577509984E-5	1	1.1548677676406051E-4	TGTGCTGTGAGTGATAGCCAGGCAGGAACTGCTCTGATCTTT	NNNNNNNNNNNNNNNNNNNNNNNNNNNNNNNNNNNNNNNNNN	TRAV8-4*00(699.5)		TRAJ15*00(559.7)		476|491|510|0|15||150.0		24|49|80|17|42||250.0		TGTGCTGTGAGTGATAGCCAGGCAGGAACTGCTCTGATCTTT	45	CAVSDSQAGTALIF	:::::::::0:1:15:::::17:-4:42:::
4347	245.0	9.63208577509984E-5	1	1.1548677676406051E-4	TGTGCTGTGAAGGAAACCAGGGAGGAAAGCTTATCTTC	NNNNNNNNNNNNNNNNNNNNNNNNNNNNNNNNNNNNNN	TRAV1-2*00(659.7)		TRAJ23*00(549.6)		620|630|654|0|10||100.0		28|52|83|14|38||240.0		TGTGCTGTGAAGGAAACCAGGGAGGAAAGCTTATCTTC	45	CAVKET_GGKLIF	:::::::::0:-4:10:::::14:-8:38:::
4553	245.0	9.63208577509984E-5	1	1.1548677676406051E-4	TGTGCTGGGCTCTACCACAATGCCAGACTCATGTTT	NNNNNNNNNNNNNNNNNNNNNNNNNNNNNNNNNNNN	TRAV35*00(682.6)		TRAJ31*00(498.8)		588|598|620|0|10||100.0		26|46|77|16|36||200.0		TGTGCTGGGCTCTACCACAATGCCAGACTCATGTTT	45	CAGLYHNARLMF	:::::::::0:-2:10:::::16:-6:36:::
6581	245.0	9.63208577509984E-5	1	1.1548677676406051E-4	TGTGCCGAATGAGACTCAGGAACCTACAAATACATCTTT	NNNNNNNNNNNNNNNNNNNNNNNNNNNNNNNNNNNNNNN	TRAV27*00(592)		TRAJ40*00(539.8)		552|557|582|0|5||50.0		25|50|81|14|39||250.0		TGTGCCGAATGAGACTCAGGAACCTACAAATACATCTTT	45	CAE*DSGTYKYIF	:::::::::0:-5:5:::::14:-5:39:::
17388	245.0	9.63208577509984E-5	1	1.1548677676406051E-4	TGTGCACCCCCCCGAAGGGAACAACAGACTCGCTTTT	NNNNNNNNNNNNNNNNNNNNNNNNNNNNNNNNNNNNN	TRAV12-3*00(919.4)		TRAJ7*00(500)		562|568|595|0|6||60.0		27|48|79|16|37||210.0		TGTGCACCCCCCCGAAGGGAACAACAGACTCGCTTTT	45	CAPPRR_NNRLAF	:::::::::0:-7:6:::::16:-7:37:::
17698	245.0	9.63208577509984E-5	1	1.1548677676406051E-4	TGTGCAGCAAGTGAGGGGGGCTCAGGAACCTACAAATACATCTTT	NNNNNNNNNNNNNNNNNNNNNNNNNNNNNNNNNNNNNNNNNNNNN	TRAV23/DV6*00(480)		TRAJ40*00(539.9)		517|528|550|0|11||110.0		25|50|81|20|45||250.0		TGTGCAGCAAGTGAGGGGGGCTCAGGAACCTACAAATACATCTTT	45	CAASEGGSGTYKYIF	:::::::::0:-2:11:::::20:-5:45:::
18426	245.0	9.63208577509984E-5	1	1.1548677676406051E-4	TGTGCAGAGAGTGATTCGGGAACCTACAAATACATCTTT	NNNNNNNNNNNNNNNNNNNNNNNNNNNNNNNNNNNNNNN	TRAV5*00(479.8)		TRAJ40*00(500.8)		523|535|556|0|12||120.0		26|50|81|15|39|SA28G|211.0		TGTGCAGAGAGTGATTCGGGAACCTACAAATACATCTTT	45	CAESDSGTYKYIF	:::::::::0:-1:12:::::15:-6:39:::
18507	245.0	9.63208577509984E-5	1	1.1548677676406051E-4	TGTGCAGAGAACCCTAATAACGACTACAAGCTCAGCTTT	NNNNNNNNNNNNNNNNNNNNNNNNNNNNNNNNNNNNNNN	TRAV13-2*00(559.6)		TRAJ20*00(529.2)		506|517|539|0|11||110.0		24|46|77|17|39||220.0		TGTGCAGAGAACCCTAATAACGACTACAAGCTCAGCTTT	45	CAENPNNDYKLSF	:::::::::0:-2:11:::::17:-4:39:::
18690	245.0	9.63208577509984E-5	1	1.1548677676406051E-4	TGTGCAATGAGAGTGGGAATTTCTTCTGGTTCTGCAAGGCAACTGACCTTT	NNNNNNNNNNNNNNNNNNNNNNNNNNNNNNNNNNNNNNNNNNNNNNNNNNN	TRAV14/DV4*00(871.3)		TRAJ22*00(609.8)		517|534|554|0|17|SA530T|141.0		18|52|83|17|51||340.0		TGTGCAATGAGAGTGGGAATTTCTTCTGGTTCTGCAAGGCAACTGACCTTT	45	CAMRVGISSGSARQLTF	:::::::::0:0:17:::::17:2:51:::
2060	244.0	9.592771139283105E-5	1	1.1548677676406051E-4	TGTGCTTTCATGAAGCCCATAGGAGGAGGAAACAAACTCACCTTT	NNNNNNNNNNNNNNNNNNNNNNNNNNNNNNNNNNNNNNNNNNNNN	TRAV38-1*00(620.8)		TRAJ10*00(541.1)		596|612|633|0|16||160.0		29|53|84|21|45||240.0		TGTGCTTTCATGAAGCCCATAGGAGGAGGAAACAAACTCACCTTT	45	CAFMKPIGGGNKLTF	:::::::::0:-1:16:::::21:-9:45:::
3915	244.0	9.592771139283105E-5	1	1.1548677676406051E-4	TGTGCTGTGAGTGGGTCTTAGCTAATGCTGGTGGTACTAGCTATGGAAAGCTGACATTT	NNNNNNNNNNNNNNNNNNNNNNNNNNNNNNNNNNNNNNNNNNNNNNNNNNNNNNNNNNN	TRAV8-6*00(688.9)		TRAJ52*00(719.8)		448|461|482|0|13||130.0		16|58|89|17|59||420.0		TGTGCTGTGAGTGGGTCTTAGCTAATGCTGGTGGTACTAGCTATGGAAAGCTGACATTT	45	CAVSGS*LML_GTSYGKLTF	:::::::::0:-1:13:::::17:4:59:::
4063	244.0	9.592771139283105E-5	1	1.1548677676406051E-4	TGTGCTGTGAGTACGGGCAGGAGAGCACTTACTTTT	NNNNNNNNNNNNNNNNNNNNNNNNNNNNNNNNNNNN	TRAV21*00(978.7)		TRAJ5*00(539.8)		544|555|576|0|11||110.0		25|49|80|12|36||240.0		TGTGCTGTGAGTACGGGCAGGAGAGCACTTACTTTT	45	CAVSTGRRALTF	:::::::::0:-1:11:::::12:-5:36:::
4617	244.0	9.592771139283105E-5	1	1.1548677676406051E-4	TGTGCTGGGCAGCTTGAGAACAATGCCAGACTCATGTTT	NNNNNNNNNNNNNNNNNNNNNNNNNNNNNNNNNNNNNNN	TRAV35*00(978.9)		TRAJ31*00(509.9)		588|602|620|0|14||140.0		25|46|77|18|39||210.0		TGTGCTGGGCAGCTTGAGAACAATGCCAGACTCATGTTT	45	CAGQLENNARLMF	:::::::::0:2:14:::::18:-5:39:::
17573	244.0	9.592771139283105E-5	1	1.1548677676406051E-4	TGTGCAGCAGCACCTAGTTGGAACACCGACAAGCTCATCTTT	NNNNNNNNNNNNNNNNNNNNNNNNNNNNNNNNNNNNNNNNNN	TRAV13-1*00(949.4)		TRAJ34*00(469.9)		511|520|544|0|9||90.0		26|47|78|21|42||210.0		TGTGCAGCAGCACCTAGTTGGAACACCGACAAGCTCATCTTT	45	CAAAPSWNTDKLIF	:::::::::0:-4:9:::::21:-6:42:::
17642	244.0	9.592771139283105E-5	1	1.1548677676406051E-4	TGTGCAGCAACGAACACCGGTAACCAGTTCTATTTT	NNNNNNNNNNNNNNNNNNNNNNNNNNNNNNNNNNNN	TRAV29/DV5*00(549.8)		TRAJ49*00(560)		529|539|562|0|10||100.0		19|45|76|10|36||260.0		TGTGCAGCAACGAACACCGGTAACCAGTTCTATTTT	45	CAATNTGNQFYF	:::::::::0:-3:10:::::10:1:36:::
17646	244.0	9.592771139283105E-5	1	1.1548677676406051E-4	TGTGCAGCAAGTTCTAACTTTGGAAATGAGAAATTAACCTTT	NNNNNNNNNNNNNNNNNNNNNNNNNNNNNNNNNNNNNNNNNN	TRAV13-1*00(979.2)		TRAJ48*00(568.9)		511|523|544|0|12||120.0		22|52|83|12|42||300.0		TGTGCAGCAAGTTCTAACTTTGGAAATGAGAAATTAACCTTT	45	CAASSNFGNEKLTF	:::::::::0:-1:12:::::12:-2:42:::
17843	244.0	9.592771139283105E-5	1	1.1548677676406051E-4	TGTGCAGCAAGCGTTGAATCAGGGACTGCTCTGATCTTT	NNNNNNNNNNNNNNNNNNNNNNNNNNNNNNNNNNNNNNN	TRAV29/DV5*00(579.3)		TRAJ15*00(480.5)		529|542|562|0|13||130.0		29|49|80|19|39|SA33G|171.0		TGTGCAGCAAGCGTTGAATCAGGGACTGCTCTGATCTTT	45	CAASVESGTALIF	:::::::::0:0:13:::::19:-9:39:::
17970	244.0	9.592771139283105E-5	1	1.1548677676406051E-4	TGTGCAGCAAGCGAAGGTACTAGCTATGGAAAGCTGACATTT	NNNNNNNNNNNNNNNNNNNNNNNNNNNNNNNNNNNNNNNNNN	TRAV29/DV5*00(580)		TRAJ52*00(570)		529|542|562|0|13||130.0		31|58|89|15|42||270.0		TGTGCAGCAAGCGAAGGTACTAGCTATGGAAAGCTGACATTT	45	CAASEGTSYGKLTF	:::::::::0:0:13:::::15:-11:42:::
18096	244.0	9.592771139283105E-5	1	1.1548677676406051E-4	TGTGCAGGTTCTAATGGATAGCAACTATCAGTTAATCTGG	NNNNNNNNNNNNNNNNNNNNNNNNNNNNNNNNNNNNNNNN	TRAV23/DV6*00(439.8)		TRAJ33*00(560)		517|524|550|0|7||70.0		19|46|77|13|40||270.0		TGTGCAGGTTCTAATGGATAGCAACTATCAGTTAATCTGG	45	CAGSNG*_NYQLIW	:::::::::0:-6:7:::::13:1:40:::
18190	244.0	9.592771139283105E-5	1	1.1548677676406051E-4	TGTGCAGGGGTACAGCACCCTCACCTTT	NNNNNNNNNNNNNNNNNNNNNNNNNNNN	TRAV13-2*00(519.5)		TRAJ11*00(490.5)		506|513|539|0|7||70.0		28|49|80|7|28|SA30G|181.0		TGTGCAGGGGTACAGCACCCTCACCTTT	45	CAGVQ_TLTF	:::::::::0:-6:7:::::7:-8:28:::
18300	244.0	9.592771139283105E-5	1	1.1548677676406051E-4	TGTGCAGGAGAGGGTGGTGGTGCTACAAACAAGCTCATCTTT	NNNNNNNNNNNNNNNNNNNNNNNNNNNNNNNNNNNNNNNNNN	TRAV27*00(641.5)		TRAJ32*00(579.6)		552|562|582|0|10||100.0		27|55|86|14|42||280.0		TGTGCAGGAGAGGGTGGTGGTGCTACAAACAAGCTCATCTTT	45	CAGEGGGATNKLIF	:::::::::0:0:10:::::14:-7:42:::
18479	244.0	9.592771139283105E-5	1	1.1548677676406051E-4	TGTGCAGAGAATGGAGGCGACTACAAGCTCAGCTTT	NNNNNNNNNNNNNNNNNNNNNNNNNNNNNNNNNNNN	TRAV13-2*00(569.6)		TRAJ20*00(489.7)		506|518|539|0|12||120.0		27|46|77|17|36||190.0		TGTGCAGAGAATGGAGGCGACTACAAGCTCAGCTTT	45	CAENGGDYKLSF	:::::::::0:-1:12:::::17:-7:36:::
18486	244.0	9.592771139283105E-5	1	1.1548677676406051E-4	TGTGCAGAGAATATGGGGGGCTTTCAGAAACTTGTATTT	NNNNNNNNNNNNNNNNNNNNNNNNNNNNNNNNNNNNNNN	TRAV13-2*00(589.5)		TRAJ8*00(499.9)		506|520|539|0|14||140.0		28|49|80|18|39||210.0		TGTGCAGAGAATATGGGGGGCTTTCAGAAACTTGTATTT	45	CAENMGGFQKLVF	:::::::::0:1:14:::::18:-8:39:::
18491	244.0	9.592771139283105E-5	1	1.1548677676406051E-4	TGTGCAGAGAATACCTCCGGCCAGAAGCTGCTCTTT	NNNNNNNNNNNNNNNNNNNNNNNNNNNNNNNNNNNN	TRAV13-2*00(579.5)		TRAJ16*00(450.6)		506|519|539|0|13||130.0		31|49|80|18|36||180.0		TGTGCAGAGAATACCTCCGGCCAGAAGCTGCTCTTT	45	CAENTSGQKLLF	:::::::::0:0:13:::::18:-11:36:::
18498	244.0	9.592771139283105E-5	1	1.1548677676406051E-4	TGTGCAGAGAATAGAAATTCCGGGTATGCACTCAACTTC	NNNNNNNNNNNNNNNNNNNNNNNNNNNNNNNNNNNNNNN	TRAV13-2*00(580)		TRAJ41*00(509.8)		506|519|539|0|13||130.0		26|51|82|14|39||250.0		TGTGCAGAGAATAGAAATTCCGGGTATGCACTCAACTTC	45	CAENRNSGYALNF	:::::::::0:0:13:::::14:-6:39:::
19045	244.0	9.592771139283105E-5	1	1.1548677676406051E-4	TGCCTCGTGGGTAGAATACCGGCACTGCCAGTAAACTCACCTTT	NNNNNNNNNNNNNNNNNNNNNNNNNNNNNNNNNNNNNNNNNNNN	TRAV4*00(539.1)		TRAJ44*00(608.7)		768|780|804|0|12||120.0		22|52|83|14|44||300.0		TGCCTCGTGGGTAGAATACCGGCACTGCCAGTAAACTCACCTTT	45	CLVGRIP_TASKLTF	:::::::::0:-4:12:::::14:-2:44:::
20373	244.0	9.592771139283105E-5	1	1.1548677676406051E-4	TGCATCGTCAGAGTCTCCCTTTATAACCAGGGAGGAAAGCTTATCTTC	NNNNNNNNNNNNNNNNNNNNNNNNNNNNNNNNNNNNNNNNNNNNNNNN	TRAV26-1*00(639)		TRAJ23*00(599.8)		763|778|799|0|15||150.0		23|52|83|19|48||290.0		TGCATCGTCAGAGTCTCCCTTTATAACCAGGGAGGAAAGCTTATCTTC	45	CIVRVSLYNQGGKLIF	:::::::::0:-1:15:::::19:-3:48:::
1589	243.0	9.553456503466371E-5	1	1.1548677676406051E-4	TGTGTTGTGAGTCCCTCACGAGGTGGTGCTACAAACAAGCTCATCTTT	NNNNNNNNNNNNNNNNNNNNNNNNNNNNNNNNNNNNNNNNNNNNNNNN	TRAV8-2*00(653.7)		TRAJ32*00(569.6)		466|478|500|0|12||120.0		28|55|86|21|48||270.0		TGTGTTGTGAGTCCCTCACGAGGTGGTGCTACAAACAAGCTCATCTTT	45	CVVSPSRGGATNKLIF	:::::::::0:-2:12:::::21:-8:48:::
1691	243.0	9.553456503466371E-5	1	1.1548677676406051E-4	TGTGTGGTGGTCCCCCCTGAACCAGTTCTATTTT	NNNNNNNNNNNNNNNNNNNNNNNNNNNNNNNNNN	TRAV12-1*00(768)		TRAJ49*00(377.6)		539|548|572|0|9||90.0		30|45|76|19|34||150.0		TGTGTGGTGGTCCCCCCTGAACCAGTTCTATTTT	45	CVVVPP_NQFYF	:::::::::0:-4:9:::::19:-10:34:::
1744	243.0	9.553456503466371E-5	1	1.1548677676406051E-4	TGTGTGGTGACCGGGATGGATAGCAGCTATAAATTGATCTTC	NNNNNNNNNNNNNNNNNNNNNNNNNNNNNNNNNNNNNNNNNN	TRAV10*00(1010.4)		TRAJ12*00(519.4)		575|588|608|0|13|SG585C|101.0		20|49|80|13|42||290.0		TGTGTGGTGACCGGGATGGATAGCAGCTATAAATTGATCTTC	45	CVVTGMDSSYKLIF	:::::::::0:0:13:::::13:0:42:::
2267	243.0	9.553456503466371E-5	1	1.1548677676406051E-4	TGTGCTTACTACACCGGCACTGCCAGTAAACTCACCTTT	NNNNNNNNNNNNNNNNNNNNNNNNNNNNNNNNNNNNNNN	TRAV38-2/DV8*00(539)		TRAJ44*00(579.6)		602|610|638|0|8||80.0		25|52|83|12|39||270.0		TGTGCTTACTACACCGGCACTGCCAGTAAACTCACCTTT	45	CAYYTGTASKLTF	:::::::::0:-8:8:::::12:-5:39:::
2602	243.0	9.553456503466371E-5	1	1.1548677676406051E-4	TGTGCTCTGAGTGTGGTACTAGCTATGGAAAGCTGACATTT	NNNNNNNNNNNNNNNNNNNNNNNNNNNNNNNNNNNNNNNNN	TRAV9-2*00(739.7)		TRAJ52*00(589.5)		480|493|514|0|13||130.0		30|58|89|13|41||290.0		TGTGCTCTGAGTGTGGTACTAGCTATGGAAAGCTGACATTT	45	CALSVVL_YGKLTF	:::::::::0:-1:13:::::13:-10:41:::
2900	243.0	9.553456503466371E-5	1	1.1548677676406051E-4	TGTGCTCTACGGGGTTGACATGCGCTTT	NNNNNNNNNNNNNNNNNNNNNNNNNNNN	TRAV22*00(489.8)		TRAJ43*00(429.4)		526|532|559|0|6||60.0		30|43|74|15|28||130.0		TGTGCTCTACGGGGTTGACATGCGCTTT	45	CALRG_DMRF	:::::::::0:-7:6:::::15:-10:28:::
3041	243.0	9.553456503466371E-5	1	1.1548677676406051E-4	TGTGCTCCTGTCTAGCAACACAGGCAAACTAATCTTT	NNNNNNNNNNNNNNNNNNNNNNNNNNNNNNNNNNNNN	TRAV2*00(958.1)		TRAJ37*00(510.2)		519|525|553|0|6||60.0		24|51|82|10|37|SG27A|241.0		TGTGCTCCTGTCTAGCAACACAGGCAAACTAATCTTT	45	CAPV*Q_TGKLIF	:::::::::0:-8:6:::::10:-4:37:::
3046	243.0	9.553456503466371E-5	1	1.1548677676406051E-4	TGTGCTCCTGAGGATTCCGGGTATGCACTCAACTTC	NNNNNNNNNNNNNNNNNNNNNNNNNNNNNNNNNNNN	TRAV6*00(439.7)		TRAJ41*00(490)		535|542|568|0|7||70.0		28|51|82|13|36||230.0		TGTGCTCCTGAGGATTCCGGGTATGCACTCAACTTC	45	CAPEDSGYALNF	:::::::::0:-6:7:::::13:-8:36:::
3454	243.0	9.553456503466371E-5	1	1.1548677676406051E-4	TGTGCTGTGCAGGCAGGCTTTGGGAATGTGCTGCATTGC	NNNNNNNNNNNNNNNNNNNNNNNNNNNNNNNNNNNNNNN	TRAV20*00(549.6)		TRAJ35*00(549.6)		498|512|531|0|14||140.0		23|48|79|14|39||250.0		TGTGCTGTGCAGGCAGGCTTTGGGAATGTGCTGCATTGC	45	CAVQAGFGNVLHC	:::::::::0:1:14:::::14:-3:39:::
4260	243.0	9.553456503466371E-5	1	1.1548677676406051E-4	TGTGCTGTGAGAGATATAGGTGGTGCTACAAACAAGCTCATCTTT	NNNNNNNNNNNNNNNNNNNNNNNNNNNNNNNNNNNNNNNNNNNNN	TRAV1-2*00(709.5)		TRAJ32*00(569.2)		620|635|654|0|15||150.0		28|55|86|18|45||270.0		TGTGCTGTGAGAGATATAGGTGGTGCTACAAACAAGCTCATCTTT	45	CAVRDIGGATNKLIF	:::::::::0:1:15:::::18:-8:45:::
4425	243.0	9.553456503466371E-5	1	1.1548677676406051E-4	TGTGCTGCCCGGAACCCCCATGCATCAGGAGGAAGCTACATACCTACATTT	NNNNNNNNNNNNNNNNNNNNNNNNNNNNNNNNNNNNNNNNNNNNNNNNNNN	TRAV22*00(499.6)		TRAJ6*00(637.7)		526|533|559|0|7||70.0		18|51|82|18|51||330.0		TGTGCTGCCCGGAACCCCCATGCATCAGGAGGAAGCTACATACCTACATTT	45	CAARNPHASGGSYIPTF	:::::::::0:-6:7:::::18:2:51:::
4501	243.0	9.553456503466371E-5	1	1.1548677676406051E-4	TGTGCTGCAGGAACCTACAAATACATCTTT	NNNNNNNNNNNNNNNNNNNNNNNNNNNNNN	TRAV29/DV5*00(510.6)		TRAJ40*00(519.6)		529|537|562|0|8|SA534T|61.0		28|50|81|8|30||230.0		TGTGCTGCAGGAACCTACAAATACATCTTT	45	CAAGTYKYIF	:::::::::0:-5:8:::::8:-8:30:::
4590	243.0	9.553456503466371E-5	1	1.1548677676406051E-4	TGTGCTGGGCGGGATGCAGGCAACATGCTCACCTTT	NNNNNNNNNNNNNNNNNNNNNNNNNNNNNNNNNNNN	TRAV35*00(600.5)		TRAJ39*00(539.7)		588|598|620|0|10||100.0		29|52|83|13|36||230.0		TGTGCTGGGCGGGATGCAGGCAACATGCTCACCTTT	45	CAGRDAGNMLTF	:::::::::0:-2:10:::::13:-9:36:::
5716	243.0	9.553456503466371E-5	1	1.1548677676406051E-4	TGTGCCTCAACTGACAGCTGGGGGAAATTGCAGTTT	NNNNNNNNNNNNNNNNNNNNNNNNNNNNNNNNNNNN	TRAV24*00(479.9)		TRAJ24*00(579.6)		515|522|545|0|7||70.0		23|52|83|7|36||290.0		TGTGCCTCAACTGACAGCTGGGGGAAATTGCAGTTT	45	CASTDSWGKLQF	:::::::::0:-3:7:::::7:-3:36:::
17418	243.0	9.553456503466371E-5	1	1.1548677676406051E-4	TGTGCAGTCCGCTCAATGACATGCGCTTT	NNNNNNNNNNNNNNNNNNNNNNNNNNNNN	TRAV27*00(611)		TRAJ43*00(458.9)		552|559|582|0|7||70.0		27|43|74|13|29||160.0		TGTGCAGTCCGCTCAATGACATGCGCTTT	45	CAVRS_DMRF	:::::::::0:-3:7:::::13:-7:29:::
17560	243.0	9.553456503466371E-5	1	1.1548677676406051E-4	TGTGCAGCACGGACCTCAGGAACCTACAAATACATCTTT	NNNNNNNNNNNNNNNNNNNNNNNNNNNNNNNNNNNNNNN	TRAV29/DV5*00(499.9)		TRAJ40*00(560)		529|538|562|0|9||90.0		23|50|81|12|39||270.0		TGTGCAGCACGGACCTCAGGAACCTACAAATACATCTTT	45	CAARTSGTYKYIF	:::::::::0:-4:9:::::12:-3:39:::
17626	243.0	9.553456503466371E-5	1	1.1548677676406051E-4	TGTGCAGCAACCCCAACCTTATTTTCTAACGACTACAAGCTCAGCTTT	NNNNNNNNNNNNNNNNNNNNNNNNNNNNNNNNNNNNNNNNNNNNNNNN	TRAV13-1*00(958.1)		TRAJ20*00(510.7)		511|521|544|0|10||100.0		21|46|77|23|48||250.0		TGTGCAGCAACCCCAACCTTATTTTCTAACGACTACAAGCTCAGCTTT	45	CAATPTLFSNDYKLSF	:::::::::0:-3:10:::::23:-1:48:::
17986	243.0	9.553456503466371E-5	1	1.1548677676406051E-4	TGTGCAGCAAGCATGAACTCAAATTCCGGGTATGCACTCAACTTC	NNNNNNNNNNNNNNNNNNNNNNNNNNNNNNNNNNNNNNNNNNNNN	TRAV23/DV6*00(519.8)		TRAJ41*00(569.7)		517|532|550|0|15||150.0		21|51|82|15|45||310.0		TGTGCAGCAAGCATGAACTCAAATTCCGGGTATGCACTCAACTTC	45	CAASMNSNSGYALNF	:::::::::0:2:15:::::15:-1:45:::
18019	243.0	9.553456503466371E-5	1	1.1548677676406051E-4	TGTGCAGCAAGCAACCCGGGGCAAACAACCTCTTCTTT	NNNNNNNNNNNNNNNNNNNNNNNNNNNNNNNNNNNNNN	TRAV23/DV6*00(499.7)		TRAJ36*00(521.7)		517|529|550|0|12||130.0		22|48|79|12|38|SA24CST26C|212.0		TGTGCAGCAAGCAACCCGGGGCAAACAACCTCTTCTTT	45	CAASNP_ANNLFF	:::::::::0:-1:12:::::12:-2:38:::
18105	243.0	9.553456503466371E-5	1	1.1548677676406051E-4	TGTGCAGGTCCTGGAGTATCAGTTAATCTGG	NNNNNNNNNNNNNNNNNNNNNNNNNNNNNNN	TRAV25*00(540.2)		TRAJ33*00(439.6)		620|631|649|0|11|SG628T|81.0		31|46|77|16|31||150.0		TGTGCAGGTCCTGGAGTATCAGTTAATCTGG	45	CAGPG_YQLIW	:::::::::0:2:11:::::16:-11:31:::
19177	243.0	9.553456503466371E-5	1	1.1548677676406051E-4	TGCGCCCTGGAAGGCTTCAAAACTATCTTT	NNNNNNNNNNNNNNNNNNNNNNNNNNNNNN	TRAV1-1*00(575.7)		TRAJ9*00(489.6)		670|675|704|0|5||50.0		31|50|81|11|30||190.0		TGCGCCCTGGAAGGCTTCAAAACTATCTTT	45	CALEGFKTIF	:::::::::0:-9:5:::::11:-11:30:::
20269	243.0	9.553456503466371E-5	1	1.1548677676406051E-4	TGCATCCTGAGAGACGTTAAGCTCTAGCAACACAGGCAAACTAATCTTT	NNNNNNNNNNNNNNNNNNNNNNNNNNNNNNNNNNNNNNNNNNNNNNNNN	TRAV26-2*00(698.9)		TRAJ37*00(563.2)		791|808|826|0|17||170.0		22|51|82|20|49|SG27A|261.0		TGCATCCTGAGAGACGTTAAGCTCTAGCAACACAGGCAAACTAATCTTT	45	CILRDVKL_SNTGKLIF	:::::::::0:2:17:::::20:-2:49:::
3700	242.0	9.514141867649637E-5	1	1.1548677676406051E-4	TGTGCTGTGGAGGTCCCATCAGGAGGAAGCTACATACCTACATTT	NNNNNNNNNNNNNNNNNNNNNNNNNNNNNNNNNNNNNNNNNNNNN	TRAV2*00(1028.3)		TRAJ6*00(559.6)		519|532|553|0|13||130.0		22|51|82|16|45||290.0		TGTGCTGTGGAGGTCCCATCAGGAGGAAGCTACATACCTACATTT	45	CAVEVPSGGSYIPTF	:::::::::0:-1:13:::::16:-2:45:::
6083	242.0	9.514141867649637E-5	1	1.1548677676406051E-4	TGTGCCCGTCACCGGTAACCAGTTCTATTTT	NNNNNNNNNNNNNNNNNNNNNNNNNNNNNNN	TRAV36/DV7*00(540.7)		TRAJ49*00(519.2)		500|505|533|0|5||50.0		23|45|76|9|31||220.0		TGTGCCCGTCACCGGTAACCAGTTCTATTTT	45	CARHR_NQFYF	:::::::::0:-8:5:::::9:-3:31:::
17353	242.0	9.514141867649637E-5	1	1.1548677676406051E-4	TGTGCGGAACTGTCACGGGAGGAGGAAACAAACTCACCTTT	NNNNNNNNNNNNNNNNNNNNNNNNNNNNNNNNNNNNNNNNN	TRAV25*00(509.8)		TRAJ10*00(560.8)		620|625|649|0|5||50.0		24|53|84|12|41||290.0		TGTGCGGAACTGTCACGGGAGGAGGAAACAAACTCACCTTT	45	CAELSRE_GNKLTF	:::::::::0:-4:5:::::12:-4:41:::
17549	242.0	9.514141867649637E-5	1	1.1548677676406051E-4	TGTGCAGCACCTGACAGCTGGGGGAAATTGCAGTTT	NNNNNNNNNNNNNNNNNNNNNNNNNNNNNNNNNNNN	TRAV23/DV6*00(459.6)		TRAJ24*00(551)		517|525|550|0|8||90.0		24|52|83|8|36|SA25C|261.0		TGTGCAGCACCTGACAGCTGGGGGAAATTGCAGTTT	45	CAAPDSWGKLQF	:::::::::0:-5:8:::::8:-4:36:::
17821	242.0	9.514141867649637E-5	1	1.1548677676406051E-4	TGTGCAGCAAGCCCCCTGAGGGGTGGTGCTACAAACAAGCTCATCTTT	NNNNNNNNNNNNNNNNNNNNNNNNNNNNNNNNNNNNNNNNNNNNNNNN	TRAV29/DV5*00(529.9)		TRAJ32*00(569.6)		529|541|562|0|12||120.0		28|55|86|21|48||270.0		TGTGCAGCAAGCCCCCTGAGGGGTGGTGCTACAAACAAGCTCATCTTT	45	CAASPLRGGATNKLIF	:::::::::0:-1:12:::::21:-8:48:::
18028	242.0	9.514141867649637E-5	1	1.1548677676406051E-4	TGTGCAGCAAGCAAACAACCAGGGAGGAAAGCTTATCTTC	NNNNNNNNNNNNNNNNNNNNNNNNNNNNNNNNNNNNNNNN	TRAV23/DV6*00(499.8)		TRAJ23*00(477.8)		517|530|550|0|13||130.0		28|52|83|16|40||240.0		TGTGCAGCAAGCAAACAACCAGGGAGGAAAGCTTATCTTC	45	CAASKQP_GGKLIF	:::::::::0:0:13:::::16:-8:40:::
18717	242.0	9.514141867649637E-5	1	1.1548677676406051E-4	TGTGCAATGAGAGACTCGAAGGGAGCCCAGAAGCTGGTATTT	NNNNNNNNNNNNNNNNNNNNNNNNNNNNNNNNNNNNNNNNNN	TRAV14/DV4*00(700.8)		TRAJ54*00(519)		517|531|554|0|14||140.0		26|49|80|19|42||230.0		TGTGCAATGAGAGACTCGAAGGGAGCCCAGAAGCTGGTATTT	45	CAMRDSKGAQKLVF	:::::::::0:-3:14:::::19:-6:42:::
1473	241.0	9.474827231832903E-5	1	1.1548677676406051E-4	TTTTTGGGGCACCGACAAGCTCATCTTT	NNNNNNNNNNNNNNNNNNNNNNNNNNNN	TRAV13-1*00(869.4)		TRAJ34*00(489.6)		511|512|544|0|1||10.0		28|47|78|9|28||190.0		TTTTTGGGGCACCGACAAGCTCATCTTT	45	FLGHR_KLIF	:::::::::0:-12:1:::::9:-8:28:::
1756	241.0	9.474827231832903E-5	1	1.1548677676406051E-4	TGTGTGGTGAGTTTATGGAGGAAGCCAAGGAAATCTCATCTTT	NNNNNNNNNNNNNNNNNNNNNNNNNNNNNNNNNNNNNNNNNNN	TRAV12-1*00(958.7)		TRAJ42*00(569.2)		539|549|572|0|10||100.0		24|55|86|12|43||310.0		TGTGTGGTGAGTTTATGGAGGAAGCCAAGGAAATCTCATCTTT	45	CVVSLWR_SQGNLIF	:::::::::0:-3:10:::::12:-4:43:::
2128	241.0	9.474827231832903E-5	1	1.1548677676406051E-4	TGTGCTTCCCGGACACAGGCAAACTAATCTTT	NNNNNNNNNNNNNNNNNNNNNNNNNNNNNNNN	TRAV8-4*00(575.2)		TRAJ37*00(509.8)		476|482|510|0|6||60.0		31|51|82|12|32||200.0		TGTGCTTCCCGGACACAGGCAAACTAATCTTT	45	CASRT_GKLIF	:::::::::0:-8:6:::::12:-11:32:::
2595	241.0	9.474827231832903E-5	1	1.1548677676406051E-4	TGTGCTCTGAGTCGATATGGAAACAAGCTGGTCTTT	NNNNNNNNNNNNNNNNNNNNNNNNNNNNNNNNNNNN	TRAV9-2*00(729.4)		TRAJ47*00(500.1)		480|492|514|0|12||120.0		24|46|77|14|36|SA36G|191.0		TGTGCTCTGAGTCGATATGGAAACAAGCTGGTCTTT	45	CALSRYGNKLVF	:::::::::0:-2:12:::::14:-4:36:::
2683	241.0	9.474827231832903E-5	1	1.1548677676406051E-4	TGTGCTCTGAGTGACCCTCAAACTGGGGCAAACAACCTCTTCTTT	NNNNNNNNNNNNNNNNNNNNNNNNNNNNNNNNNNNNNNNNNNNNN	TRAV9-2*00(749.4)		TRAJ36*00(588.7)		480|494|514|0|14||140.0		20|48|79|17|45||280.0		TGTGCTCTGAGTGACCCTCAAACTGGGGCAAACAACCTCTTCTTT	45	CALSDPQTGANNLFF	:::::::::0:0:14:::::17:0:45:::
3110	241.0	9.474827231832903E-5	1	1.1548677676406051E-4	TGTGCTCCAGGCAGTGCTTCCAAGATAATCTTT	NNNNNNNNNNNNNNNNNNNNNNNNNNNNNNNNN	TRAV6*00(441.5)		TRAJ3*00(530)		535|547|568|0|12|ST542CSA545G|72.0		30|51|82|12|33||230.0		TGTGCTCCAGGCAGTGCTTCCAAGATAATCTTT	45	CAPGSASKIIF	:::::::::0:-1:12:::::12:-10:33:::
3574	241.0	9.474827231832903E-5	1	1.1548677676406051E-4	TGTGCTGTGGGTGCGGGGCACGGGCAGGAGAGCACTTACTTTT	NNNNNNNNNNNNNNNNNNNNNNNNNNNNNNNNNNNNNNNNNNN	TRAV8-3*00(640.5)		TRAJ5*00(551)		455|470|489|0|15||150.0		21|49|80|15|43|SA23G|251.0		TGTGCTGTGGGTGCGGGGCACGGGCAGGAGAGCACTTACTTTT	45	CAVGAGH_GRRALTF	:::::::::0:1:15:::::15:-1:43:::
3662	241.0	9.474827231832903E-5	1	1.1548677676406051E-4	TGTGCTGTGGATAACACCGACAAGCTCATCTTT	NNNNNNNNNNNNNNNNNNNNNNNNNNNNNNNNN	TRAV21*00(746.1)		TRAJ34*00(529.7)		544|553|576|0|9||90.0		24|47|78|10|33||230.0		TGTGCTGTGGATAACACCGACAAGCTCATCTTT	45	CAVDNTDKLIF	:::::::::0:-3:9:::::10:-4:33:::
3676	241.0	9.474827231832903E-5	1	1.1548677676406051E-4	TGTGCTGTGGACACGTACAATAACAATGACATGCGCTTT	NNNNNNNNNNNNNNNNNNNNNNNNNNNNNNNNNNNNNNN	TRAV36/DV7*00(600.4)		TRAJ43*00(549.6)		500|511|533|0|11||110.0		18|43|74|14|39||250.0		TGTGCTGTGGACACGTACAATAACAATGACATGCGCTTT	45	CAVDTYNNNDMRF	:::::::::0:-2:11:::::14:2:39:::
4352	241.0	9.474827231832903E-5	1	1.1548677676406051E-4	TGTGCTGTGAAACTTCAAATTCCGGGTATGCACTCAACTTC	NNNNNNNNNNNNNNNNNNNNNNNNNNNNNNNNNNNNNNNNN	TRAV22*00(520)		TRAJ41*00(529.5)		526|535|559|0|9||90.0		24|51|82|14|41||270.0		TGTGCTGTGAAACTTCAAATTCCGGGTATGCACTCAACTTC	45	CAVKLQI_GYALNF	:::::::::0:-4:9:::::14:-4:41:::
6314	241.0	9.474827231832903E-5	1	1.1548677676406051E-4	TGTGCCGTGAGCCGTTCGATAACTATGGTCAGAATTTTGTCTTT	NNNNNNNNNNNNNNNNNNNNNNNNNNNNNNNNNNNNNNNNNNNN	TRAV8-1*00(569.7)		TRAJ26*00(559.9)		474|484|508|0|10||100.0		22|49|80|17|44||270.0		TGTGCCGTGAGCCGTTCGATAACTATGGTCAGAATTTTGTCTTT	45	CAVSRSI_YGQNFVF	:::::::::0:-4:10:::::17:-2:44:::
6332	241.0	9.474827231832903E-5	1	1.1548677676406051E-4	TGTGCCGTGAGAGGAAAAAGAGGTACAGCAGTGCTTCCAAGATAATCTTT	NNNNNNNNNNNNNNNNNNNNNNNNNNNNNNNNNNNNNNNNNNNNNNNNNN	TRAV12-2*00(500)		TRAJ3*00(589.4)		551|561|584|0|10||100.0		22|51|82|21|50||290.0		TGTGCCGTGAGAGGAAAAAGAGGTACAGCAGTGCTTCCAAGATAATCTTT	45	CAVRGKRG_SSASKIIF	:::::::::0:-3:10:::::21:-2:50:::
6365	241.0	9.474827231832903E-5	1	1.1548677676406051E-4	TGTGCCGTGAATGAAGGCTCAACCCTGGGGAGGCTATACTTT	NNNNNNNNNNNNNNNNNNNNNNNNNNNNNNNNNNNNNNNNNN	TRAV8-1*00(599.6)		TRAJ18*00(589.5)		474|487|508|0|13||130.0		27|55|86|14|42||280.0		TGTGCCGTGAATGAAGGCTCAACCCTGGGGAGGCTATACTTT	45	CAVNEGSTLGRLYF	:::::::::0:-1:13:::::14:-7:42:::
17733	241.0	9.474827231832903E-5	1	1.1548677676406051E-4	TGTGCAGCAAGTAGTAGGACACGGGCAGGAGAGCACTTACTTTT	NNNNNNNNNNNNNNNNNNNNNNNNNNNNNNNNNNNNNNNNNNNN	TRAV13-1*00(989.9)		TRAJ5*00(539.6)		511|524|544|0|13||130.0		21|49|80|16|44||280.0		TGTGCAGCAAGTAGTAGGACACGGGCAGGAGAGCACTTACTTTT	45	CAASSRT_GRRALTF	:::::::::0:0:13:::::16:-1:44:::
17957	241.0	9.474827231832903E-5	1	1.1548677676406051E-4	TGTGCAGCAAGCGACCGGGGCTACAAATACATCTTT	NNNNNNNNNNNNNNNNNNNNNNNNNNNNNNNNNNNN	TRAV29/DV5*00(539.8)		TRAJ40*00(449.5)		529|542|562|0|13||130.0		34|50|81|20|36||160.0		TGTGCAGCAAGCGACCGGGGCTACAAATACATCTTT	45	CAASDRGYKYIF	:::::::::0:0:13:::::20:-14:36:::
18113	241.0	9.474827231832903E-5	1	1.1548677676406051E-4	TGTGCAGGTAGCATGAACAGAGATGACAAGATCATCTTT	NNNNNNNNNNNNNNNNNNNNNNNNNNNNNNNNNNNNNNN	TRAV5*00(429.9)		TRAJ30*00(589.8)		523|530|556|0|7||70.0		18|46|77|11|39||280.0		TGTGCAGGTAGCATGAACAGAGATGACAAGATCATCTTT	45	CAGSMNRDDKIIF	:::::::::0:-6:7:::::11:2:39:::
18205	241.0	9.474827231832903E-5	1	1.1548677676406051E-4	TGTGCAGGGGACCTTTATAACCAGGGAGGAAAGCTTATCTTC	NNNNNNNNNNNNNNNNNNNNNNNNNNNNNNNNNNNNNNNNNN	TRAV13-2*00(519.7)		TRAJ23*00(599.6)		506|513|539|0|7||70.0		23|52|83|13|42||290.0		TGTGCAGGGGACCTTTATAACCAGGGAGGAAAGCTTATCTTC	45	CAGDLYNQGGKLIF	:::::::::0:-6:7:::::13:-3:42:::
18900	241.0	9.474827231832903E-5	1	1.1548677676406051E-4	TGTGGAGCAGCGTCCCCGGAGGAAGCCAAGGAAATCTCATCTTT	NNNNNNNNNNNNNNNNNNNNNNNNNNNNNNNNNNNNNNNNNNNN	TRAV34*00(489.6)		TRAJ42*00(569.6)		603|613|636|0|10||100.0		28|55|86|17|44||270.0		TGTGGAGCAGCGTCCCCGGAGGAAGCCAAGGAAATCTCATCTTT	45	CGAASPE_SQGNLIF	:::::::::0:-3:10:::::17:-8:44:::
19055	241.0	9.474827231832903E-5	1	1.1548677676406051E-4	TGCCTCGTGGGGGTCACGGCTGCAGGCAACAAGCTAACTTTT	NNNNNNNNNNNNNNNNNNNNNNNNNNNNNNNNNNNNNNNNNN	TRAV4*00(529.5)		TRAJ17*00(539.7)		768|779|804|0|11||110.0		28|52|83|18|42||240.0		TGCCTCGTGGGGGTCACGGCTGCAGGCAACAAGCTAACTTTT	45	CLVGVTAAGNKLTF	:::::::::0:-5:11:::::18:-8:42:::
19144	241.0	9.474827231832903E-5	1	1.1548677676406051E-4	TGCGCTGTGAGAGTCTCTTCTGGTTCTGCAAGGCAACTGACCTTT	NNNNNNNNNNNNNNNNNNNNNNNNNNNNNNNNNNNNNNNNNNNNN	TRAV1-1*00(699.3)		TRAJ22*00(607.8)		670|683|704|0|13||130.0		22|52|83|15|45||300.0		TGCGCTGTGAGAGTCTCTTCTGGTTCTGCAAGGCAACTGACCTTT	45	CAVRVSSGSARQLTF	:::::::::0:-1:13:::::15:-2:45:::
20175	241.0	9.474827231832903E-5	1	1.1548677676406051E-4	TGCGGCACAGAGGCGGGTACCGGTAACCAGTTCTATTTT	NNNNNNNNNNNNNNNNNNNNNNNNNNNNNNNNNNNNNNN	TRAV30*00(489.9)		TRAJ49*00(509.8)		567|579|600|0|12||120.0		24|45|76|18|39||210.0		TGCGGCACAGAGGCGGGTACCGGTAACCAGTTCTATTTT	45	CGTEAGTGNQFYF	:::::::::0:-1:12:::::18:-4:39:::
20180	241.0	9.474827231832903E-5	1	1.1548677676406051E-4	TGCGGCACAGAGGAATACGGGGGAGCCCAGAAGCTGGTATTT	NNNNNNNNNNNNNNNNNNNNNNNNNNNNNNNNNNNNNNNNNN	TRAV30*00(489.4)		TRAJ54*00(509.4)		567|579|600|0|12||120.0		27|49|80|20|42||220.0		TGCGGCACAGAGGAATACGGGGGAGCCCAGAAGCTGGTATTT	45	CGTEEYGGAQKLVF	:::::::::0:-1:12:::::20:-7:42:::
21345	241.0	9.474827231832903E-5	1	1.1548677676406051E-4	TGAGGAAGGAACCTACAAATACATCTTT	NNNNNNNNNNNNNNNNNNNNNNNNNNNN	TRAV27*00(572.3)		TRAJ40*00(509.5)		552|554|582|0|2||20.0		28|50|81|6|28||220.0		TGAGGAAGGAACCTACAAATACATCTTT	45	*GRNL_KYIF	:::::::::0:-8:2:::::6:-8:28:::
2907	240.0	9.43551259601617E-5	1	1.1548677676406051E-4	TGTGCTCTAGTGCCCCGAGAAAGCTTATCTTC	NNNNNNNNNNNNNNNNNNNNNNNNNNNNNNNN	TRAV6*00(469.9)		TRAJ23*00(410.7)		535|545|568|0|10||100.0		38|52|83|18|32||140.0		TGTGCTCTAGTGCCCCGAGAAAGCTTATCTTC	45	CALVP_RKLIF	:::::::::0:-3:10:::::18:-18:32:::
3723	240.0	9.43551259601617E-5	1	1.1548677676406051E-4	TGTGCTGTGGAGGATTCTATGGTCAGAATTTTGTCTTT	NNNNNNNNNNNNNNNNNNNNNNNNNNNNNNNNNNNNNN	TRAV2*00(600.7)		TRAJ26*00(509.9)		519|536|553|0|17|SC534T|151.0		28|49|80|17|38||220.0		TGTGCTGTGGAGGATTCTATGGTCAGAATTTTGTCTTT	45	CAVEDS_GQNFVF	:::::::::0:3:17:::::17:-8:38:::
4025	240.0	9.43551259601617E-5	1	1.1548677676406051E-4	TGTGCTGTGAGTGAGATTGGGGCTGGGAGTTACCAACTCACTTTC	NNNNNNNNNNNNNNNNNNNNNNNNNNNNNNNNNNNNNNNNNNNNN	TRAV8-6*00(709.1)		TRAJ28*00(569.1)		448|462|482|0|14||140.0		27|55|86|17|45||280.0		TGTGCTGTGAGTGAGATTGGGGCTGGGAGTTACCAACTCACTTTC	45	CAVSEIGAGSYQLTF	:::::::::0:0:14:::::17:-7:45:::
4075	240.0	9.43551259601617E-5	1	1.1548677676406051E-4	TGTGCTGTGAGCTACACGGGCAGGAGAGCACTTACTTTT	NNNNNNNNNNNNNNNNNNNNNNNNNNNNNNNNNNNNNNN	TRAV8-4*00(659.6)		TRAJ5*00(559.6)		476|487|510|0|11||110.0		23|49|80|13|39||260.0		TGTGCTGTGAGCTACACGGGCAGGAGAGCACTTACTTTT	45	CAVSYTGRRALTF	:::::::::0:-3:11:::::13:-3:39:::
6116	240.0	9.43551259601617E-5	1	1.1548677676406051E-4	TGTGCCGTTTCATACCGGCACTGCCAGTAAACTCACCTTT	NNNNNNNNNNNNNNNNNNNNNNNNNNNNNNNNNNNNNNNN	TRAV12-2*00(479.5)		TRAJ44*00(599.2)		551|559|584|0|8||80.0		23|52|83|11|40||290.0		TGTGCCGTTTCATACCGGCACTGCCAGTAAACTCACCTTT	45	CAVSYRH_ASKLTF	:::::::::0:-5:8:::::11:-3:40:::
6299	240.0	9.43551259601617E-5	1	1.1548677676406051E-4	TGTGCCGTGACCCGGCCCAGTTCCGGGTATGCACTCAACTTC	NNNNNNNNNNNNNNNNNNNNNNNNNNNNNNNNNNNNNNNNNN	TRAV8-1*00(569.3)		TRAJ41*00(479.3)		474|484|508|0|10||100.0		29|51|82|20|42||220.0		TGTGCCGTGACCCGGCCCAGTTCCGGGTATGCACTCAACTTC	45	CAVTRPSSGYALNF	:::::::::0:-4:10:::::20:-9:42:::
17537	240.0	9.43551259601617E-5	1	1.1548677676406051E-4	TGTGCAGCATGTTACTCAGGAACCTACAAATACATCTTT	NNNNNNNNNNNNNNNNNNNNNNNNNNNNNNNNNNNNNNN	TRAV29/DV5*00(539.6)		TRAJ40*00(539.5)		529|538|562|0|9||90.0		25|50|81|14|39||250.0		TGTGCAGCATGTTACTCAGGAACCTACAAATACATCTTT	45	CAACYSGTYKYIF	:::::::::0:-4:9:::::14:-5:39:::
17607	240.0	9.43551259601617E-5	1	1.1548677676406051E-4	TGTGCAGCAATAACTACCGGCACTGCCAGTAAACTCACCTTT	NNNNNNNNNNNNNNNNNNNNNNNNNNNNNNNNNNNNNNNNNN	TRAV13-1*00(959.6)		TRAJ44*00(571)		511|521|544|0|10||100.0		20|52|83|10|42|SA23C|301.0		TGTGCAGCAATAACTACCGGCACTGCCAGTAAACTCACCTTT	45	CAAITTGTASKLTF	:::::::::0:-3:10:::::10:0:42:::
17742	240.0	9.43551259601617E-5	1	1.1548677676406051E-4	TGTGCAGCAAGTAGGGACTCAGGAACCTACAAATACATCTTT	NNNNNNNNNNNNNNNNNNNNNNNNNNNNNNNNNNNNNNNNNN	TRAV13-1*00(989.3)		TRAJ40*00(499.5)		511|524|544|0|13||130.0		25|50|81|17|42||250.0		TGTGCAGCAAGTAGGGACTCAGGAACCTACAAATACATCTTT	45	CAASRDSGTYKYIF	:::::::::0:0:13:::::17:-5:42:::
17966	240.0	9.43551259601617E-5	1	1.1548677676406051E-4	TGTGCAGCAAGCGAGGAAAAACAATGACATGCGCTTT	NNNNNNNNNNNNNNNNNNNNNNNNNNNNNNNNNNNNN	TRAV29/DV5*00(539.5)		TRAJ43*00(480.8)		529|542|562|0|13||130.0		22|43|74|16|37|ST24A|181.0		TGTGCAGCAAGCGAGGAAAAACAATGACATGCGCTTT	45	CAASEE_NNDMRF	:::::::::0:0:13:::::16:-2:37:::
18824	240.0	9.43551259601617E-5	1	1.1548677676406051E-4	TGTGCAATGAGAGAGAACCAGGCAGGAACTGCTCTGATCTTT	NNNNNNNNNNNNNNNNNNNNNNNNNNNNNNNNNNNNNNNNNN	TRAV14/DV4*00(510.5)		TRAJ15*00(579.8)		517|532|554|0|15||150.0		22|49|80|15|42||270.0		TGTGCAATGAGAGAGAACCAGGCAGGAACTGCTCTGATCTTT	45	CAMRENQAGTALIF	:::::::::0:-2:15:::::15:-2:42:::
20399	240.0	9.43551259601617E-5	1	1.1548677676406051E-4	TGCATCGTCAGAGTCGCGGGGGGTACTAGCTATGGAAAGCTGACATTT	NNNNNNNNNNNNNNNNNNNNNNNNNNNNNNNNNNNNNNNNNNNNNNNN	TRAV26-1*00(670)		TRAJ52*00(561.2)		763|780|799|0|17||180.0		27|58|89|17|48|ST27GST30G|272.0		TGCATCGTCAGAGTCGCGGGGGGTACTAGCTATGGAAAGCTGACATTT	45	CIVRVAGGTSYGKLTF	:::::::::0:1:17:::::17:-7:48:::
20492	240.0	9.43551259601617E-5	1	1.1548677676406051E-4	TGCATCGGAGCGGTACCCAGTTCTATTTT	NNNNNNNNNNNNNNNNNNNNNNNNNNNNN	TRAV26-1*00(559.5)		TRAJ49*00(460.6)		763|770|799|0|7||70.0		26|45|76|10|29|SA31C|161.0		TGCATCGGAGCGGTACCCAGTTCTATTTT	45	CIGAV_QFYF	:::::::::0:-9:7:::::10:-6:29:::
1864	239.0	9.396197960199435E-5	1	1.1548677676406051E-4	TGTGTGGTGAACCCTAACAGGCAGGAACTGCTCTGATCTTT	NNNNNNNNNNNNNNNNNNNNNNNNNNNNNNNNNNNNNNNNN	TRAV12-1*00(974.7)		TRAJ15*00(509.8)		539|551|572|0|12||120.0		25|49|80|17|41||240.0		TGTGTGGTGAACCCTAACAGGCAGGAACTGCTCTGATCTTT	45	CVVNPNR_GTALIF	:::::::::0:-1:12:::::17:-5:41:::
1891	239.0	9.396197960199435E-5	1	1.1548677676406051E-4	TGTGTGGTGAACGGCTTATTCAGGATACAGCACCCTCACCTTT	NNNNNNNNNNNNNNNNNNNNNNNNNNNNNNNNNNNNNNNNNNN	TRAV12-1*00(950.5)		TRAJ11*00(529.4)		539|551|572|0|12||120.0		23|49|80|17|43||260.0		TGTGTGGTGAACGGCTTATTCAGGATACAGCACCCTCACCTTT	45	CVVNGLF_GYSTLTF	:::::::::0:-1:12:::::17:-3:43:::
2254	239.0	9.396197960199435E-5	1	1.1548677676406051E-4	TGTGCTTATAGGAGAAGAGGCTCAACCCTGGGGAGGCTATACTTT	NNNNNNNNNNNNNNNNNNNNNNNNNNNNNNNNNNNNNNNNNNNNN	TRAV38-2/DV8*00(599.8)		TRAJ18*00(609.8)		602|616|638|0|14||140.0		25|55|86|15|45||300.0		TGTGCTTATAGGAGAAGAGGCTCAACCCTGGGGAGGCTATACTTT	45	CAYRRRGSTLGRLYF	:::::::::0:-2:14:::::15:-5:45:::
2616	239.0	9.396197960199435E-5	1	1.1548677676406051E-4	TGTGCTCTGAGTGCATCTTATAACACCGACAAGCTCATCTTT	NNNNNNNNNNNNNNNNNNNNNNNNNNNNNNNNNNNNNNNNNN	TRAV19*00(739.7)		TRAJ34*00(582.1)		556|569|593|0|13||130.0		19|47|78|14|42||280.0		TGTGCTCTGAGTGCATCTTATAACACCGACAAGCTCATCTTT	45	CALSASYNTDKLIF	:::::::::0:-4:13:::::14:1:42:::
2941	239.0	9.396197960199435E-5	1	1.1548677676406051E-4	TGTGCTCTAGACATCAGGAGGAAGCTACATACCTACATTT	NNNNNNNNNNNNNNNNNNNNNNNNNNNNNNNNNNNNNNNN	TRAV6*00(509.8)		TRAJ6*00(599.9)		535|548|568|0|13||140.0		24|51|82|13|40||290.0		TGTGCTCTAGACATCAGGAGGAAGCTACATACCTACATTT	45	CALDIRR_SYIPTF	:::::::::0:0:13:::::13:-4:40:::
3580	239.0	9.396197960199435E-5	1	1.1548677676406051E-4	TGTGCTGTGGGTGCAGGCAATAATGCAGGCAACATGCTCACCTTT	NNNNNNNNNNNNNNNNNNNNNNNNNNNNNNNNNNNNNNNNNNNNN	TRAV8-3*00(596.3)		TRAJ39*00(579.7)		455|469|489|0|14||140.0		25|52|83|18|45||270.0		TGTGCTGTGGGTGCAGGCAATAATGCAGGCAACATGCTCACCTTT	45	CAVGAGNNAGNMLTF	:::::::::0:0:14:::::18:-5:45:::
4321	239.0	9.396197960199435E-5	1	1.1548677676406051E-4	TGTGCTGTGAATCAGGTAGGAAATGAGAAATTAACCTTT	NNNNNNNNNNNNNNNNNNNNNNNNNNNNNNNNNNNNNNN	TRAV21*00(969.4)		TRAJ48*00(479.9)		544|554|576|0|10||100.0		31|52|83|18|39||210.0		TGTGCTGTGAATCAGGTAGGAAATGAGAAATTAACCTTT	45	CAVNQVGNEKLTF	:::::::::0:-2:10:::::18:-11:39:::
4460	239.0	9.396197960199435E-5	1	1.1548677676406051E-4	TGTGCTGCGCGGAGTGACAGACTCGCTTTT	NNNNNNNNNNNNNNNNNNNNNNNNNNNNNN	TRAV8-4*00(571)		TRAJ7*00(429.4)		476|483|510|0|7||70.0		34|48|79|16|30||140.0		TGTGCTGCGCGGAGTGACAGACTCGCTTTT	45	CAARSDRLAF	:::::::::0:-7:7:::::16:-14:30:::
4729	239.0	9.396197960199435E-5	1	1.1548677676406051E-4	TGTGCTGGGAGTAAAGGGGATTCAGGAGGAGGTGCTGACGGACTCACCTTT	NNNNNNNNNNNNNNNNNNNNNNNNNNNNNNNNNNNNNNNNNNNNNNNNNNN	TRAV35*00(479.9)		TRAJ45*00(554.3)		588|597|620|0|9||90.0		23|55|86|19|51||320.0		TGTGCTGGGAGTAAAGGGGATTCAGGAGGAGGTGCTGACGGACTCACCTTT	45	CAGSKGDSGGGADGLTF	:::::::::0:-3:9:::::19:-3:51:::
6068	239.0	9.396197960199435E-5	1	1.1548677676406051E-4	TGTGCCCCGAAAACGGGCTTTGGGAATGTGCTGCATTGC	NNNNNNNNNNNNNNNNNNNNNNNNNNNNNNNNNNNNNNN	TRAV24*00(469.3)		TRAJ35*00(539.8)		515|521|545|0|6||60.0		24|48|79|15|39||240.0		TGTGCCCCGAAAACGGGCTTTGGGAATGTGCTGCATTGC	45	CAPKTGFGNVLHC	:::::::::0:-4:6:::::15:-4:39:::
17400	239.0	9.396197960199435E-5	1	1.1548677676406051E-4	TGTGCAGTTCTAGCAACACAGGCAAACTAATCTTT	NNNNNNNNNNNNNNNNNNNNNNNNNNNNNNNNNNN	TRAV5*00(429.6)		TRAJ37*00(550.9)		523|530|556|0|7||70.0		24|51|82|8|35|SG27A|241.0		TGTGCAGTTCTAGCAACACAGGCAAACTAATCTTT	45	CAVLAT_GKLIF	:::::::::0:-6:7:::::8:-4:35:::
18036	239.0	9.396197960199435E-5	1	1.1548677676406051E-4	TGTGCAGCAAGGTGGTCCGGGTATGCACTCAACTTC	NNNNNNNNNNNNNNNNNNNNNNNNNNNNNNNNNNNN	TRAV23/DV6*00(479.8)		TRAJ41*00(469.8)		517|528|550|0|11||110.0		30|51|82|15|36||210.0		TGTGCAGCAAGGTGGTCCGGGTATGCACTCAACTTC	45	CAARWSGYALNF	:::::::::0:-2:11:::::15:-10:36:::
18340	239.0	9.396197960199435E-5	1	1.1548677676406051E-4	TGTGCAGAGTTGGGGGCGCTCAGGATACAGCACCCTCACCTTT	NNNNNNNNNNNNNNNNNNNNNNNNNNNNNNNNNNNNNNNNNNN	TRAV13-2*00(539.8)		TRAJ11*00(549.6)		506|515|539|0|9||90.0		25|49|80|19|43||240.0		TGTGCAGAGTTGGGGGCGCTCAGGATACAGCACCCTCACCTTT	45	CAELGAL_GYSTLTF	:::::::::0:-4:9:::::19:-5:43:::
18570	239.0	9.396197960199435E-5	1	1.1548677676406051E-4	TGTGCAATGGGGGAAGGATACAACTTCAACAAATTTTACTTT	NNNNNNNNNNNNNNNNNNNNNNNNNNNNNNNNNNNNNNNNNN	TRAV14/DV4*00(451)		TRAJ21*00(559.8)		517|526|554|0|9||90.0		19|44|75|17|42||250.0		TGTGCAATGGGGGAAGGATACAACTTCAACAAATTTTACTTT	45	CAMGEGYNFNKFYF	:::::::::0:-8:9:::::17:1:42:::
20263	239.0	9.396197960199435E-5	1	1.1548677676406051E-4	TGCATCCTGAGAGACCCTCAGGACAGAGATGACAAGATCATCTTT	NNNNNNNNNNNNNNNNNNNNNNNNNNNNNNNNNNNNNNNNNNNNN	TRAV26-2*00(919.3)		TRAJ30*00(499.9)		791|806|826|0|15||150.0		23|46|77|22|45||230.0		TGCATCCTGAGAGACCCTCAGGACAGAGATGACAAGATCATCTTT	45	CILRDPQDRDDKIIF	:::::::::0:0:15:::::22:-3:45:::
20440	239.0	9.396197960199435E-5	1	1.1548677676406051E-4	TGCATCGTCAGAGCTGGTGGTACTAGCTATGGAAAGCTGACATTT	NNNNNNNNNNNNNNNNNNNNNNNNNNNNNNNNNNNNNNNNNNNNN	TRAV26-1*00(590.5)		TRAJ52*00(629.5)		763|776|799|0|13||130.0		26|58|89|13|45||330.0		TGCATCGTCAGAGCTGGTGGTACTAGCTATGGAAAGCTGACATTT	45	CIVRAGGTSYGKLTF	:::::::::0:-3:13:::::13:-6:45:::
20460	239.0	9.396197960199435E-5	1	1.1548677676406051E-4	TGCATCGTCAGAGACATGACTGGAGCCAATAGTAAGCTGACATTT	NNNNNNNNNNNNNNNNNNNNNNNNNNNNNNNNNNNNNNNNNNNNN	TRAV26-1*00(619.7)		TRAJ56*00(579.4)		763|776|799|0|13||130.0		24|51|82|18|45||270.0		TGCATCGTCAGAGACATGACTGGAGCCAATAGTAAGCTGACATTT	45	CIVRDMTGANSKLTF	:::::::::0:-3:13:::::18:-4:45:::
1615	238.0	9.356883324382701E-5	1	1.1548677676406051E-4	TGTGTTGTGAGTGATAGGGTTAACAATGACATGCGCTTT	NNNNNNNNNNNNNNNNNNNNNNNNNNNNNNNNNNNNNNN	TRAV8-2*00(664.7)		TRAJ43*00(489.9)		466|481|500|0|15||150.0		24|43|74|20|39||190.0		TGTGTTGTGAGTGATAGGGTTAACAATGACATGCGCTTT	45	CVVSDRVNNDMRF	:::::::::0:1:15:::::20:-4:39:::
2073	238.0	9.356883324382701E-5	1	1.1548677676406051E-4	TGTGCTTTCATGAAGCATGACGGACAATGACATGCGCTTT	NNNNNNNNNNNNNNNNNNNNNNNNNNNNNNNNNNNNNNNN	TRAV38-1*00(649.6)		TRAJ43*00(469.6)		596|615|633|0|19||190.0		26|43|74|23|40||170.0		TGTGCTTTCATGAAGCATGACGGACAATGACATGCGCTTT	45	CAFMKHD_DNDMRF	:::::::::0:2:19:::::23:-6:40:::
3149	238.0	9.356883324382701E-5	1	1.1548677676406051E-4	TGTGCTGTTTCCGATAACTATGGTCAGAATTTTGTCTTT	NNNNNNNNNNNNNNNNNNNNNNNNNNNNNNNNNNNNNNN	TRAV1-2*00(639.7)		TRAJ26*00(559.5)		620|628|654|0|8||80.0		22|49|80|12|39||270.0		TGTGCTGTTTCCGATAACTATGGTCAGAATTTTGTCTTT	45	CAVSDNYGQNFVF	:::::::::0:-6:8:::::12:-2:39:::
3941	238.0	9.356883324382701E-5	1	1.1548677676406051E-4	TGTGCTGTGAGTGATCCTATTAGCGCAGGAACCTACAAATACATCTTT	NNNNNNNNNNNNNNNNNNNNNNNNNNNNNNNNNNNNNNNNNNNNNNNN	TRAV8-6*00(729.6)		TRAJ40*00(519.5)		448|464|482|0|16||160.0		27|50|81|25|48||230.0		TGTGCTGTGAGTGATCCTATTAGCGCAGGAACCTACAAATACATCTTT	45	CAVSDPISAGTYKYIF	:::::::::0:2:16:::::25:-7:48:::
4120	238.0	9.356883324382701E-5	1	1.1548677676406051E-4	TGTGCTGTGAGGCTTCGTGGTGCTACAAACAAGCTCATCTTT	NNNNNNNNNNNNNNNNNNNNNNNNNNNNNNNNNNNNNNNNNN	TRAV1-2*00(670)		TRAJ32*00(558.1)		620|631|654|0|11||110.0		29|55|86|16|42||260.0		TGTGCTGTGAGGCTTCGTGGTGCTACAAACAAGCTCATCTTT	45	CAVRLRGATNKLIF	:::::::::0:-3:11:::::16:-9:42:::
4365	238.0	9.356883324382701E-5	1	1.1548677676406051E-4	TGTGCTGTACGCGGGAGCAACTATCAGTTAATCTGG	NNNNNNNNNNNNNNNNNNNNNNNNNNNNNNNNNNNN	TRAV1-2*00(639.4)		TRAJ33*00(499.6)		620|628|654|0|8||80.0		25|46|77|15|36||210.0		TGTGCTGTACGCGGGAGCAACTATCAGTTAATCTGG	45	CAVRGSNYQLIW	:::::::::0:-6:8:::::15:-5:36:::
5989	238.0	9.356883324382701E-5	1	1.1548677676406051E-4	TGTGCCCTAGGAACGGAGGAAGCTACATACCTACATTT	NNNNNNNNNNNNNNNNNNNNNNNNNNNNNNNNNNNNNN	TRAV13-2*00(499.6)		TRAJ6*00(549.8)		506|511|539|0|5||50.0		27|51|82|14|38||240.0		TGTGCCCTAGGAACGGAGGAAGCTACATACCTACATTT	45	CALGTE_SYIPTF	:::::::::0:-8:5:::::14:-7:38:::
6261	238.0	9.356883324382701E-5	1	1.1548677676406051E-4	TGTGCCGTGGAGGAAGGAACCTACAAATACATCTTT	NNNNNNNNNNNNNNNNNNNNNNNNNNNNNNNNNNNN	TRAV39*00(749.6)		TRAJ40*00(509.8)		507|518|540|0|11||110.0		28|50|81|14|36||220.0		TGTGCCGTGGAGGAAGGAACCTACAAATACATCTTT	45	CAVEEGTYKYIF	:::::::::0:-2:11:::::14:-8:36:::
6329	238.0	9.356883324382701E-5	1	1.1548677676406051E-4	TGTGCCGTGAGAGCGCCGGTAACCAGTTCTATTTT	NNNNNNNNNNNNNNNNNNNNNNNNNNNNNNNNNNN	TRAV12-2*00(760.4)		TRAJ49*00(499.8)		551|561|584|0|10||100.0		25|45|76|15|35||200.0		TGTGCCGTGAGAGCGCCGGTAACCAGTTCTATTTT	45	CAVRAP_NQFYF	:::::::::0:-3:10:::::15:-5:35:::
18034	238.0	9.356883324382701E-5	1	1.1548677676406051E-4	TGTGCAGCAAGGTCCAGGGAGGAAAGCTTATCTTC	NNNNNNNNNNNNNNNNNNNNNNNNNNNNNNNNNNN	TRAV13-1*00(589.8)		TRAJ23*00(490.9)		511|522|544|0|11||110.0		30|52|83|13|35||220.0		TGTGCAGCAAGGTCCAGGGAGGAAAGCTTATCTTC	45	CAARSR_GKLIF	:::::::::0:-2:11:::::13:-10:35:::
18077	238.0	9.356883324382701E-5	1	1.1548677676406051E-4	TGTGCAGCAAACTCTTATAACACCGACAAGCTCATCTTT	NNNNNNNNNNNNNNNNNNNNNNNNNNNNNNNNNNNNNNN	TRAV29/DV5*00(549.3)		TRAJ34*00(569.8)		529|539|562|0|10||100.0		20|47|78|12|39||270.0		TGTGCAGCAAACTCTTATAACACCGACAAGCTCATCTTT	45	CAANSYNTDKLIF	:::::::::0:-3:10:::::12:0:39:::
18267	238.0	9.356883324382701E-5	1	1.1548677676406051E-4	TGTGCAGGAGCCCGGGGCAAACAACCTCTTCTTT	NNNNNNNNNNNNNNNNNNNNNNNNNNNNNNNNNN	TRAV27*00(652)		TRAJ36*00(519.6)		552|563|582|0|11||110.0		27|48|79|13|34||210.0		TGTGCAGGAGCCCGGGGCAAACAACCTCTTCTTT	45	CAGARG_NNLFF	:::::::::0:1:11:::::13:-7:34:::
18399	238.0	9.356883324382701E-5	1	1.1548677676406051E-4	TGTGCAGAGACCTCAGGATACAGCACCCTCACCTTT	NNNNNNNNNNNNNNNNNNNNNNNNNNNNNNNNNNNN	TRAV5*00(459.9)		TRAJ11*00(549.6)		523|533|556|0|10||100.0		25|49|80|12|36||240.0		TGTGCAGAGACCTCAGGATACAGCACCCTCACCTTT	45	CAETSGYSTLTF	:::::::::0:-3:10:::::12:-5:36:::
18678	238.0	9.356883324382701E-5	1	1.1548677676406051E-4	TGTGCAATGAGGGACGTTGCGAACACCGGTAACCAGTTCTATTTT	NNNNNNNNNNNNNNNNNNNNNNNNNNNNNNNNNNNNNNNNNNNNN	TRAV14/DV4*00(841.5)		TRAJ49*00(559.9)		517|531|554|0|14|SA528G|111.0		19|45|76|19|45||260.0		TGTGCAATGAGGGACGTTGCGAACACCGGTAACCAGTTCTATTTT	45	CAMRDVANTGNQFYF	:::::::::0:-3:14:::::19:1:45:::
18924	238.0	9.356883324382701E-5	1	1.1548677676406051E-4	TGTGAGGAAGCTGGGGGAAATTGCAGTTT	NNNNNNNNNNNNNNNNNNNNNNNNNNNNN	TRAV25*00(468.2)		TRAJ24*00(499.9)		620|624|649|0|4||40.0		31|52|83|8|29||210.0		TGTGAGGAAGCTGGGGGAAATTGCAGTTT	45	CEEAG_KLQF	:::::::::0:-5:4:::::8:-11:29:::
18964	238.0	9.356883324382701E-5	1	1.1548677676406051E-4	TGCCTCGTGGTCCCCTATAACTATGGTCAGAATTTTGTCTTT	NNNNNNNNNNNNNNNNNNNNNNNNNNNNNNNNNNNNNNNNNN	TRAV4*00(969.1)		TRAJ26*00(509.8)		768|778|804|0|10||100.0		23|49|80|16|42||260.0		TGCCTCGTGGTCCCCTATAACTATGGTCAGAATTTTGTCTTT	45	CLVVPYNYGQNFVF	:::::::::0:-6:10:::::16:-3:42:::
19136	238.0	9.356883324382701E-5	1	1.1548677676406051E-4	TGCGCTGTGAGGAACGGTGCTGGCAACAACCGTAAGCTGATTTGG	NNNNNNNNNNNNNNNNNNNNNNNNNNNNNNNNNNNNNNNNNNNNN	TRAV1-1*00(680)		TRAJ38*00(578.9)		670|681|704|0|11||110.0		23|51|82|17|45||280.0		TGCGCTGTGAGGAACGGTGCTGGCAACAACCGTAAGCTGATTTGG	45	CAVRNGAGNNRKLIW	:::::::::0:-3:11:::::17:-3:45:::
2750	237.0	9.317568688565967E-5	1	1.1548677676406051E-4	TGTGCTCTGAGTGAGGCAAATATAGAAACAAACTGGTCTTT	NNNNNNNNNNNNNNNNNNNNNNNNNNNNNNNNNNNNNNNNN	TRAV19*00(778.7)		TRAJ47*00(508.8)		556|573|593|0|17||170.0		23|46|77|18|41|SG28A|201.0		TGTGCTCTGAGTGAGGCAAATATAGAAACAAACTGGTCTTT	45	CALSEAN_RNKLVF	:::::::::0:0:17:::::18:-3:41:::
3378	237.0	9.317568688565967E-5	1	1.1548677676406051E-4	TGTGCTGTGTACCAGGATAGCAACTATCAGTTAATCTGG	NNNNNNNNNNNNNNNNNNNNNNNNNNNNNNNNNNNNNNN	TRAV1-2*00(649.9)		TRAJ33*00(539.8)		620|629|654|0|9||90.0		21|46|77|14|39||250.0		TGTGCTGTGTACCAGGATAGCAACTATCAGTTAATCTGG	45	CAVYQDSNYQLIW	:::::::::0:-5:9:::::14:-1:39:::
4151	237.0	9.317568688565967E-5	1	1.1548677676406051E-4	TGTGCTGTGAGGCAATATAGCAACTATCAGTTAATCTGG	NNNNNNNNNNNNNNNNNNNNNNNNNNNNNNNNNNNNNNN	TRAV21*00(872.3)		TRAJ33*00(504.5)		544|557|576|0|13||130.0		23|46|77|16|39||230.0		TGTGCTGTGAGGCAATATAGCAACTATCAGTTAATCTGG	45	CAVRQYSNYQLIW	:::::::::0:1:13:::::16:-3:39:::
17465	237.0	9.317568688565967E-5	1	1.1548677676406051E-4	TGTGCAGCCTTAATACAACTTCAACAAATTTTACTTT	NNNNNNNNNNNNNNNNNNNNNNNNNNNNNNNNNNNNN	TRAV13-1*00(684.7)		TRAJ21*00(556.5)		511|519|544|0|8||80.0		19|44|75|12|37||250.0		TGTGCAGCCTTAATACAACTTCAACAAATTTTACTTT	45	CAALIQ_FNKFYF	:::::::::0:-5:8:::::12:1:37:::
18057	237.0	9.317568688565967E-5	1	1.1548677676406051E-4	TGTGCAGCAAGGAACACCGGTAACCAGTTCTATTTT	NNNNNNNNNNNNNNNNNNNNNNNNNNNNNNNNNNNN	TRAV29/DV5*00(560)		TRAJ49*00(549.6)		529|540|562|0|11||110.0		20|45|76|11|36||250.0		TGTGCAGCAAGGAACACCGGTAACCAGTTCTATTTT	45	CAARNTGNQFYF	:::::::::0:-2:11:::::11:0:36:::
19126	237.0	9.317568688565967E-5	1	1.1548677676406051E-4	TGCGCTGTGAGTGCGGGGGGTTACCAGAAAGTTACCTTT	NNNNNNNNNNNNNNNNNNNNNNNNNNNNNNNNNNNNNNN	TRAV1-1*00(680.4)		TRAJ13*00(510.4)		670|681|704|0|11||110.0		28|52|83|15|39||240.0		TGCGCTGTGAGTGCGGGGGGTTACCAGAAAGTTACCTTT	45	CAVSAGGYQKVTF	:::::::::0:-3:11:::::15:-8:39:::
20347	237.0	9.317568688565967E-5	1	1.1548677676406051E-4	TGCATCGTCAGCCTACTTAACACCAATGCAGGCAAATCAACCTTT	NNNNNNNNNNNNNNNNNNNNNNNNNNNNNNNNNNNNNNNNNNNNN	TRAV26-1*00(599.8)		TRAJ27*00(569.6)		763|774|799|0|11||110.0		20|48|79|17|45||280.0		TGCATCGTCAGCCTACTTAACACCAATGCAGGCAAATCAACCTTT	45	CIVSLLNTNAGKSTF	:::::::::0:-5:11:::::17:0:45:::
20502	237.0	9.317568688565967E-5	1	1.1548677676406051E-4	TGCACAGGGGCTAGGAGCACCGGTAACCAGTTCTATTTT	NNNNNNNNNNNNNNNNNNNNNNNNNNNNNNNNNNNNNNN	TRAV26-2*00(809.7)		TRAJ49*00(521)		791|795|826|0|4||40.0		20|45|76|14|39|SA22G|221.0		TGCACAGGGGCTAGGAGCACCGGTAACCAGTTCTATTTT	45	CTGARSTGNQFYF	:::::::::0:-11:4:::::14:0:39:::
21353	237.0	9.317568688565967E-5	1	1.1548677676406051E-4	TAGGCGGTGACATGCGCTTT	NNNNNNNNNNNNNNNNNNNN	TRAV26-2*00(779.8)		TRAJ43*00(429)		791|792|826|0|1||10.0		30|43|74|7|20||130.0		TAGGCGGTGACATGCGCTTT	45	*AV_MRF	:::::::::0:-14:1:::::7:-10:20:::
1752	236.0	9.278254052749233E-5	1	1.1548677676406051E-4	TGTGTGGTGACGGAGATGGCCAGAAGCTGCTCTTT	NNNNNNNNNNNNNNNNNNNNNNNNNNNNNNNNNNN	TRAV12-1*00(441.8),TRAV12-2*00(441.8)		TRAJ16*00(490.5)		539|549|572|0|10||100.0;551|561|584|0|10|SC555TSC556G|42.0		27|49|80|13|35||220.0		TGTGTGGTGACGGAGATGGCCAGAAGCTGCTCTTT	45	CVVTEM_QKLLF	:::::::::0:-3:10:::::13:-7:35:::
2144	236.0	9.278254052749233E-5	1	1.1548677676406051E-4	TGTGCTTCAGGCGGGAAATTAACCTTT	NNNNNNNNNNNNNNNNNNNNNNNNNNN	TRAV38-1*00(529.9)		TRAJ48*00(439.6)		596|603|633|0|7||70.0		39|52|83|14|27||130.0		TGTGCTTCAGGCGGGAAATTAACCTTT	45	CASGGKLTF	:::::::::0:-10:7:::::14:-19:27:::
2145	236.0	9.278254052749233E-5	1	1.1548677676406051E-4	TGTGCTTCAGAAAGGGCCAGAAACAAACTGGTCTTT	NNNNNNNNNNNNNNNNNNNNNNNNNNNNNNNNNNNN	TRAV21*00(419.8)		TRAJ47*00(479.4)		544|550|576|0|6||60.0		29|46|77|19|36||170.0		TGTGCTTCAGAAAGGGCCAGAAACAAACTGGTCTTT	45	CASERARNKLVF	:::::::::0:-6:6:::::19:-9:36:::
2958	236.0	9.278254052749233E-5	1	1.1548677676406051E-4	TGTGCTCTAATAACAAATTCCGGGTATGCACTCAACTTC	NNNNNNNNNNNNNNNNNNNNNNNNNNNNNNNNNNNNNNN	TRAV6*00(460)		TRAJ41*00(519.9)		535|544|568|0|9||90.0		25|51|82|13|39||260.0		TGTGCTCTAATAACAAATTCCGGGTATGCACTCAACTTC	45	CALITNSGYALNF	:::::::::0:-4:9:::::13:-5:39:::
3030	236.0	9.278254052749233E-5	1	1.1548677676406051E-4	TGTGCTCTAAAATGGAGTAATGCAGGCAACATGCTCACCTTT	NNNNNNNNNNNNNNNNNNNNNNNNNNNNNNNNNNNNNNNNNN	TRAV16*00(509.8)		TRAJ39*00(559.3)		449|459|483|0|10||100.0		27|52|83|17|42||250.0		TGTGCTCTAAAATGGAGTAATGCAGGCAACATGCTCACCTTT	45	CALKWSNAGNMLTF	:::::::::0:-4:10:::::17:-7:42:::
3240	236.0	9.278254052749233E-5	1	1.1548677676406051E-4	TGTGCTGTCCCAGGTTCTTCTGGTTCTGCAAGGCAACTGACCTTT	NNNNNNNNNNNNNNNNNNNNNNNNNNNNNNNNNNNNNNNNNNNNN	TRAV3*00(559.9)		TRAJ22*00(619.7)		437|445|473|0|8||80.0		21|52|83|14|45||310.0		TGTGCTGTCCCAGGTTCTTCTGGTTCTGCAAGGCAACTGACCTTT	45	CAVPGSSGSARQLTF	:::::::::0:-8:8:::::14:-1:45:::
4032	236.0	9.278254052749233E-5	1	1.1548677676406051E-4	TGTGCTGTGAGTGAATTCTCGCGGAAGGCTTTGGGAATGTGCTGCATTGC	NNNNNNNNNNNNNNNNNNNNNNNNNNNNNNNNNNNNNNNNNNNNNNNNNN	TRAV8-4*00(689.5)		TRAJ35*00(560)		476|490|510|0|14||140.0		23|48|79|25|50||250.0		TGTGCTGTGAGTGAATTCTCGCGGAAGGCTTTGGGAATGTGCTGCATTGC	45	CAVSEFSR_GFGNVLHC	:::::::::0:0:14:::::25:-3:50:::
4362	236.0	9.278254052749233E-5	1	1.1548677676406051E-4	TGTGCTGTATATAACCAGGGAGGAAAGCTTATCTTC	NNNNNNNNNNNNNNNNNNNNNNNNNNNNNNNNNNNN	TRAV21*00(949.1)		TRAJ23*00(569.7)		544|552|576|0|8||80.0		25|52|83|9|36||270.0		TGTGCTGTATATAACCAGGGAGGAAAGCTTATCTTC	45	CAVYNQGGKLIF	:::::::::0:-4:8:::::9:-5:36:::
4387	236.0	9.278254052749233E-5	1	1.1548677676406051E-4	TGTGCTGCTTCTGGGGCTGGGAGTTACCAACTCACTTTC	NNNNNNNNNNNNNNNNNNNNNNNNNNNNNNNNNNNNNNN	TRAV1-2*00(629.8)		TRAJ28*00(589.8)		620|627|654|0|7||70.0		25|55|86|9|39||300.0		TGTGCTGCTTCTGGGGCTGGGAGTTACCAACTCACTTTC	45	CAASGAGSYQLTF	:::::::::0:-7:7:::::9:-5:39:::
6472	236.0	9.278254052749233E-5	1	1.1548677676406051E-4	TGTGCCGTAATCATGGATAGCAACTATCAGTTAATCTGG	NNNNNNNNNNNNNNNNNNNNNNNNNNNNNNNNNNNNNNN	TRAV8-1*00(549.8)		TRAJ33*00(569.9)		474|482|508|0|8||80.0		18|46|77|11|39||280.0		TGTGCCGTAATCATGGATAGCAACTATCAGTTAATCTGG	45	CAVIMDSNYQLIW	:::::::::0:-6:8:::::11:2:39:::
18369	236.0	9.278254052749233E-5	1	1.1548677676406051E-4	TGTGCAGAGGGCTACAATGCCAGACTCATGTTT	NNNNNNNNNNNNNNNNNNNNNNNNNNNNNNNNN	TRAV13-2*00(539.6)		TRAJ31*00(499.8)		506|515|539|0|9||90.0		26|46|77|13|33||200.0		TGTGCAGAGGGCTACAATGCCAGACTCATGTTT	45	CAEGYNARLMF	:::::::::0:-4:9:::::13:-6:33:::
18420	236.0	9.278254052749233E-5	1	1.1548677676406051E-4	TGTGCAGAGAGTCAAGGGGGAGGAGGAAACAAACTCACCTTT	NNNNNNNNNNNNNNNNNNNNNNNNNNNNNNNNNNNNNNNNNN	TRAV5*00(479.8)		TRAJ10*00(550)		523|535|556|0|12||120.0		28|53|84|17|42||250.0		TGTGCAGAGAGTCAAGGGGGAGGAGGAAACAAACTCACCTTT	45	CAESQGGGGNKLTF	:::::::::0:-1:12:::::17:-8:42:::
18468	236.0	9.278254052749233E-5	1	1.1548677676406051E-4	TGTGCAGAGAATCTGGCCCCCTACAAATACATCTTT	NNNNNNNNNNNNNNNNNNNNNNNNNNNNNNNNNNNN	TRAV13-2*00(569.6)		TRAJ40*00(459.9)		506|518|539|0|12||120.0		33|50|81|19|36||170.0		TGTGCAGAGAATCTGGCCCCCTACAAATACATCTTT	45	CAENLAPYKYIF	:::::::::0:-1:12:::::19:-13:36:::
18470	236.0	9.278254052749233E-5	1	1.1548677676406051E-4	TGTGCAGAGAATCCCCCCTCACGCTGGCAACAACCGTAAGCTGATTTGG	NNNNNNNNNNNNNNNNNNNNNNNNNNNNNNNNNNNNNNNNNNNNNNNNN	TRAV13-2*00(569.8)		TRAJ38*00(569.5)		506|518|539|0|12||120.0		24|51|82|22|49||270.0		TGTGCAGAGAATCCCCCCTCACGCTGGCAACAACCGTAAGCTGATTTGG	45	CAENPPSR_GNNRKLIW	:::::::::0:-1:12:::::22:-4:49:::
18614	236.0	9.278254052749233E-5	1	1.1548677676406051E-4	TGTGCAATGAGCCAGATTTCTTCTGGTTCTGCAAGGCAACTGACCTTT	NNNNNNNNNNNNNNNNNNNNNNNNNNNNNNNNNNNNNNNNNNNNNNNN	TRAV14/DV4*00(840.7)		TRAJ22*00(619.5)		517|528|554|0|11||110.0		19|52|83|15|48||330.0		TGTGCAATGAGCCAGATTTCTTCTGGTTCTGCAAGGCAACTGACCTTT	45	CAMSQISSGSARQLTF	:::::::::0:-6:11:::::15:1:48:::
18904	236.0	9.278254052749233E-5	1	1.1548677676406051E-4	TGTGGAGCAGACCCTGGCAACACAGGCAAACTAATCTTT	NNNNNNNNNNNNNNNNNNNNNNNNNNNNNNNNNNNNNNN	TRAV34*00(509.9)		TRAJ37*00(569.2)		603|615|636|0|12||120.0		25|51|82|13|39||260.0		TGTGGAGCAGACCCTGGCAACACAGGCAAACTAATCTTT	45	CGADPGNTGKLIF	:::::::::0:-1:12:::::13:-5:39:::
1899	235.0	9.238939416932499E-5	1	1.1548677676406051E-4	TGTGTGGTGAACGGGGAATGCTGGTGGTACTAGCTATGGAAAGCTGACATTT	NNNNNNNNNNNNNNNNNNNNNNNNNNNNNNNNNNNNNNNNNNNNNNNNNNNN	TRAV12-1*00(978.1)		TRAJ52*00(619.7)		539|551|572|0|12||120.0		22|58|89|16|52||360.0		TGTGTGGTGAACGGGGAATGCTGGTGGTACTAGCTATGGAAAGCTGACATTT	45	CVVNGECWW_TSYGKLTF	:::::::::0:-1:12:::::16:-2:52:::
2861	235.0	9.238939416932499E-5	1	1.1548677676406051E-4	TGTGCTCTGAGAGGTCAGGGAGCCCAGAAGCTGGTATTT	NNNNNNNNNNNNNNNNNNNNNNNNNNNNNNNNNNNNNNN	TRAV19*00(719.7)		TRAJ54*00(539.3)		556|567|593|0|11||110.0		24|49|80|14|39||250.0		TGTGCTCTGAGAGGTCAGGGAGCCCAGAAGCTGGTATTT	45	CALRGQGAQKLVF	:::::::::0:-6:11:::::14:-4:39:::
3150	235.0	9.238939416932499E-5	1	1.1548677676406051E-4	TGTGCTGTTTCACTCAACACCGGTAACCAGTTCTATTTT	NNNNNNNNNNNNNNNNNNNNNNNNNNNNNNNNNNNNNNN	TRAV21*00(439.9)		TRAJ49*00(539.9)		544|552|576|0|8||80.0		21|45|76|15|39||240.0		TGTGCTGTTTCACTCAACACCGGTAACCAGTTCTATTTT	45	CAVSLNTGNQFYF	:::::::::0:-4:8:::::15:-1:39:::
4204	235.0	9.238939416932499E-5	1	1.1548677676406051E-4	TGTGCTGTGAGATACTATGGTCAGAATTTTGTCTTT	NNNNNNNNNNNNNNNNNNNNNNNNNNNNNNNNNNNN	TRAV1-2*00(679.8)		TRAJ26*00(520)		620|632|654|0|12||120.0		26|49|80|13|36||230.0		TGTGCTGTGAGATACTATGGTCAGAATTTTGTCTTT	45	CAVRYYGQNFVF	:::::::::0:-2:12:::::13:-6:36:::
4345	235.0	9.238939416932499E-5	1	1.1548677676406051E-4	TGTGCTGTGAAGGACAGCTGGGGGAAATTGCAGTTT	NNNNNNNNNNNNNNNNNNNNNNNNNNNNNNNNNNNN	TRAV1-2*00(659.4)		TRAJ24*00(529.6)		620|630|654|0|10||100.0		28|52|83|12|36||240.0		TGTGCTGTGAAGGACAGCTGGGGGAAATTGCAGTTT	45	CAVKDSWGKLQF	:::::::::0:-4:10:::::12:-8:36:::
4366	235.0	9.238939416932499E-5	1	1.1548677676406051E-4	TGTGCTGTACGGGCTGCAGGCAACAAGCTAACTTTT	NNNNNNNNNNNNNNNNNNNNNNNNNNNNNNNNNNNN	TRAV36/DV7*00(599.9)		TRAJ17*00(539.6)		500|508|533|0|8||80.0		28|52|83|12|36||240.0		TGTGCTGTACGGGCTGCAGGCAACAAGCTAACTTTT	45	CAVRAAGNKLTF	:::::::::0:-5:8:::::12:-8:36:::
4618	235.0	9.238939416932499E-5	1	1.1548677676406051E-4	TGTGCTGGGCAGCTTACCCAGGCAGGAACTGCTCTGATCTTT	NNNNNNNNNNNNNNNNNNNNNNNNNNNNNNNNNNNNNNNNNN	TRAV35*00(538.8)		TRAJ15*00(559)		588|602|620|0|14||140.0		24|49|80|17|42||250.0		TGTGCTGGGCAGCTTACCCAGGCAGGAACTGCTCTGATCTTT	45	CAGQLTQAGTALIF	:::::::::0:2:14:::::17:-4:42:::
4752	235.0	9.238939416932499E-5	1	1.1548677676406051E-4	TGTGCTATTAGCAGGCAACATGCTCACCTTT	NNNNNNNNNNNNNNNNNNNNNNNNNNNNNNN	TRAV17*00(869.5)		TRAJ39*00(519.9)		490|497|523|0|7||70.0		31|52|83|10|31||210.0		TGTGCTATTAGCAGGCAACATGCTCACCTTT	45	CAISR_NMLTF	:::::::::0:-6:7:::::10:-11:31:::
5973	235.0	9.238939416932499E-5	1	1.1548677676406051E-4	TGTGCCCTCTCTGGGGCTGGGAGTTACCAACTCACTTTC	NNNNNNNNNNNNNNNNNNNNNNNNNNNNNNNNNNNNNNN	TRAV8-3*00(562.1)		TRAJ28*00(599.6)		455|460|489|0|5||50.0		24|55|86|8|39||310.0		TGTGCCCTCTCTGGGGCTGGGAGTTACCAACTCACTTTC	45	CALSGAGSYQLTF	:::::::::0:-9:5:::::8:-4:39:::
17617	235.0	9.238939416932499E-5	1	1.1548677676406051E-4	TGTGCAGCAACCTTGCCCCTGCGGGGAAGCCAAGGAAATCTCATCTTT	NNNNNNNNNNNNNNNNNNNNNNNNNNNNNNNNNNNNNNNNNNNNNNNN	TRAV29/DV5*00(509.8)		TRAJ42*00(539.5)		529|539|562|0|10||100.0		31|55|86|24|48||240.0		TGTGCAGCAACCTTGCCCCTGCGGGGAAGCCAAGGAAATCTCATCTTT	45	CAATLPLRGSQGNLIF	:::::::::0:-3:10:::::24:-11:48:::
18251	235.0	9.238939416932499E-5	1	1.1548677676406051E-4	TGTGCAGGAGCTGGGGCTGGGAGTTACCAACTCACTTTC	NNNNNNNNNNNNNNNNNNNNNNNNNNNNNNNNNNNNNNN	TRAV27*00(643.1)		TRAJ28*00(580)		552|563|582|0|11||120.0		27|55|86|11|39||290.0		TGTGCAGGAGCTGGGGCTGGGAGTTACCAACTCACTTTC	45	CAGAGAGSYQLTF	:::::::::0:1:11:::::11:-7:39:::
21380	235.0	9.238939416932499E-5	1	1.1548677676406051E-4	GTCCGACACCAATGCAGGCAAATCAACCTTT	NNNNNNNNNNNNNNNNNNNNNNNNNNNNNNN	TRAV24*00(467)		TRAJ27*00(549.8)		515|515|545|0|0||0.0		22|48|79|5|31||260.0		GTCCGACACCAATGCAGGCAAATCAACCTTT	45	VRHQC_GKSTF	:::::::::0:-10:0:::::5:-2:31:::
2274	234.0	9.199624781115765E-5	1	1.1548677676406051E-4	TGTGCTTAATAAGGATAGCAACTATCAGTTAATCTGG	NNNNNNNNNNNNNNNNNNNNNNNNNNNNNNNNNNNNN	TRAV38-2/DV8*00(539.8)		TRAJ33*00(539.8)		602|610|638|0|8||80.0		21|46|77|12|37||250.0		TGTGCTTAATAAGGATAGCAACTATCAGTTAATCTGG	45	CA**G*_NYQLIW	:::::::::0:-8:8:::::12:-1:37:::
3226	234.0	9.199624781115765E-5	1	1.1548677676406051E-4	TGTGCTGTCCTGATTTATAACCAGGGAGGAAAGCTTATCTTC	NNNNNNNNNNNNNNNNNNNNNNNNNNNNNNNNNNNNNNNNNN	TRAV2*00(979.2)		TRAJ23*00(551.3)		519|527|553|0|8||80.0		18|52|83|8|42|SA19C|321.0		TGTGCTGTCCTGATTTATAACCAGGGAGGAAAGCTTATCTTC	45	CAVLIYNQGGKLIF	:::::::::0:-6:8:::::8:2:42:::
4805	234.0	9.199624781115765E-5	1	1.1548677676406051E-4	TGTGCTACGGCCGCCAACACAGGCAAACTAATCTTT	NNNNNNNNNNNNNNNNNNNNNNNNNNNNNNNNNNNN	TRAV17*00(910.3)		TRAJ37*00(529.9)		490|504|523|0|14|SA500C|111.0		29|51|82|14|36||220.0		TGTGCTACGGCCGCCAACACAGGCAAACTAATCTTT	45	CATAANTGKLIF	:::::::::0:1:14:::::14:-9:36:::
6547	234.0	9.199624781115765E-5	1	1.1548677676406051E-4	TGTGCCGGGCGGAATAACAATGCCAGACTCATGTTT	NNNNNNNNNNNNNNNNNNNNNNNNNNNNNNNNNNNN	TRAV39*00(709.5)		TRAJ31*00(569)		507|514|540|0|7||70.0		19|46|77|9|36||270.0		TGTGCCGGGCGGAATAACAATGCCAGACTCATGTTT	45	CAGRNNNARLMF	:::::::::0:-6:7:::::9:1:36:::
17377	234.0	9.199624781115765E-5	1	1.1548677676406051E-4	TGTGCACTCAGTGGGGGCTTTGGGAATGTGCTGCATTGC	NNNNNNNNNNNNNNNNNNNNNNNNNNNNNNNNNNNNNNN	TRAV29/DV5*00(509.9)		TRAJ35*00(549.8)		529|535|562|0|6||60.0		24|48|79|15|39||240.0		TGTGCACTCAGTGGGGGCTTTGGGAATGTGCTGCATTGC	45	CALSGGFGNVLHC	:::::::::0:-7:6:::::15:-4:39:::
18042	234.0	9.199624781115765E-5	1	1.1548677676406051E-4	TGTGCAGCAAGGGCCAACTAACTTTGGAAATGAGAAATTAACCTTT	NNNNNNNNNNNNNNNNNNNNNNNNNNNNNNNNNNNNNNNNNNNNNN	TRAV29/DV5*00(560.7)		TRAJ48*00(598.8)		529|543|562|0|14|SC540G|111.0		23|52|83|17|46||290.0		TGTGCAGCAAGGGCCAACTAACTTTGGAAATGAGAAATTAACCTTT	45	CAARAN*L_GNEKLTF	:::::::::0:1:14:::::17:-3:46:::
18315	234.0	9.199624781115765E-5	1	1.1548677676406051E-4	TGTGCAGGAACGAGGAGGTGCTGACGGACTCACCTTT	NNNNNNNNNNNNNNNNNNNNNNNNNNNNNNNNNNNNN	TRAV29/DV5*00(521)		TRAJ45*00(570)		529|539|562|0|10|SC536G|71.0		29|55|86|11|37||260.0		TGTGCAGGAACGAGGAGGTGCTGACGGACTCACCTTT	45	CAGTRR_ADGLTF	:::::::::0:-3:10:::::11:-9:37:::
18548	234.0	9.199624781115765E-5	1	1.1548677676406051E-4	TGTGCAATGTCCGCGAACACCGGTAACCAGTTCTATTTT	NNNNNNNNNNNNNNNNNNNNNNNNNNNNNNNNNNNNNNN	TRAV12-1*00(439.9)		TRAJ49*00(559.9)		539|543|572|0|4||40.0		19|45|76|13|39||260.0		TGTGCAATGTCCGCGAACACCGGTAACCAGTTCTATTTT	45	CAMSANTGNQFYF	:::::::::0:-9:4:::::13:1:39:::
18675	234.0	9.199624781115765E-5	1	1.1548677676406051E-4	TGTGCAATGAGGGGGAATAATGCAGGCAACATGCTCACCTTT	NNNNNNNNNNNNNNNNNNNNNNNNNNNNNNNNNNNNNNNNNN	TRAV14/DV4*00(839.9)		TRAJ39*00(579.5)		517|528|554|0|11||110.0		25|52|83|15|42||270.0		TGTGCAATGAGGGGGAATAATGCAGGCAACATGCTCACCTTT	45	CAMRGNNAGNMLTF	:::::::::0:-6:11:::::15:-5:42:::
20212	234.0	9.199624781115765E-5	1	1.1548677676406051E-4	TGCATCCTGAGTTCCCCGATAACTATGGTCAGAATTTTGTCTTT	NNNNNNNNNNNNNNNNNNNNNNNNNNNNNNNNNNNNNNNNNNNN	TRAV26-2*00(764.5)		TRAJ26*00(557.7)		791|802|826|0|11||110.0		22|49|80|17|44||270.0		TGCATCCTGAGTTCCCCGATAACTATGGTCAGAATTTTGTCTTT	45	CILSSPI_YGQNFVF	:::::::::0:-4:11:::::17:-2:44:::
2623	233.0	9.16031014529903E-5	1	1.1548677676406051E-4	TGTGCTCTGAGTGGTCCCGGTAACCAGTTCTATTTT	NNNNNNNNNNNNNNNNNNNNNNNNNNNNNNNNNNNN	TRAV9-2*00(740.6)		TRAJ49*00(499.2)		480|496|514|0|16|SA493G|131.0		25|45|76|16|36||200.0		TGTGCTCTGAGTGGTCCCGGTAACCAGTTCTATTTT	45	CALSGPGNQFYF	:::::::::0:2:16:::::16:-5:36:::
2962	233.0	9.16031014529903E-5	1	1.1548677676406051E-4	TGTGCTCTAACTAGAGGCTCAACCCTGGGGAGGCTATACTTT	NNNNNNNNNNNNNNNNNNNNNNNNNNNNNNNNNNNNNNNNNN	TRAV16*00(510)		TRAJ18*00(608.6)		449|459|483|0|10||100.0		25|55|86|12|42||300.0		TGTGCTCTAACTAGAGGCTCAACCCTGGGGAGGCTATACTTT	45	CALTRGSTLGRLYF	:::::::::0:-4:10:::::12:-5:42:::
3587	233.0	9.16031014529903E-5	1	1.1548677676406051E-4	TGTGCTGTGGGTGGCGTTAACGACTACAAGCTCAGCTTT	NNNNNNNNNNNNNNNNNNNNNNNNNNNNNNNNNNNNNNN	TRAV8-3*00(588.8)		TRAJ20*00(519.8)		455|468|489|0|13||130.0		24|46|77|17|39||220.0		TGTGCTGTGGGTGGCGTTAACGACTACAAGCTCAGCTTT	45	CAVGGVNDYKLSF	:::::::::0:-1:13:::::17:-4:39:::
3836	233.0	9.16031014529903E-5	1	1.1548677676406051E-4	TGTGCTGTGACGGGCGCTGGCAACAACCGTAAGCTGATTTGG	NNNNNNNNNNNNNNNNNNNNNNNNNNNNNNNNNNNNNNNNNN	TRAV1-2*00(659.6)		TRAJ38*00(569.1)		620|630|654|0|10||100.0		24|51|82|15|42||270.0		TGTGCTGTGACGGGCGCTGGCAACAACCGTAAGCTGATTTGG	45	CAVTGAGNNRKLIW	:::::::::0:-4:10:::::15:-4:42:::
4068	233.0	9.16031014529903E-5	1	1.1548677676406051E-4	TGTGCTGTGAGTAAGAGTGGAGGTAGCAACTATAAACTGACATTT	NNNNNNNNNNNNNNNNNNNNNNNNNNNNNNNNNNNNNNNNNNNNN	TRAV8-4*00(635.2)		TRAJ53*00(609.6)		476|488|510|0|12||120.0		22|55|86|12|45|ST24G|301.0		TGTGCTGTGAGTAAGAGTGGAGGTAGCAACTATAAACTGACATTT	45	CAVSKSGGSNYKLTF	:::::::::0:-2:12:::::12:-2:45:::
4150	233.0	9.16031014529903E-5	1	1.1548677676406051E-4	TGTGCTGTGAGGCACACTCAGGGCGGATCTGAAAAGCTGGTCTTT	NNNNNNNNNNNNNNNNNNNNNNNNNNNNNNNNNNNNNNNNNNNNN	TRAV21*00(489.7)		TRAJ57*00(609.6)		544|557|576|0|13||130.0		22|52|83|15|45||300.0		TGTGCTGTGAGGCACACTCAGGGCGGATCTGAAAAGCTGGTCTTT	45	CAVRHTQGGSEKLVF	:::::::::0:1:13:::::15:-2:45:::
4430	233.0	9.16031014529903E-5	1	1.1548677676406051E-4	TGTGCTGCCCATAATAATGCAGGCAACATGCTCACCTTT	NNNNNNNNNNNNNNNNNNNNNNNNNNNNNNNNNNNNNNN	TRAV1-2*00(629.4)		TRAJ39*00(599.5)		620|627|654|0|7||70.0		23|52|83|10|39||290.0		TGTGCTGCCCATAATAATGCAGGCAACATGCTCACCTTT	45	CAAHNNAGNMLTF	:::::::::0:-7:7:::::10:-3:39:::
4569	233.0	9.16031014529903E-5	1	1.1548677676406051E-4	TGTGCTGGGCCTACTGATAACTATAGTCAGAATTTTGTCTTT	NNNNNNNNNNNNNNNNNNNNNNNNNNNNNNNNNNNNNNNNNN	TRAV35*00(939.9)		TRAJ26*00(510.9)		588|598|620|0|10||100.0		22|49|80|15|42|SG31A|241.0		TGTGCTGGGCCTACTGATAACTATAGTCAGAATTTTGTCTTT	45	CAGPTDNYSQNFVF	:::::::::0:-2:10:::::15:-2:42:::
6462	233.0	9.16031014529903E-5	1	1.1548677676406051E-4	TGTGCCGTATCTTTGGTCTCAGGAACCTACAAATACATCTTT	NNNNNNNNNNNNNNNNNNNNNNNNNNNNNNNNNNNNNNNNNN	TRAV39*00(719.4)		TRAJ40*00(539.3)		507|515|540|0|8||80.0		25|50|81|17|42||250.0		TGTGCCGTATCTTTGGTCTCAGGAACCTACAAATACATCTTT	45	CAVSLVSGTYKYIF	:::::::::0:-5:8:::::17:-5:42:::
17410	233.0	9.16031014529903E-5	1	1.1548677676406051E-4	TGTGCAGTCTTCGAATTCTGGGGGTTACCAGAAAGTTACCTTT	NNNNNNNNNNNNNNNNNNNNNNNNNNNNNNNNNNNNNNNNNNN	TRAV27*00(611.6)		TRAJ13*00(580.3)		552|559|582|0|7||70.0		21|52|83|12|43||310.0		TGTGCAGTCTTCGAATTCTGGGGGTTACCAGAAAGTTACCTTT	45	CAVFEFW_GYQKVTF	:::::::::0:-3:7:::::12:-1:43:::
18010	233.0	9.16031014529903E-5	1	1.1548677676406051E-4	TGTGCAGCAAGCAGGGGTAGCAACTATAAACTGACATTT	NNNNNNNNNNNNNNNNNNNNNNNNNNNNNNNNNNNNNNN	TRAV23/DV6*00(499.9)		TRAJ53*00(549.8)		517|530|550|0|13||130.0		31|55|86|15|39||240.0		TGTGCAGCAAGCAGGGGTAGCAACTATAAACTGACATTT	45	CAASRGSNYKLTF	:::::::::0:0:13:::::15:-11:39:::
18700	233.0	9.16031014529903E-5	1	1.1548677676406051E-4	TGTGCAATGAGAGGTTACAATAACAATGACATGCGCTTT	NNNNNNNNNNNNNNNNNNNNNNNNNNNNNNNNNNNNNNN	TRAV14/DV4*00(858.2)		TRAJ43*00(538.5)		517|530|554|0|13||130.0		19|43|74|15|39||240.0		TGTGCAATGAGAGGTTACAATAACAATGACATGCGCTTT	45	CAMRGYNNNDMRF	:::::::::0:-4:13:::::15:1:39:::
20214	233.0	9.16031014529903E-5	1	1.1548677676406051E-4	TGCATCCTGAGTTAACATGCTGGTGGTACTAGCTATGGAAAGCTGACATTT	NNNNNNNNNNNNNNNNNNNNNNNNNNNNNNNNNNNNNNNNNNNNNNNNNNN	TRAV26-2*00(879.9)		TRAJ52*00(609.6)		791|802|826|0|11||110.0		23|58|89|16|51||350.0		TGCATCCTGAGTTAACATGCTGGTGGTACTAGCTATGGAAAGCTGACATTT	45	CILS*HAGGTSYGKLTF	:::::::::0:-4:11:::::16:-3:51:::
2107	232.0	9.120995509482297E-5	1	1.1548677676406051E-4	TGTGCTTTACCATAATTCAGGGAGCCCAGAAGCTGGTATTT	NNNNNNNNNNNNNNNNNNNNNNNNNNNNNNNNNNNNNNNNN	TRAV36/DV7*00(550.8)		TRAJ54*00(587.9)		500|506|533|0|6||60.0		19|49|80|11|41||300.0		TGTGCTTTACCATAATTCAGGGAGCCCAGAAGCTGGTATTT	45	CALP*FR_AQKLVF	:::::::::0:-7:6:::::11:1:41:::
2195	232.0	9.120995509482297E-5	1	1.1548677676406051E-4	TGTGCTTATAGGGGTACCGGCACTGCCAGTAAACTCACCTTT	NNNNNNNNNNNNNNNNNNNNNNNNNNNNNNNNNNNNNNNNNN	TRAV38-2/DV8*00(579.8)		TRAJ44*00(589.6)		602|614|638|0|12||120.0		24|52|83|14|42||280.0		TGTGCTTATAGGGGTACCGGCACTGCCAGTAAACTCACCTTT	45	CAYRGTGTASKLTF	:::::::::0:-4:12:::::14:-4:42:::
2851	232.0	9.120995509482297E-5	1	1.1548677676406051E-4	TGTGCTCTGAGGATGAACACAGGCTTTCAGAAACTTGTATTT	NNNNNNNNNNNNNNNNNNNNNNNNNNNNNNNNNNNNNNNNNN	TRAV9-2*00(729.8)		TRAJ8*00(590)		480|491|514|0|11||110.0		19|49|80|12|42||300.0		TGTGCTCTGAGGATGAACACAGGCTTTCAGAAACTTGTATTT	45	CALRMNTGFQKLVF	:::::::::0:-3:11:::::12:1:42:::
3147	232.0	9.120995509482297E-5	1	1.1548677676406051E-4	TGTGCTGTTTCTTTTCCAACCAGGCAGGAACTGCTCTGATCTTT	NNNNNNNNNNNNNNNNNNNNNNNNNNNNNNNNNNNNNNNNNNNN	TRAV21*00(949.6)		TRAJ15*00(559.8)		544|552|576|0|8||80.0		20|49|80|15|44||290.0		TGTGCTGTTTCTTTTCCAACCAGGCAGGAACTGCTCTGATCTTT	45	CAVSFPT_AGTALIF	:::::::::0:-4:8:::::15:0:44:::
3513	232.0	9.120995509482297E-5	1	1.1548677676406051E-4	TGTGCTGTGGCTAATAACCAGGGAGGAAAGCTTATCTTC	NNNNNNNNNNNNNNNNNNNNNNNNNNNNNNNNNNNNNNN	TRAV36/DV7*00(590.9)		TRAJ23*00(530.8)		500|510|533|0|10||100.0		26|52|83|13|39||260.0		TGTGCTGTGGCTAATAACCAGGGAGGAAAGCTTATCTTC	45	CAVANNQGGKLIF	:::::::::0:-3:10:::::13:-6:39:::
3905	232.0	9.120995509482297E-5	1	1.1548677676406051E-4	TGTGCTGTGAGTGGTGGTGGTACTAGCTATGGAAAGCTGACATTT	NNNNNNNNNNNNNNNNNNNNNNNNNNNNNNNNNNNNNNNNNNNNN	TRAV8-6*00(699.5)		TRAJ52*00(610)		448|460|482|0|12||130.0		25|58|89|12|45|SC26G|311.0		TGTGCTGTGAGTGGTGGTGGTACTAGCTATGGAAAGCTGACATTT	45	CAVSGGGTSYGKLTF	:::::::::0:-2:12:::::12:-5:45:::
4024	232.0	9.120995509482297E-5	1	1.1548677676406051E-4	TGTGCTGTGAGTGAGGAGGAACACAGGCTTTCAGAAACTTGTATTT	NNNNNNNNNNNNNNNNNNNNNNNNNNNNNNNNNNNNNNNNNNNNNN	TRAV8-4*00(670.7)		TRAJ8*00(568.9)		476|490|510|0|14||140.0		21|49|80|18|46||280.0		TGTGCTGTGAGTGAGGAGGAACACAGGCTTTCAGAAACTTGTATTT	45	CAVSEEEH_GFQKLVF	:::::::::0:0:14:::::18:-1:46:::
18261	232.0	9.120995509482297E-5	1	1.1548677676406051E-4	TGTGCAGGAGCCTGGGGCTTTGGGAATGTGCTGCATTGC	NNNNNNNNNNNNNNNNNNNNNNNNNNNNNNNNNNNNNNN	TRAV27*00(651.1)		TRAJ35*00(539.4)		552|563|582|0|11||110.0		24|48|79|15|39||240.0		TGTGCAGGAGCCTGGGGCTTTGGGAATGTGCTGCATTGC	45	CAGAWGFGNVLHC	:::::::::0:1:11:::::15:-4:39:::
18361	232.0	9.120995509482297E-5	1	1.1548677676406051E-4	TGTGCAGAGGTCCTTTACCGGCACTGCCAGTAAACTCACCTTT	NNNNNNNNNNNNNNNNNNNNNNNNNNNNNNNNNNNNNNNNNNN	TRAV13-2*00(540)		TRAJ44*00(589.9)		506|515|539|0|9||90.0		24|52|83|15|43||280.0		TGTGCAGAGGTCCTTTACCGGCACTGCCAGTAAACTCACCTTT	45	CAEVLYR_TASKLTF	:::::::::0:-4:9:::::15:-4:43:::
18441	232.0	9.120995509482297E-5	1	1.1548677676406051E-4	TGTGCAGAGAGCCTTACTAATGCAGGCAACATGCTCACCTTT	NNNNNNNNNNNNNNNNNNNNNNNNNNNNNNNNNNNNNNNNNN	TRAV5*00(469.7)		TRAJ39*00(560.4)		523|534|556|0|11||110.0		24|52|83|14|42|SA26C|251.0		TGTGCAGAGAGCCTTACTAATGCAGGCAACATGCTCACCTTT	45	CAESLTNAGNMLTF	:::::::::0:-2:11:::::14:-4:42:::
18560	232.0	9.120995509482297E-5	1	1.1548677676406051E-4	TGTGCAATGGTAAAATCAGGCGGTAACCAGTTCTATTTT	NNNNNNNNNNNNNNNNNNNNNNNNNNNNNNNNNNNNNNN	TRAV14/DV4*00(820.5)		TRAJ49*00(489.4)		517|526|554|0|9||90.0		26|45|76|20|39||190.0		TGTGCAATGGTAAAATCAGGCGGTAACCAGTTCTATTTT	45	CAMVKSGGNQFYF	:::::::::0:-8:9:::::20:-6:39:::
18706	232.0	9.120995509482297E-5	1	1.1548677676406051E-4	TGTGCAATGAGAGGGCCCAATGCAGGCAACATGCTCACCTTT	NNNNNNNNNNNNNNNNNNNNNNNNNNNNNNNNNNNNNNNNNN	TRAV14/DV4*00(860.4)		TRAJ39*00(549.8)		517|530|554|0|13||130.0		28|52|83|18|42||240.0		TGTGCAATGAGAGGGCCCAATGCAGGCAACATGCTCACCTTT	45	CAMRGPNAGNMLTF	:::::::::0:-4:13:::::18:-8:42:::
18899	232.0	9.120995509482297E-5	1	1.1548677676406051E-4	TGTGGAGCAGTGGCAGGAACCTACAAATACATCTTT	NNNNNNNNNNNNNNNNNNNNNNNNNNNNNNNNNNNN	TRAV34*00(490)		TRAJ40*00(519.9)		603|613|636|0|10||100.0		27|50|81|13|36||230.0		TGTGGAGCAGTGGCAGGAACCTACAAATACATCTTT	45	CGAVAGTYKYIF	:::::::::0:-3:10:::::13:-7:36:::
18993	232.0	9.120995509482297E-5	1	1.1548677676406051E-4	TGCCTCGTGGGTGGATCAGGAACCTACAAATACATCTTT	NNNNNNNNNNNNNNNNNNNNNNNNNNNNNNNNNNNNNNN	TRAV4*00(999.4)		TRAJ40*00(509.5)		768|781|804|0|13||130.0		26|50|81|15|39||240.0		TGCCTCGTGGGTGGATCAGGAACCTACAAATACATCTTT	45	CLVGGSGTYKYIF	:::::::::0:-3:13:::::15:-6:39:::
19158	232.0	9.120995509482297E-5	1	1.1548677676406051E-4	TGCGCTGTGAGAGATAGGGATGCCAGACTCATGTTT	NNNNNNNNNNNNNNNNNNNNNNNNNNNNNNNNNNNN	TRAV1-1*00(720.1)		TRAJ31*00(469.5)		670|685|704|0|15||150.0		29|46|77|19|36||170.0		TGCGCTGTGAGAGATAGGGATGCCAGACTCATGTTT	45	CAVRDRDARLMF	:::::::::0:1:15:::::19:-9:36:::
20201	232.0	9.120995509482297E-5	1	1.1548677676406051E-4	TGCATCCTGGGGTAATGCTGGTGGTACTAGCTATGGAAAGCTGACATTT	NNNNNNNNNNNNNNNNNNNNNNNNNNNNNNNNNNNNNNNNNNNNNNNNN	TRAV26-2*00(857.1)		TRAJ52*00(628.8)		791|800|826|0|9||90.0		21|58|89|12|49||370.0		TGCATCCTGGGGTAATGCTGGTGGTACTAGCTATGGAAAGCTGACATTT	45	CILG*CWW_TSYGKLTF	:::::::::0:-6:9:::::12:-1:49:::
20203	232.0	9.120995509482297E-5	1	1.1548677676406051E-4	TGCATCCTGGGAGCCGGTCGGAGGGCTGGGAGTTACCAACTCACTTTC	NNNNNNNNNNNNNNNNNNNNNNNNNNNNNNNNNNNNNNNNNNNNNNNN	TRAV26-2*00(768.1)		TRAJ28*00(525.3)		791|807|826|0|16|SA800GSA804C|102.0		29|55|86|22|48||260.0		TGCATCCTGGGAGCCGGTCGGAGGGCTGGGAGTTACCAACTCACTTTC	45	CILGAGRRAGSYQLTF	:::::::::0:1:16:::::22:-9:48:::
20248	232.0	9.120995509482297E-5	1	1.1548677676406051E-4	TGCATCCTGAGAGGCCTCAATGCTGGCAACAACCGTAAGCTGATTTGG	NNNNNNNNNNNNNNNNNNNNNNNNNNNNNNNNNNNNNNNNNNNNNNNN	TRAV26-2*00(898.9)		TRAJ38*00(560)		791|804|826|0|13||130.0		21|51|82|18|48||300.0		TGCATCCTGAGAGGCCTCAATGCTGGCAACAACCGTAAGCTGATTTGG	45	CILRGLNAGNNRKLIW	:::::::::0:-2:13:::::18:-1:48:::
20423	232.0	9.120995509482297E-5	1	1.1548677676406051E-4	TGCATCGTCAGAGTCGACAGAGGCTCAACCCTGGGGAGGCTATACTTT	NNNNNNNNNNNNNNNNNNNNNNNNNNNNNNNNNNNNNNNNNNNNNNNN	TRAV26-1*00(649.3)		TRAJ18*00(649.5)		763|778|799|0|15||160.0		22|55|86|15|48||340.0		TGCATCGTCAGAGTCGACAGAGGCTCAACCCTGGGGAGGCTATACTTT	45	CIVRVDRGSTLGRLYF	:::::::::0:-1:15:::::15:-2:48:::
2154	231.0	9.081680873665563E-5	1	1.1548677676406051E-4	TGTGCTTGACCATGGAATATAGAAACAAACTGGTCTTT	NNNNNNNNNNNNNNNNNNNNNNNNNNNNNNNNNNNNNN	TRAV38-2/DV8*00(529.6)		TRAJ47*00(570.9)		602|609|638|0|7||70.0		17|46|77|9|38|SG28A|261.0		TGTGCTTGACCATGGAATATAGAAACAAACTGGTCTTT	45	CA*PWN_RNKLVF	:::::::::0:-9:7:::::9:3:38:::
3244	231.0	9.081680873665563E-5	1	1.1548677676406051E-4	TGTGCTGTCCGGTGGGCTTTGGGAATGTGCTGCATTGC	NNNNNNNNNNNNNNNNNNNNNNNNNNNNNNNNNNNNNN	TRAV41*00(609.8)		TRAJ35*00(539.4)		512|521|544|0|9||90.0		24|48|79|14|38||240.0		TGTGCTGTCCGGTGGGCTTTGGGAATGTGCTGCATTGC	45	CAVRWA_GNVLHC	:::::::::0:-3:9:::::14:-4:38:::
3835	231.0	9.081680873665563E-5	1	1.1548677676406051E-4	TGTGCTGTGACGTACCCCGTTGGGGGCTCTAGCAACACAGGCAAACTAATCTTT	NNNNNNNNNNNNNNNNNNNNNNNNNNNNNNNNNNNNNNNNNNNNNNNNNNNNNN	TRAV8-6*00(659.2)		TRAJ37*00(580.9)		448|458|482|0|10||100.0		21|51|82|24|54|SG27A|271.0		TGTGCTGTGACGTACCCCGTTGGGGGCTCTAGCAACACAGGCAAACTAATCTTT	45	CAVTYPVGGSSNTGKLIF	:::::::::0:-4:10:::::24:-1:54:::
4195	231.0	9.081680873665563E-5	1	1.1548677676406051E-4	TGTGCTGTGAGGAATTCAAATTCCGGGTATGCACTCAACTTC	NNNNNNNNNNNNNNNNNNNNNNNNNNNNNNNNNNNNNNNNNN	TRAV21*00(480)		TRAJ41*00(540.6)		544|556|576|0|12||120.0		21|51|82|12|42|SC23T|281.0		TGTGCTGTGAGGAATTCAAATTCCGGGTATGCACTCAACTTC	45	CAVRNSNSGYALNF	:::::::::0:0:12:::::12:-1:42:::
4248	231.0	9.081680873665563E-5	1	1.1548677676406051E-4	TGTGCTGTGAGAGATTCAAACACCGACAAGCTCATCTTT	NNNNNNNNNNNNNNNNNNNNNNNNNNNNNNNNNNNNNNN	TRAV1-2*00(709.6)		TRAJ34*00(509.9)		620|635|654|0|15||150.0		26|47|78|18|39||210.0		TGTGCTGTGAGAGATTCAAACACCGACAAGCTCATCTTT	45	CAVRDSNTDKLIF	:::::::::0:1:15:::::18:-6:39:::
4577	231.0	9.081680873665563E-5	1	1.1548677676406051E-4	TGTGCTGGGCCACTCAAATTCCGGGTATGCACTCAACTTC	NNNNNNNNNNNNNNNNNNNNNNNNNNNNNNNNNNNNNNNN	TRAV35*00(910)		TRAJ41*00(549.9)		588|598|620|0|10||100.0		22|51|82|11|40||290.0		TGTGCTGGGCCACTCAAATTCCGGGTATGCACTCAACTTC	45	CAGPLKF_GYALNF	:::::::::0:-2:10:::::11:-2:40:::
6357	231.0	9.081680873665563E-5	1	1.1548677676406051E-4	TGTGCCGTGAATGCAGGAACTTGGACAACTTCAACAAATTTTACTTT	NNNNNNNNNNNNNNNNNNNNNNNNNNNNNNNNNNNNNNNNNNNNNNN	TRAV8-1*00(603.4)		TRAJ21*00(539.6)		474|488|508|0|14||140.0		21|44|75|24|47||230.0		TGTGCCGTGAATGCAGGAACTTGGACAACTTCAACAAATTTTACTTT	45	CAVNAGTW_NFNKFYF	:::::::::0:0:14:::::24:-1:47:::
17766	231.0	9.081680873665563E-5	1	1.1548677676406051E-4	TGTGCAGCAAGTAAGGGGAACACAGGCTTTCAGAAACTTGTATTT	NNNNNNNNNNNNNNNNNNNNNNNNNNNNNNNNNNNNNNNNNNNNN	TRAV13-1*00(609.7)		TRAJ8*00(569.7)		511|524|544|0|13||130.0		21|49|80|17|45||280.0		TGTGCAGCAAGTAAGGGGAACACAGGCTTTCAGAAACTTGTATTT	45	CAASKGNTGFQKLVF	:::::::::0:0:13:::::17:-1:45:::
18546	231.0	9.081680873665563E-5	1	1.1548677676406051E-4	TGTGCAATGTCCTGGACTGGGGCAAACAACCTCTTCTTT	NNNNNNNNNNNNNNNNNNNNNNNNNNNNNNNNNNNNNNN	TRAV12-3*00(460.5),TRAV12-2*00(447.5)		TRAJ36*00(550)		562|571|595|0|9||90.0;551|556|584|0|5||50.0		24|48|79|15|39||240.0		TGTGCAATGTCCTGGACTGGGGCAAACAACCTCTTCTTT	45	CAMSWTGANNLFF	:::::::::0:-4:9:::::15:-4:39:::
18991	231.0	9.081680873665563E-5	1	1.1548677676406051E-4	TGCCTCGTGGGTGGCTATGGGAACAACAGACTCGCTTTT	NNNNNNNNNNNNNNNNNNNNNNNNNNNNNNNNNNNNNNN	TRAV4*00(740.4)		TRAJ7*00(532.2)		768|780|804|0|12||130.0		21|48|79|12|39|SA22G|251.0		TGCCTCGTGGGTGGCTATGGGAACAACAGACTCGCTTTT	45	CLVGGYGNNRLAF	:::::::::0:-4:12:::::12:-1:39:::
20489	231.0	9.081680873665563E-5	1	1.1548677676406051E-4	TGCATCGGGGCTGGTGGTACTAGCTATGGAAAGCTGACATTT	NNNNNNNNNNNNNNNNNNNNNNNNNNNNNNNNNNNNNNNNNN	TRAV26-1*00(559.7)		TRAJ52*00(629.8)		763|770|799|0|7||70.0		25|58|89|9|42||330.0		TGCATCGGGGCTGGTGGTACTAGCTATGGAAAGCTGACATTT	45	CIGAGGTSYGKLTF	:::::::::0:-9:7:::::9:-5:42:::
1570	230.0	9.042366237848829E-5	1	1.1548677676406051E-4	TGTGTTGTGCAAAGAACGAAGTAGGCGACAGAATTTTGTCTTT	NNNNNNNNNNNNNNNNNNNNNNNNNNNNNNNNNNNNNNNNNNN	TRAV8-2*00(605.8)		TRAJ26*00(439.6)		466|475|500|0|9||90.0		34|49|80|28|43||150.0		TGTGTTGTGCAAAGAACGAAGTAGGCGACAGAATTTTGTCTTT	45	CVVQRTK_RRQNFVF	:::::::::0:-5:9:::::28:-14:43:::
2126	230.0	9.042366237848829E-5	1	1.1548677676406051E-4	TGTGCTTCCCCGGTTGGAGGAGGAGGTGCTGACGGACTCACCTTT	NNNNNNNNNNNNNNNNNNNNNNNNNNNNNNNNNNNNNNNNNNNNN	TRAV21*00(497.6)		TRAJ45*00(583.7)		544|550|576|0|6||60.0		27|55|86|17|45||280.0		TGTGCTTCCCCGGTTGGAGGAGGAGGTGCTGACGGACTCACCTTT	45	CASPVGGGGADGLTF	:::::::::0:-6:6:::::17:-7:45:::
2148	230.0	9.042366237848829E-5	1	1.1548677676406051E-4	TGTGCTTGTTTGGATAGCAACTATCAGTTAATCTGG	NNNNNNNNNNNNNNNNNNNNNNNNNNNNNNNNNNNN	TRAV38-2/DV8*00(530)		TRAJ33*00(477.5)		602|609|638|0|7||70.0		20|46|77|10|36||260.0		TGTGCTTGTTTGGATAGCAACTATCAGTTAATCTGG	45	CACLDSNYQLIW	:::::::::0:-9:7:::::10:0:36:::
2400	230.0	9.042366237848829E-5	1	1.1548677676406051E-4	TGTGCTCTTGGGGAACGGGCCGTTGGAAATGAGAAATTAACCTTT	NNNNNNNNNNNNNNNNNNNNNNNNNNNNNNNNNNNNNNNNNNNNN	TRDV1*00(1029.4)		TRAJ48*00(498.9)		573|589|610|0|16||160.0		29|52|83|22|45||230.0		TGTGCTCTTGGGGAACGGGCCGTTGGAAATGAGAAATTAACCTTT	45	CALGERAVGNEKLTF	:::::::::0:-1:16:::::22:-9:45:::
2660	230.0	9.042366237848829E-5	1	1.1548677676406051E-4	TGTGCTCTGAGTGATCGAGGTCAGGGAGCCCAGAAGCTGGTATTT	NNNNNNNNNNNNNNNNNNNNNNNNNNNNNNNNNNNNNNNNNNNNN	TRAV9-2*00(774.5)		TRAJ54*00(539.2)		480|496|514|0|16||160.0		24|49|80|20|45||250.0		TGTGCTCTGAGTGATCGAGGTCAGGGAGCCCAGAAGCTGGTATTT	45	CALSDRGQGAQKLVF	:::::::::0:2:16:::::20:-4:45:::
3949	230.0	9.042366237848829E-5	1	1.1548677676406051E-4	TGTGCTGTGAGTGATCCGAGATCAGATGGCCAGAAGCTGCTCTTT	NNNNNNNNNNNNNNNNNNNNNNNNNNNNNNNNNNNNNNNNNNNNN	TRAV8-6*00(729.8)		TRAJ16*00(510.2)		448|464|482|0|16||160.0		25|49|80|21|45||240.0		TGTGCTGTGAGTGATCCGAGATCAGATGGCCAGAAGCTGCTCTTT	45	CAVSDPRSDGQKLLF	:::::::::0:2:16:::::21:-5:45:::
4111	230.0	9.042366237848829E-5	1	1.1548677676406051E-4	TGTGCTGTGAGGTCTAACAATGCCAGACTCATGTTT	NNNNNNNNNNNNNNNNNNNNNNNNNNNNNNNNNNNN	TRAV1-2*00(669.7)		TRAJ31*00(519.6)		620|631|654|0|11||110.0		24|46|77|14|36||220.0		TGTGCTGTGAGGTCTAACAATGCCAGACTCATGTTT	45	CAVRSNNARLMF	:::::::::0:-3:11:::::14:-4:36:::
4314	230.0	9.042366237848829E-5	1	1.1548677676406051E-4	TGTGCTGTGAGAATGGGTGGTGCTACAAACAAGCTCATCTTT	NNNNNNNNNNNNNNNNNNNNNNNNNNNNNNNNNNNNNNNNNN	TRAV21*00(481)		TRAJ32*00(568.9)		544|555|576|0|11||110.0		28|55|86|15|42||270.0		TGTGCTGTGAGAATGGGTGGTGCTACAAACAAGCTCATCTTT	45	CAVRMGGATNKLIF	:::::::::0:-1:11:::::15:-8:42:::
17545	230.0	9.042366237848829E-5	1	1.1548677676406051E-4	TGTGCAGCACTCGGGGGCTTTCAGAAACTTGTATTT	NNNNNNNNNNNNNNNNNNNNNNNNNNNNNNNNNNNN	TRAV23/DV6*00(459.5)		TRAJ8*00(499.5)		517|526|550|0|9||90.0		28|49|80|15|36||210.0		TGTGCAGCACTCGGGGGCTTTCAGAAACTTGTATTT	45	CAALGGFQKLVF	:::::::::0:-4:9:::::15:-8:36:::
17785	230.0	9.042366237848829E-5	1	1.1548677676406051E-4	TGTGCAGCAAGCTCTAGCAACACAGGCAAACTAATCTTT	NNNNNNNNNNNNNNNNNNNNNNNNNNNNNNNNNNNNNNN	TRAV29/DV5*00(529.9)		TRAJ37*00(570.5)		529|540|562|0|11||120.0		23|51|82|11|39|SG27A|261.0		TGTGCAGCAAGCTCTAGCAACACAGGCAAACTAATCTTT	45	CAASSSNTGKLIF	:::::::::0:-2:11:::::11:-3:39:::
18127	230.0	9.042366237848829E-5	1	1.1548677676406051E-4	TGTGCAGGCACCCAGAACTCAAATTCCGGGTATGCACTCAACTTC	NNNNNNNNNNNNNNNNNNNNNNNNNNNNNNNNNNNNNNNNNNNNN	TRAV25*00(539.6)		TRAJ41*00(569.4)		620|628|649|0|8||80.0		20|51|82|14|45||310.0		TGTGCAGGCACCCAGAACTCAAATTCCGGGTATGCACTCAACTTC	45	CAGTQNSNSGYALNF	:::::::::0:-1:8:::::14:0:45:::
18786	230.0	9.042366237848829E-5	1	1.1548677676406051E-4	TGTGCAATGAGAGAGGGCGGGGGACTTTCAGAAACTTGTATTT	NNNNNNNNNNNNNNNNNNNNNNNNNNNNNNNNNNNNNNNNNNN	TRAV14/DV4*00(540.4)		TRAJ8*00(480)		517|535|554|0|18||180.0		30|49|80|24|43||190.0		TGTGCAATGAGAGAGGGCGGGGGACTTTCAGAAACTTGTATTT	45	CAMREGG_DFQKLVF	:::::::::0:1:18:::::24:-10:43:::
1928	229.0	9.003051602032095E-5	1	1.1548677676406051E-4	TGTGTGGTGAACAGTGGAGGTAGCAACTATAAACTGACATTT	NNNNNNNNNNNNNNNNNNNNNNNNNNNNNNNNNNNNNNNNNN	TRAV12-1*00(529.5)		TRAJ53*00(609.6)		539|550|572|0|11||130.0		24|55|86|11|42|ST24C|311.0		TGTGTGGTGAACAGTGGAGGTAGCAACTATAAACTGACATTT	45	CVVNSGGSNYKLTF	:::::::::0:-2:11:::::11:-4:42:::
2754	229.0	9.003051602032095E-5	1	1.1548677676406051E-4	TGTGCTCTGAGTGAGGGGTTTATAACACCGACAAGCTCATCTTT	NNNNNNNNNNNNNNNNNNNNNNNNNNNNNNNNNNNNNNNNNNNN	TRAV19*00(769.7)		TRAJ34*00(549.3)		556|572|593|0|16||160.0		22|47|78|19|44||250.0		TGTGCTCTGAGTGAGGGGTTTATAACACCGACAAGCTCATCTTT	45	CALSEGF_NTDKLIF	:::::::::0:-1:16:::::19:-2:44:::
2929	229.0	9.003051602032095E-5	1	1.1548677676406051E-4	TGTGCTCTAGGAGCTACAAACAAGCTCATCTTT	NNNNNNNNNNNNNNNNNNNNNNNNNNNNNNNNN	TRAV16*00(499.9)		TRAJ32*00(510.6)		449|458|483|0|9||90.0		31|55|86|9|33|ST33A|211.0		TGTGCTCTAGGAGCTACAAACAAGCTCATCTTT	45	CALGATNKLIF	:::::::::0:-5:9:::::9:-11:33:::
3209	229.0	9.003051602032095E-5	1	1.1548677676406051E-4	TGTGCTGTCTCTACCTCAGGAACCTACAAATACATCTTT	NNNNNNNNNNNNNNNNNNNNNNNNNNNNNNNNNNNNNNN	TRAV1-2*00(639.6)		TRAJ40*00(579.6)		620|628|654|0|8||80.0		21|50|81|10|39||290.0		TGTGCTGTCTCTACCTCAGGAACCTACAAATACATCTTT	45	CAVSTSGTYKYIF	:::::::::0:-6:8:::::10:-1:39:::
3233	229.0	9.003051602032095E-5	1	1.1548677676406051E-4	TGTGCTGTCCCCCTCTTTGGAAATGAGAAATTAACCTTT	NNNNNNNNNNNNNNNNNNNNNNNNNNNNNNNNNNNNNNN	TRAV21*00(946.9)		TRAJ48*00(518.5)		544|552|576|0|8||80.0		27|52|83|14|39||250.0		TGTGCTGTCCCCCTCTTTGGAAATGAGAAATTAACCTTT	45	CAVPLFGNEKLTF	:::::::::0:-4:8:::::14:-7:39:::
4684	229.0	9.003051602032095E-5	1	1.1548677676406051E-4	TGTGCTGGGCAGAAGGGCTTTGGGAATGTGCTGCATTGC	NNNNNNNNNNNNNNNNNNNNNNNNNNNNNNNNNNNNNNN	TRAV35*00(959.1)		TRAJ35*00(539.6)		588|600|620|0|12||120.0		24|48|79|15|39||240.0		TGTGCTGGGCAGAAGGGCTTTGGGAATGTGCTGCATTGC	45	CAGQKGFGNVLHC	:::::::::0:0:12:::::15:-4:39:::
4815	229.0	9.003051602032095E-5	1	1.1548677676406051E-4	TGTGCTACGGGCCAGGGGTATTCAGGGAGCCCAGAAGCTGGTATTT	NNNNNNNNNNNNNNNNNNNNNNNNNNNNNNNNNNNNNNNNNNNNNN	TRAV17*00(898.9)		TRAJ54*00(539)		490|500|523|0|10||100.0		22|49|80|19|46||270.0		TGTGCTACGGGCCAGGGGTATTCAGGGAGCCCAGAAGCTGGTATTT	45	CATGQGYS_GAQKLVF	:::::::::0:-3:10:::::19:-2:46:::
4888	229.0	9.003051602032095E-5	1	1.1548677676406051E-4	TGTGCTACGGACGAGGTCAACCAGGCAGGAACTGCTCTGATCTTT	NNNNNNNNNNNNNNNNNNNNNNNNNNNNNNNNNNNNNNNNNNNNN	TRAV17*00(929.6)		TRAJ15*00(560.8)		490|503|523|0|13||130.0		18|49|80|14|45|SC20T|281.0		TGTGCTACGGACGAGGTCAACCAGGCAGGAACTGCTCTGATCTTT	45	CATDEVNQAGTALIF	:::::::::0:0:13:::::14:2:45:::
5009	229.0	9.003051602032095E-5	1	1.1548677676406051E-4	TGTGCCTTTATGAACCTCGGTAGCAACTATCAGTTAATCTGG	NNNNNNNNNNNNNNNNNNNNNNNNNNNNNNNNNNNNNNNNNN	TRAV24*00(760.3)		TRAJ33*00(490.1)		515|529|545|0|14|SA526G|111.0		24|46|77|20|42||220.0		TGTGCCTTTATGAACCTCGGTAGCAACTATCAGTTAATCTGG	45	CAFMNLGSNYQLIW	:::::::::0:4:14:::::20:-4:42:::
17572	229.0	9.003051602032095E-5	1	1.1548677676406051E-4	TGTGCAGCAGCGTCTCGCCCGGCACTGCCAGTAAACTCACCTTT	NNNNNNNNNNNNNNNNNNNNNNNNNNNNNNNNNNNNNNNNNNNN	TRAV23/DV6*00(460)		TRAJ44*00(569.7)		517|526|550|0|9||90.0		26|52|83|18|44||260.0		TGTGCAGCAGCGTCTCGCCCGGCACTGCCAGTAAACTCACCTTT	45	CAAASRP_TASKLTF	:::::::::0:-4:9:::::18:-6:44:::
17678	229.0	9.003051602032095E-5	1	1.1548677676406051E-4	TGTGCAGCAAGTCAGGATAAGGTCAGGAGGAGGTGCTGACGGACTCACCTTT	NNNNNNNNNNNNNNNNNNNNNNNNNNNNNNNNNNNNNNNNNNNNNNNNNNNN	TRAV13-1*00(599.4)		TRAJ45*00(609.6)		511|523|544|0|12||120.0		25|55|86|22|52||300.0		TGTGCAGCAAGTCAGGATAAGGTCAGGAGGAGGTGCTGACGGACTCACCTTT	45	CAASQDKVR_GGADGLTF	:::::::::0:-1:12:::::22:-5:52:::
18071	229.0	9.003051602032095E-5	1	1.1548677676406051E-4	TGTGCAGCAAGAAAAGAGATATAGAAACAAACTGGTCTTT	NNNNNNNNNNNNNNNNNNNNNNNNNNNNNNNNNNNNNNNN	TRAV24*00(206.9)		TRAJ47*00(500.3)		515|520|545|0|5||50.0		24|46|77|18|40|SG28A|191.0		TGTGCAGCAAGAAAAGAGATATAGAAACAAACTGGTCTTT	45	CAARKEI_RNKLVF	:::::::::0:-5:5:::::18:-4:40:::
18634	229.0	9.003051602032095E-5	1	1.1548677676406051E-4	TGTGCAATGAGCGCGGTCAGGGGTCGGGGTGGTACTAGCTATGGAAAGCTGACATTT	NNNNNNNNNNNNNNNNNNNNNNNNNNNNNNNNNNNNNNNNNNNNNNNNNNNNNNNNN	TRAV12-3*00(580.3)		TRAJ52*00(598.1)		562|581|595|0|19|SC577G|161.0		28|58|89|27|57||300.0		TGTGCAATGAGCGCGGTCAGGGGTCGGGGTGGTACTAGCTATGGAAAGCTGACATTT	45	CAMSAVRGRGGTSYGKLTF	:::::::::0:6:19:::::27:-8:57:::
18752	229.0	9.003051602032095E-5	1	1.1548677676406051E-4	TGTGCAATGAGAGAGGGTCGGTAACCAGGGAGGAAAGCTTATCTTC	NNNNNNNNNNNNNNNNNNNNNNNNNNNNNNNNNNNNNNNNNNNNNN	TRAV14/DV4*00(900.4)		TRAJ23*00(560)		517|534|554|0|17||170.0		27|52|83|21|46||250.0		TGTGCAATGAGAGAGGGTCGGTAACCAGGGAGGAAAGCTTATCTTC	45	CAMREGR*_QGGKLIF	:::::::::0:0:17:::::21:-7:46:::
20166	229.0	9.003051602032095E-5	1	1.1548677676406051E-4	TGCGGCACAGGGGACCCGGTTCTGCAAGGCAACTGACCTTT	NNNNNNNNNNNNNNNNNNNNNNNNNNNNNNNNNNNNNNNNN	TRAV30*00(470)		TRAJ22*00(549.6)		567|577|600|0|10||100.0		28|52|83|17|41||240.0		TGCGGCACAGGGGACCCGGTTCTGCAAGGCAACTGACCTTT	45	CGTGDPV_ARQLTF	:::::::::0:-3:10:::::17:-8:41:::
1663	228.0	8.963736966215361E-5	1	1.1548677676406051E-4	TGTGTGGTCTACCCCCGGGGGGGGAGCAACTATCAGTTAATCTGG	NNNNNNNNNNNNNNNNNNNNNNNNNNNNNNNNNNNNNNNNNNNNN	TRAV12-1*00(938.5)		TRAJ33*00(458.9)		539|547|572|0|8||80.0		25|46|77|24|45||210.0		TGTGTGGTCTACCCCCGGGGGGGGAGCAACTATCAGTTAATCTGG	45	CVVYPRGGSNYQLIW	:::::::::0:-5:8:::::24:-5:45:::
2036	228.0	8.963736966215361E-5	1	1.1548677676406051E-4	TGTGCTTTCATGCCTAAGGCAAATCAACCTTT	NNNNNNNNNNNNNNNNNNNNNNNNNNNNNNNN	TRAV38-1*00(579.9)		TRAJ27*00(450)		596|608|633|0|12||120.0		32|48|79|16|32||160.0		TGTGCTTTCATGCCTAAGGCAAATCAACCTTT	45	CAFMP_GKSTF	:::::::::0:-5:12:::::16:-12:32:::
2500	228.0	8.963736966215361E-5	1	1.1548677676406051E-4	TGTGCTCTGCATTCTGCAAGGCAACTGACCTTT	NNNNNNNNNNNNNNNNNNNNNNNNNNNNNNNNN	TRAV9-2*00(699.7)		TRAJ22*00(529.6)		480|489|514|0|9||90.0		30|52|83|11|33||220.0		TGTGCTCTGCATTCTGCAAGGCAACTGACCTTT	45	CALHSARQLTF	:::::::::0:-5:9:::::11:-10:33:::
2803	228.0	8.963736966215361E-5	1	1.1548677676406051E-4	TGTGCTCTGAGTAGGAGTACTACCTCAGGAACCTACAAATACATCTTT	NNNNNNNNNNNNNNNNNNNNNNNNNNNNNNNNNNNNNNNNNNNNNNNN	TRAV9-2*00(729.7)		TRAJ40*00(619.1)		480|492|514|0|12||120.0		17|50|81|15|48||330.0		TGTGCTCTGAGTAGGAGTACTACCTCAGGAACCTACAAATACATCTTT	45	CALSRSTTSGTYKYIF	:::::::::0:-2:12:::::15:3:48:::
3020	228.0	8.963736966215361E-5	1	1.1548677676406051E-4	TGTGCTCTAAAGTGGGTGGAAGCCAAGGAAATCTCATCTTT	NNNNNNNNNNNNNNNNNNNNNNNNNNNNNNNNNNNNNNNNN	TRAV19*00(689.8)		TRAJ42*00(540.4)		556|564|593|0|8||80.0		28|55|86|14|41|SA30T|241.0		TGTGCTCTAAAGTGGGTGGAAGCCAAGGAAATCTCATCTTT	45	CALKWVE_QGNLIF	:::::::::0:-9:8:::::14:-8:41:::
3122	228.0	8.963736966215361E-5	1	1.1548677676406051E-4	TGTGCTCGGGGGAGGCTATGGTCAGAATTTTGTCTTT	NNNNNNNNNNNNNNNNNNNNNNNNNNNNNNNNNNNNN	TRAV6*00(439.7)		TRAJ26*00(509.9)		535|542|568|0|7||70.0		27|49|80|15|37||220.0		TGTGCTCGGGGGAGGCTATGGTCAGAATTTTGTCTTT	45	CARGRL_GQNFVF	:::::::::0:-6:7:::::15:-7:37:::
3598	228.0	8.963736966215361E-5	1	1.1548677676406051E-4	TGTGCTGTGGGTGAAGTGAGTGCCAGACTCATGTTT	NNNNNNNNNNNNNNNNNNNNNNNNNNNNNNNNNNNN	TRAV8-3*00(589.3)		TRAJ31*00(459.7)		455|468|489|0|13||130.0		30|46|77|20|36||160.0		TGTGCTGTGGGTGAAGTGAGTGCCAGACTCATGTTT	45	CAVGEVSARLMF	:::::::::0:-1:13:::::20:-10:36:::
4530	228.0	8.963736966215361E-5	1	1.1548677676406051E-4	TGTGCTGGCAACCAGTTCTATTTT	NNNNNNNNNNNNNNNNNNNNNNNN	TRAV21*00(597.3)		TRAJ49*00(450.9)		544|551|576|0|7||70.0		28|45|76|7|24|ST29C|151.0		TGTGCTGGCAACCAGTTCTATTTT	45	CAGNQFYF	:::::::::0:-5:7:::::7:-8:24:::
4997	228.0	8.963736966215361E-5	1	1.1548677676406051E-4	TGTGCCTTTCATAATGCAGGCAACATGCTCACCTTT	NNNNNNNNNNNNNNNNNNNNNNNNNNNNNNNNNNNN	TRAV24*00(360.5),TRAV23/DV6*00(351.9)		TRAJ39*00(569.2)		515|524|545|0|9||90.0;517|522|550|0|5||50.0		26|52|83|10|36||260.0		TGTGCCTTTCATAATGCAGGCAACATGCTCACCTTT	45	CAFHNAGNMLTF	:::::::::0:-1:9:::::10:-6:36:::
6451	228.0	8.963736966215361E-5	1	1.1548677676406051E-4	TGTGCCGTGAAATAACACCGACAAGCTCATCTTT	NNNNNNNNNNNNNNNNNNNNNNNNNNNNNNNNNN	TRAV12-2*00(968.1)		TRAJ34*00(529.6)		551|562|584|0|11||110.0		24|47|78|11|34||230.0		TGTGCCGTGAAATAACACCGACAAGCTCATCTTT	45	CAVK*H_DKLIF	:::::::::0:-2:11:::::11:-4:34:::
17445	228.0	8.963736966215361E-5	1	1.1548677676406051E-4	TGTGCAGCTCCAAGGGAGGGTAACCAGTTCTATTTT	NNNNNNNNNNNNNNNNNNNNNNNNNNNNNNNNNNNN	TRAV29/DV5*00(530)		TRAJ49*00(479.9)		529|537|562|0|8||80.0		27|45|76|18|36||180.0		TGTGCAGCTCCAAGGGAGGGTAACCAGTTCTATTTT	45	CAAPREGNQFYF	:::::::::0:-5:8:::::18:-7:36:::
17571	228.0	8.963736966215361E-5	1	1.1548677676406051E-4	TGTGCAGCAGCCCCCCCCGGCGGAAACAAGCTGGTCTTT	NNNNNNNNNNNNNNNNNNNNNNNNNNNNNNNNNNNNNNN	TRAV29/DV5*00(540)		TRAJ47*00(460.7)		529|538|562|0|9||90.0		28|46|77|21|39|SA36G|151.0		TGTGCAGCAGCCCCCCCCGGCGGAAACAAGCTGGTCTTT	45	CAAAPPGGNKLVF	:::::::::0:-4:9:::::21:-8:39:::
17581	228.0	8.963736966215361E-5	1	1.1548677676406051E-4	TGTGCAGCAGGGATACTCACGGGAGGAGGAAACAAACTCACCTTT	NNNNNNNNNNNNNNNNNNNNNNNNNNNNNNNNNNNNNNNNNNNNN	TRAV13-1*00(969.7)		TRAJ10*00(569.4)		511|526|544|0|15|SA520GST522G|112.0		23|53|84|15|45||330.0		TGTGCAGCAGGGATACTCACGGGAGGAGGAAACAAACTCACCTTT	45	CAAGILTGGGNKLTF	:::::::::0:2:15:::::15:-3:45:::
18521	228.0	8.963736966215361E-5	1	1.1548677676406051E-4	TGTGCAGAGAAGAGGCTAGGCTTCAAAACTATCTTT	NNNNNNNNNNNNNNNNNNNNNNNNNNNNNNNNNNNN	TRAV13-2*00(559.7)		TRAJ9*00(489.9)		506|517|539|0|11||110.0		31|50|81|17|36||190.0		TGTGCAGAGAAGAGGCTAGGCTTCAAAACTATCTTT	45	CAEKRLGFKTIF	:::::::::0:-2:11:::::17:-11:36:::
2008	227.0	8.924422330398627E-5	1	1.1548677676406051E-4	TGTGCTTTCTAGGGTAAATAACAATGACATGCGCTTT	NNNNNNNNNNNNNNNNNNNNNNNNNNNNNNNNNNNNN	TRAV38-1*00(550)		TRAJ43*00(509.4)		596|605|633|0|9||90.0		22|43|74|16|37||210.0		TGTGCTTTCTAGGGTAAATAACAATGACATGCGCTTT	45	CAF*GK_NNDMRF	:::::::::0:-8:9:::::16:-2:37:::
2249	227.0	8.924422330398627E-5	1	1.1548677676406051E-4	TGTGCTTATAGGAGGGGGACTAGCTATGGAAAGCTGACATTT	NNNNNNNNNNNNNNNNNNNNNNNNNNNNNNNNNNNNNNNNNN	TRAV38-2/DV8*00(599.8)		TRAJ52*00(540.7)		602|616|638|0|14||140.0		31|58|89|15|42|ST33G|241.0		TGTGCTTATAGGAGGGGGACTAGCTATGGAAAGCTGACATTT	45	CAYRRGTSYGKLTF	:::::::::0:-2:14:::::15:-11:42:::
2705	227.0	8.924422330398627E-5	1	1.1548677676406051E-4	TGTGCTCTGAGTGAGCAGTCTAGGGCAGGCAACATGCTCACCTTT	NNNNNNNNNNNNNNNNNNNNNNNNNNNNNNNNNNNNNNNNNNNNN	TRAV19*00(747.1)		TRAJ39*00(518.8)		556|571|593|0|15||150.0		31|52|83|24|45||210.0		TGTGCTCTGAGTGAGCAGTCTAGGGCAGGCAACATGCTCACCTTT	45	CALSEQSRAGNMLTF	:::::::::0:-2:15:::::24:-11:45:::
2922	227.0	8.924422330398627E-5	1	1.1548677676406051E-4	TGTGCTCTAGGTGGGACCCAGGGAGCCCAGAAGCTGGTATTT	NNNNNNNNNNNNNNNNNNNNNNNNNNNNNNNNNNNNNNNNNN	TRAV9-2*00(704.4)		TRAJ54*00(529.5)		480|488|514|0|8||80.0		25|49|80|18|42||240.0		TGTGCTCTAGGTGGGACCCAGGGAGCCCAGAAGCTGGTATTT	45	CALGGTQGAQKLVF	:::::::::0:-6:8:::::18:-5:42:::
4309	227.0	8.924422330398627E-5	1	1.1548677676406051E-4	TGTGCTGTGAGAGAAATCCACCCGAGGCTTTGGGAATGTGCTGCATTGC	NNNNNNNNNNNNNNNNNNNNNNNNNNNNNNNNNNNNNNNNNNNNNNNNN	TRAV3*00(620.3)		TRAJ35*00(549.5)		437|454|473|0|17|SC451A|141.0		23|48|79|24|49||250.0		TGTGCTGTGAGAGAAATCCACCCGAGGCTTTGGGAATGTGCTGCATTGC	45	CAVREIHP_GFGNVLHC	:::::::::0:1:17:::::24:-3:49:::
6090	227.0	8.924422330398627E-5	1	1.1548677676406051E-4	TGTGCCCGGACCAGGGGTAACCAGTTCTATTTT	NNNNNNNNNNNNNNNNNNNNNNNNNNNNNNNNN	TRAV9-2*00(659.7)		TRAJ49*00(479.7)		480|485|514|0|5||50.0		27|45|76|15|33||180.0		TGTGCCCGGACCAGGGGTAACCAGTTCTATTTT	45	CARTRGNQFYF	:::::::::0:-9:5:::::15:-7:33:::
17833	227.0	8.924422330398627E-5	1	1.1548677676406051E-4	TGTGCAGCAAGCCGGGCAAACAACCTCTTCTTT	NNNNNNNNNNNNNNNNNNNNNNNNNNNNNNNNN	TRAV23/DV6*00(489.5)		TRAJ36*00(509.9)		517|529|550|0|12||120.0		28|48|79|13|33||200.0		TGTGCAGCAAGCCGGGCAAACAACCTCTTCTTT	45	CAASRANNLFF	:::::::::0:-1:12:::::13:-8:33:::
18252	227.0	8.924422330398627E-5	1	1.1548677676406051E-4	TGTGCAGGAGCTGGGAGCTGCAGGCAACAAGCTAACTTTT	NNNNNNNNNNNNNNNNNNNNNNNNNNNNNNNNNNNNNNNN	TRAV27*00(674.6)		TRAJ17*00(549.5)		552|564|582|0|12||120.0		27|52|83|15|40||250.0		TGTGCAGGAGCTGGGAGCTGCAGGCAACAAGCTAACTTTT	45	CAGAGSC_GNKLTF	:::::::::0:2:12:::::15:-7:40:::
18259	227.0	8.924422330398627E-5	1	1.1548677676406051E-4	TGTGCAGGAGCTAAGGCTGGGGCAAACAACCTCTTCTTT	NNNNNNNNNNNNNNNNNNNNNNNNNNNNNNNNNNNNNNN	TRAV27*00(652.2)		TRAJ36*00(539.6)		552|564|582|0|12||120.0		25|48|79|16|39||230.0		TGTGCAGGAGCTAAGGCTGGGGCAAACAACCTCTTCTTT	45	CAGAKAGANNLFF	:::::::::0:2:12:::::16:-5:39:::
18823	227.0	8.924422330398627E-5	1	1.1548677676406051E-4	TGTGCAATGAGAGAGAGACTCTAATGCTGGCAACAACCGTAAGCTGATTTGG	NNNNNNNNNNNNNNNNNNNNNNNNNNNNNNNNNNNNNNNNNNNNNNNNNNNN	TRAV14/DV4*00(510.5)		TRAJ38*00(609.9)		517|532|554|0|15||150.0		20|51|82|21|52||310.0		TGTGCAATGAGAGAGAGACTCTAATGCTGGCAACAACCGTAAGCTGATTTGG	45	CAMRERL*C_GNNRKLIW	:::::::::0:-2:15:::::21:0:52:::
18825	227.0	8.924422330398627E-5	1	1.1548677676406051E-4	TGTGCAATGAGAGAATGGCGAACACCGGTAACCAGTTCTATTTT	NNNNNNNNNNNNNNNNNNNNNNNNNNNNNNNNNNNNNNNNNNNN	TRAV14/DV4*00(870.6)		TRAJ49*00(559.7)		517|531|554|0|14||140.0		19|45|76|18|44||260.0		TGTGCAATGAGAGAATGGCGAACACCGGTAACCAGTTCTATTTT	45	CAMREWR_TGNQFYF	:::::::::0:-3:14:::::18:1:44:::
19028	227.0	8.924422330398627E-5	1	1.1548677676406051E-4	TGCCTCGTGGGTGACATGGGGACTCTGGGGCTGGGAGTTACCAACTCACTTTC	NNNNNNNNNNNNNNNNNNNNNNNNNNNNNNNNNNNNNNNNNNNNNNNNNNNNN	TRAV4*00(599.6)		TRAJ28*00(609.2)		768|786|804|0|18||180.0		23|55|86|21|53||320.0		TGCCTCGTGGGTGACATGGGGACTCTGGGGCTGGGAGTTACCAACTCACTTTC	45	CLVGDMGTL_AGSYQLTF	:::::::::0:2:18:::::21:-3:53:::
19035	227.0	8.924422330398627E-5	1	1.1548677676406051E-4	TGCCTCGTGGGTGACAAATTCCGGGTATGCACTCAACTTC	NNNNNNNNNNNNNNNNNNNNNNNNNNNNNNNNNNNNNNNN	TRAV4*00(579.9)		TRAJ41*00(519.4)		768|783|804|0|15||160.0		26|51|82|15|40||260.0		TGCCTCGTGGGTGACAAATTCCGGGTATGCACTCAACTTC	45	CLVGDKF_GYALNF	:::::::::0:-1:15:::::15:-6:40:::
1925	226.0	8.885107694581893E-5	1	1.1548677676406051E-4	TGTGTGGTGAACACGTAGCCTGTATGCTGGTGGTACTAGCTATGGAAAGCTGACATTT	NNNNNNNNNNNNNNNNNNNNNNNNNNNNNNNNNNNNNNNNNNNNNNNNNNNNNNNNNN	TRAV12-1*00(961.2)		TRAJ52*00(609.1)		539|555|572|0|16|ST552C|131.0		23|58|89|23|58||350.0		TGTGTGGTGAACACGTAGCCTGTATGCTGGTGGTACTAGCTATGGAAAGCTGACATTT	45	CVVNT*PVCW_GTSYGKLTF	:::::::::0:3:16:::::23:-3:58:::
2239	226.0	8.885107694581893E-5	1	1.1548677676406051E-4	TGTGCTTATAGGAGCGGATGAGAGAGATGACAAGATCATCTTT	NNNNNNNNNNNNNNNNNNNNNNNNNNNNNNNNNNNNNNNNNNN	TRAV38-2/DV8*00(619.7)		TRAJ30*00(519.7)		602|618|638|0|16||160.0		25|46|77|22|43||210.0		TGTGCTTATAGGAGCGGATGAGAGAGATGACAAGATCATCTTT	45	CAYRSG*_RDDKIIF	:::::::::0:0:16:::::22:-5:43:::
2638	226.0	8.885107694581893E-5	1	1.1548677676406051E-4	TGTGCTCTGAGTGGACTACTGGAGCCAATAGTAAGCTGACATTT	NNNNNNNNNNNNNNNNNNNNNNNNNNNNNNNNNNNNNNNNNNNN	TRAV19*00(739.5)		TRAJ56*00(589.6)		556|569|593|0|13||130.0		23|51|82|16|44||280.0		TGTGCTCTGAGTGGACTACTGGAGCCAATAGTAAGCTGACATTT	45	CALSGLL_ANSKLTF	:::::::::0:-4:13:::::16:-3:44:::
3248	226.0	8.885107694581893E-5	1	1.1548677676406051E-4	TGTGCTGTCCATACCGGCACTGCCAGTAAACTCACCTTT	NNNNNNNNNNNNNNNNNNNNNNNNNNNNNNNNNNNNNNN	TRAV20*00(460)		TRAJ44*00(499.9)		498|515|531|0|17|SG506CSG509TSG510AST513G|85.0		30|52|83|17|39||290.0		TGTGCTGTCCATACCGGCACTGCCAGTAAACTCACCTTT	45	CAVHTGTASKLTF	:::::::::0:4:17:::::17:-10:39:::
4121	226.0	8.885107694581893E-5	1	1.1548677676406051E-4	TGTGCTGTGAGGCTGAGGCAGCAATGCTTCCAAGATAATCTTT	NNNNNNNNNNNNNNNNNNNNNNNNNNNNNNNNNNNNNNNNNNN	TRAV21*00(999.1)		TRAJ3*00(480.8)		544|557|576|0|13||130.0		26|51|82|18|43|SG31A|221.0		TGTGCTGTGAGGCTGAGGCAGCAATGCTTCCAAGATAATCTTT	45	CAVRLRQ_NASKIIF	:::::::::0:1:13:::::18:-6:43:::
6039	226.0	8.885107694581893E-5	1	1.1548677676406051E-4	TGTGCCCCCCAGCCGGGACAGGAGGAGGTGCTGACGGACTCACCTTT	NNNNNNNNNNNNNNNNNNNNNNNNNNNNNNNNNNNNNNNNNNNNNNN	TRAV27*00(591.7)		TRAJ45*00(599.2)		552|557|582|0|5||50.0		26|55|86|18|47||290.0		TGTGCCCCCCAGCCGGGACAGGAGGAGGTGCTGACGGACTCACCTTT	45	CAPQPGQE_GADGLTF	:::::::::0:-5:5:::::18:-6:47:::
17503	226.0	8.885107694581893E-5	1	1.1548677676406051E-4	TGTGCAGCCACCCACTTATAACCAGGGAGGAAAGCTTATCTTC	NNNNNNNNNNNNNNNNNNNNNNNNNNNNNNNNNNNNNNNNNNN	TRAV23/DV6*00(449.6)		TRAJ23*00(550.6)		517|525|550|0|8||80.0		24|52|83|15|43||280.0		TGTGCAGCCACCCACTTATAACCAGGGAGGAAAGCTTATCTTC	45	CAATHL*_QGGKLIF	:::::::::0:-5:8:::::15:-4:43:::
17740	226.0	8.885107694581893E-5	1	1.1548677676406051E-4	TGTGCAGCAAGTAGGGGTCAGGAGGAAGCTACATACCTACATTT	NNNNNNNNNNNNNNNNNNNNNNNNNNNNNNNNNNNNNNNNNNNN	TRAV13-1*00(655.3)		TRAJ6*00(574.8)		511|524|544|0|13||130.0		24|51|82|17|44||270.0		TGTGCAGCAAGTAGGGGTCAGGAGGAAGCTACATACCTACATTT	45	CAASRGQ_GSYIPTF	:::::::::0:0:13:::::17:-4:44:::
18111	226.0	8.885107694581893E-5	1	1.1548677676406051E-4	TGTGCAGGTGTACCCACCTATGGTCAGAATTTTGTCTTT	NNNNNNNNNNNNNNNNNNNNNNNNNNNNNNNNNNNNNNN	TRAV25*00(545.1)		TRAJ26*00(509.3)		620|628|649|0|8||80.0		27|49|80|17|39||220.0		TGTGCAGGTGTACCCACCTATGGTCAGAATTTTGTCTTT	45	CAGVPTYGQNFVF	:::::::::0:-1:8:::::17:-7:39:::
18762	226.0	8.885107694581893E-5	1	1.1548677676406051E-4	TGTGCAATGAGAGAGGGCTGGGGGGACCAGTTCTATTTT	NNNNNNNNNNNNNNNNNNNNNNNNNNNNNNNNNNNNNNN	TRAV14/DV4*00(728.1)		TRAJ49*00(439.6)		517|535|554|0|18||180.0		31|45|76|25|39||140.0		TGTGCAATGAGAGAGGGCTGGGGGGACCAGTTCTATTTT	45	CAMREGWGDQFYF	:::::::::0:1:18:::::25:-11:39:::
20229	226.0	8.885107694581893E-5	1	1.1548677676406051E-4	TGCATCCTGAGGGTTGATTATAACACCGACAAGCTCATCTTT	NNNNNNNNNNNNNNNNNNNNNNNNNNNNNNNNNNNNNNNNNN	TRAV26-2*00(880)		TRAJ34*00(549.6)		791|802|826|0|11||110.0		22|47|78|17|42||250.0		TGCATCCTGAGGGTTGATTATAACACCGACAAGCTCATCTTT	45	CILRVDYNTDKLIF	:::::::::0:-4:11:::::17:-2:42:::
21347	226.0	8.885107694581893E-5	1	1.1548677676406051E-4	TGAATGTCCCGGTAACCAGTTCTATTTT	NNNNNNNNNNNNNNNNNNNNNNNNNNNN	TRAV35*00(859)		TRAJ49*00(499.7)		588|590|620|0|2||20.0		25|45|76|8|28||200.0		TGAATGTCCCGGTAACCAGTTCTATTTT	45	*MSR*_QFYF	:::::::::0:-10:2:::::8:-5:28:::
21370	226.0	8.885107694581893E-5	1	1.1548677676406051E-4	CCAGCCTCTGGTTCTGCAAGGCAACTGACCTTT	NNNNNNNNNNNNNNNNNNNNNNNNNNNNNNNNN	TRAV29/DV5*00(449.1)		TRAJ22*00(579.8)		529|529|562|0|0||0.0		25|52|83|6|33||270.0		CCAGCCTCTGGTTCTGCAAGGCAACTGACCTTT	45	PASGSARQLTF	:::::::::0:-13:0:::::6:-5:33:::
1817	225.0	8.845793058765158E-5	1	1.1548677676406051E-4	TGTGTGGTGAGCGGACTCCTTTCAGAAACTTGTATTT	NNNNNNNNNNNNNNNNNNNNNNNNNNNNNNNNNNNNN	TRAV12-1*00(901.1)		TRAJ8*00(480)		539|549|572|0|10||100.0		30|49|80|18|37||190.0		TGTGTGGTGAGCGGACTCCTTTCAGAAACTTGTATTT	45	CVVSGL_FQKLVF	:::::::::0:-3:10:::::18:-10:37:::
2610	225.0	8.845793058765158E-5	1	1.1548677676406051E-4	TGTGCTCTGAGTGCCTAATGCTGGCAACAACCGTAAGCTGATTTGG	NNNNNNNNNNNNNNNNNNNNNNNNNNNNNNNNNNNNNNNNNNNNNN	TRAV19*00(739.8)		TRAJ38*00(609.6)		556|569|593|0|13||130.0		20|51|82|15|46||310.0		TGTGCTCTGAGTGCCTAATGCTGGCAACAACCGTAAGCTGATTTGG	45	CALSA*CW_NNRKLIW	:::::::::0:-4:13:::::15:0:46:::
3053	225.0	8.845793058765158E-5	1	1.1548677676406051E-4	TGTGCTCCCTGGGATAGCAACTATCAGTTAATCTGG	NNNNNNNNNNNNNNNNNNNNNNNNNNNNNNNNNNNN	TRAV1-2*00(619.6)		TRAJ33*00(539.8)		620|626|654|0|6||60.0		21|46|77|11|36||250.0		TGTGCTCCCTGGGATAGCAACTATCAGTTAATCTGG	45	CAPWDSNYQLIW	:::::::::0:-8:6:::::11:-1:36:::
6048	225.0	8.845793058765158E-5	1	1.1548677676406051E-4	TGTGCCCCCACCGGTAACCAGTTCTATTTT	NNNNNNNNNNNNNNNNNNNNNNNNNNNNNN	TRAV24*00(457.1)		TRAJ49*00(519.4)		515|521|545|0|6||60.0		23|45|76|8|30||220.0		TGTGCCCCCACCGGTAACCAGTTCTATTTT	45	CAPTGNQFYF	:::::::::0:-4:6:::::8:-3:30:::
17567	225.0	8.845793058765158E-5	1	1.1548677676406051E-4	TGTGCAGCAGTGCGGGGCTTTCAGAAACTTGTATTT	NNNNNNNNNNNNNNNNNNNNNNNNNNNNNNNNNNNN	TRAV13-1*00(569.6)		TRAJ8*00(499.7)		511|520|544|0|9||90.0		28|49|80|15|36||210.0		TGTGCAGCAGTGCGGGGCTTTCAGAAACTTGTATTT	45	CAAVRGFQKLVF	:::::::::0:-4:9:::::15:-8:36:::
18389	225.0	8.845793058765158E-5	1	1.1548677676406051E-4	TGTGCAGAGATCCGGTAGCCGGCACTGCCAGTAAACTCACCTTT	NNNNNNNNNNNNNNNNNNNNNNNNNNNNNNNNNNNNNNNNNNNN	TRAV13-2*00(551.8)		TRAJ44*00(572.1)		506|516|539|0|10||100.0		26|52|83|18|44||260.0		TGTGCAGAGATCCGGTAGCCGGCACTGCCAGTAAACTCACCTTT	45	CAEIR*P_TASKLTF	:::::::::0:-3:10:::::18:-6:44:::
613	224.0	8.806478422948425E-5	2	2.3097355352812103E-4	TGTGTAAGCAATGACATGCGCTTT	[[[[[[[[[[[[[[[[[[[[[[[[	TRAV10*00(784.3)		TRAJ43*00(459.6)		575|580|608|0|5||50.0		27|43|74|8|24||160.0		TGTGTAAGCAATGACATGCGCTTT	58	CVSNDMRF	:::::::::0:-8:5:::::8:-7:24:::
1628	224.0	8.806478422948425E-5	1	1.1548677676406051E-4	TGTGTTGTGAAAGTGCGGGCCGACAAGCTCATCTTT	NNNNNNNNNNNNNNNNNNNNNNNNNNNNNNNNNNNN	TRAV8-2*00(632)		TRAJ34*00(469.8)		466|476|500|0|10||100.0		30|47|78|19|36||170.0		TGTGTTGTGAAAGTGCGGGCCGACAAGCTCATCTTT	45	CVVKVRADKLIF	:::::::::0:-4:10:::::19:-10:36:::
2462	224.0	8.806478422948425E-5	1	1.1548677676406051E-4	TGTGCTCTCCCCGGGATCACGGGAGGAGGAAACAAACTCACCTTT	NNNNNNNNNNNNNNNNNNNNNNNNNNNNNNNNNNNNNNNNNNNNN	TRAV16*00(949.1)		TRAJ10*00(548.9)		449|457|483|0|8||80.0		24|53|84|16|45||290.0		TGTGCTCTCCCCGGGATCACGGGAGGAGGAAACAAACTCACCTTT	45	CALPGITGGGNKLTF	:::::::::0:-6:8:::::16:-4:45:::
2651	224.0	8.806478422948425E-5	1	1.1548677676406051E-4	TGTGCTCTGAGTGATCCCGACAGCTGGGGGAAATTGCAGTTT	NNNNNNNNNNNNNNNNNNNNNNNNNNNNNNNNNNNNNNNNNN	TRAV9-2*00(769.8)		TRAJ24*00(528.8)		480|496|514|0|16||160.0		28|52|83|18|42||240.0		TGTGCTCTGAGTGATCCCGACAGCTGGGGGAAATTGCAGTTT	45	CALSDPDSWGKLQF	:::::::::0:2:16:::::18:-8:42:::
3518	224.0	8.806478422948425E-5	1	1.1548677676406051E-4	TGTGCTGTGGCCCTGGGGAGGAGGTGCTGACGGACTCACCTTT	NNNNNNNNNNNNNNNNNNNNNNNNNNNNNNNNNNNNNNNNNNN	TRAV8-3*00(555.9)		TRAJ45*00(579.7)		455|465|489|0|10||100.0		28|55|86|16|43||270.0		TGTGCTGTGGCCCTGGGGAGGAGGTGCTGACGGACTCACCTTT	45	CAVALGR_GADGLTF	:::::::::0:-4:10:::::16:-8:43:::
4013	224.0	8.806478422948425E-5	1	1.1548677676406051E-4	TGTGCTGTGAGTGAGCCGCTGAACACCGGTAACCAGTTCTATTTT	NNNNNNNNNNNNNNNNNNNNNNNNNNNNNNNNNNNNNNNNNNNNN	TRAV8-6*00(709.3)		TRAJ49*00(549.6)		448|462|482|0|14||140.0		20|45|76|20|45||250.0		TGTGCTGTGAGTGAGCCGCTGAACACCGGTAACCAGTTCTATTTT	45	CAVSEPLNTGNQFYF	:::::::::0:0:14:::::20:0:45:::
4307	224.0	8.806478422948425E-5	1	1.1548677676406051E-4	TGTGCTGTGAGAGAAGCTGGTGGTACTAGCTATGGAAAGCTGACATTT	NNNNNNNNNNNNNNNNNNNNNNNNNNNNNNNNNNNNNNNNNNNNNNNN	TRAV8-6*00(680.5)		TRAJ52*00(629.6)		448|462|482|0|14|ST459A|111.0		25|58|89|15|48||330.0		TGTGCTGTGAGAGAAGCTGGTGGTACTAGCTATGGAAAGCTGACATTT	45	CAVREAGGTSYGKLTF	:::::::::0:0:14:::::15:-5:48:::
5021	224.0	8.806478422948425E-5	1	1.1548677676406051E-4	TGTGCCTTTAGCGTCATCACCTCAGGAACCTACAAATACATCTTT	NNNNNNNNNNNNNNNNNNNNNNNNNNNNNNNNNNNNNNNNNNNNN	TRAV24*00(999.7)		TRAJ40*00(519.6)		515|525|545|0|10||100.0		23|50|81|18|45||270.0		TGTGCCTTTAGCGTCATCACCTCAGGAACCTACAAATACATCTTT	45	CAFSVITSGTYKYIF	:::::::::0:0:10:::::18:-3:45:::
6204	224.0	8.806478422948425E-5	1	1.1548677676406051E-4	TGTGCCGTGGCCAGTAGCAGCTATAAATTGATCTTC	NNNNNNNNNNNNNNNNNNNNNNNNNNNNNNNNNNNN	TRAV8-1*00(559.4)		TRAJ12*00(499.7)		474|483|508|0|9||90.0		27|49|80|14|36||220.0		TGTGCCGTGGCCAGTAGCAGCTATAAATTGATCTTC	45	CAVASSSYKLIF	:::::::::0:-5:9:::::14:-7:36:::
6308	224.0	8.806478422948425E-5	1	1.1548677676406051E-4	TGTGCCGTGAGTCCCCCCCTTGTAAGCTGCAGGCAACAAGCTAACTTTT	NNNNNNNNNNNNNNNNNNNNNNNNNNNNNNNNNNNNNNNNNNNNNNNNN	TRAV8-1*00(569.7)		TRAJ17*00(559.7)		474|484|508|0|10||100.0		26|52|83|23|49||260.0		TGTGCCGTGAGTCCCCCCCTTGTAAGCTGCAGGCAACAAGCTAACTTTT	45	CAVSPPLV_AAGNKLTF	:::::::::0:-4:10:::::23:-6:49:::
17530	224.0	8.806478422948425E-5	1	1.1548677676406051E-4	TGTGCAGCATTTATCTAGCAACACAGGCAAACTAATCTTT	NNNNNNNNNNNNNNNNNNNNNNNNNNNNNNNNNNNNNNNN	TRAV13-1*00(569.6)		TRAJ37*00(550.8)		511|520|544|0|9||90.0		24|51|82|13|40|SG27A|241.0		TGTGCAGCATTTATCTAGCAACACAGGCAAACTAATCTTT	45	CAAFI*Q_TGKLIF	:::::::::0:-4:9:::::13:-4:40:::
17919	224.0	8.806478422948425E-5	1	1.1548677676406051E-4	TGTGCAGCAAGCGGCCAGACTCGCTTTT	NNNNNNNNNNNNNNNNNNNNNNNNNNNN	TRAV29/DV5*00(539.9)		TRAJ7*00(419.9)		529|542|562|0|13||130.0		35|48|79|15|28||130.0		TGTGCAGCAAGCGGCCAGACTCGCTTTT	45	CAASG_RLAF	:::::::::0:0:13:::::15:-15:28:::
18246	224.0	8.806478422948425E-5	1	1.1548677676406051E-4	TGTGCAGGAGCTCGGTAACAATGCCAGACTCATGTTT	NNNNNNNNNNNNNNNNNNNNNNNNNNNNNNNNNNNNN	TRAV27*00(654.2)		TRAJ31*00(519.6)		552|565|582|0|13||130.0		24|46|77|15|37||220.0		TGTGCAGGAGCTCGGTAACAATGCCAGACTCATGTTT	45	CAGAR*_NARLMF	:::::::::0:3:13:::::15:-4:37:::
18284	224.0	8.806478422948425E-5	1	1.1548677676406051E-4	TGTGCAGGAGGGTATGGAGGTAGCAACTATAAACTGACATTT	NNNNNNNNNNNNNNNNNNNNNNNNNNNNNNNNNNNNNNNNNN	TRAV27*00(641.3)		TRAJ53*00(588.6)		552|562|582|0|10||100.0		27|55|86|14|42||280.0		TGTGCAGGAGGGTATGGAGGTAGCAACTATAAACTGACATTT	45	CAGGYGGSNYKLTF	:::::::::0:0:10:::::14:-7:42:::
18302	224.0	8.806478422948425E-5	1	1.1548677676406051E-4	TGTGCAGGAGAGACAGGGAGGAAAGCTTATCTTC	NNNNNNNNNNNNNNNNNNNNNNNNNNNNNNNNNN	TRAV27*00(654.5)		TRAJ23*00(480.5)		552|562|582|0|10||100.0		31|52|83|13|34||210.0		TGTGCAGGAGAGACAGGGAGGAAAGCTTATCTTC	45	CAGETG_GKLIF	:::::::::0:0:10:::::13:-11:34:::
20331	224.0	8.806478422948425E-5	1	1.1548677676406051E-4	TGCATCGTCGGTCAGGAGGAGGTGCTGACGGACTCACCTTT	NNNNNNNNNNNNNNNNNNNNNNNNNNNNNNNNNNNNNNNNN	TRAV26-1*00(579.9)		TRAJ45*00(609.2)		763|772|799|0|9||90.0		25|55|86|11|41||300.0		TGCATCGTCGGTCAGGAGGAGGTGCTGACGGACTCACCTTT	45	CIVGQEE_ADGLTF	:::::::::0:-7:9:::::11:-5:41:::
1415	223.0	8.76716378713169E-5	2	2.3097355352812103E-4	TGCATCCTAAGGAAAAACTATGGTCAGAATTTTGTCTTT	[[[[[[[[[[[[[[[[[[[[[[[[[[[[[[[[[[[[[[[	TRAV26-2*00(705.8)		TRAJ26*00(539.6)		791|802|826|0|11|SG799A|81.0		25|49|80|15|39||240.0		TGCATCCTAAGGAAAAACTATGGTCAGAATTTTGTCTTT	58	CILRKNYGQNFVF	:::::::::0:-4:11:::::15:-5:39:::
2014	223.0	8.76716378713169E-5	1	1.1548677676406051E-4	TGTGCTTTCCGGCACCGACAAGCTCATCTTT	NNNNNNNNNNNNNNNNNNNNNNNNNNNNNNN	TRAV38-1*00(549.7)		TRAJ34*00(489.9)		596|605|633|0|9||90.0		28|47|78|12|31||190.0		TGTGCTTTCCGGCACCGACAAGCTCATCTTT	45	CAFRH_DKLIF	:::::::::0:-8:9:::::12:-8:31:::
2364	223.0	8.76716378713169E-5	1	1.1548677676406051E-4	TGTGCTCTTGGGGAACTTAGAGGTGGCAACAACCGTAAGCTGATTTGG	NNNNNNNNNNNNNNNNNNNNNNNNNNNNNNNNNNNNNNNNNNNNNNNN	TRDV1*00(699.1)		TRAJ38*00(549.2)		573|590|610|0|17||170.0		26|51|82|23|48||250.0		TGTGCTCTTGGGGAACTTAGAGGTGGCAACAACCGTAAGCTGATTTGG	45	CALGELRGGNNRKLIW	:::::::::0:0:17:::::23:-6:48:::
3823	223.0	8.76716378713169E-5	1	1.1548677676406051E-4	TGTGCTGTGACCGTTAGGGGGGAACTTCAACAAATTTTACTTT	NNNNNNNNNNNNNNNNNNNNNNNNNNNNNNNNNNNNNNNNNNN	TRAV3*00(579.8)		TRAJ21*00(519.7)		437|447|473|0|10||100.0		23|44|75|22|43||210.0		TGTGCTGTGACCGTTAGGGGGGAACTTCAACAAATTTTACTTT	45	CAVTVRG_NFNKFYF	:::::::::0:-6:10:::::22:-3:43:::
4254	223.0	8.76716378713169E-5	1	1.1548677676406051E-4	TGTGCTGTGAGAGATGTTTATAACCAGGGAGGAAAGCTTATCTTC	NNNNNNNNNNNNNNNNNNNNNNNNNNNNNNNNNNNNNNNNNNNNN	TRAV21*00(469.9)		TRAJ23*00(599.7)		544|555|576|0|11||110.0		23|52|83|16|45||290.0		TGTGCTGTGAGAGATGTTTATAACCAGGGAGGAAAGCTTATCTTC	45	CAVRDVYNQGGKLIF	:::::::::0:-1:11:::::16:-3:45:::
4567	223.0	8.76716378713169E-5	1	1.1548677676406051E-4	TGTGCTGGGCCTCTTCTTCATCGCCGGTAACCAGTTCTATTTT	NNNNNNNNNNNNNNNNNNNNNNNNNNNNNNNNNNNNNNNNNNN	TRAV35*00(939)		TRAJ49*00(459.5)		588|598|620|0|10||100.0		25|45|76|23|43||200.0		TGTGCTGGGCCTCTTCTTCATCGCCGGTAACCAGTTCTATTTT	45	CAGPLLH_AGNQFYF	:::::::::0:-2:10:::::23:-5:43:::
6128	223.0	8.76716378713169E-5	1	1.1548677676406051E-4	TGTGCCGTTCACGTTCTAACGACTACAAGCTCAGCTTT	NNNNNNNNNNNNNNNNNNNNNNNNNNNNNNNNNNNNNN	TRAV12-2*00(939.6)		TRAJ20*00(569.7)		551|559|584|0|8||80.0		18|46|77|10|38||280.0		TGTGCCGTTCACGTTCTAACGACTACAAGCTCAGCTTT	45	CAVHVL_DYKLSF	:::::::::0:-5:8:::::10:2:38:::
18087	223.0	8.76716378713169E-5	1	1.1548677676406051E-4	TGTGCAGCAAAGGACCTACCCTATGGTCAGAATTTTGTCTTT	NNNNNNNNNNNNNNNNNNNNNNNNNNNNNNNNNNNNNNNNNN	TRAV29/DV5*00(509.6)		TRAJ26*00(509.7)		529|539|562|0|10||100.0		27|49|80|20|42||220.0		TGTGCAGCAAAGGACCTACCCTATGGTCAGAATTTTGTCTTT	45	CAAKDLPYGQNFVF	:::::::::0:-3:10:::::20:-7:42:::
18516	223.0	8.76716378713169E-5	1	1.1548677676406051E-4	TGTGCAGAGAAGGTCGACAGCTGGGGGAAATTGCAGTTT	NNNNNNNNNNNNNNNNNNNNNNNNNNNNNNNNNNNNNNN	TRAV5*00(459.7)		TRAJ24*00(529.1)		523|533|556|0|10||100.0		28|52|83|15|39||240.0		TGTGCAGAGAAGGTCGACAGCTGGGGGAAATTGCAGTTT	45	CAEKVDSWGKLQF	:::::::::0:-3:10:::::15:-8:39:::
20287	223.0	8.76716378713169E-5	1	1.1548677676406051E-4	TGCATCCTGAGAGACAACCAGGGCGGATCTGAAAAGCTGGTCTTT	NNNNNNNNNNNNNNNNNNNNNNNNNNNNNNNNNNNNNNNNNNNNN	TRAV26-2*00(919.1)		TRAJ57*00(539.5)		791|806|826|0|15||150.0		25|52|83|18|45||270.0		TGCATCCTGAGAGACAACCAGGGCGGATCTGAAAAGCTGGTCTTT	45	CILRDNQGGSEKLVF	:::::::::0:0:15:::::18:-5:45:::
20451	223.0	8.76716378713169E-5	1	1.1548677676406051E-4	TGCATCGTCAGAGGGCTTTGGGAATGTGCTGCATTGC	NNNNNNNNNNNNNNNNNNNNNNNNNNNNNNNNNNNNN	TRAV26-1*00(619.3)		TRAJ35*00(540)		763|776|799|0|13||130.0		24|48|79|13|37||240.0		TGCATCGTCAGAGGGCTTTGGGAATGTGCTGCATTGC	45	CIVRGL_GNVLHC	:::::::::0:-3:13:::::13:-4:37:::
2033	222.0	8.727849151314957E-5	1	1.1548677676406051E-4	TGTGCTTTCATGTCCTCCTACAGCTTTAGCGACTACAAGCTCAGCTTT	NNNNNNNNNNNNNNNNNNNNNNNNNNNNNNNNNNNNNNNNNNNNNNNN	TRAV38-1*00(579.2)		TRAJ20*00(490.9)		596|608|633|0|12||120.0		24|46|77|26|48|SA26G|191.0		TGTGCTTTCATGTCCTCCTACAGCTTTAGCGACTACAAGCTCAGCTTT	45	CAFMSSYSFSDYKLSF	:::::::::0:-5:12:::::26:-4:48:::
2914	222.0	8.727849151314957E-5	1	1.1548677676406051E-4	TGTGCTCTAGCCCCCGATCTTATAACACCGACAAGCTCATCTTT	NNNNNNNNNNNNNNNNNNNNNNNNNNNNNNNNNNNNNNNNNNNN	TRAV6*00(469.8)		TRAJ34*00(590)		535|545|568|0|10||100.0		18|47|78|15|44||290.0		TGTGCTCTAGCCCCCGATCTTATAACACCGACAAGCTCATCTTT	45	CALAPDL_NTDKLIF	:::::::::0:-3:10:::::15:2:44:::
3751	222.0	8.727849151314957E-5	1	1.1548677676406051E-4	TGTGCTGTGGAGGAAGTCTAGCAACACAGGCAAACTAATCTTT	NNNNNNNNNNNNNNNNNNNNNNNNNNNNNNNNNNNNNNNNNNN	TRAV2*00(1012)		TRAJ37*00(512.3)		519|533|553|0|14||140.0		24|51|82|16|43|SG27A|241.0		TGTGCTGTGGAGGAAGTCTAGCAACACAGGCAAACTAATCTTT	45	CAVEEV*_NTGKLIF	:::::::::0:0:14:::::16:-4:43:::
17805	222.0	8.727849151314957E-5	1	1.1548677676406051E-4	TGTGCAGCAAGCTAAGGAGGAAGCCAAGGAAATCTCATCTTT	NNNNNNNNNNNNNNNNNNNNNNNNNNNNNNNNNNNNNNNNNN	TRAV23/DV6*00(489.6)		TRAJ42*00(570.6)		517|529|550|0|12||120.0		25|55|86|12|42|ST27A|271.0		TGTGCAGCAAGCTAAGGAGGAAGCCAAGGAAATCTCATCTTT	45	CAAS*GGSQGNLIF	:::::::::0:-1:12:::::12:-5:42:::
17999	222.0	8.727849151314957E-5	1	1.1548677676406051E-4	TGTGCAGCAAGCACGAGCCAGACTCATGTTT	NNNNNNNNNNNNNNNNNNNNNNNNNNNNNNN	TRAV29/DV5*00(530.6)		TRAJ31*00(449.6)		529|544|562|0|15|SG541A|121.0		31|46|77|16|31||150.0		TGTGCAGCAAGCACGAGCCAGACTCATGTTT	45	CAAST_ARLMF	:::::::::0:2:15:::::16:-11:31:::
18274	222.0	8.727849151314957E-5	1	1.1548677676406051E-4	TGTGCAGGAGCGATTCAGGGAGCCCAGAAGCTGGTATTT	NNNNNNNNNNNNNNNNNNNNNNNNNNNNNNNNNNNNNNN	TRAV27*00(667.9)		TRAJ54*00(558.3)		552|563|582|0|11||110.0		22|49|80|12|39||270.0		TGTGCAGGAGCGATTCAGGGAGCCCAGAAGCTGGTATTT	45	CAGAIQGAQKLVF	:::::::::0:1:11:::::12:-2:39:::
19074	222.0	8.727849151314957E-5	1	1.1548677676406051E-4	TGCCCTTCCATTCTGGTGGCTACAATAAGCTGATTTTT	NNNNNNNNNNNNNNNNNNNNNNNNNNNNNNNNNNNNNN	TRAV22*00(449.8)		TRAJ4*00(434.7)		526|528|559|0|2||20.0		24|52|83|10|38||280.0		TGCCCTTCCATTCTGGTGGCTACAATAAGCTGATTTTT	45	CPSILV_YNKLIF	:::::::::0:-11:2:::::10:-4:38:::
20152	222.0	8.727849151314957E-5	1	1.1548677676406051E-4	TGCGGCTCCGCACCCCCCCTTCAAGGGAGCCCAGAAGCTGGTATTT	NNNNNNNNNNNNNNNNNNNNNNNNNNNNNNNNNNNNNNNNNNNNNN	TRAV30*00(429.9)		TRAJ54*00(519)		567|573|600|0|6||60.0		26|49|80|23|46||230.0		TGCGGCTCCGCACCCCCCCTTCAAGGGAGCCCAGAAGCTGGTATTT	45	CGSAPPLQ_GAQKLVF	:::::::::0:-7:6:::::23:-6:46:::
20391	222.0	8.727849151314957E-5	1	1.1548677676406051E-4	TGCATCGTCAGAGTCGCCGGCGGCACTGCCAGTAAACTCACCTTT	NNNNNNNNNNNNNNNNNNNNNNNNNNNNNNNNNNNNNNNNNNNNN	TRAV26-1*00(659.8)		TRAJ44*00(559.9)		763|780|799|0|17||170.0		27|52|83|20|45||250.0		TGCATCGTCAGAGTCGCCGGCGGCACTGCCAGTAAACTCACCTTT	45	CIVRVAGGTASKLTF	:::::::::0:1:17:::::20:-7:45:::
1745	221.0	8.688534515498222E-5	1	1.1548677676406051E-4	TGTGTGGTGACCGAGGGGGTACGCCTGGGGCTGGGAGTTACCAACTCACTTTC	NNNNNNNNNNNNNNNNNNNNNNNNNNNNNNNNNNNNNNNNNNNNNNNNNNNNN	TRAV10*00(1010.6)		TRAJ28*00(539.5)		575|588|608|0|13|SG585C|101.0		26|55|86|24|53||290.0		TGTGTGGTGACCGAGGGGGTACGCCTGGGGCTGGGAGTTACCAACTCACTTTC	45	CVVTEGVRL_AGSYQLTF	:::::::::0:0:13:::::24:-6:53:::
2912	221.0	8.688534515498222E-5	1	1.1548677676406051E-4	TGTGCTCTAGCCTGGCCCTCAGGAACCTACAAATACATCTTT	NNNNNNNNNNNNNNNNNNNNNNNNNNNNNNNNNNNNNNNNNN	TRAV6*00(469.6)		TRAJ40*00(549.7)		535|545|568|0|10||100.0		24|50|81|16|42||260.0		TGTGCTCTAGCCTGGCCCTCAGGAACCTACAAATACATCTTT	45	CALAWPSGTYKYIF	:::::::::0:-3:10:::::16:-4:42:::
3600	221.0	8.688534515498222E-5	1	1.1548677676406051E-4	TGTGCTGTGGGTGAAGGTGACATGCGCTTT	NNNNNNNNNNNNNNNNNNNNNNNNNNNNNN	TRAV8-3*00(621)		TRAJ43*00(429.7)		455|468|489|0|13||130.0		30|43|74|17|30||130.0		TGTGCTGTGGGTGAAGGTGACATGCGCTTT	45	CAVGEGDMRF	:::::::::0:-1:13:::::17:-10:30:::
3607	221.0	8.688534515498222E-5	1	1.1548677676406051E-4	TGTGCTGTGGGCTCTGGGGCTGGGAGTTACCAACTCACTTTC	NNNNNNNNNNNNNNNNNNNNNNNNNNNNNNNNNNNNNNNNNN	TRAV21*00(449.6)		TRAJ28*00(599.3)		544|553|576|0|9||90.0		24|55|86|11|42||310.0		TGTGCTGTGGGCTCTGGGGCTGGGAGTTACCAACTCACTTTC	45	CAVGSGAGSYQLTF	:::::::::0:-3:9:::::11:-4:42:::
4152	221.0	8.688534515498222E-5	1	1.1548677676406051E-4	TGTGCTGTGAGGCAAGGAAATGAGAAATTAACCTTT	NNNNNNNNNNNNNNNNNNNNNNNNNNNNNNNNNNNN	TRAV21*00(999.3)		TRAJ48*00(509.4)		544|557|576|0|13||130.0		31|52|83|15|36||210.0		TGTGCTGTGAGGCAAGGAAATGAGAAATTAACCTTT	45	CAVRQGNEKLTF	:::::::::0:1:13:::::15:-11:36:::
4289	221.0	8.688534515498222E-5	1	1.1548677676406051E-4	TGTGCTGTGAGAGACATAGGGGCTCTAGCAACACAGGCAAACTAATCTTT	NNNNNNNNNNNNNNNNNNNNNNNNNNNNNNNNNNNNNNNNNNNNNNNNNN	TRAV3*00(649.5)		TRAJ37*00(580.3)		437|454|473|0|17||170.0		21|51|82|20|50|SG27A|271.0		TGTGCTGTGAGAGACATAGGGGCTCTAGCAACACAGGCAAACTAATCTTT	45	CAVRDIGA_SNTGKLIF	:::::::::0:1:17:::::20:-1:50:::
5623	221.0	8.688534515498222E-5	1	1.1548677676406051E-4	TGTGCCTTGGGGAACAATGACATGCGCTTT	NNNNNNNNNNNNNNNNNNNNNNNNNNNNNN	TRAV35*00(685.1)		TRAJ43*00(479.7)		588|593|620|0|5||50.0		25|43|74|12|30||180.0		TGTGCCTTGGGGAACAATGACATGCGCTTT	45	CALGNNDMRF	:::::::::0:-7:5:::::12:-5:30:::
17827	221.0	8.688534515498222E-5	1	1.1548677676406051E-4	TGTGCAGCAAGCCCCACCCAGTAAACTCACCTTT	NNNNNNNNNNNNNNNNNNNNNNNNNNNNNNNNNN	TRAV23/DV6*00(489.8)		TRAJ44*00(479.2)		517|529|550|0|12||120.0		35|52|83|17|34||170.0		TGTGCAGCAAGCCCCACCCAGTAAACTCACCTTT	45	CAASPT_SKLTF	:::::::::0:-1:12:::::17:-15:34:::
17928	221.0	8.688534515498222E-5	1	1.1548677676406051E-4	TGTGCAGCAAGCGGGGCTGGGAGTTACCAACTCACTTTC	NNNNNNNNNNNNNNNNNNNNNNNNNNNNNNNNNNNNNNN	TRAV29/DV5*00(579.7)		TRAJ28*00(559.4)		529|542|562|0|13||130.0		29|55|86|13|39||270.0		TGTGCAGCAAGCGGGGCTGGGAGTTACCAACTCACTTTC	45	CAASGAGSYQLTF	:::::::::0:0:13:::::13:-9:39:::
17980	221.0	8.688534515498222E-5	1	1.1548677676406051E-4	TGTGCAGCAAGCATGTATAACACCGACAAGCTCATCTTT	NNNNNNNNNNNNNNNNNNNNNNNNNNNNNNNNNNNNNNN	TRAV29/DV5*00(529.3)		TRAJ34*00(540)		529|541|562|0|12||120.0		23|47|78|15|39||240.0		TGTGCAGCAAGCATGTATAACACCGACAAGCTCATCTTT	45	CAASMYNTDKLIF	:::::::::0:-1:12:::::15:-3:39:::
18424	221.0	8.688534515498222E-5	1	1.1548677676406051E-4	TGTGCAGAGAGTGGAATTATGGTGGTGCTACAAACAAGCTCATCTTT	NNNNNNNNNNNNNNNNNNNNNNNNNNNNNNNNNNNNNNNNNNNNNNN	TRAV5*00(479.5)		TRAJ32*00(639.9)		523|535|556|0|12||120.0		21|55|86|13|47||340.0		TGTGCAGAGAGTGGAATTATGGTGGTGCTACAAACAAGCTCATCTTT	45	CAESGIMV_ATNKLIF	:::::::::0:-1:12:::::13:-1:47:::
19178	221.0	8.688534515498222E-5	1	1.1548677676406051E-4	TGCGCCCCGCTTATAGGGGGCGGATCTGAAAAGCTGGTCTTT	NNNNNNNNNNNNNNNNNNNNNNNNNNNNNNNNNNNNNNNNNN	TRAV12-3*00(880.5)		TRAJ57*00(509.7)		562|567|595|0|5|ST564C|21.0		27|52|83|17|42||250.0		TGCGCCCCGCTTATAGGGGGCGGATCTGAAAAGCTGGTCTTT	45	CAPLIGGGSEKLVF	:::::::::0:-8:5:::::17:-7:42:::
1890	220.0	8.649219879681489E-5	1	1.1548677676406051E-4	TGTGTGGTGAACGGTAAGGATAATGCAGGCAACATGCTCACCTTT	NNNNNNNNNNNNNNNNNNNNNNNNNNNNNNNNNNNNNNNNNNNNN	TRAV12-1*00(979.6)		TRAJ39*00(529.6)		539|551|572|0|12||120.0		26|52|83|19|45||260.0		TGTGTGGTGAACGGTAAGGATAATGCAGGCAACATGCTCACCTTT	45	CVVNGKDNAGNMLTF	:::::::::0:-1:12:::::19:-6:45:::
2032	220.0	8.649219879681489E-5	1	1.1548677676406051E-4	TGTGCTTTCATCAGATAGCAACTATCAGTTAATCTGG	NNNNNNNNNNNNNNNNNNNNNNNNNNNNNNNNNNNNN	TRAV38-1*00(569.9)		TRAJ33*00(529.7)		596|607|633|0|11||110.0		22|46|77|13|37||240.0		TGTGCTTTCATCAGATAGCAACTATCAGTTAATCTGG	45	CAFIR*_NYQLIW	:::::::::0:-6:11:::::13:-2:37:::
2509	220.0	8.649219879681489E-5	1	1.1548677676406051E-4	TGTGCTCTGGGTTCTTTTGGGAATGTGCTGCATTGC	NNNNNNNNNNNNNNNNNNNNNNNNNNNNNNNNNNNN	TRAV9-2*00(700.6)		TRAJ35*00(509.7)		480|492|514|0|12|SA489G|91.0		27|48|79|15|36||210.0		TGTGCTCTGGGTTCTTTTGGGAATGTGCTGCATTGC	45	CALGSFGNVLHC	:::::::::0:-2:12:::::15:-7:36:::
2891	220.0	8.649219879681489E-5	1	1.1548677676406051E-4	TGTGCTCTATTAAAAGGCTCTAGCAACACAGGCAAACTAATCTTT	NNNNNNNNNNNNNNNNNNNNNNNNNNNNNNNNNNNNNNNNNNNNN	TRAV6*00(460)		TRAJ37*00(578.6)		535|544|568|0|9||90.0		21|51|82|15|45|SG27A|271.0		TGTGCTCTATTAAAAGGCTCTAGCAACACAGGCAAACTAATCTTT	45	CALLKGSSNTGKLIF	:::::::::0:-4:9:::::15:-1:45:::
3595	220.0	8.649219879681489E-5	1	1.1548677676406051E-4	TGTGCTGTGGGTGAGGGGATCAGGAGGAAGCTACATACCTACATTT	NNNNNNNNNNNNNNNNNNNNNNNNNNNNNNNNNNNNNNNNNNNNNN	TRAV8-3*00(620.6)		TRAJ6*00(589.9)		455|468|489|0|13||130.0		23|51|82|18|46||280.0		TGTGCTGTGGGTGAGGGGATCAGGAGGAAGCTACATACCTACATTT	45	CAVGEGIR_GSYIPTF	:::::::::0:-1:13:::::18:-3:46:::
6163	220.0	8.649219879681489E-5	1	1.1548677676406051E-4	TGTGCCGTGTTGACTGACAGCTGGGGGAAATTGCAGTTT	NNNNNNNNNNNNNNNNNNNNNNNNNNNNNNNNNNNNNNN	TRAV12-2*00(787)		TRAJ24*00(552.8)		551|560|584|0|9||90.0		25|52|83|12|39||270.0		TGTGCCGTGTTGACTGACAGCTGGGGGAAATTGCAGTTT	45	CAVLTDSWGKLQF	:::::::::0:-4:9:::::12:-5:39:::
6307	220.0	8.649219879681489E-5	1	1.1548677676406051E-4	TGTGCCGTGACGGCTAGGCTTTGGGAATGTGCTGCATTGC	NNNNNNNNNNNNNNNNNNNNNNNNNNNNNNNNNNNNNNNN	TRAV12-2*00(470.4)		TRAJ35*00(559.7)		551|561|584|0|10||100.0		22|48|79|14|40||260.0		TGTGCCGTGACGGCTAGGCTTTGGGAATGTGCTGCATTGC	45	CAVTARL_GNVLHC	:::::::::0:-3:10:::::14:-2:40:::
17795	220.0	8.649219879681489E-5	1	1.1548677676406051E-4	TGTGCAGCAAGCTGGAATAGTGGAGGTAGCAACTATAAACTGACATTT	NNNNNNNNNNNNNNNNNNNNNNNNNNNNNNNNNNNNNNNNNNNNNNNN	TRAV29/DV5*00(569.6)		TRAJ53*00(650.8)		529|541|562|0|12||120.0		19|55|86|12|48|SA20G|341.0		TGTGCAGCAAGCTGGAATAGTGGAGGTAGCAACTATAAACTGACATTT	45	CAASWNSGGSNYKLTF	:::::::::0:-1:12:::::12:1:48:::
17802	220.0	8.649219879681489E-5	1	1.1548677676406051E-4	TGTGCAGCAAGCTAGGAACACCGGTAACCAGTTCTATTTT	NNNNNNNNNNNNNNNNNNNNNNNNNNNNNNNNNNNNNNNN	TRAV23/DV6*00(489.9)		TRAJ49*00(549.8)		517|529|550|0|12||120.0		20|45|76|15|40||250.0		TGTGCAGCAAGCTAGGAACACCGGTAACCAGTTCTATTTT	45	CAAS*EH_GNQFYF	:::::::::0:-1:12:::::15:0:40:::
18094	220.0	8.649219879681489E-5	1	1.1548677676406051E-4	TGTGCAGCAAAAAATGGGGGCTGGTGGTACTAGCTATGGAAAGCTGACATTT	NNNNNNNNNNNNNNNNNNNNNNNNNNNNNNNNNNNNNNNNNNNNNNNNNNNN	TRAV13-1*00(579.5)		TRAJ52*00(629.4)		511|521|544|0|10||100.0		25|58|89|19|52||330.0		TGTGCAGCAAAAAATGGGGGCTGGTGGTACTAGCTATGGAAAGCTGACATTT	45	CAAKNGGWW_TSYGKLTF	:::::::::0:-3:10:::::19:-5:52:::
18797	220.0	8.649219879681489E-5	1	1.1548677676406051E-4	TGTGCAATGAGAGAGGGGTATATCTAACTTTGGAAATGAGAAATTAACCTTT	NNNNNNNNNNNNNNNNNNNNNNNNNNNNNNNNNNNNNNNNNNNNNNNNNNNN	TRAV14/DV4*00(530.9)		TRAJ48*00(648.9)		517|534|554|0|17||170.0		18|52|83|18|52||340.0		TGTGCAATGAGAGAGGGGTATATCTAACTTTGGAAATGAGAAATTAACCTTT	45	CAMREGYI*_FGNEKLTF	:::::::::0:0:17:::::18:2:52:::
18925	220.0	8.649219879681489E-5	1	1.1548677676406051E-4	TGTGAACGGTCAGGGAGCCCAGAAGCTGGTATTT	NNNNNNNNNNNNNNNNNNNNNNNNNNNNNNNNNN	TRAV12-2*00(873.7)		TRAJ54*00(540.1)		551|555|584|0|4||40.0		24|49|80|9|34||250.0		TGTGAACGGTCAGGGAGCCCAGAAGCTGGTATTT	45	CERSGS_QKLVF	:::::::::0:-9:4:::::9:-4:34:::
19014	220.0	8.649219879681489E-5	1	1.1548677676406051E-4	TGCCTCGTGGGTGACGGCAACTATGGTCAGAATTTTGTCTTT	NNNNNNNNNNNNNNNNNNNNNNNNNNNNNNNNNNNNNNNNNN	TRAV4*00(1017)		TRAJ26*00(489.7)		768|783|804|0|15||150.0		25|49|80|18|42||240.0		TGCCTCGTGGGTGACGGCAACTATGGTCAGAATTTTGTCTTT	45	CLVGDGNYGQNFVF	:::::::::0:-1:15:::::18:-5:42:::
19088	220.0	8.649219879681489E-5	1	1.1548677676406051E-4	TGCGTCCAGTGGCGAATGCAGGCAACATGCTCACCTTT	NNNNNNNNNNNNNNNNNNNNNNNNNNNNNNNNNNNNNN	TRAV18*00(909.2)		TRAJ39*00(519.6)		469|473|503|0|4||40.0		28|52|83|14|38||240.0		TGCGTCCAGTGGCGAATGCAGGCAACATGCTCACCTTT	45	CVQWRM_GNMLTF	:::::::::0:-10:4:::::14:-8:38:::
1668	219.0	8.609905243864754E-5	1	1.1548677676406051E-4	TGTGTGGTCCCGGGGGGAGGAGGAAACAAACTCACCTTT	NNNNNNNNNNNNNNNNNNNNNNNNNNNNNNNNNNNNNNN	TRAV12-1*00(939.6)		TRAJ10*00(529.9)		539|547|572|0|8||80.0		28|53|84|14|39||250.0		TGTGTGGTCCCGGGGGGAGGAGGAAACAAACTCACCTTT	45	CVVPGGGGNKLTF	:::::::::0:-5:8:::::14:-8:39:::
2970	219.0	8.609905243864754E-5	1	1.1548677676406051E-4	TGTGCTCTAAGTGTCATGGCGGCACTGCCAGTAAACTCACCTTT	NNNNNNNNNNNNNNNNNNNNNNNNNNNNNNNNNNNNNNNNNNNN	TRAV16*00(745.3)		TRAJ44*00(541.8)		449|462|483|0|13||130.0		27|52|83|19|44||250.0		TGTGCTCTAAGTGTCATGGCGGCACTGCCAGTAAACTCACCTTT	45	CALSVMA_TASKLTF	:::::::::0:-1:13:::::19:-7:44:::
3382	219.0	8.609905243864754E-5	1	1.1548677676406051E-4	TGTGCTGTGCTTGCATCAGGAGGAAGCTACATACCTACATTT	NNNNNNNNNNNNNNNNNNNNNNNNNNNNNNNNNNNNNNNNNN	TRAV8-3*00(580.6)		TRAJ6*00(631)		455|463|489|0|8||90.0		17|51|82|8|42|SA19T|321.0		TGTGCTGTGCTTGCATCAGGAGGAAGCTACATACCTACATTT	45	CAVLASGGSYIPTF	:::::::::0:-6:8:::::8:3:42:::
3429	219.0	8.609905243864754E-5	1	1.1548677676406051E-4	TGTGCTGTGCAGGTAGCCGGCGGTAACCAGTTCTATTTT	NNNNNNNNNNNNNNNNNNNNNNNNNNNNNNNNNNNNNNN	TRAV20*00(539.9)		TRAJ49*00(489.7)		498|511|531|0|13||130.0		26|45|76|20|39||190.0		TGTGCTGTGCAGGTAGCCGGCGGTAACCAGTTCTATTTT	45	CAVQVAGGNQFYF	:::::::::0:0:13:::::20:-6:39:::
3486	219.0	8.609905243864754E-5	1	1.1548677676406051E-4	TGTGCTGTGGTTAAGGGGAACTATGGTCAGAATTTTGTCTTT	NNNNNNNNNNNNNNNNNNNNNNNNNNNNNNNNNNNNNNNNNN	TRAV2*00(699.5)		TRAJ26*00(516.1)		519|529|553|0|10||100.0		25|49|80|18|42||240.0		TGTGCTGTGGTTAAGGGGAACTATGGTCAGAATTTTGTCTTT	45	CAVVKGNYGQNFVF	:::::::::0:-4:10:::::18:-5:42:::
3647	219.0	8.609905243864754E-5	1	1.1548677676406051E-4	TGTGCTGTGGGGAGGGGCTCTAGCAACACAGGCAAACTAATCTTT	NNNNNNNNNNNNNNNNNNNNNNNNNNNNNNNNNNNNNNNNNNNNN	TRAV8-3*00(624.4)		TRAJ37*00(580)		455|466|489|0|11||110.0		21|51|82|15|45|SG27A|271.0		TGTGCTGTGGGGAGGGGCTCTAGCAACACAGGCAAACTAATCTTT	45	CAVGRGSSNTGKLIF	:::::::::0:-3:11:::::15:-1:45:::
4061	219.0	8.609905243864754E-5	1	1.1548677676406051E-4	TGTGCTGTGAGTATGATGCTGGTGGTACTAGCTATGGAAAGCTGACATTT	NNNNNNNNNNNNNNNNNNNNNNNNNNNNNNNNNNNNNNNNNNNNNNNNNN	TRAV8-4*00(620.4)		TRAJ52*00(649.7)		476|488|510|0|12||120.0		23|58|89|15|50||350.0		TGTGCTGTGAGTATGATGCTGGTGGTACTAGCTATGGAAAGCTGACATTT	45	CAVSMMLV_TSYGKLTF	:::::::::0:-2:12:::::15:-3:50:::
4163	219.0	8.609905243864754E-5	1	1.1548677676406051E-4	TGTGCTGTGAGGGGCCTATGGTCAGAATTTTGTCTTT	NNNNNNNNNNNNNNNNNNNNNNNNNNNNNNNNNNNNN	TRAV21*00(960.6)		TRAJ26*00(509.7)		544|556|576|0|12||120.0		27|49|80|15|37||220.0		TGTGCTGTGAGGGGCCTATGGTCAGAATTTTGTCTTT	45	CAVRGL_GQNFVF	:::::::::0:0:12:::::15:-7:37:::
4292	219.0	8.609905243864754E-5	1	1.1548677676406051E-4	TGTGCTGTGAGAGACACCAATGCAGGCAAATCAACCTTT	NNNNNNNNNNNNNNNNNNNNNNNNNNNNNNNNNNNNNNN	TRAV3*00(639.6)		TRAJ27*00(549.7)		437|452|473|0|15||160.0		24|48|79|15|39||260.0		TGTGCTGTGAGAGACACCAATGCAGGCAAATCAACCTTT	45	CAVRDTNAGKSTF	:::::::::0:-1:15:::::15:-4:39:::
4438	219.0	8.609905243864754E-5	1	1.1548677676406051E-4	TGTGCTGCCGGCCTTCCGCAGGCAAACTAATCTTT	NNNNNNNNNNNNNNNNNNNNNNNNNNNNNNNNNNN	TRAV20*00(480)		TRAJ37*00(479.4)		498|505|531|0|7||70.0		34|51|82|18|35||170.0		TGTGCTGCCGGCCTTCCGCAGGCAAACTAATCTTT	45	CAAGLP_GKLIF	:::::::::0:-6:7:::::18:-14:35:::
4490	219.0	8.609905243864754E-5	1	1.1548677676406051E-4	TGTGCTGCAGGTGCGTGGGGTGGTGCTACAAACAAGCTCATCTTT	NNNNNNNNNNNNNNNNNNNNNNNNNNNNNNNNNNNNNNNNNNNNN	TRAV8-5*00(645.7)		TRAJ32*00(569.5)		1528|1543|1562|0|15||150.0		28|55|86|18|45||270.0		TGTGCTGCAGGTGCGTGGGGTGGTGCTACAAACAAGCTCATCTTT	45	CAAGAWGGATNKLIF	:::::::::0:1:15:::::18:-8:45:::
6310	219.0	8.609905243864754E-5	1	1.1548677676406051E-4	TGTGCCGTGAGTGGTACTAGCTATGGAAAGCTGACATTT	NNNNNNNNNNNNNNNNNNNNNNNNNNNNNNNNNNNNNNN	TRAV12-2*00(501.3)		TRAJ52*00(588.9)		551|561|584|0|10||100.0		29|58|89|10|39||290.0		TGTGCCGTGAGTGGTACTAGCTATGGAAAGCTGACATTT	45	CAVSGTSYGKLTF	:::::::::0:-3:10:::::10:-9:39:::
6532	219.0	8.609905243864754E-5	1	1.1548677676406051E-4	TGTGCCGGTGGTGCTACAAACAAGCTCATCTTT	NNNNNNNNNNNNNNNNNNNNNNNNNNNNNNNNN	TRAV36/DV7*00(569.6)		TRAJ32*00(569.6)		500|505|533|0|5||50.0		28|55|86|6|33||270.0		TGTGCCGGTGGTGCTACAAACAAGCTCATCTTT	45	CAGGATNKLIF	:::::::::0:-8:5:::::6:-8:33:::
17392	219.0	8.609905243864754E-5	1	1.1548677676406051E-4	TGTGCACCCGGGGGGGGGCAAACAACCTCTTCTTT	NNNNNNNNNNNNNNNNNNNNNNNNNNNNNNNNNNN	TRAV23/DV6*00(347.7)		TRAJ36*00(518.3)		517|523|550|0|6||60.0		27|48|79|14|35||210.0		TGTGCACCCGGGGGGGGGCAAACAACCTCTTCTTT	45	CAPGGG_NNLFF	:::::::::0:-7:6:::::14:-7:35:::
17998	219.0	8.609905243864754E-5	1	1.1548677676406051E-4	TGTGCAGCAAGCACGATGGATAGCAGCTATAAATTGATCTTC	NNNNNNNNNNNNNNNNNNNNNNNNNNNNNNNNNNNNNNNNNN	TRAV23/DV6*00(499.4)		TRAJ12*00(549.9)		517|530|550|0|13||130.0		21|49|80|14|42||280.0		TGTGCAGCAAGCACGATGGATAGCAGCTATAAATTGATCTTC	45	CAASTMDSSYKLIF	:::::::::0:0:13:::::14:-1:42:::
18919	219.0	8.609905243864754E-5	1	1.1548677676406051E-4	TGTGACGCTGGTGGTACTAGCTATGGAAAGCTGACATTT	NNNNNNNNNNNNNNNNNNNNNNNNNNNNNNNNNNNNNNN	TRAV13-1*00(520)		TRAJ52*00(629.9)		511|515|544|0|4||40.0		25|58|89|6|39||330.0		TGTGACGCTGGTGGTACTAGCTATGGAAAGCTGACATTT	45	CDAGGTSYGKLTF	:::::::::0:-9:4:::::6:-5:39:::
18952	219.0	8.609905243864754E-5	1	1.1548677676406051E-4	TGCCTTAAGCTGGTCTTT	NNNNNNNNNNNNNNNNNN	TRAV22*00(449.9)		TRAJ57*00(419.6)		526|528|559|0|2||20.0		40|52|83|6|18||120.0		TGCCTTAAGCTGGTCTTT	45	CLKLVF	:::::::::0:-11:2:::::6:-20:18:::
20388	219.0	8.609905243864754E-5	1	1.1548677676406051E-4	TGCATCGTCAGAGTCGCTGTGGGCGGATCTGAAAAGCTGGTCTTT	NNNNNNNNNNNNNNNNNNNNNNNNNNNNNNNNNNNNNNNNNNNNN	TRAV26-1*00(659.7)		TRAJ57*00(548.4)		763|780|799|0|17||170.0		27|52|83|20|45||250.0		TGCATCGTCAGAGTCGCTGTGGGCGGATCTGAAAAGCTGGTCTTT	45	CIVRVAVGGSEKLVF	:::::::::0:1:17:::::20:-7:45:::
1667	218.0	8.570590608048021E-5	1	1.1548677676406051E-4	TGTGTGGTCCCCGGGGTTACCAGAAAGTTACCTTT	NNNNNNNNNNNNNNNNNNNNNNNNNNNNNNNNNNN	TRAV10*00(988.5)		TRAJ13*00(499.6)		575|583|608|0|8||80.0		29|52|83|12|35||230.0		TGTGTGGTCCCCGGGGTTACCAGAAAGTTACCTTT	45	CVVPGV_QKVTF	:::::::::0:-5:8:::::12:-9:35:::
2150	218.0	8.570590608048021E-5	1	1.1548677676406051E-4	TGTGCTTGGGCCGGTCAGAATTTTGTCTTT	NNNNNNNNNNNNNNNNNNNNNNNNNNNNNN	TRAV21*00(929.1)		TRAJ26*00(469.6)		544|550|576|0|6||60.0		31|49|80|12|30||180.0		TGTGCTTGGGCCGGTCAGAATTTTGTCTTT	45	CAWAGQNFVF	:::::::::0:-6:6:::::12:-11:30:::
2513	218.0	8.570590608048021E-5	1	1.1548677676406051E-4	TGTGCTCTGGGGTAATAATGCAGGCAACATGCTCACCTTT	NNNNNNNNNNNNNNNNNNNNNNNNNNNNNNNNNNNNNNNN	TRAV19*00(699.5)		TRAJ39*00(589.9)		556|565|593|0|9||90.0		24|52|83|12|40||280.0		TGTGCTCTGGGGTAATAATGCAGGCAACATGCTCACCTTT	45	CALG**C_GNMLTF	:::::::::0:-8:9:::::12:-4:40:::
2726	218.0	8.570590608048021E-5	1	1.1548677676406051E-4	TGTGCTCTGAGTGAGGCGCGCGGAGGAGGAGGTGCTGACGGACTCACCTTT	NNNNNNNNNNNNNNNNNNNNNNNNNNNNNNNNNNNNNNNNNNNNNNNNNNN	TRAV19*00(779.3)		TRAJ45*00(588.9)		556|575|593|0|19||190.0		27|55|86|23|51||280.0		TGTGCTCTGAGTGAGGCGCGCGGAGGAGGAGGTGCTGACGGACTCACCTTT	45	CALSEARGGGGADGLTF	:::::::::0:2:19:::::23:-7:51:::
2888	218.0	8.570590608048021E-5	1	1.1548677676406051E-4	TGTGCTCTGAAACCCCTGGGGCAAACAACCTCTTCTTT	NNNNNNNNNNNNNNNNNNNNNNNNNNNNNNNNNNNNNN	TRAV9-2*00(709.5)		TRAJ36*00(539.8)		480|490|514|0|10||100.0		25|48|79|15|38||230.0		TGTGCTCTGAAACCCCTGGGGCAAACAACCTCTTCTTT	45	CALKPL_ANNLFF	:::::::::0:-4:10:::::15:-5:38:::
3772	218.0	8.570590608048021E-5	1	1.1548677676406051E-4	TGTGCTGTGGAAGAGGGTAATGCAGGCAACATGCTCACCTTT	NNNNNNNNNNNNNNNNNNNNNNNNNNNNNNNNNNNNNNNNNN	TRAV2*00(1010.2)		TRAJ39*00(519.1)		519|533|553|0|14|SG530A|111.0		27|52|83|17|42||250.0		TGTGCTGTGGAAGAGGGTAATGCAGGCAACATGCTCACCTTT	45	CAVEEGNAGNMLTF	:::::::::0:0:14:::::17:-7:42:::
3804	218.0	8.570590608048021E-5	1	1.1548677676406051E-4	TGTGCTGTGACTCCCCGGGTCTGGTGGCTACAATAAGCTGATTTTT	NNNNNNNNNNNNNNNNNNNNNNNNNNNNNNNNNNNNNNNNNNNNNN	TRAV8-4*00(629)		TRAJ4*00(434.4)		476|486|510|0|10||100.0		25|52|83|19|46||270.0		TGTGCTGTGACTCCCCGGGTCTGGTGGCTACAATAAGCTGATTTTT	45	CAVTPRVW_GYNKLIF	:::::::::0:-4:10:::::19:-5:46:::
3879	218.0	8.570590608048021E-5	1	1.1548677676406051E-4	TGTGCTGTGAGTGTCCTCATGAACACAGGCTTTCAGAAACTTGTATTT	NNNNNNNNNNNNNNNNNNNNNNNNNNNNNNNNNNNNNNNNNNNNNNNN	TRAV8-6*00(699.9)		TRAJ8*00(609.8)		448|461|482|0|13||130.0		17|49|80|16|48||320.0		TGTGCTGTGAGTGTCCTCATGAACACAGGCTTTCAGAAACTTGTATTT	45	CAVSVLMNTGFQKLVF	:::::::::0:-1:13:::::16:3:48:::
4156	218.0	8.570590608048021E-5	1	1.1548677676406051E-4	TGTGCTGTGAGGGCGGCAATGCCAGACTCATGTTT	NNNNNNNNNNNNNNNNNNNNNNNNNNNNNNNNNNN	TRAV21*00(988.7)		TRAJ31*00(489.6)		544|556|576|0|12||120.0		27|46|77|16|35||190.0		TGTGCTGTGAGGGCGGCAATGCCAGACTCATGTTT	45	CAVRAA_ARLMF	:::::::::0:0:12:::::16:-7:35:::
4228	218.0	8.570590608048021E-5	1	1.1548677676406051E-4	TGTGCTGTGAGAGCCTTTCTAGGCTCTGGGGCTGGGAGTTACCAACTCACTTTC	NNNNNNNNNNNNNNNNNNNNNNNNNNNNNNNNNNNNNNNNNNNNNNNNNNNNNN	TRAV3*00(609.3)		TRAJ28*00(598.7)		437|450|473|0|13||130.0		24|55|86|23|54||310.0		TGTGCTGTGAGAGCCTTTCTAGGCTCTGGGGCTGGGAGTTACCAACTCACTTTC	45	CAVRAFLGSGAGSYQLTF	:::::::::0:-3:13:::::23:-4:54:::
4349	218.0	8.570590608048021E-5	1	1.1548677676406051E-4	TGTGCTGTGAAATCGAGCGGGGGTGGTACTAGCTATGGAAAGCTGACATTT	NNNNNNNNNNNNNNNNNNNNNNNNNNNNNNNNNNNNNNNNNNNNNNNNNNN	TRAV21*00(968.9)		TRAJ52*00(559.5)		544|554|576|0|10||100.0		28|58|89|21|51||300.0		TGTGCTGTGAAATCGAGCGGGGGTGGTACTAGCTATGGAAAGCTGACATTT	45	CAVKSSGGGTSYGKLTF	:::::::::0:-2:10:::::21:-8:51:::
17728	218.0	8.570590608048021E-5	1	1.1548677676406051E-4	TGTGCAGCAAGTACGGGGGGTTACCAGAAAGTTACCTTT	NNNNNNNNNNNNNNNNNNNNNNNNNNNNNNNNNNNNNNN	TRAV13-1*00(988.7)		TRAJ13*00(519.3)		511|524|544|0|13||130.0		28|52|83|15|39||240.0		TGTGCAGCAAGTACGGGGGGTTACCAGAAAGTTACCTTT	45	CAASTGGYQKVTF	:::::::::0:0:13:::::15:-8:39:::
18565	218.0	8.570590608048021E-5	1	1.1548677676406051E-4	TGTGCAATGGGCGGGAACAACAGACTCGCTTTT	NNNNNNNNNNNNNNNNNNNNNNNNNNNNNNNNN	TRAV14/DV4*00(820.7)		TRAJ7*00(499.7)		517|526|554|0|9||90.0		27|48|79|12|33||210.0		TGTGCAATGGGCGGGAACAACAGACTCGCTTTT	45	CAMGGNNRLAF	:::::::::0:-8:9:::::12:-7:33:::
1515	217.0	8.531275972231286E-5	1	1.1548677676406051E-4	TGTTCAACCAGGCAGGAACTGCTCTGATCTTT	NNNNNNNNNNNNNNNNNNNNNNNNNNNNNNNN	TRAV5*00(390.9)		TRAJ15*00(502.7)		523|528|556|0|5|SG526T|31.0		22|49|80|5|32||280.0		TGTTCAACCAGGCAGGAACTGCTCTGATCTTT	45	CSTRQ_TALIF	:::::::::0:-8:5:::::5:-2:32:::
1924	217.0	8.531275972231286E-5	1	1.1548677676406051E-4	TGTGTGGTGAACACGTATACCGGCACTGCCAGTAAACTCACCTTT	NNNNNNNNNNNNNNNNNNNNNNNNNNNNNNNNNNNNNNNNNNNNN	TRAV12-1*00(960.5)		TRAJ44*00(559.5)		539|555|572|0|16|ST552C|131.0		23|52|83|16|45||290.0		TGTGTGGTGAACACGTATACCGGCACTGCCAGTAAACTCACCTTT	45	CVVNTYTGTASKLTF	:::::::::0:3:16:::::16:-3:45:::
1963	217.0	8.531275972231286E-5	1	1.1548677676406051E-4	TGTGTGGCTTAATACTGGAGGCTTCAAAACTATCTTT	NNNNNNNNNNNNNNNNNNNNNNNNNNNNNNNNNNNNN	TRAV12-1*00(871.6)		TRAJ9*00(569.7)		539|546|572|0|7||70.0		23|50|81|10|37||270.0		TGTGTGGCTTAATACTGGAGGCTTCAAAACTATCTTT	45	CVA*YW_GFKTIF	:::::::::0:-6:7:::::10:-3:37:::
1965	217.0	8.531275972231286E-5	1	1.1548677676406051E-4	TGTGTGGCTCCTAGGGGGAACCAGGGAGGAAAGCTTATCTTC	NNNNNNNNNNNNNNNNNNNNNNNNNNNNNNNNNNNNNNNNNN	TRAV12-1*00(929.6)		TRAJ23*00(470.7)		539|546|572|0|7||70.0		28|52|83|18|42||240.0		TGTGTGGCTCCTAGGGGGAACCAGGGAGGAAAGCTTATCTTC	45	CVAPRGNQGGKLIF	:::::::::0:-6:7:::::18:-8:42:::
2511	217.0	8.531275972231286E-5	1	1.1548677676406051E-4	TGTGCTCTGGGCGCCCGAATTCTGGGGGTTACCAGAAAGTTACCTTT	NNNNNNNNNNNNNNNNNNNNNNNNNNNNNNNNNNNNNNNNNNNNNNN	TRAV6*00(450)		TRAJ13*00(580.5)		535|543|568|0|8||80.0		21|52|83|16|47||310.0		TGTGCTCTGGGCGCCCGAATTCTGGGGGTTACCAGAAAGTTACCTTT	45	CALGARIL_GYQKVTF	:::::::::0:-5:8:::::16:-1:47:::
2514	217.0	8.531275972231286E-5	1	1.1548677676406051E-4	TGTGCTCTGGGGCCCCAAGGGGGCAGTGCTTCCAAGATAATCTTT	NNNNNNNNNNNNNNNNNNNNNNNNNNNNNNNNNNNNNNNNNNNNN	TRAV9-2*00(699.3)		TRAJ3*00(529.7)		480|489|514|0|9||90.0		28|51|82|22|45||230.0		TGTGCTCTGGGGCCCCAAGGGGGCAGTGCTTCCAAGATAATCTTT	45	CALGPQGGSASKIIF	:::::::::0:-5:9:::::22:-8:45:::
4202	217.0	8.531275972231286E-5	1	1.1548677676406051E-4	TGTGCTGTGAGATGGGAGGACTTTGGAAATGAGAAATTAACCTTT	NNNNNNNNNNNNNNNNNNNNNNNNNNNNNNNNNNNNNNNNNNNNN	TRAV21*00(470)		TRAJ48*00(569.6)		544|555|576|0|11||110.0		26|52|83|19|45||260.0		TGTGCTGTGAGATGGGAGGACTTTGGAAATGAGAAATTAACCTTT	45	CAVRWEDFGNEKLTF	:::::::::0:-1:11:::::19:-6:45:::
4689	217.0	8.531275972231286E-5	1	1.1548677676406051E-4	TGTGCTGGGCAACGTGCTGGCAACAACCGTAAGCTGATTTGG	NNNNNNNNNNNNNNNNNNNNNNNNNNNNNNNNNNNNNNNNNN	TRAV35*00(949.3)		TRAJ38*00(549.7)		588|599|620|0|11||110.0		23|51|82|14|42||280.0		TGTGCTGGGCAACGTGCTGGCAACAACCGTAAGCTGATTTGG	45	CAGQRAGNNRKLIW	:::::::::0:-1:11:::::14:-3:42:::
17511	217.0	8.531275972231286E-5	1	1.1548677676406051E-4	TGTGCAGCGCCTAGGGACAAACTGGTCTTT	NNNNNNNNNNNNNNNNNNNNNNNNNNNNNN	TRAV13-1*00(939.2)		TRAJ47*00(449.7)		511|519|544|0|8||80.0		32|46|77|16|30||140.0		TGTGCAGCGCCTAGGGACAAACTGGTCTTT	45	CAAPRDKLVF	:::::::::0:-5:8:::::16:-12:30:::
17643	217.0	8.531275972231286E-5	1	1.1548677676406051E-4	TGTGCAGCAACAGGGGGTTACCAGAAAGTTACCTTT	NNNNNNNNNNNNNNNNNNNNNNNNNNNNNNNNNNNN	TRAV29/DV5*00(549.9)		TRAJ13*00(539.9)		529|539|562|0|10||100.0		28|52|83|12|36||240.0		TGTGCAGCAACAGGGGGTTACCAGAAAGTTACCTTT	45	CAATGGYQKVTF	:::::::::0:-3:10:::::12:-8:36:::
17721	217.0	8.531275972231286E-5	1	1.1548677676406051E-4	TGTGCAGCAAGTATAGGGCAACAAACTGGGGCAAACAACCTCTTCTTT	NNNNNNNNNNNNNNNNNNNNNNNNNNNNNNNNNNNNNNNNNNNNNNNN	TRAV13-1*00(629.7)		TRAJ36*00(453.6)		511|526|544|0|15||150.0		21|48|79|21|48||270.0		TGTGCAGCAAGTATAGGGCAACAAACTGGGGCAAACAACCTCTTCTTT	45	CAASIGQQTGANNLFF	:::::::::0:2:15:::::21:-1:48:::
17737	217.0	8.531275972231286E-5	1	1.1548677676406051E-4	TGTGCAGCAAGTAGGCCCCAATGGAGGAAGCCAAGGAAATCTCATCTTT	NNNNNNNNNNNNNNNNNNNNNNNNNNNNNNNNNNNNNNNNNNNNNNNNN	TRAV13-1*00(609.5)		TRAJ42*00(590.1)		511|524|544|0|13||130.0		26|55|86|20|49||290.0		TGTGCAGCAAGTAGGCCCCAATGGAGGAAGCCAAGGAAATCTCATCTTT	45	CAASRPQW_GSQGNLIF	:::::::::0:0:13:::::20:-6:49:::
18108	217.0	8.531275972231286E-5	1	1.1548677676406051E-4	TGTGCAGGTCCGTTCGCTAGAACCTACAAATACATCTTT	NNNNNNNNNNNNNNNNNNNNNNNNNNNNNNNNNNNNNNN	TRAV27*00(622)		TRAJ40*00(489.7)		552|560|582|0|8||80.0		30|50|81|19|39||200.0		TGTGCAGGTCCGTTCGCTAGAACCTACAAATACATCTTT	45	CAGPFARTYKYIF	:::::::::0:-2:8:::::19:-10:39:::
18413	217.0	8.531275972231286E-5	1	1.1548677676406051E-4	TGTGCAGAGACATCTTCTTCTGGTTCTGCAAGGCAACTGACCTTT	NNNNNNNNNNNNNNNNNNNNNNNNNNNNNNNNNNNNNNNNNNNNN	TRAV5*00(459.8)		TRAJ22*00(619.2)		523|533|556|0|10||100.0		21|52|83|14|45||310.0		TGTGCAGAGACATCTTCTTCTGGTTCTGCAAGGCAACTGACCTTT	45	CAETSSSGSARQLTF	:::::::::0:-3:10:::::14:-1:45:::
18466	217.0	8.531275972231286E-5	1	1.1548677676406051E-4	TGTGCAGAGAATTCATTATATGGAAACAAGCTGGTCTTT	NNNNNNNNNNNNNNNNNNNNNNNNNNNNNNNNNNNNNNN	TRAV13-2*00(569.9)		TRAJ47*00(500.6)		506|518|539|0|12||120.0		24|46|77|17|39|SA36G|191.0		TGTGCAGAGAATTCATTATATGGAAACAAGCTGGTCTTT	45	CAENSLYGNKLVF	:::::::::0:-1:12:::::17:-4:39:::
18898	217.0	8.531275972231286E-5	1	1.1548677676406051E-4	TGTGGAGCAGTCGGTCAGGAACCTACAAATACATCTTT	NNNNNNNNNNNNNNNNNNNNNNNNNNNNNNNNNNNNNN	TRAV34*00(489.9)		TRAJ40*00(529.4)		603|613|636|0|10||100.0		26|50|81|14|38||240.0		TGTGGAGCAGTCGGTCAGGAACCTACAAATACATCTTT	45	CGAVGQ_TYKYIF	:::::::::0:-3:10:::::14:-6:38:::
18974	217.0	8.531275972231286E-5	1	1.1548677676406051E-4	TGCCTCGTGGCATTATATGGTCAGAATTTTGTCTTT	NNNNNNNNNNNNNNNNNNNNNNNNNNNNNNNNNNNN	TRAV4*00(969.4)		TRAJ26*00(509.7)		768|778|804|0|10||100.0		28|49|80|15|36||210.0		TGCCTCGTGGCATTATATGGTCAGAATTTTGTCTTT	45	CLVALYGQNFVF	:::::::::0:-6:10:::::15:-8:36:::
20165	217.0	8.531275972231286E-5	1	1.1548677676406051E-4	TGCGGCACAGCATACTCTGGGGCTGGGAGTTACCAACTCACTTTC	NNNNNNNNNNNNNNNNNNNNNNNNNNNNNNNNNNNNNNNNNNNNN	TRAV30*00(469.7)		TRAJ28*00(649.6)		567|577|600|0|10||100.0		20|55|86|10|45||360.0		TGCGGCACAGCATACTCTGGGGCTGGGAGTTACCAACTCACTTTC	45	CGTAYSGAGSYQLTF	:::::::::0:-3:10:::::10:0:45:::
1843	216.0	8.491961336414553E-5	1	1.1548677676406051E-4	TGTGTGGTGAATAACAATGCCAGACTCATGTTT	NNNNNNNNNNNNNNNNNNNNNNNNNNNNNNNNN	TRAV12-1*00(509.3)		TRAJ31*00(549.8)		539|549|572|0|10||110.0		23|46|77|10|33||250.0		TGTGTGGTGAATAACAATGCCAGACTCATGTTT	45	CVVNNNARLMF	:::::::::0:-3:10:::::10:-3:33:::
3214	216.0	8.491961336414553E-5	1	1.1548677676406051E-4	TGTGCTGTCTCGAACACCGGTAACCAGTTCTATTTT	NNNNNNNNNNNNNNNNNNNNNNNNNNNNNNNNNNNN	TRAV41*00(605.7)		TRAJ49*00(569.4)		512|521|544|0|9||90.0		18|45|76|9|36||270.0		TGTGCTGTCTCGAACACCGGTAACCAGTTCTATTTT	45	CAVSNTGNQFYF	:::::::::0:-3:9:::::9:2:36:::
3663	216.0	8.491961336414553E-5	1	1.1548677676406051E-4	TGTGCTGTGGACTTATAATGCAGGCAACATGCTCACCTTT	NNNNNNNNNNNNNNNNNNNNNNNNNNNNNNNNNNNNNNNN	TRAV2*00(1009.2)		TRAJ39*00(529.4)		519|530|553|0|11||110.0		26|52|83|14|40||260.0		TGTGCTGTGGACTTATAATGCAGGCAACATGCTCACCTTT	45	CAVDL*C_GNMLTF	:::::::::0:-3:11:::::14:-6:40:::
3960	216.0	8.491961336414553E-5	1	1.1548677676406051E-4	TGTGCTGTGAGTGATCGGGGGACCGGTAACCAGTTCTATTTT	NNNNNNNNNNNNNNNNNNNNNNNNNNNNNNNNNNNNNNNNNN	TRAV8-4*00(709.6)		TRAJ49*00(509.9)		476|492|510|0|16||160.0		24|45|76|21|42||210.0		TGTGCTGTGAGTGATCGGGGGACCGGTAACCAGTTCTATTTT	45	CAVSDRGTGNQFYF	:::::::::0:2:16:::::21:-4:42:::
4449	216.0	8.491961336414553E-5	1	1.1548677676406051E-4	TGTGCTGCCAGGGATTCCGGGTATGCACTCAACTTC	NNNNNNNNNNNNNNNNNNNNNNNNNNNNNNNNNNNN	TRAV21*00(430)		TRAJ41*00(489.9)		544|551|576|0|7||70.0		28|51|82|13|36||230.0		TGTGCTGCCAGGGATTCCGGGTATGCACTCAACTTC	45	CAARDSGYALNF	:::::::::0:-5:7:::::13:-8:36:::
6136	216.0	8.491961336414553E-5	1	1.1548677676406051E-4	TGTGCCGTCTTTTATAATGCAGGCAACATGCTCACCTTT	NNNNNNNNNNNNNNNNNNNNNNNNNNNNNNNNNNNNNNN	TRAV8-1*00(549.6)		TRAJ39*00(499.9)		474|482|508|0|8||80.0		26|52|83|13|39||260.0		TGTGCCGTCTTTTATAATGCAGGCAACATGCTCACCTTT	45	CAVFYNAGNMLTF	:::::::::0:-6:8:::::13:-6:39:::
19058	216.0	8.491961336414553E-5	1	1.1548677676406051E-4	TGCCTCGTGGGGGAATATAGAAACAAACTGGTCTTT	NNNNNNNNNNNNNNNNNNNNNNNNNNNNNNNNNNNN	TRAV4*00(980.2)		TRAJ47*00(520.5)		768|781|804|0|13|ST779G|111.0		23|46|77|13|36|SG28A|221.0		TGCCTCGTGGGGGAATATAGAAACAAACTGGTCTTT	45	CLVGEYRNKLVF	:::::::::0:-3:13:::::13:-3:36:::
20167	216.0	8.491961336414553E-5	1	1.1548677676406051E-4	TGCGGCACAGATAGTGCAGGCAACATGCTCACCTTT	NNNNNNNNNNNNNNNNNNNNNNNNNNNNNNNNNNNN	TRAV30*00(479.7)		TRAJ39*00(540.1)		567|578|600|0|11||110.0		27|52|83|11|36|SA29G|231.0		TGCGGCACAGATAGTGCAGGCAACATGCTCACCTTT	45	CGTDSAGNMLTF	:::::::::0:-2:11:::::11:-7:36:::
1490	215.0	8.452646700597818E-5	1	1.1548677676406051E-4	TCCCTCAATAAACGACTACAAGCTCAGCTTT	NNNNNNNNNNNNNNNNNNNNNNNNNNNNNNN	TRAV13-2*00(459.9)		TRAJ20*00(512.1)		506|507|539|0|1||10.0		25|46|77|10|31||210.0		TCCCTCAATAAACGACTACAAGCTCAGCTTT	45	SLNKR_YKLSF	:::::::::0:-12:1:::::10:-5:31:::
1519	215.0	8.452646700597818E-5	1	1.1548677676406051E-4	TGTTATTCTGGGGGTTACCAGAAAGTTACCTTT	NNNNNNNNNNNNNNNNNNNNNNNNNNNNNNNNN	TRAV25*00(511.8)		TRAJ13*00(590)		620|623|649|0|3||30.0		23|52|83|4|33||290.0		TGTTATTCTGGGGGTTACCAGAAAGTTACCTTT	45	CYSGGYQKVTF	:::::::::0:-6:3:::::4:-3:33:::
2186	215.0	8.452646700597818E-5	1	1.1548677676406051E-4	TGTGCTTATAGCCTCCCGGAATATGGAAACAAGCTGGTCTTT	NNNNNNNNNNNNNNNNNNNNNNNNNNNNNNNNNNNNNNNNNN	TRAV38-2/DV8*00(569.9)		TRAJ47*00(531)		602|613|638|0|11||110.0		21|46|77|17|42|SA36G|221.0		TGTGCTTATAGCCTCCCGGAATATGGAAACAAGCTGGTCTTT	45	CAYSLPEYGNKLVF	:::::::::0:-5:11:::::17:-1:42:::
2784	215.0	8.452646700597818E-5	1	1.1548677676406051E-4	TGTGCTCTGAGTGAAGAAACCAATGCAGGCAAATCAACCTTT	NNNNNNNNNNNNNNNNNNNNNNNNNNNNNNNNNNNNNNNNNN	TRAV9-2*00(750)		TRAJ27*00(529.4)		480|494|514|0|14||140.0		24|48|79|18|42||240.0		TGTGCTCTGAGTGAAGAAACCAATGCAGGCAAATCAACCTTT	45	CALSEETNAGKSTF	:::::::::0:0:14:::::18:-4:42:::
2943	215.0	8.452646700597818E-5	1	1.1548677676406051E-4	TGTGCTCTAGACATGGGTTCTGCAAGGCAACTGACCTTT	NNNNNNNNNNNNNNNNNNNNNNNNNNNNNNNNNNNNNNN	TRAV6*00(519.9)		TRAJ22*00(549.7)		535|550|568|0|15||150.0		28|52|83|15|39||240.0		TGTGCTCTAGACATGGGTTCTGCAAGGCAACTGACCTTT	45	CALDMGSARQLTF	:::::::::0:2:15:::::15:-8:39:::
4339	215.0	8.452646700597818E-5	1	1.1548677676406051E-4	TGTGCTGTGAAGGCAACTGACAGCTGGGGGAAATTGCAGTTT	NNNNNNNNNNNNNNNNNNNNNNNNNNNNNNNNNNNNNNNNNN	TRAV1-2*00(659.3)		TRAJ24*00(580)		620|630|654|0|10||100.0		23|52|83|13|42||290.0		TGTGCTGTGAAGGCAACTGACAGCTGGGGGAAATTGCAGTTT	45	CAVKATDSWGKLQF	:::::::::0:-4:10:::::13:-3:42:::
4636	215.0	8.452646700597818E-5	1	1.1548677676406051E-4	TGTGCTGGGCAGCTAGTGAGAACCTACAAATACATCTTT	NNNNNNNNNNNNNNNNNNNNNNNNNNNNNNNNNNNNNNN	TRAV35*00(979.3)		TRAJ40*00(489.9)		588|602|620|0|14||140.0		30|50|81|19|39||200.0		TGTGCTGGGCAGCTAGTGAGAACCTACAAATACATCTTT	45	CAGQLVRTYKYIF	:::::::::0:2:14:::::19:-10:39:::
4695	215.0	8.452646700597818E-5	1	1.1548677676406051E-4	TGTGCTGGGGCTCTGGGGGTTACCAGAAAGTTACCTTT	NNNNNNNNNNNNNNNNNNNNNNNNNNNNNNNNNNNNNN	TRAV8-6*00(639.8)		TRAJ13*00(540.6)		448|455|482|0|7||70.0		25|52|83|11|38||270.0		TGTGCTGGGGCTCTGGGGGTTACCAGAAAGTTACCTTT	45	CAGALG_YQKVTF	:::::::::0:-7:7:::::11:-5:38:::
4739	215.0	8.452646700597818E-5	1	1.1548677676406051E-4	TGTGCTGGAGATAATAATGCAGGCAACATGCTCACCTTT	NNNNNNNNNNNNNNNNNNNNNNNNNNNNNNNNNNNNNNN	TRAV21*00(937.9)		TRAJ39*00(559.6)		544|551|576|0|7||70.0		23|52|83|10|39||290.0		TGTGCTGGAGATAATAATGCAGGCAACATGCTCACCTTT	45	CAGDNNAGNMLTF	:::::::::0:-5:7:::::10:-3:39:::
17652	215.0	8.452646700597818E-5	1	1.1548677676406051E-4	TGTGCAGCAAGTTCAAATTCCGGGTATGCACTCAACTTC	NNNNNNNNNNNNNNNNNNNNNNNNNNNNNNNNNNNNNNN	TRAV23/DV6*00(479.2)		TRAJ41*00(529.5)		517|528|550|0|11||110.0		24|51|82|12|39||270.0		TGTGCAGCAAGTTCAAATTCCGGGTATGCACTCAACTTC	45	CAASSNSGYALNF	:::::::::0:-2:11:::::12:-4:39:::
18236	215.0	8.452646700597818E-5	1	1.1548677676406051E-4	TGTGCAGGAGTCGCGGGCTTTGGGAATGTGCTGCATTGC	NNNNNNNNNNNNNNNNNNNNNNNNNNNNNNNNNNNNNNN	TRAV27*00(641.2)		TRAJ35*00(539.7)		552|562|582|0|10||100.0		24|48|79|15|39||240.0		TGTGCAGGAGTCGCGGGCTTTGGGAATGTGCTGCATTGC	45	CAGVAGFGNVLHC	:::::::::0:0:10:::::15:-4:39:::
18281	215.0	8.452646700597818E-5	1	1.1548677676406051E-4	TGTGCAGGAGGTGGTCCGGGTATGCACTCAACTTC	NNNNNNNNNNNNNNNNNNNNNNNNNNNNNNNNNNN	TRAV27*00(641.8)		TRAJ41*00(469.9)		552|562|582|0|10||100.0		30|51|82|14|35||210.0		TGTGCAGGAGGTGGTCCGGGTATGCACTCAACTTC	45	CAGGGP_YALNF	:::::::::0:0:10:::::14:-10:35:::
18434	215.0	8.452646700597818E-5	1	1.1548677676406051E-4	TGTGCAGAGAGTACAGGCAAACTAATCTTT	NNNNNNNNNNNNNNNNNNNNNNNNNNNNNN	TRAV13-2*00(550.9)		TRAJ37*00(489.9)		506|519|539|0|13|SA516G|101.0		34|51|82|13|30||180.0		TGTGCAGAGAGTACAGGCAAACTAATCTTT	45	CAESTGKLIF	:::::::::0:0:13:::::13:-14:30:::
18453	215.0	8.452646700597818E-5	1	1.1548677676406051E-4	TGTGCAGAGAGGATGGGGACCAATGCAGGCAAATCAACCTTT	NNNNNNNNNNNNNNNNNNNNNNNNNNNNNNNNNNNNNNNNNN	TRAV5*00(470.6)		TRAJ27*00(529.8)		523|537|556|0|14|ST534G|111.0		24|48|79|18|42||240.0		TGTGCAGAGAGGATGGGGACCAATGCAGGCAAATCAACCTTT	45	CAERMGTNAGKSTF	:::::::::0:1:14:::::18:-4:42:::
20262	215.0	8.452646700597818E-5	1	1.1548677676406051E-4	TGCATCCTGAGAGACCCTCTGATAGCAACTATCAGTTAATCTGG	NNNNNNNNNNNNNNNNNNNNNNNNNNNNNNNNNNNNNNNNNNNN	TRAV26-2*00(629.6)		TRAJ33*00(529.8)		791|806|826|0|15||150.0		22|46|77|20|44||240.0		TGCATCCTGAGAGACCCTCTGATAGCAACTATCAGTTAATCTGG	45	CILRDPL_SNYQLIW	:::::::::0:0:15:::::20:-2:44:::
1506	214.0	8.413332064781084E-5	1	1.1548677676406051E-4	TGTTTCCTGCTGGCAACAACCGTAAGCTGATTTGG	NNNNNNNNNNNNNNNNNNNNNNNNNNNNNNNNNNN	TRAV6*00(399.9)		TRAJ38*00(579.5)		535|538|568|0|3||30.0		23|51|82|7|35||280.0		TGTTTCCTGCTGGCAACAACCGTAAGCTGATTTGG	45	CFLLAT_RKLIW	:::::::::0:-10:3:::::7:-3:35:::
2179	214.0	8.413332064781084E-5	1	1.1548677676406051E-4	TGTGCTTATATTGAGGCAGCTGGGGGAAATTGCAGTTT	NNNNNNNNNNNNNNNNNNNNNNNNNNNNNNNNNNNNNN	TRAV38-2/DV8*00(559.3)		TRAJ24*00(508.6)		602|612|638|0|10||100.0		30|52|83|16|38||220.0		TGTGCTTATATTGAGGCAGCTGGGGGAAATTGCAGTTT	45	CAYIEA_WGKLQF	:::::::::0:-6:10:::::16:-10:38:::
2994	214.0	8.413332064781084E-5	1	1.1548677676406051E-4	TGTGCTCTAAGTACTACAATAACAATGACATGCGCTTT	NNNNNNNNNNNNNNNNNNNNNNNNNNNNNNNNNNNNNN	TRAV16*00(529.7)		TRAJ43*00(539.8)		449|461|483|0|12||120.0		19|43|74|14|38||240.0		TGTGCTCTAAGTACTACAATAACAATGACATGCGCTTT	45	CALSTT_NNDMRF	:::::::::0:-2:12:::::14:1:38:::
3234	214.0	8.413332064781084E-5	1	1.1548677676406051E-4	TGTGCTGTCCCCCCTTCGGGGATCTGAAAAGCTGGTCTTT	NNNNNNNNNNNNNNNNNNNNNNNNNNNNNNNNNNNNNNNN	TRAV21*00(949.4)		TRAJ57*00(469.5)		544|552|576|0|8||80.0		31|52|83|19|40||210.0		TGTGCTGTCCCCCCTTCGGGGATCTGAAAAGCTGGTCTTT	45	CAVPPSG_SEKLVF	:::::::::0:-4:8:::::19:-11:40:::
3417	214.0	8.413332064781084E-5	1	1.1548677676406051E-4	TGTGCTGTGCGGGGATAGCAACTATCAGTTAATCTGG	NNNNNNNNNNNNNNNNNNNNNNNNNNNNNNNNNNNNN	TRAV20*00(510.7)		TRAJ33*00(539.1)		498|511|531|0|13|SA508G|101.0		22|46|77|13|37||250.0		TGTGCTGTGCGGGGATAGCAACTATCAGTTAATCTGG	45	CAVRG*_NYQLIW	:::::::::0:0:13:::::13:-2:37:::
3435	214.0	8.413332064781084E-5	1	1.1548677676406051E-4	TGTGCTGTGCAGGCCCCCGGTAACCAGTTCTATTTT	NNNNNNNNNNNNNNNNNNNNNNNNNNNNNNNNNNNN	TRAV20*00(559.8)		TRAJ49*00(499.5)		498|513|531|0|15||150.0		25|45|76|16|36||200.0		TGTGCTGTGCAGGCCCCCGGTAACCAGTTCTATTTT	45	CAVQAPGNQFYF	:::::::::0:2:15:::::16:-5:36:::
3458	214.0	8.413332064781084E-5	1	1.1548677676406051E-4	TGTGCTGTGCAGGGGGGGGACTACAAGCTCAGCTTT	NNNNNNNNNNNNNNNNNNNNNNNNNNNNNNNNNNNN	TRAV20*00(539.7)		TRAJ20*00(479.2)		498|511|531|0|13||130.0		28|46|77|18|36||180.0		TGTGCTGTGCAGGGGGGGGACTACAAGCTCAGCTTT	45	CAVQGGDYKLSF	:::::::::0:0:13:::::18:-8:36:::
4085	214.0	8.413332064781084E-5	1	1.1548677676406051E-4	TGTGCTGTGAGCCGTATACTCTGGGGCTGGGAGTTACCAACTCACTTTC	NNNNNNNNNNNNNNNNNNNNNNNNNNNNNNNNNNNNNNNNNNNNNNNNN	TRAV8-6*00(679.5)		TRAJ28*00(629.3)		448|459|482|0|11||110.0		21|55|86|15|49||340.0		TGTGCTGTGAGCCGTATACTCTGGGGCTGGGAGTTACCAACTCACTTTC	45	CAVSRILW_AGSYQLTF	:::::::::0:-3:11:::::15:-1:49:::
18427	214.0	8.413332064781084E-5	1	1.1548677676406051E-4	TGTGCAGAGAGTATCCTCCCAGGCCTCAGGAACCTACAAATACATCTTT	NNNNNNNNNNNNNNNNNNNNNNNNNNNNNNNNNNNNNNNNNNNNNNNNN	TRAV5*00(510.7)		TRAJ40*00(549.7)		523|541|556|0|18|SA537C|151.0		24|50|81|23|49||260.0		TGTGCAGAGAGTATCCTCCCAGGCCTCAGGAACCTACAAATACATCTTT	45	CAESILPG_SGTYKYIF	:::::::::0:5:18:::::23:-4:49:::
18562	214.0	8.413332064781084E-5	1	1.1548677676406051E-4	TGTGCAATGGCGGTAGGCTTTGGGAATGTGCTGCATTGC	NNNNNNNNNNNNNNNNNNNNNNNNNNNNNNNNNNNNNNN	TRAV12-3*00(948.4)		TRAJ35*00(540.7)		562|571|595|0|9||90.0		19|48|79|10|39|SA21G|261.0		TGTGCAATGGCGGTAGGCTTTGGGAATGTGCTGCATTGC	45	CAMAVGFGNVLHC	:::::::::0:-4:9:::::10:1:39:::
18617	214.0	8.413332064781084E-5	1	1.1548677676406051E-4	TGTGCAATGAGCGTGCCCCGGGTTACCAGAAAGTTACCTTT	NNNNNNNNNNNNNNNNNNNNNNNNNNNNNNNNNNNNNNNNN	TRAV12-3*00(685.2)		TRAJ13*00(477.4)		562|578|595|0|16|SC575T|131.0		30|52|83|19|41||220.0		TGTGCAATGAGCGTGCCCCGGGTTACCAGAAAGTTACCTTT	45	CAMSVPR_YQKVTF	:::::::::0:3:16:::::19:-10:41:::
20313	214.0	8.413332064781084E-5	1	1.1548677676406051E-4	TGCATCCAGGATGCAGGCAACATGCTCACCTTT	NNNNNNNNNNNNNNNNNNNNNNNNNNNNNNNNN	TRAV26-2*00(839.1)		TRAJ39*00(539.9)		791|798|826|0|7||70.0		29|52|83|10|33||230.0		TGCATCCAGGATGCAGGCAACATGCTCACCTTT	45	CIQDAGNMLTF	:::::::::0:-8:7:::::10:-9:33:::
1775	213.0	8.37401742896435E-5	1	1.1548677676406051E-4	TGTGTGGTGAGCCCACTCACGGGAGGAGGAAACAAACTCACCTTT	NNNNNNNNNNNNNNNNNNNNNNNNNNNNNNNNNNNNNNNNNNNNN	TRAV10*00(1051.5)		TRAJ10*00(539.7)		575|592|608|0|17|SG587CSG589A|142.0		25|53|84|17|45||310.0		TGTGTGGTGAGCCCACTCACGGGAGGAGGAAACAAACTCACCTTT	45	CVVSPLTGGGNKLTF	:::::::::0:4:17:::::17:-5:45:::
4270	213.0	8.37401742896435E-5	1	1.1548677676406051E-4	TGTGCTGTGAGAGACTTGGCAGGAGGTGCTGACGGACTCACCTTT	NNNNNNNNNNNNNNNNNNNNNNNNNNNNNNNNNNNNNNNNNNNNN	TRAV3*00(630.8)		TRAJ45*00(559.9)		437|455|473|0|18|SA452T|151.0		30|55|86|20|45||250.0		TGTGCTGTGAGAGACTTGGCAGGAGGTGCTGACGGACTCACCTTT	45	CAVRDLAGGADGLTF	:::::::::0:2:18:::::20:-10:45:::
18046	213.0	8.37401742896435E-5	1	1.1548677676406051E-4	TGTGCAGCAAGGGGCGCTGGTGGTACTAGCTATGGAAAGCTGACATTT	NNNNNNNNNNNNNNNNNNNNNNNNNNNNNNNNNNNNNNNNNNNNNNNN	TRAV23/DV6*00(479.3)		TRAJ52*00(629.3)		517|528|550|0|11||110.0		25|58|89|15|48||330.0		TGTGCAGCAAGGGGCGCTGGTGGTACTAGCTATGGAAAGCTGACATTT	45	CAARGAGGTSYGKLTF	:::::::::0:-2:11:::::15:-5:48:::
18464	213.0	8.37401742896435E-5	1	1.1548677676406051E-4	TGTGCAGAGAGAGAGCGGGAGGAAGCTACATACCTACATTT	NNNNNNNNNNNNNNNNNNNNNNNNNNNNNNNNNNNNNNNNN	TRAV5*00(469.9)		TRAJ6*00(549.9)		523|534|556|0|11||110.0		27|51|82|17|41||240.0		TGTGCAGAGAGAGAGCGGGAGGAAGCTACATACCTACATTT	45	CAERERE_SYIPTF	:::::::::0:-2:11:::::17:-7:41:::
18996	213.0	8.37401742896435E-5	1	1.1548677676406051E-4	TGCCTCGTGGGTGGAACTGACAGCTGGGGGAAATTGCAGTTT	NNNNNNNNNNNNNNNNNNNNNNNNNNNNNNNNNNNNNNNNNN	TRAV4*00(999.4)		TRAJ24*00(526.8)		768|781|804|0|13||130.0		24|52|83|14|42||280.0		TGCCTCGTGGGTGGAACTGACAGCTGGGGGAAATTGCAGTTT	45	CLVGGTDSWGKLQF	:::::::::0:-3:13:::::14:-4:42:::
2550	212.0	8.334702793147616E-5	1	1.1548677676406051E-4	TGTGCTCTGACTGTAGCTGCAGGCAACAAGCTAACTTTT	NNNNNNNNNNNNNNNNNNNNNNNNNNNNNNNNNNNNNNN	TRAV19*00(710.3)		TRAJ17*00(549.6)		556|569|593|0|13|SG566C|101.0		27|52|83|14|39||250.0		TGTGCTCTGACTGTAGCTGCAGGCAACAAGCTAACTTTT	45	CALTVAAGNKLTF	:::::::::0:-4:13:::::14:-7:39:::
2880	212.0	8.334702793147616E-5	1	1.1548677676406051E-4	TGTGCTCTGAACCAGGGAGGAAAGCTTATCTTC	NNNNNNNNNNNNNNNNNNNNNNNNNNNNNNNNN	TRAV9-2*00(709.4)		TRAJ23*00(510.5)		480|490|514|0|10||100.0		29|52|83|10|33||240.0		TGTGCTCTGAACCAGGGAGGAAAGCTTATCTTC	45	CALNQGGKLIF	:::::::::0:-4:10:::::10:-9:33:::
3391	212.0	8.334702793147616E-5	1	1.1548677676406051E-4	TGTGCTGTGCCTTATAACAATGCCAGACTCATGTTT	NNNNNNNNNNNNNNNNNNNNNNNNNNNNNNNNNNNN	TRAV20*00(509.7)		TRAJ31*00(529.9)		498|508|531|0|10||100.0		23|46|77|13|36||230.0		TGTGCTGTGCCTTATAACAATGCCAGACTCATGTTT	45	CAVPYNNARLMF	:::::::::0:-3:10:::::13:-3:36:::
3463	212.0	8.334702793147616E-5	1	1.1548677676406051E-4	TGTGCTGTGCAGGATAGTAGGGCTTTCAGAAACTTGTATTT	NNNNNNNNNNNNNNNNNNNNNNNNNNNNNNNNNNNNNNNNN	TRAV20*00(539.6)		TRAJ8*00(500)		498|511|531|0|13||130.0		28|49|80|20|41||210.0		TGTGCTGTGCAGGATAGTAGGGCTTTCAGAAACTTGTATTT	45	CAVQDSR_FQKLVF	:::::::::0:0:13:::::20:-8:41:::
4515	212.0	8.334702793147616E-5	1	1.1548677676406051E-4	TGTGCTGGCTCACAGGCCATACCGGCACTGCCAGTAAACTCACCTTT	NNNNNNNNNNNNNNNNNNNNNNNNNNNNNNNNNNNNNNNNNNNNNNN	TRAV35*00(890.7)		TRAJ44*00(559.9)		588|596|620|0|8||80.0		23|52|83|18|47||290.0		TGTGCTGGCTCACAGGCCATACCGGCACTGCCAGTAAACTCACCTTT	45	CAGSQAIP_TASKLTF	:::::::::0:-4:8:::::18:-3:47:::
5667	212.0	8.334702793147616E-5	1	1.1548677676406051E-4	TGTGCCTCCTAGATGAATTATGGTGGTGCTACAAACAAGCTCATCTTT	NNNNNNNNNNNNNNNNNNNNNNNNNNNNNNNNNNNNNNNNNNNNNNNN	TRAV24*00(969.5)		TRAJ32*00(619.7)		515|522|545|0|7||70.0		19|55|86|12|48||360.0		TGTGCCTCCTAGATGAATTATGGTGGTGCTACAAACAAGCTCATCTTT	45	CAS*MNYGGATNKLIF	:::::::::0:-3:7:::::12:1:48:::
5975	212.0	8.334702793147616E-5	1	1.1548677676406051E-4	TGTGCCCTCCGTTCTAACGACTACAAGCTCAGCTTT	NNNNNNNNNNNNNNNNNNNNNNNNNNNNNNNNNNNN	TRAV24*00(439.7)		TRAJ20*00(569.5)		515|521|545|0|6||60.0		19|46|77|9|36||270.0		TGTGCCCTCCGTTCTAACGACTACAAGCTCAGCTTT	45	CALRSNDYKLSF	:::::::::0:-4:6:::::9:1:36:::
6228	212.0	8.334702793147616E-5	1	1.1548677676406051E-4	TGTGCCGTGGACCGCCCTTGGTCCGGCACTGCCAGTAAACTCACCTTT	NNNNNNNNNNNNNNNNNNNNNNNNNNNNNNNNNNNNNNNNNNNNNNNN	TRAV12-2*00(490.9)		TRAJ44*00(540.3)		551|563|584|0|12|SA560G|91.0		26|52|83|22|48||260.0		TGTGCCGTGGACCGCCCTTGGTCCGGCACTGCCAGTAAACTCACCTTT	45	CAVDRPWSGTASKLTF	:::::::::0:-1:12:::::22:-6:48:::
17504	212.0	8.334702793147616E-5	1	1.1548677676406051E-4	TGTGCAGCCACCGACAAGCTCATCTTT	NNNNNNNNNNNNNNNNNNNNNNNNNNN	TRAV27*00(586.2)		TRAJ34*00(489.9)		552|559|582|0|7||70.0		28|47|78|8|27||190.0		TGTGCAGCCACCGACAAGCTCATCTTT	45	CAATDKLIF	:::::::::0:-3:7:::::8:-8:27:::
17913	212.0	8.334702793147616E-5	1	1.1548677676406051E-4	TGTGCAGCAAGCGGTTATGGAGGAAGCCAAGGAAATCTCATCTTT	NNNNNNNNNNNNNNNNNNNNNNNNNNNNNNNNNNNNNNNNNNNNN	TRAV29/DV5*00(579.9)		TRAJ42*00(609.7)		529|542|562|0|13||130.0		24|55|86|14|45||310.0		TGTGCAGCAAGCGGTTATGGAGGAAGCCAAGGAAATCTCATCTTT	45	CAASGYGGSQGNLIF	:::::::::0:0:13:::::14:-4:45:::
17937	212.0	8.334702793147616E-5	1	1.1548677676406051E-4	TGTGCAGCAAGCGGGACTGGGGCAAACAACCTCTTCTTT	NNNNNNNNNNNNNNNNNNNNNNNNNNNNNNNNNNNNNNN	TRAV29/DV5*00(579.7)		TRAJ36*00(549.2)		529|542|562|0|13||130.0		24|48|79|15|39||240.0		TGTGCAGCAAGCGGGACTGGGGCAAACAACCTCTTCTTT	45	CAASGTGANNLFF	:::::::::0:0:13:::::15:-4:39:::
18216	212.0	8.334702793147616E-5	1	1.1548677676406051E-4	TGTGCAGGGAATTCCGGGTATGCACTCAACTTC	NNNNNNNNNNNNNNNNNNNNNNNNNNNNNNNNN	TRAV25*00(546.8)		TRAJ41*00(499.7)		620|629|649|0|9||90.0		27|51|82|9|33||240.0		TGTGCAGGGAATTCCGGGTATGCACTCAACTTC	45	CAGNSGYALNF	:::::::::0:0:9:::::9:-7:33:::
2030	211.0	8.295388157330882E-5	1	1.1548677676406051E-4	TGTGCTTTCATCCGTTCGAACAGAGATGACAAGATCATCTTT	NNNNNNNNNNNNNNNNNNNNNNNNNNNNNNNNNNNNNNNNNN	TRAV38-1*00(564.6)		TRAJ30*00(559.7)		596|607|633|0|11||110.0		21|46|77|17|42||250.0		TGTGCTTTCATCCGTTCGAACAGAGATGACAAGATCATCTTT	45	CAFIRSNRDDKIIF	:::::::::0:-6:11:::::17:-1:42:::
3348	211.0	8.295388157330882E-5	1	1.1548677676406051E-4	TGTGCTGTGTTTAACTGGAGCCAATAGTAAGCTGACATTT	NNNNNNNNNNNNNNNNNNNNNNNNNNNNNNNNNNNNNNNN	TRAV8-6*00(659.6)		TRAJ56*00(579.7)		448|457|482|0|9||90.0		24|51|82|13|40||270.0		TGTGCTGTGTTTAACTGGAGCCAATAGTAAGCTGACATTT	45	CAVFNWS_NSKLTF	:::::::::0:-5:9:::::13:-4:40:::
3868	211.0	8.295388157330882E-5	1	1.1548677676406051E-4	TGTGCTGTGAGTCCCAATACTGGAGGCTTCAAAACTATCTTT	NNNNNNNNNNNNNNNNNNNNNNNNNNNNNNNNNNNNNNNNNN	TRAV8-6*00(689.8)		TRAJ9*00(569.6)		448|460|482|0|12||120.0		23|50|81|15|42||270.0		TGTGCTGTGAGTCCCAATACTGGAGGCTTCAAAACTATCTTT	45	CAVSPNTGGFKTIF	:::::::::0:-2:12:::::15:-3:42:::
4109	211.0	8.295388157330882E-5	1	1.1548677676406051E-4	TGTGCTGTGAGGTTGGAGGGAAACAATGCCAGACTCATGTTT	NNNNNNNNNNNNNNNNNNNNNNNNNNNNNNNNNNNNNNNNNN	TRAV1-2*00(669.9)		TRAJ31*00(509.3)		620|631|654|0|11||110.0		25|46|77|21|42||210.0		TGTGCTGTGAGGTTGGAGGGAAACAATGCCAGACTCATGTTT	45	CAVRLEGNNARLMF	:::::::::0:-3:11:::::21:-5:42:::
4512	211.0	8.295388157330882E-5	1	1.1548677676406051E-4	TGTGCTGGTACCTCAGGAACCTACAAATACATCTTT	NNNNNNNNNNNNNNNNNNNNNNNNNNNNNNNNNNNN	TRAV25*00(493.6)		TRAJ40*00(569.9)		620|628|649|0|8|SA625T|51.0		22|50|81|8|36||280.0		TGTGCTGGTACCTCAGGAACCTACAAATACATCTTT	45	CAGTSGTYKYIF	:::::::::0:-1:8:::::8:-2:36:::
4995	211.0	8.295388157330882E-5	1	1.1548677676406051E-4	TGTGCCTTTCGGAGCGGTACTAGCTATGGAAAGCTGACATTT	NNNNNNNNNNNNNNNNNNNNNNNNNNNNNNNNNNNNNNNNNN	TRAV24*00(499.7)		TRAJ52*00(569.5)		515|524|545|0|9||90.0		31|58|89|15|42||270.0		TGTGCCTTTCGGAGCGGTACTAGCTATGGAAAGCTGACATTT	45	CAFRSGTSYGKLTF	:::::::::0:-1:9:::::15:-11:42:::
6262	211.0	8.295388157330882E-5	1	1.1548677676406051E-4	TGTGCCGTGGAACTTTGGAAATGAGAAATTAACCTTT	NNNNNNNNNNNNNNNNNNNNNNNNNNNNNNNNNNNNN	TRAV8-1*00(559.7)		TRAJ48*00(579.6)		474|483|508|0|9||90.0		25|52|83|10|37||270.0		TGTGCCGTGGAACTTTGGAAATGAGAAATTAACCTTT	45	CAVELW_NEKLTF	:::::::::0:-5:9:::::10:-5:37:::
17797	211.0	8.295388157330882E-5	1	1.1548677676406051E-4	TGTGCAGCAAGCTATGGAAACAAGCTGGTCTTT	NNNNNNNNNNNNNNNNNNNNNNNNNNNNNNNNN	TRAV23/DV6*00(489.6)		TRAJ47*00(490.9)		517|529|550|0|12||120.0		25|46|77|12|33|SA36G|181.0		TGTGCAGCAAGCTATGGAAACAAGCTGGTCTTT	45	CAASYGNKLVF	:::::::::0:-1:12:::::12:-5:33:::
17806	211.0	8.295388157330882E-5	1	1.1548677676406051E-4	TGTGCAGCAAGCTAAAGTATAGAAACAAACTGGTCTTT	NNNNNNNNNNNNNNNNNNNNNNNNNNNNNNNNNNNNNN	TRAV29/DV5*00(529.9)		TRAJ47*00(490.4)		529|541|562|0|12||120.0		25|46|77|17|38|SG28A|181.0		TGTGCAGCAAGCTAAAGTATAGAAACAAACTGGTCTTT	45	CAAS*S_RNKLVF	:::::::::0:-1:12:::::17:-5:38:::
18076	211.0	8.295388157330882E-5	1	1.1548677676406051E-4	TGTGCAGCAAATAATGCTGGCAACAACCGTAAGCTGATTTGG	NNNNNNNNNNNNNNNNNNNNNNNNNNNNNNNNNNNNNNNNNN	TRAV13-1*00(960.5)		TRAJ38*00(579.9)		511|523|544|0|12|SG521A|101.0		21|51|82|12|42||320.0		TGTGCAGCAAATAATGCTGGCAACAACCGTAAGCTGATTTGG	45	CAANNAGNNRKLIW	:::::::::0:-1:12:::::12:-1:42:::
18092	211.0	8.295388157330882E-5	1	1.1548677676406051E-4	TGTGCAGCAAAAGCCGACAGCTGGGGGAAATTGCAGTTT	NNNNNNNNNNNNNNNNNNNNNNNNNNNNNNNNNNNNNNN	TRAV13-1*00(959)		TRAJ24*00(520)		511|521|544|0|10||100.0		28|52|83|15|39||240.0		TGTGCAGCAAAAGCCGACAGCTGGGGGAAATTGCAGTTT	45	CAAKADSWGKLQF	:::::::::0:-3:10:::::15:-8:39:::
18181	211.0	8.295388157330882E-5	1	1.1548677676406051E-4	TGTGCAGGGCAATGAGGGAACAACAGACTCGCTTTT	NNNNNNNNNNNNNNNNNNNNNNNNNNNNNNNNNNNN	TRAV25*00(559.5)		TRAJ7*00(499.7)		620|630|649|0|10||100.0		27|48|79|15|36||210.0		TGTGCAGGGCAATGAGGGAACAACAGACTCGCTTTT	45	CAGQ*GNNRLAF	:::::::::0:1:10:::::15:-7:36:::
18795	211.0	8.295388157330882E-5	1	1.1548677676406051E-4	TGTGCAATGAGAGAGGGGTCTTATCTAACTTTGGAAATGAGAAATTAACCTTT	NNNNNNNNNNNNNNNNNNNNNNNNNNNNNNNNNNNNNNNNNNNNNNNNNNNNN	TRAV14/DV4*00(900.4)		TRAJ48*00(589.2)		517|534|554|0|17||170.0		20|52|83|21|53||320.0		TGTGCAATGAGAGAGGGGTCTTATCTAACTTTGGAAATGAGAAATTAACCTTT	45	CAMREGSYL_FGNEKLTF	:::::::::0:0:17:::::21:0:53:::
20364	211.0	8.295388157330882E-5	1	1.1548677676406051E-4	TGCATCGTCAGACCCCTCGGTAGCAACTATCAGTTAATCTGG	NNNNNNNNNNNNNNNNNNNNNNNNNNNNNNNNNNNNNNNNNN	TRAV26-1*00(609.9)		TRAJ33*00(509.5)		763|775|799|0|12||120.0		24|46|77|20|42||220.0		TGCATCGTCAGACCCCTCGGTAGCAACTATCAGTTAATCTGG	45	CIVRPLGSNYQLIW	:::::::::0:-4:12:::::20:-4:42:::
2541	210.0	8.256073521514148E-5	1	1.1548677676406051E-4	TGTGCTCTGATGAAGCTGACATTT	NNNNNNNNNNNNNNNNNNNNNNNN	TRAV16*00(490.1)		TRAJ52*00(419.9)		449|457|483|0|8||80.0		46|58|89|12|24||120.0		TGTGCTCTGATGAAGCTGACATTT	45	CALMKLTF	:::::::::0:-6:8:::::12:-26:24:::
3162	210.0	8.256073521514148E-5	1	1.1548677676406051E-4	TGTGCTGTTCTTGATACAGCACCCTCACCTTT	NNNNNNNNNNNNNNNNNNNNNNNNNNNNNNNN	TRAV20*00(490)		TRAJ11*00(509.9)		498|506|531|0|8||80.0		29|49|80|12|32||200.0		TGTGCTGTTCTTGATACAGCACCCTCACCTTT	45	CAVLD_STLTF	:::::::::0:-5:8:::::12:-9:32:::
3207	210.0	8.256073521514148E-5	1	1.1548677676406051E-4	TGTGCTGTCTTAACCAATGCAGGCAAATCAACCTTT	NNNNNNNNNNNNNNNNNNNNNNNNNNNNNNNNNNNN	TRAV21*00(439.8)		TRAJ27*00(529.7)		544|552|576|0|8||80.0		24|48|79|12|36||240.0		TGTGCTGTCTTAACCAATGCAGGCAAATCAACCTTT	45	CAVLTNAGKSTF	:::::::::0:-4:8:::::12:-4:36:::
3731	210.0	8.256073521514148E-5	1	1.1548677676406051E-4	TGTGCTGTGGAGGATCAGGGAAAAGCAGTGCTTCCAAGATAATCTTT	NNNNNNNNNNNNNNNNNNNNNNNNNNNNNNNNNNNNNNNNNNNNNNN	TRAV2*00(1059.3)		TRAJ3*00(501.6)		519|535|553|0|16||160.0		21|51|82|17|47|ST24ASC26A|242.0		TGTGCTGTGGAGGATCAGGGAAAAGCAGTGCTTCCAAGATAATCTTT	45	CAVEDQGK_SASKIIF	:::::::::0:2:16:::::17:-1:47:::
17995	210.0	8.256073521514148E-5	1	1.1548677676406051E-4	TGTGCAGCAAGCACGGGCAGGCAACATGCTCACCTTT	NNNNNNNNNNNNNNNNNNNNNNNNNNNNNNNNNNNNN	TRAV29/DV5*00(570.4)		TRAJ39*00(519.6)		529|544|562|0|15|SG541A|121.0		31|52|83|16|37||210.0		TGTGCAGCAAGCACGGGCAGGCAACATGCTCACCTTT	45	CAASTG_GNMLTF	:::::::::0:2:15:::::16:-11:37:::
18759	210.0	8.256073521514148E-5	1	1.1548677676406051E-4	TGTGCAATGAGAGAGGGCTTCGATAGCAACTATCAGTTAATCTGG	NNNNNNNNNNNNNNNNNNNNNNNNNNNNNNNNNNNNNNNNNNNNN	TRAV14/DV4*00(910.9)		TRAJ33*00(529.7)		517|535|554|0|18||180.0		22|46|77|21|45||240.0		TGTGCAATGAGAGAGGGCTTCGATAGCAACTATCAGTTAATCTGG	45	CAMREGFDSNYQLIW	:::::::::0:1:18:::::21:-2:45:::
18769	210.0	8.256073521514148E-5	1	1.1548677676406051E-4	TGTGCAATGAGAGAGGGCCTAGGCTTTGGAAATGAGAAATTAACCTTT	NNNNNNNNNNNNNNNNNNNNNNNNNNNNNNNNNNNNNNNNNNNNNNNN	TRAV14/DV4*00(920.4)		TRAJ48*00(539.9)		517|536|554|0|19||190.0		27|52|83|23|48||250.0		TGTGCAATGAGAGAGGGCCTAGGCTTTGGAAATGAGAAATTAACCTTT	45	CAMREGLGFGNEKLTF	:::::::::0:2:19:::::23:-7:48:::
20158	210.0	8.256073521514148E-5	1	1.1548677676406051E-4	TGCGGCACGCAGGGAGCCCAGAAGCTGGTATTT	NNNNNNNNNNNNNNNNNNNNNNNNNNNNNNNNN	TRAV30*00(450)		TRAJ54*00(529.9)		567|575|600|0|8||80.0		25|49|80|9|33||240.0		TGCGGCACGCAGGGAGCCCAGAAGCTGGTATTT	45	CGTQGAQKLVF	:::::::::0:-5:8:::::9:-5:33:::
20463	210.0	8.256073521514148E-5	1	1.1548677676406051E-4	TGCATCGTCAGAAGCAACTATGGTCAGAATTTTGTCTTT	NNNNNNNNNNNNNNNNNNNNNNNNNNNNNNNNNNNNNNN	TRAV26-1*00(609.9)		TRAJ26*00(529.9)		763|775|799|0|12||120.0		25|49|80|15|39||240.0		TGCATCGTCAGAAGCAACTATGGTCAGAATTTTGTCTTT	45	CIVRSNYGQNFVF	:::::::::0:-4:12:::::15:-5:39:::
1511	209.0	8.216758885697414E-5	1	1.1548677676406051E-4	TGTTCCCCCTCATCTAAGGTAACCAGTTCTATTTT	NNNNNNNNNNNNNNNNNNNNNNNNNNNNNNNNNNN	TRAV13-1*00(888.8)		TRAJ49*00(479.6)		511|514|544|0|3||30.0		27|45|76|17|35||180.0		TGTTCCCCCTCATCTAAGGTAACCAGTTCTATTTT	45	CSPSSK_NQFYF	:::::::::0:-10:3:::::17:-7:35:::
1536	209.0	8.216758885697414E-5	1	1.1548677676406051E-4	TGTCTTCTGGGAGATCATTCAGGAGGAGGTGCTGACGGACTCACCTTT	NNNNNNNNNNNNNNNNNNNNNNNNNNNNNNNNNNNNNNNNNNNNNNNN	TRAV40*00(939.6)		TRAJ45*00(589.6)		436|452|470|0|16||160.0		23|55|86|16|48||320.0		TGTCTTCTGGGAGATCATTCAGGAGGAGGTGCTGACGGACTCACCTTT	45	CLLGDHSGGGADGLTF	:::::::::0:2:16:::::16:-3:48:::
1983	209.0	8.216758885697414E-5	1	1.1548677676406051E-4	TGTGTGGATAATAATGCAGGCAACATGCTCACCTTT	NNNNNNNNNNNNNNNNNNNNNNNNNNNNNNNNNNNN	TRAV12-1*00(929.8)		TRAJ39*00(600.7)		539|545|572|0|6||70.0		22|52|83|6|36|SA22G|291.0		TGTGTGGATAATAATGCAGGCAACATGCTCACCTTT	45	CVDNNAGNMLTF	:::::::::0:-7:6:::::6:-2:36:::
2074	209.0	8.216758885697414E-5	1	1.1548677676406051E-4	TGTGCTTTCATGAAGCATGAAAGAGCCAGACTCATGTTT	NNNNNNNNNNNNNNNNNNNNNNNNNNNNNNNNNNNNNNN	TRAV38-1*00(649.6)		TRAJ31*00(449.6)		596|615|633|0|19||190.0		31|46|77|24|39||150.0		TGTGCTTTCATGAAGCATGAAAGAGCCAGACTCATGTTT	45	CAFMKHERARLMF	:::::::::0:2:19:::::24:-11:39:::
2265	209.0	8.216758885697414E-5	1	1.1548677676406051E-4	TGTGCTTATAAGGCAGGCTTTGGGAATGTGCTGCATTGC	NNNNNNNNNNNNNNNNNNNNNNNNNNNNNNNNNNNNNNN	TRAV38-2/DV8*00(559.7)		TRAJ35*00(559.7)		602|612|638|0|10||100.0		23|48|79|14|39||250.0		TGTGCTTATAAGGCAGGCTTTGGGAATGTGCTGCATTGC	45	CAYKAGFGNVLHC	:::::::::0:-6:10:::::14:-3:39:::
18176	209.0	8.216758885697414E-5	1	1.1548677676406051E-4	TGTGCAGGGCATAATGCAGGCAACATGCTCACCTTT	NNNNNNNNNNNNNNNNNNNNNNNNNNNNNNNNNNNN	TRAV25*00(560)		TRAJ39*00(570)		620|630|649|0|10||100.0		26|52|83|10|36||260.0		TGTGCAGGGCATAATGCAGGCAACATGCTCACCTTT	45	CAGHNAGNMLTF	:::::::::0:1:10:::::10:-6:36:::
19094	209.0	8.216758885697414E-5	1	1.1548677676406051E-4	TGCGCTCTCCCCTAATGCTGGCAACAACCGTAAGCTGATTTGG	NNNNNNNNNNNNNNNNNNNNNNNNNNNNNNNNNNNNNNNNNNN	TRAV1-1*00(630.8)		TRAJ38*00(608.9)		670|676|704|0|6||60.0		20|51|82|12|43||310.0		TGCGCTCTCCCCTAATGCTGGCAACAACCGTAAGCTGATTTGG	45	CALP*CW_NNRKLIW	:::::::::0:-8:6:::::12:0:43:::
20260	209.0	8.216758885697414E-5	1	1.1548677676406051E-4	TGCATCCTGAGAGACCTCAGGAACCTACAAATACATCTTT	NNNNNNNNNNNNNNNNNNNNNNNNNNNNNNNNNNNNNNNN	TRAV26-2*00(630.4)		TRAJ40*00(539.8)		791|807|826|0|16|SG806C|151.0		26|50|81|16|40||270.0		TGCATCCTGAGAGACCTCAGGAACCTACAAATACATCTTT	45	CILRDLR_TYKYIF	:::::::::0:1:16:::::16:-6:40:::
1988	208.0	8.17744424988068E-5	1	1.1548677676406051E-4	TGTGTAAGTTTGACATGCGCTTT	NNNNNNNNNNNNNNNNNNNNNNN	TRAV38-1*00(499.1)		TRAJ43*00(429.3)		596|600|633|0|4||40.0		30|43|74|10|23||130.0		TGTGTAAGTTTGACATGCGCTTT	45	CVSL_MRF	:::::::::0:-13:4:::::10:-10:23:::
2015	208.0	8.17744424988068E-5	1	1.1548677676406051E-4	TGTGCTTTCCGACCTTCAGGAACCTACAAATACATCTTT	NNNNNNNNNNNNNNNNNNNNNNNNNNNNNNNNNNNNNNN	TRAV21*00(419.6)		TRAJ40*00(529.5)		544|550|576|0|6||60.0		26|50|81|15|39||240.0		TGTGCTTTCCGACCTTCAGGAACCTACAAATACATCTTT	45	CAFRPSGTYKYIF	:::::::::0:-6:6:::::15:-6:39:::
2536	208.0	8.17744424988068E-5	1	1.1548677676406051E-4	TGTGCTCTGATCAGTGCTTCCAAGATAATCTTT	NNNNNNNNNNNNNNNNNNNNNNNNNNNNNNNNN	TRAV9-2*00(709.7)		TRAJ3*00(519.3)		480|490|514|0|10||100.0		29|51|82|11|33||220.0		TGTGCTCTGATCAGTGCTTCCAAGATAATCTTT	45	CALISASKIIF	:::::::::0:-4:10:::::11:-9:33:::
2711	208.0	8.17744424988068E-5	1	1.1548677676406051E-4	TGTGCTCTGAGTGAGGCTGGTCTGGGGGTTACCAGAAAGTTACCTTT	NNNNNNNNNNNNNNNNNNNNNNNNNNNNNNNNNNNNNNNNNNNNNNN	TRAV19*00(779.4)		TRAJ13*00(540.5)		556|573|593|0|17||170.0		25|52|83|20|47||270.0		TGTGCTCTGAGTGAGGCTGGTCTGGGGGTTACCAGAAAGTTACCTTT	45	CALSEAGL_GYQKVTF	:::::::::0:0:17:::::20:-5:47:::
2832	208.0	8.17744424988068E-5	1	1.1548677676406051E-4	TGTGCTCTGAGGCATTTAATGCTGGTGGTACTAGCTATGGAAAGCTGACATTT	NNNNNNNNNNNNNNNNNNNNNNNNNNNNNNNNNNNNNNNNNNNNNNNNNNNNN	TRAV9-2*00(709.6)		TRAJ52*00(669.8)		480|491|514|0|11||110.0		21|58|89|16|53||370.0		TGTGCTCTGAGGCATTTAATGCTGGTGGTACTAGCTATGGAAAGCTGACATTT	45	CALRHLMLV_TSYGKLTF	:::::::::0:-3:11:::::16:-1:53:::
3534	208.0	8.17744424988068E-5	1	1.1548677676406051E-4	TGTGCTGTGGCAGTGCCAGTAAACTCACCTTT	NNNNNNNNNNNNNNNNNNNNNNNNNNNNNNNN	TRAV21*00(449.8)		TRAJ44*00(454.5)		544|553|576|0|9||90.0		29|52|83|9|32|SC32G|211.0		TGTGCTGTGGCAGTGCCAGTAAACTCACCTTT	45	CAVAV_SKLTF	:::::::::0:-3:9:::::9:-9:32:::
3770	208.0	8.17744424988068E-5	1	1.1548677676406051E-4	TGTGCTGTGGAAGATAATGCAGGCAACATGCTCACCTTT	NNNNNNNNNNNNNNNNNNNNNNNNNNNNNNNNNNNNNNN	TRAV22*00(540)		TRAJ39*00(569.3)		526|537|559|0|11||110.0		26|52|83|13|39||260.0		TGTGCTGTGGAAGATAATGCAGGCAACATGCTCACCTTT	45	CAVEDNAGNMLTF	:::::::::0:-2:11:::::13:-6:39:::
18060	208.0	8.17744424988068E-5	1	1.1548677676406051E-4	TGTGCAGCAAGATCGTTTCAGGGAGCCCAGAAGCTGGTATTT	NNNNNNNNNNNNNNNNNNNNNNNNNNNNNNNNNNNNNNNNNN	TRAV29/DV5*00(559.6)		TRAJ54*00(549.9)		529|540|562|0|11||110.0		23|49|80|16|42||260.0		TGTGCAGCAAGATCGTTTCAGGGAGCCCAGAAGCTGGTATTT	45	CAARSFQGAQKLVF	:::::::::0:-2:11:::::16:-3:42:::
18713	208.0	8.17744424988068E-5	1	1.1548677676406051E-4	TGTGCAATGAGAGATGAACATATTAGTGGAGGTAGCAACTATAAACTGACATTT	NNNNNNNNNNNNNNNNNNNNNNNNNNNNNNNNNNNNNNNNNNNNNNNNNNNNNN	TRAV14/DV4*00(869.6)		TRAJ53*00(579.3)		517|531|554|0|14||140.0		24|55|86|23|54||310.0		TGTGCAATGAGAGATGAACATATTAGTGGAGGTAGCAACTATAAACTGACATTT	45	CAMRDEHISGGSNYKLTF	:::::::::0:-3:14:::::23:-4:54:::
19009	208.0	8.17744424988068E-5	1	1.1548677676406051E-4	TGCCTCGTGGGTGACCGGGATACAACTTCAACAAATTTTACTTT	NNNNNNNNNNNNNNNNNNNNNNNNNNNNNNNNNNNNNNNNNNNN	TRAV4*00(569.6)		TRAJ21*00(559.7)		768|783|804|0|15||150.0		19|44|75|19|44||250.0		TGCCTCGTGGGTGACCGGGATACAACTTCAACAAATTTTACTTT	45	CLVGDRD_NFNKFYF	:::::::::0:-1:15:::::19:1:44:::
1547	207.0	8.138129614063946E-5	1	1.1548677676406051E-4	TGTCTTGATTCCGGGTATGCACTCAACTTC	NNNNNNNNNNNNNNNNNNNNNNNNNNNNNN	TRAV25*00(489.4)		TRAJ41*00(489.5)		620|623|649|0|3||30.0		28|51|82|7|30||230.0		TGTCTTGATTCCGGGTATGCACTCAACTTC	45	CLDSGYALNF	:::::::::0:-6:3:::::7:-8:30:::
1739	207.0	8.138129614063946E-5	1	1.1548677676406051E-4	TGTGTGGTGACCCGATACTCTGGGGCTGGGAGTTACCAACTCACTTTC	NNNNNNNNNNNNNNNNNNNNNNNNNNNNNNNNNNNNNNNNNNNNNNNN	TRAV12-1*00(659.7)		TRAJ28*00(615.3)		539|549|572|0|10||100.0		21|55|86|14|48||340.0		TGTGTGGTGACCCGATACTCTGGGGCTGGGAGTTACCAACTCACTTTC	45	CVVTRYSGAGSYQLTF	:::::::::0:-3:10:::::14:-1:48:::
2018	207.0	8.138129614063946E-5	1	1.1548677676406051E-4	TGTGCTTTCCAATGACATGCGCTTT	NNNNNNNNNNNNNNNNNNNNNNNNN	TRAV21*00(725.4)		TRAJ43*00(459.4)		544|550|576|0|6||60.0		27|43|74|9|25||160.0		TGTGCTTTCCAATGACATGCGCTTT	45	CAFQ_DMRF	:::::::::0:-6:6:::::9:-7:25:::
2295	207.0	8.138129614063946E-5	1	1.1548677676406051E-4	TGTGCTCTTCCCGTACGGGCAGGAGAGCACTTACTTTT	NNNNNNNNNNNNNNNNNNNNNNNNNNNNNNNNNNNNNN	TRAV8-6*00(629.3)		TRAJ5*00(539.9)		448|454|482|0|6||60.0		25|49|80|14|38||240.0		TGTGCTCTTCCCGTACGGGCAGGAGAGCACTTACTTTT	45	CALPVR_RRALTF	:::::::::0:-8:6:::::14:-5:38:::
3069	207.0	8.138129614063946E-5	1	1.1548677676406051E-4	TGTGCTCCCCACCCGAGGGGTACCAGGGAGGAAAGCTTATCTTC	NNNNNNNNNNNNNNNNNNNNNNNNNNNNNNNNNNNNNNNNNNNN	TRAV8-6*00(626.7)		TRAJ23*00(500.3)		448|454|482|0|6||60.0		29|52|83|21|44||230.0		TGTGCTCCCCACCCGAGGGGTACCAGGGAGGAAAGCTTATCTTC	45	CAPHPRG_QGGKLIF	:::::::::0:-8:6:::::21:-9:44:::
3612	207.0	8.138129614063946E-5	1	1.1548677676406051E-4	TGTGCTGTGGGCGTCACGGCCCTCTCGGAGCAACACAGGCAAACTAATCTTT	NNNNNNNNNNNNNNNNNNNNNNNNNNNNNNNNNNNNNNNNNNNNNNNNNNNN	TRAV8-3*00(600.9)		TRAJ37*00(540)		455|466|489|0|11||110.0		28|51|82|29|52||230.0		TGTGCTGTGGGCGTCACGGCCCTCTCGGAGCAACACAGGCAAACTAATCTTT	45	CAVGVTALS_SNTGKLIF	:::::::::0:-3:11:::::29:-8:52:::
3738	207.0	8.138129614063946E-5	1	1.1548677676406051E-4	TGTGCTGTGGAGGATAACACCGACAAGCTCATCTTT	NNNNNNNNNNNNNNNNNNNNNNNNNNNNNNNNNNNN	TRAV2*00(1049.1)		TRAJ34*00(499.3)		519|533|553|0|14||150.0		25|47|78|14|36||230.0		TGTGCTGTGGAGGATAACACCGACAAGCTCATCTTT	45	CAVEDNTDKLIF	:::::::::0:0:14:::::14:-5:36:::
3819	207.0	8.138129614063946E-5	1	1.1548677676406051E-4	TGTGCTGTGACCCCACCGGGCGACTACAAGCTCAGCTTT	NNNNNNNNNNNNNNNNNNNNNNNNNNNNNNNNNNNNNNN	TRAV8-6*00(669.9)		TRAJ20*00(489.6)		448|458|482|0|10||100.0		27|46|77|20|39||190.0		TGTGCTGTGACCCCACCGGGCGACTACAAGCTCAGCTTT	45	CAVTPPGDYKLSF	:::::::::0:-4:10:::::20:-7:39:::
6150	207.0	8.138129614063946E-5	1	1.1548677676406051E-4	TGTGCCGTCGACCCTTTCGCAGGATACAAGCTGGTCTTT	NNNNNNNNNNNNNNNNNNNNNNNNNNNNNNNNNNNNNNN	TRAV39*00(729.9)		TRAJ47*00(431.2)		507|519|540|0|12|SG515C|91.0		28|46|77|21|39|SA31TSA36G|122.0		TGTGCCGTCGACCCTTTCGCAGGATACAAGCTGGTCTTT	45	CAVDPFAGYKLVF	:::::::::0:-1:12:::::21:-8:39:::
17582	207.0	8.138129614063946E-5	1	1.1548677676406051E-4	TGTGCAGCAGGAGGCTTTGGGAATGTGCTGCATTGC	NNNNNNNNNNNNNNNNNNNNNNNNNNNNNNNNNNNN	TRAV13-1*00(570)		TRAJ35*00(549.7)		511|520|544|0|9||90.0		23|48|79|11|36||250.0		TGTGCAGCAGGAGGCTTTGGGAATGTGCTGCATTGC	45	CAAGGFGNVLHC	:::::::::0:-4:9:::::11:-3:36:::
17635	207.0	8.138129614063946E-5	1	1.1548677676406051E-4	TGTGCAGCAACCAGTTCTATTTT	NNNNNNNNNNNNNNNNNNNNNNN	TRAV13-1*00(959.4)		TRAJ49*00(449.7)		511|520|544|0|9||100.0		31|45|76|9|23||150.0		TGTGCAGCAACCAGTTCTATTTT	45	CAAT_FYF	:::::::::0:-4:9:::::9:-11:23:::
17758	207.0	8.138129614063946E-5	1	1.1548677676406051E-4	TGTGCAGCAAGTAATAACGACTACAAGCTCAGCTTT	NNNNNNNNNNNNNNNNNNNNNNNNNNNNNNNNNNNN	TRAV13-1*00(609.4)		TRAJ20*00(526.4)		511|524|544|0|13||130.0		24|46|77|14|36||220.0		TGTGCAGCAAGTAATAACGACTACAAGCTCAGCTTT	45	CAASNNDYKLSF	:::::::::0:0:13:::::14:-4:36:::
18273	207.0	8.138129614063946E-5	1	1.1548677676406051E-4	TGTGCAGGAGCGGGAGGAGGTAGCAACTATAAACTGACATTT	NNNNNNNNNNNNNNNNNNNNNNNNNNNNNNNNNNNNNNNNNN	TRAV27*00(628.5)		TRAJ53*00(579.9)		552|563|582|0|11||110.0		28|55|86|15|42||270.0		TGTGCAGGAGCGGGAGGAGGTAGCAACTATAAACTGACATTT	45	CAGAGGGSNYKLTF	:::::::::0:1:11:::::15:-8:42:::
18656	207.0	8.138129614063946E-5	1	1.1548677676406051E-4	TGTGCAATGAGCGGGAGGAAGCTACATACCTACATTT	NNNNNNNNNNNNNNNNNNNNNNNNNNNNNNNNNNNNN	TRAV12-3*00(989)		TRAJ6*00(539.8)		562|575|595|0|13||130.0		27|51|82|13|37||240.0		TGTGCAATGAGCGGGAGGAAGCTACATACCTACATTT	45	CAMSGR_SYIPTF	:::::::::0:0:13:::::13:-7:37:::
20436	207.0	8.138129614063946E-5	1	1.1548677676406051E-4	TGCATCGTCAGAGTACTACCGTATGGTCAGAATTTTGTCTTT	NNNNNNNNNNNNNNNNNNNNNNNNNNNNNNNNNNNNNNNNNN	TRAV26-1*00(629.6)		TRAJ26*00(481)		763|777|799|0|14||140.0		28|49|80|21|42||210.0		TGCATCGTCAGAGTACTACCGTATGGTCAGAATTTTGTCTTT	45	CIVRVLPYGQNFVF	:::::::::0:-2:14:::::21:-8:42:::
2290	206.0	8.098814978247212E-5	1	1.1548677676406051E-4	TGTGCTCTTCCTTAGGTGCACTCTGGGGCTGGGAGTTACCAACTCACTTTC	NNNNNNNNNNNNNNNNNNNNNNNNNNNNNNNNNNNNNNNNNNNNNNNNNNN	TRAV16*00(949.2)		TRAJ28*00(569.4)		449|457|483|0|8||80.0		23|55|86|19|51||320.0		TGTGCTCTTCCTTAGGTGCACTCTGGGGCTGGGAGTTACCAACTCACTTTC	45	CALP*VHSGAGSYQLTF	:::::::::0:-6:8:::::19:-3:51:::
2311	206.0	8.098814978247212E-5	1	1.1548677676406051E-4	TGTGCTCTTGGGTCGATCAAACTGGGGCAAACAACCTCTTCTTT	NNNNNNNNNNNNNNNNNNNNNNNNNNNNNNNNNNNNNNNNNNNN	TRDV1*00(649.1)		TRAJ36*00(609.2)		573|585|610|0|12||120.0		18|48|79|14|44||300.0		TGTGCTCTTGGGTCGATCAAACTGGGGCAAACAACCTCTTCTTT	45	CALGSIK_GANNLFF	:::::::::0:-5:12:::::14:2:44:::
2538	206.0	8.098814978247212E-5	1	1.1548677676406051E-4	TGTGCTCTGATGGGTGGAGGCTTTGGGAATGTGCTGCATTGC	NNNNNNNNNNNNNNNNNNNNNNNNNNNNNNNNNNNNNNNNNN	TRAV9-2*00(709.6)		TRAJ35*00(549.9)		480|490|514|0|10||100.0		23|48|79|17|42||250.0		TGTGCTCTGATGGGTGGAGGCTTTGGGAATGTGCTGCATTGC	45	CALMGGGFGNVLHC	:::::::::0:-4:10:::::17:-3:42:::
2668	206.0	8.098814978247212E-5	1	1.1548677676406051E-4	TGTGCTCTGAGTGATCAAGGATACAGCACCCTCACCTTT	NNNNNNNNNNNNNNNNNNNNNNNNNNNNNNNNNNNNNNN	TRAV9-2*00(779.7)		TRAJ11*00(528.6)		480|497|514|0|17||170.0		27|49|80|17|39||220.0		TGTGCTCTGAGTGATCAAGGATACAGCACCCTCACCTTT	45	CALSDQGYSTLTF	:::::::::0:3:17:::::17:-7:39:::
3447	206.0	8.098814978247212E-5	1	1.1548677676406051E-4	TGTGCTGTGCAGGCGGGAATGTATAGTCAAATTCCGGGTATGCACTCAACTTC	NNNNNNNNNNNNNNNNNNNNNNNNNNNNNNNNNNNNNNNNNNNNNNNNNNNNN	TRAV20*00(549.3)		TRAJ41*00(529.8)		498|512|531|0|14||140.0		24|51|82|26|53||270.0		TGTGCTGTGCAGGCGGGAATGTATAGTCAAATTCCGGGTATGCACTCAACTTC	45	CAVQAGMYS_NSGYALNF	:::::::::0:1:14:::::26:-4:53:::
3466	206.0	8.098814978247212E-5	1	1.1548677676406051E-4	TGTGCTGTGCAGGACGAATGGCCAGAAGCTGCTCTTT	NNNNNNNNNNNNNNNNNNNNNNNNNNNNNNNNNNNNN	TRAV20*00(540)		TRAJ16*00(470.4)		498|511|531|0|13||130.0		29|49|80|17|37||200.0		TGTGCTGTGCAGGACGAATGGCCAGAAGCTGCTCTTT	45	CAVQDE_GQKLLF	:::::::::0:0:13:::::17:-9:37:::
3887	206.0	8.098814978247212E-5	1	1.1548677676406051E-4	TGTGCTGTGAGTGTAAAGTAGGCAAATCAACCTTT	NNNNNNNNNNNNNNNNNNNNNNNNNNNNNNNNNNN	TRAV8-6*00(699.7)		TRAJ27*00(449.9)		448|461|482|0|13||130.0		32|48|79|19|35||160.0		TGTGCTGTGAGTGTAAAGTAGGCAAATCAACCTTT	45	CAVSVK_GKSTF	:::::::::0:-1:13:::::19:-12:35:::
4701	206.0	8.098814978247212E-5	1	1.1548677676406051E-4	TGTGCTGGGGGTGAGAAATTAACCTTT	NNNNNNNNNNNNNNNNNNNNNNNNNNN	TRAV20*00(479.7)		TRAJ48*00(469.2)		498|505|531|0|7||70.0		36|52|83|11|27||160.0		TGTGCTGGGGGTGAGAAATTAACCTTT	45	CAGGEKLTF	:::::::::0:-6:7:::::11:-16:27:::
17320	206.0	8.098814978247212E-5	1	1.1548677676406051E-4	TGTGCGTAGATGGCCAGAAGCTGCTCTTT	NNNNNNNNNNNNNNNNNNNNNNNNNNNNN	TRAV17*00(849.2)		TRAJ16*00(491)		490|495|523|0|5||50.0		27|49|80|7|29||220.0		TGTGCGTAGATGGCCAGAAGCTGCTCTTT	45	CA*MA_KLLF	:::::::::0:-8:5:::::7:-7:29:::
17842	206.0	8.098814978247212E-5	1	1.1548677676406051E-4	TGTGCAGCAAGCCAAAGCGGCACTGCCAGTAAACTCACCTTT	NNNNNNNNNNNNNNNNNNNNNNNNNNNNNNNNNNNNNNNNNN	TRAV29/DV5*00(569.8)		TRAJ44*00(559.6)		529|541|562|0|12||120.0		27|52|83|17|42||250.0		TGTGCAGCAAGCCAAAGCGGCACTGCCAGTAAACTCACCTTT	45	CAASQSGTASKLTF	:::::::::0:-1:12:::::17:-7:42:::
17871	206.0	8.098814978247212E-5	1	1.1548677676406051E-4	TGTGCAGCAAGCGCGTGAGGGCGGATCTGAAAAGCTGGTCTTT	NNNNNNNNNNNNNNNNNNNNNNNNNNNNNNNNNNNNNNNNNNN	TRAV29/DV5*00(584.2)		TRAJ57*00(569.9)		529|544|562|0|15||150.0		26|52|83|17|43||260.0		TGTGCAGCAAGCGCGTGAGGGCGGATCTGAAAAGCTGGTCTTT	45	CAASA*G_GSEKLVF	:::::::::0:2:15:::::17:-6:43:::
18334	206.0	8.098814978247212E-5	1	1.1548677676406051E-4	TGTGCAGACCCATGGATAGCAGCTATAAATTGATCTTC	NNNNNNNNNNNNNNNNNNNNNNNNNNNNNNNNNNNNNN	TRAV5*00(440)		TRAJ12*00(549.8)		523|531|556|0|8||80.0		22|49|80|11|38||270.0		TGTGCAGACCCATGGATAGCAGCTATAAATTGATCTTC	45	CADPWI_SYKLIF	:::::::::0:-5:8:::::11:-2:38:::
18591	206.0	8.098814978247212E-5	1	1.1548677676406051E-4	TGTGCAATGAGTCTCTACCTTCAGGGAGCCCAGAAGCTGGTATTT	NNNNNNNNNNNNNNNNNNNNNNNNNNNNNNNNNNNNNNNNNNNNN	TRAV14/DV4*00(840.2)		TRAJ54*00(549.5)		517|528|554|0|11||110.0		23|49|80|19|45||260.0		TGTGCAATGAGTCTCTACCTTCAGGGAGCCCAGAAGCTGGTATTT	45	CAMSLYLQGAQKLVF	:::::::::0:-6:11:::::19:-3:45:::
1564	205.0	8.059500342430478E-5	1	1.1548677676406051E-4	TGTGTTCTGGGTAGGAGCAACTATCAGTTAATCTGG	NNNNNNNNNNNNNNNNNNNNNNNNNNNNNNNNNNNN	TRAV9-2*00(681.3)		TRAJ33*00(499.8)		480|492|514|0|12|SC484TSA489G|62.0		25|46|77|15|36||210.0		TGTGTTCTGGGTAGGAGCAACTATCAGTTAATCTGG	45	CVLGRSNYQLIW	:::::::::0:-2:12:::::15:-5:36:::
1658	205.0	8.059500342430478E-5	1	1.1548677676406051E-4	TGTGTGGTTCCCCGGGGGGGATACAGCACCCTCACCTTT	NNNNNNNNNNNNNNNNNNNNNNNNNNNNNNNNNNNNNNN	TRAV12-1*00(939.9)		TRAJ11*00(489.4)		539|547|572|0|8||80.0		28|49|80|18|39||210.0		TGTGTGGTTCCCCGGGGGGGATACAGCACCCTCACCTTT	45	CVVPRGGYSTLTF	:::::::::0:-5:8:::::18:-8:39:::
1784	205.0	8.059500342430478E-5	1	1.1548677676406051E-4	TGTGTGGTGAGCGCCTTCGCTGGGGCTGGGAGTTACCAACTCACTTTC	NNNNNNNNNNNNNNNNNNNNNNNNNNNNNNNNNNNNNNNNNNNNNNNN	TRAV12-1*00(930.4)		TRAJ28*00(539.9)		539|549|572|0|10||100.0		26|55|86|19|48||290.0		TGTGTGGTGAGCGCCTTCGCTGGGGCTGGGAGTTACCAACTCACTTTC	45	CVVSAFAGAGSYQLTF	:::::::::0:-3:10:::::19:-6:48:::
3066	205.0	8.059500342430478E-5	1	1.1548677676406051E-4	TGTGCTCCCCCAGGCAAGGCCAGACTCATGTTT	NNNNNNNNNNNNNNNNNNNNNNNNNNNNNNNNN	TRAV16*00(939.6)		TRAJ31*00(460.7)		449|456|483|0|7||70.0		27|46|77|14|33|ST30G|161.0		TGTGCTCCCCCAGGCAAGGCCAGACTCATGTTT	45	CAPPGKARLMF	:::::::::0:-7:7:::::14:-7:33:::
3236	205.0	8.059500342430478E-5	1	1.1548677676406051E-4	TGTGCTGTCCCGGGTGGTGCTACAAACAAGCTCATCTTT	NNNNNNNNNNNNNNNNNNNNNNNNNNNNNNNNNNNNNNN	TRAV2*00(529.9)		TRAJ32*00(569.4)		519|527|553|0|8||80.0		28|55|86|12|39||270.0		TGTGCTGTCCCGGGTGGTGCTACAAACAAGCTCATCTTT	45	CAVPGGATNKLIF	:::::::::0:-6:8:::::12:-8:39:::
3387	205.0	8.059500342430478E-5	1	1.1548677676406051E-4	TGTGCTGTGCTGAGGGCTCTAGCAACACAGGCAAACTAATCTTT	NNNNNNNNNNNNNNNNNNNNNNNNNNNNNNNNNNNNNNNNNNNN	TRAV20*00(509.2)		TRAJ37*00(580.8)		498|508|531|0|10||100.0		21|51|82|14|44|SG27A|271.0		TGTGCTGTGCTGAGGGCTCTAGCAACACAGGCAAACTAATCTTT	45	CAVLRAL_NTGKLIF	:::::::::0:-3:10:::::14:-1:44:::
3727	205.0	8.059500342430478E-5	1	1.1548677676406051E-4	TGTGCTGTGGAGGATCGGTATAGCAACTATCAGTTAATCTGG	NNNNNNNNNNNNNNNNNNNNNNNNNNNNNNNNNNNNNNNNNN	TRAV2*00(1059.2)		TRAJ33*00(479.8)		519|535|553|0|16||160.0		23|46|77|19|42||230.0		TGTGCTGTGGAGGATCGGTATAGCAACTATCAGTTAATCTGG	45	CAVEDRYSNYQLIW	:::::::::0:2:16:::::19:-3:42:::
4453	205.0	8.059500342430478E-5	1	1.1548677676406051E-4	TGTGCTGCGTACAATAACAATGACATGCGCTTT	NNNNNNNNNNNNNNNNNNNNNNNNNNNNNNNNN	TRAV21*00(683.3)		TRAJ43*00(549.4)		544|551|576|0|7||70.0		18|43|74|8|33||250.0		TGTGCTGCGTACAATAACAATGACATGCGCTTT	45	CAAYNNNDMRF	:::::::::0:-5:7:::::8:2:33:::
4566	205.0	8.059500342430478E-5	1	1.1548677676406051E-4	TGTGCTGGGCCTTACGGGAAAGCAGCGGAGACAAGCTGACTTTT	NNNNNNNNNNNNNNNNNNNNNNNNNNNNNNNNNNNNNNNNNNNN	TRAV35*00(910.3)		TRAJ46*00(509.8)		588|598|620|0|10||100.0		26|52|83|18|44||260.0		TGTGCTGGGCCTTACGGGAAAGCAGCGGAGACAAGCTGACTTTT	45	CAGPYGK_SGDKLTF	:::::::::0:-2:10:::::18:-6:44:::
6264	205.0	8.059500342430478E-5	1	1.1548677676406051E-4	TGTGCCGTGGAAGGTGGTGCTACAAACAAGCTCATCTTT	NNNNNNNNNNNNNNNNNNNNNNNNNNNNNNNNNNNNNNN	TRAV39*00(749.4)		TRAJ32*00(569.4)		507|518|540|0|11||110.0		28|55|86|12|39||270.0		TGTGCCGTGGAAGGTGGTGCTACAAACAAGCTCATCTTT	45	CAVEGGATNKLIF	:::::::::0:-2:11:::::12:-8:39:::
17699	205.0	8.059500342430478E-5	1	1.1548677676406051E-4	TGTGCAGCAAGTGAGAGTACCCAGGGAGCCCAGAAGCTGGTATTT	NNNNNNNNNNNNNNNNNNNNNNNNNNNNNNNNNNNNNNNNNNNNN	TRAV13-1*00(599.7)		TRAJ54*00(529.8)		511|523|544|0|12||120.0		25|49|80|21|45||240.0		TGTGCAGCAAGTGAGAGTACCCAGGGAGCCCAGAAGCTGGTATTT	45	CAASESTQGAQKLVF	:::::::::0:-1:12:::::21:-5:45:::
17705	205.0	8.059500342430478E-5	1	1.1548677676406051E-4	TGTGCAGCAAGTATCTCCAACACCGGTAACCAGTTCTATTTT	NNNNNNNNNNNNNNNNNNNNNNNNNNNNNNNNNNNNNNNNNN	TRAV13-1*00(619.8)		TRAJ49*00(540.9)		511|525|544|0|14||140.0		18|45|76|15|42|SG20C|241.0		TGTGCAGCAAGTATCTCCAACACCGGTAACCAGTTCTATTTT	45	CAASISNTGNQFYF	:::::::::0:1:14:::::15:2:42:::
18333	205.0	8.059500342430478E-5	1	1.1548677676406051E-4	TGTGCAGACCCGGGGGCTGGGAGTTACCAACTCACTTTC	NNNNNNNNNNNNNNNNNNNNNNNNNNNNNNNNNNNNNNN	TRAV13-2*00(529.7)		TRAJ28*00(559.7)		506|511|539|0|5||80.0		21|55|86|5|39|ST22GST25CST27G|283.0		TGTGCAGACCCGGGGGCTGGGAGTTACCAACTCACTTTC	45	CADPGAGSYQLTF	:::::::::0:-8:5:::::5:-1:39:::
18518	205.0	8.059500342430478E-5	1	1.1548677676406051E-4	TGTGCAGAGAAGGGCCGGGGGCAAACAACCTCTTCTTT	NNNNNNNNNNNNNNNNNNNNNNNNNNNNNNNNNNNNNN	TRAV5*00(459.8)		TRAJ36*00(519.5)		523|533|556|0|10||100.0		27|48|79|17|38||210.0		TGTGCAGAGAAGGGCCGGGGGCAAACAACCTCTTCTTT	45	CAEKGR_ANNLFF	:::::::::0:-3:10:::::17:-7:38:::
18558	205.0	8.059500342430478E-5	1	1.1548677676406051E-4	TGTGCAATGCAATCCTCTGGCACTGCCAGTAAACTCACCTTT	NNNNNNNNNNNNNNNNNNNNNNNNNNNNNNNNNNNNNNNNNN	TRAV12-3*00(611.3)		TRAJ44*00(537.6)		562|571|595|0|9||90.0		28|52|83|18|42||240.0		TGTGCAATGCAATCCTCTGGCACTGCCAGTAAACTCACCTTT	45	CAMQSSGTASKLTF	:::::::::0:-4:9:::::18:-8:42:::
18810	205.0	8.059500342430478E-5	1	1.1548677676406051E-4	TGTGCAATGAGAGAGGATTTACCCCCGACGGTTCAGGGAGCCCAGAAGCTGGTATTT	NNNNNNNNNNNNNNNNNNNNNNNNNNNNNNNNNNNNNNNNNNNNNNNNNNNNNNNNN	TRAV14/DV4*00(889.6)		TRAJ54*00(509.5)		517|533|554|0|16||160.0		23|49|80|31|57||260.0		TGTGCAATGAGAGAGGATTTACCCCCGACGGTTCAGGGAGCCCAGAAGCTGGTATTT	45	CAMREDLPPTVQGAQKLVF	:::::::::0:-1:16:::::31:-3:57:::
1584	204.0	8.020185706613743E-5	1	1.1548677676406051E-4	TGTGTTGTGACCCGTAACCGTCAGGGAGCCCAGAAGCTGGTATTT	NNNNNNNNNNNNNNNNNNNNNNNNNNNNNNNNNNNNNNNNNNNNN	TRAV8-2*00(649.5)		TRAJ54*00(539.2)		466|476|500|0|10||100.0		24|49|80|20|45||250.0		TGTGTTGTGACCCGTAACCGTCAGGGAGCCCAGAAGCTGGTATTT	45	CVVTRNRQGAQKLVF	:::::::::0:-4:10:::::20:-4:45:::
1956	204.0	8.020185706613743E-5	1	1.1548677676406051E-4	TGTGTGGTGAAAAACCAGGGAGGAAAGCTTATCTTC	NNNNNNNNNNNNNNNNNNNNNNNNNNNNNNNNNNNN	TRAV12-1*00(969.6)		TRAJ23*00(510.4)		539|550|572|0|11||110.0		28|52|83|12|36||240.0		TGTGTGGTGAAAAACCAGGGAGGAAAGCTTATCTTC	45	CVVKNQGGKLIF	:::::::::0:-2:11:::::12:-8:36:::
2094	204.0	8.020185706613743E-5	1	1.1548677676406051E-4	TGTGCTTTCAATCCCCTCTATGGTCAGAATTTTGTCTTT	NNNNNNNNNNNNNNNNNNNNNNNNNNNNNNNNNNNNNNN	TRAV38-1*00(559.8)		TRAJ26*00(509.3)		596|606|633|0|10||100.0		27|49|80|17|39||220.0		TGTGCTTTCAATCCCCTCTATGGTCAGAATTTTGTCTTT	45	CAFNPLYGQNFVF	:::::::::0:-7:10:::::17:-7:39:::
3366	204.0	8.020185706613743E-5	1	1.1548677676406051E-4	TGTGCTGTGTCCGAGGGGGGAAGCCAAGGAAATCTCATCTTT	NNNNNNNNNNNNNNNNNNNNNNNNNNNNNNNNNNNNNNNNNN	TRAV8-4*00(610.4)		TRAJ42*00(540.4)		476|485|510|0|9||90.0		28|55|86|15|42|SA30G|241.0		TGTGCTGTGTCCGAGGGGGGAAGCCAAGGAAATCTCATCTTT	45	CAVSEGGSQGNLIF	:::::::::0:-5:9:::::15:-8:42:::
3904	204.0	8.020185706613743E-5	1	1.1548677676406051E-4	TGTGCTGTGAGTGGTCCGGAATATGGAAACAAGCTGGTCTTT	NNNNNNNNNNNNNNNNNNNNNNNNNNNNNNNNNNNNNNNNNN	TRAV8-6*00(700.7)		TRAJ47*00(530.4)		448|464|482|0|16|SA461G|131.0		21|46|77|17|42|SA36G|221.0		TGTGCTGTGAGTGGTCCGGAATATGGAAACAAGCTGGTCTTT	45	CAVSGPEYGNKLVF	:::::::::0:2:16:::::17:-1:42:::
4395	204.0	8.020185706613743E-5	1	1.1548677676406051E-4	TGTGCTGCTGAGGGAGGAAGCTACATACCTACATTT	NNNNNNNNNNNNNNNNNNNNNNNNNNNNNNNNNNNN	TRAV8-6*00(639.6)		TRAJ6*00(550)		448|455|482|0|7||70.0		27|51|82|12|36||240.0		TGTGCTGCTGAGGGAGGAAGCTACATACCTACATTT	45	CAAEGGSYIPTF	:::::::::0:-7:7:::::12:-7:36:::
4627	204.0	8.020185706613743E-5	1	1.1548677676406051E-4	TGTGCTGGGCAGCTCACAGGCAACATGCTCACCTTT	NNNNNNNNNNNNNNNNNNNNNNNNNNNNNNNNNNNN	TRAV35*00(979.3)		TRAJ39*00(509.1)		588|602|620|0|14||140.0		32|52|83|16|36||200.0		TGTGCTGGGCAGCTCACAGGCAACATGCTCACCTTT	45	CAGQLTGNMLTF	:::::::::0:2:14:::::16:-12:36:::
6395	204.0	8.020185706613743E-5	1	1.1548677676406051E-4	TGTGCCGTGAACGCCATGGATAGCAACTATCAGTTAATCTGG	NNNNNNNNNNNNNNNNNNNNNNNNNNNNNNNNNNNNNNNNNN	TRAV12-2*00(835)		TRAJ33*00(552)		551|563|584|0|12||120.0		17|46|77|13|42||290.0		TGTGCCGTGAACGCCATGGATAGCAACTATCAGTTAATCTGG	45	CAVNAMDSNYQLIW	:::::::::0:-1:12:::::13:3:42:::
17522	204.0	8.020185706613743E-5	1	1.1548677676406051E-4	TGTGCAGCGATGCAGCGATCAAGGGGTGCTTTGACACCGACAAGCTCATCTTT	NNNNNNNNNNNNNNNNNNNNNNNNNNNNNNNNNNNNNNNNNNNNNNNNNNNNN	TRAV13-1*00(939)		TRAJ34*00(459.7)		511|519|544|0|8||80.0		27|47|78|33|53||200.0		TGTGCAGCGATGCAGCGATCAAGGGGTGCTTTGACACCGACAAGCTCATCTTT	45	CAAMQRSRG_FDTDKLIF	:::::::::0:-5:8:::::33:-7:53:::
17609	204.0	8.020185706613743E-5	1	1.1548677676406051E-4	TGTGCAGCAACTTCCGGGGCTGCAGGCAACAAGCTAACTTTT	NNNNNNNNNNNNNNNNNNNNNNNNNNNNNNNNNNNNNNNNNN	TRAV13-1*00(959)		TRAJ17*00(498.8)		511|521|544|0|10||100.0		28|52|83|18|42||240.0		TGTGCAGCAACTTCCGGGGCTGCAGGCAACAAGCTAACTTTT	45	CAATSGAAGNKLTF	:::::::::0:-3:10:::::18:-8:42:::
17764	204.0	8.020185706613743E-5	1	1.1548677676406051E-4	TGTGCAGCAAGTAAGGGGCTCTAGCAACACAGGCAAACTAATCTTT	NNNNNNNNNNNNNNNNNNNNNNNNNNNNNNNNNNNNNNNNNNNNNN	TRAV13-1*00(609.7)		TRAJ37*00(579.9)		511|524|544|0|13||130.0		21|51|82|16|46|SG27A|271.0		TGTGCAGCAAGTAAGGGGCTCTAGCAACACAGGCAAACTAATCTTT	45	CAASKGL*_NTGKLIF	:::::::::0:0:13:::::16:-1:46:::
18440	204.0	8.020185706613743E-5	1	1.1548677676406051E-4	TGTGCAGAGAGCTTAGGGGGAAACAAGCTGGTCTTT	NNNNNNNNNNNNNNNNNNNNNNNNNNNNNNNNNNNN	TRAV5*00(469.9)		TRAJ47*00(460.9)		523|534|556|0|11||110.0		28|46|77|18|36|SA36G|151.0		TGTGCAGAGAGCTTAGGGGGAAACAAGCTGGTCTTT	45	CAESLGGNKLVF	:::::::::0:-2:11:::::18:-8:36:::
18452	204.0	8.020185706613743E-5	1	1.1548677676406051E-4	TGTGCAGAGAGGGACAATTCCGGGTATGCACTCAACTTC	NNNNNNNNNNNNNNNNNNNNNNNNNNNNNNNNNNNNNNN	TRAV5*00(470)		TRAJ41*00(499.8)		523|534|556|0|11||110.0		27|51|82|15|39||240.0		TGTGCAGAGAGGGACAATTCCGGGTATGCACTCAACTTC	45	CAERDNSGYALNF	:::::::::0:-2:11:::::15:-7:39:::
18595	204.0	8.020185706613743E-5	1	1.1548677676406051E-4	TGTGCAATGAGTGAGGGCCCGTGGAGCTGGCAACAACCGTAAGCTGATTTGG	NNNNNNNNNNNNNNNNNNNNNNNNNNNNNNNNNNNNNNNNNNNNNNNNNNNN	TRAV12-1*00(439.6)		TRAJ38*00(569.7)		539|543|572|0|4||40.0		24|51|82|25|52||270.0		TGTGCAATGAGTGAGGGCCCGTGGAGCTGGCAACAACCGTAAGCTGATTTGG	45	CAMSEGPWS_GNNRKLIW	:::::::::0:-9:4:::::25:-4:52:::
18613	204.0	8.020185706613743E-5	1	1.1548677676406051E-4	TGTGCAATGAGCCCAACTGACAGCTGGGGGAAATTGCAGTTT	NNNNNNNNNNNNNNNNNNNNNNNNNNNNNNNNNNNNNNNNNN	TRAV12-3*00(520)		TRAJ24*00(579.2)		562|574|595|0|12||120.0		23|52|83|13|42||290.0		TGTGCAATGAGCCCAACTGACAGCTGGGGGAAATTGCAGTTT	45	CAMSPTDSWGKLQF	:::::::::0:-1:12:::::13:-3:42:::
20266	204.0	8.020185706613743E-5	1	1.1548677676406051E-4	TGCATCCTGAGAGACGTTTTATACCCCCAATGCAGGCAAATCAACCTTT	NNNNNNNNNNNNNNNNNNNNNNNNNNNNNNNNNNNNNNNNNNNNNNNNN	TRAV26-2*00(649.4)		TRAJ27*00(542.7)		791|807|826|0|16||170.0		15|48|79|16|49|SG16TSA22CSA24C|253.0		TGCATCCTGAGAGACGTTTTATACCCCCAATGCAGGCAAATCAACCTTT	45	CILRDVLY_PNAGKSTF	:::::::::0:1:16:::::16:5:49:::
2122	203.0	7.98087107079701E-5	1	1.1548677676406051E-4	TGTGCTTCCTCCCTAATGCTGGTGGTACTAGCTATGGAAAGCTGACATTT	NNNNNNNNNNNNNNNNNNNNNNNNNNNNNNNNNNNNNNNNNNNNNNNNNN	TRAV8-3*00(550.9),TRAV8-5*00(550.9)		TRAJ52*00(679.9)		455|461|489|0|6||60.0;1528|1534|1562|0|6||60.0		20|58|89|12|50||380.0		TGTGCTTCCTCCCTAATGCTGGTGGTACTAGCTATGGAAAGCTGACATTT	45	CASSLMLV_TSYGKLTF	:::::::::0:-8:6:::::12:0:50:::
2258	203.0	7.98087107079701E-5	1	1.1548677676406051E-4	TGTGCTTATAGACCCGACAGGAGGAGGTGCTGACGGACTCACCTTT	NNNNNNNNNNNNNNNNNNNNNNNNNNNNNNNNNNNNNNNNNNNNNN	TRAV38-2/DV8*00(567.8)		TRAJ45*00(599.5)		602|613|638|0|11||110.0		26|55|86|17|46||290.0		TGTGCTTATAGACCCGACAGGAGGAGGTGCTGACGGACTCACCTTT	45	CAYRPDRR_GADGLTF	:::::::::0:-5:11:::::17:-6:46:::
2757	203.0	7.98087107079701E-5	1	1.1548677676406051E-4	TGTGCTCTGAGTGAGGGGAGAGATGACAAGATCATCTTT	NNNNNNNNNNNNNNNNNNNNNNNNNNNNNNNNNNNNNNN	TRAV9-2*00(749.2)		TRAJ30*00(519.4)		480|494|514|0|14||140.0		25|46|77|18|39||210.0		TGTGCTCTGAGTGAGGGGAGAGATGACAAGATCATCTTT	45	CALSEGRDDKIIF	:::::::::0:0:14:::::18:-5:39:::
2918	203.0	7.98087107079701E-5	1	1.1548677676406051E-4	TGTGCTCTAGCGCCCACCAATGACATGCGCTTT	NNNNNNNNNNNNNNNNNNNNNNNNNNNNNNNNN	TRAV6*00(469.9)		TRAJ43*00(460)		535|545|568|0|10||100.0		27|43|74|17|33||160.0		TGTGCTCTAGCGCCCACCAATGACATGCGCTTT	45	CALAPTNDMRF	:::::::::0:-3:10:::::17:-7:33:::
2992	203.0	7.98087107079701E-5	1	1.1548677676406051E-4	TGTGCTCTAAGTGAATTACTGGAGCCAATAGTAAGCTGACATTT	NNNNNNNNNNNNNNNNNNNNNNNNNNNNNNNNNNNNNNNNNNNN	TRAV16*00(539.4)		TRAJ56*00(589.4)		449|462|483|0|13||130.0		23|51|82|16|44||280.0		TGTGCTCTAAGTGAATTACTGGAGCCAATAGTAAGCTGACATTT	45	CALSELL_ANSKLTF	:::::::::0:-1:13:::::16:-3:44:::
3203	203.0	7.98087107079701E-5	1	1.1548677676406051E-4	TGTGCTGTCTTCATAGGCTTTGGGAATGTGCTGCATTGC	NNNNNNNNNNNNNNNNNNNNNNNNNNNNNNNNNNNNNNN	TRAV41*00(768.9)		TRAJ35*00(578.8)		512|521|544|0|9||90.0		21|48|79|12|39||270.0		TGTGCTGTCTTCATAGGCTTTGGGAATGTGCTGCATTGC	45	CAVFIGFGNVLHC	:::::::::0:-3:9:::::12:-1:39:::
4235	203.0	7.98087107079701E-5	1	1.1548677676406051E-4	TGTGCTGTGAGAGGTCGTATCTAACTTTGGAAATGAGAAATTAACCTTT	NNNNNNNNNNNNNNNNNNNNNNNNNNNNNNNNNNNNNNNNNNNNNNNNN	TRAV3*00(609.3)		TRAJ48*00(629.7)		437|450|473|0|13||130.0		20|52|83|17|49||320.0		TGTGCTGTGAGAGGTCGTATCTAACTTTGGAAATGAGAAATTAACCTTT	45	CAVRGRI*_FGNEKLTF	:::::::::0:-3:13:::::17:0:49:::
4686	203.0	7.98087107079701E-5	1	1.1548677676406051E-4	TGTGCTGGGCAATACGAGTCGGTGGGACCAGGGAGCCCAGAAGCTGGTATTT	NNNNNNNNNNNNNNNNNNNNNNNNNNNNNNNNNNNNNNNNNNNNNNNNNNNN	TRAV35*00(949)		TRAJ54*00(489.6)		588|599|620|0|11||110.0		25|49|80|28|52||240.0		TGTGCTGGGCAATACGAGTCGGTGGGACCAGGGAGCCCAGAAGCTGGTATTT	45	CAGQYESVG_QGAQKLVF	:::::::::0:-1:11:::::28:-5:52:::
5709	203.0	7.98087107079701E-5	1	1.1548677676406051E-4	TGTGCCTCGAGCTATGGGAACAACAGACTCGCTTTT	NNNNNNNNNNNNNNNNNNNNNNNNNNNNNNNNNNNN	TRAV12-2*00(919.7)		TRAJ7*00(539.3)		551|557|584|0|6||60.0		23|48|79|11|36||250.0		TGTGCCTCGAGCTATGGGAACAACAGACTCGCTTTT	45	CASSYGNNRLAF	:::::::::0:-7:6:::::11:-3:36:::
6273	203.0	7.98087107079701E-5	1	1.1548677676406051E-4	TGTGCCGTGATTAGGGGCTGGTGGTACTAGCTATGGAAAGCTGACATTT	NNNNNNNNNNNNNNNNNNNNNNNNNNNNNNNNNNNNNNNNNNNNNNNNN	TRAV12-1*00(441.9),TRAV12-2*00(441.9)		TRAJ52*00(629.9)		539|549|572|0|10|ST543CSG544C|42.0;551|561|584|0|10||100.0		25|58|89|16|49||330.0		TGTGCCGTGATTAGGGGCTGGTGGTACTAGCTATGGAAAGCTGACATTT	45	CAVIRGWW_TSYGKLTF	:::::::::0:-3:10:::::16:-5:49:::
17770	203.0	7.98087107079701E-5	1	1.1548677676406051E-4	TGTGCAGCAAGTAAGAACAATGCTGGTGGTACTAGCTATGGAAAGCTGACATTT	NNNNNNNNNNNNNNNNNNNNNNNNNNNNNNNNNNNNNNNNNNNNNNNNNNNNNN	TRAV13-1*00(609.5)		TRAJ52*00(659.4)		511|524|544|0|13||130.0		22|58|89|18|54||360.0		TGTGCAGCAAGTAAGAACAATGCTGGTGGTACTAGCTATGGAAAGCTGACATTT	45	CAASKNNAGGTSYGKLTF	:::::::::0:0:13:::::18:-2:54:::
17816	203.0	7.98087107079701E-5	1	1.1548677676406051E-4	TGTGCAGCAAGCCCTCAGGAGGAGGTGCTGACGGACTCACCTTT	NNNNNNNNNNNNNNNNNNNNNNNNNNNNNNNNNNNNNNNNNNNN	TRAV23/DV6*00(409.7)		TRAJ45*00(609.5)		517|529|550|0|12||120.0		25|55|86|14|44||300.0		TGTGCAGCAAGCCCTCAGGAGGAGGTGCTGACGGACTCACCTTT	45	CAASPQE_GADGLTF	:::::::::0:-1:12:::::14:-5:44:::
17945	203.0	7.98087107079701E-5	1	1.1548677676406051E-4	TGTGCAGCAAGCGATTCCGGTAACCAGTTCTATTTT	NNNNNNNNNNNNNNNNNNNNNNNNNNNNNNNNNNNN	TRAV29/DV5*00(539.3)		TRAJ49*00(427.9)		529|542|562|0|13||130.0		25|45|76|16|36||200.0		TGTGCAGCAAGCGATTCCGGTAACCAGTTCTATTTT	45	CAASDSGNQFYF	:::::::::0:0:13:::::16:-5:36:::
20411	203.0	7.98087107079701E-5	1	1.1548677676406051E-4	TGCATCGTCAGAGTCGGTGGAACCAGGGAGGAAAGCTTATCTTC	NNNNNNNNNNNNNNNNNNNNNNNNNNNNNNNNNNNNNNNNNNNN	TRAV26-1*00(649.6)		TRAJ23*00(510.2)		763|779|799|0|16||160.0		28|52|83|20|44||240.0		TGCATCGTCAGAGTCGGTGGAACCAGGGAGGAAAGCTTATCTTC	45	CIVRVGG_QGGKLIF	:::::::::0:0:16:::::20:-8:44:::
20438	203.0	7.98087107079701E-5	1	1.1548677676406051E-4	TGCATCGTCAGAGTAAATAATGCAGGCAACATGCTCACCTTT	NNNNNNNNNNNNNNNNNNNNNNNNNNNNNNNNNNNNNNNNNN	TRAV26-1*00(629.7)		TRAJ39*00(579.1)		763|777|799|0|14||140.0		25|52|83|15|42||270.0		TGCATCGTCAGAGTAAATAATGCAGGCAACATGCTCACCTTT	45	CIVRVNNAGNMLTF	:::::::::0:-2:14:::::15:-5:42:::
21332	203.0	7.98087107079701E-5	1	1.1548677676406051E-4	TGGGACGGGGCTTTGGGAATGTGCTGCATTGC	NNNNNNNNNNNNNNNNNNNNNNNNNNNNNNNN	TRAV13-1*00(879.3)		TRAJ35*00(549)		511|513|544|0|2||20.0		24|48|79|8|32||240.0		TGGGACGGGGCTTTGGGAATGTGCTGCATTGC	45	WDGAL_NVLHC	:::::::::0:-11:2:::::8:-4:32:::
1481	202.0	7.941556434980275E-5	1	1.1548677676406051E-4	TTGCCGGGGCTGGGAGTTACCAACTCACTTTC	NNNNNNNNNNNNNNNNNNNNNNNNNNNNNNNN	TRAV25*00(469.8)		TRAJ28*00(559.8)		620|621|649|0|1||10.0		28|55|86|5|32||270.0		TTGCCGGGGCTGGGAGTTACCAACTCACTTTC	45	LPGLG_YQLTF	:::::::::0:-8:1:::::5:-8:32:::
1487	202.0	7.941556434980275E-5	1	1.1548677676406051E-4	TCTCGACCCGTATGCGCTTT	NNNNNNNNNNNNNNNNNNNN	TRAV24*00(909.2)		TRAJ43*00(389.3)		515|516|545|0|1||10.0		34|43|74|11|20||90.0		TCTCGACCCGTATGCGCTTT	45	SRP_MRF	:::::::::0:-9:1:::::11:-14:20:::
1794	202.0	7.941556434980275E-5	1	1.1548677676406051E-4	TGTGTGGTGAGCGCGGCGATGGGAACAACAGACTCGCTTTT	NNNNNNNNNNNNNNNNNNNNNNNNNNNNNNNNNNNNNNNNN	TRAV10*00(709.7)		TRAJ7*00(519.4)		575|590|608|0|15||150.0		25|48|79|18|41||230.0		TGTGTGGTGAGCGCGGCGATGGGAACAACAGACTCGCTTTT	45	CVVSAAM_NNRLAF	:::::::::0:2:15:::::18:-5:41:::
2216	202.0	7.941556434980275E-5	1	1.1548677676406051E-4	TGTGCTTATAGGAGCTTTAATAATGCAGGCAACATGCTCACCTTT	NNNNNNNNNNNNNNNNNNNNNNNNNNNNNNNNNNNNNNNNNNNNN	TRAV38-2/DV8*00(609.8)		TRAJ39*00(589.7)		602|617|638|0|15||150.0		24|52|83|17|45||280.0		TGTGCTTATAGGAGCTTTAATAATGCAGGCAACATGCTCACCTTT	45	CAYRSFNNAGNMLTF	:::::::::0:-1:15:::::17:-4:45:::
2306	202.0	7.941556434980275E-5	1	1.1548677676406051E-4	TGTGCTCTTGCAGCTACTGGAGGCTTCAAAACTATCTTT	NNNNNNNNNNNNNNNNNNNNNNNNNNNNNNNNNNNNNNN	TRAV16*00(948.8)		TRAJ9*00(519.1)		449|457|483|0|8||80.0		25|50|81|14|39||250.0		TGTGCTCTTGCAGCTACTGGAGGCTTCAAAACTATCTTT	45	CALAATGGFKTIF	:::::::::0:-6:8:::::14:-5:39:::
2684	202.0	7.941556434980275E-5	1	1.1548677676406051E-4	TGTGCTCTGAGTGACCCGCTGGGGGAAATTGCAGTTT	NNNNNNNNNNNNNNNNNNNNNNNNNNNNNNNNNNNNN	TRAV9-2*00(749.3)		TRAJ24*00(489.2)		480|494|514|0|14||140.0		32|52|83|17|37||200.0		TGTGCTCTGAGTGACCCGCTGGGGGAAATTGCAGTTT	45	CALSDP_WGKLQF	:::::::::0:0:14:::::17:-12:37:::
4122	202.0	7.941556434980275E-5	1	1.1548677676406051E-4	TGTGCTGTGAGGCCTTTTCCTAGCAACACAGGCAAACTAATCTTT	NNNNNNNNNNNNNNNNNNNNNNNNNNNNNNNNNNNNNNNNNNNNN	TRAV8-6*00(679.5)		TRAJ37*00(540.6)		448|459|482|0|11||110.0		25|51|82|19|45|SG27A|231.0		TGTGCTGTGAGGCCTTTTCCTAGCAACACAGGCAAACTAATCTTT	45	CAVRPFPSNTGKLIF	:::::::::0:-3:11:::::19:-5:45:::
5067	202.0	7.941556434980275E-5	1	1.1548677676406051E-4	TGTGCCTTGTTTGATAGCAACTATCAGTTAATCTGG	NNNNNNNNNNNNNNNNNNNNNNNNNNNNNNNNNNNN	TRAV39*00(700.7)		TRAJ33*00(530)		507|516|540|0|9|SG513T|61.0		22|46|77|12|36||240.0		TGTGCCTTGTTTGATAGCAACTATCAGTTAATCTGG	45	CALFDSNYQLIW	:::::::::0:-4:9:::::12:-2:36:::
6092	202.0	7.941556434980275E-5	1	1.1548677676406051E-4	TGTGCCCGAGGGTCGGGTTACCAGAAAGTTACCTTT	NNNNNNNNNNNNNNNNNNNNNNNNNNNNNNNNNNNN	TRAV12-2*00(459.9)		TRAJ13*00(519.7)		551|557|584|0|6||60.0		30|52|83|14|36||220.0		TGTGCCCGAGGGTCGGGTTACCAGAAAGTTACCTTT	45	CARGSGYQKVTF	:::::::::0:-7:6:::::14:-10:36:::
21331	202.0	7.941556434980275E-5	1	1.1548677676406051E-4	TGGGATCTCAGGAACCTACAAATACATCTTT	NNNNNNNNNNNNNNNNNNNNNNNNNNNNNNN	TRAV12-1*00(821.7)		TRAJ40*00(539.1)		539|541|572|0|2||20.0		25|50|81|6|31||250.0		TGGGATCTCAGGAACCTACAAATACATCTTT	45	WDLRN_YKYIF	:::::::::0:-11:2:::::6:-5:31:::
21383	202.0	7.941556434980275E-5	1	1.1548677676406051E-4	GGTGCTGACGGACTCACCTTT	NNNNNNNNNNNNNNNNNNNNN	TRAV41*00(576)		TRAJ45*00(480)		512|516|544|0|4|ST512G|41.0		38|55|86|4|21||210.0		GGTGCTGACGGACTCACCTTT	45	GADGLTF	:::::::::0:-8:4:::::4:-18:21:::
1662	201.0	7.902241799163542E-5	1	1.1548677676406051E-4	TGTGTGGTTACCCTCCTATAATTCCGGGTATGCACTCAACTTC	NNNNNNNNNNNNNNNNNNNNNNNNNNNNNNNNNNNNNNNNNNN	TRAV12-1*00(479.7)		TRAJ41*00(499.7)		539|547|572|0|8||80.0		27|51|82|19|43||240.0		TGTGTGGTTACCCTCCTATAATTCCGGGTATGCACTCAACTTC	45	CVVTLL*_SGYALNF	:::::::::0:-5:8:::::19:-7:43:::
3499	201.0	7.902241799163542E-5	1	1.1548677676406051E-4	TGTGCTGTGGTGACGGGCACCGACAAGCTCATCTTT	NNNNNNNNNNNNNNNNNNNNNNNNNNNNNNNNNNNN	TRAV8-3*00(540.6)		TRAJ34*00(489.9)		455|465|489|0|10||100.0		28|47|78|17|36||190.0		TGTGCTGTGGTGACGGGCACCGACAAGCTCATCTTT	45	CAVVTGTDKLIF	:::::::::0:-4:10:::::17:-8:36:::
3951	201.0	7.902241799163542E-5	1	1.1548677676406051E-4	TGTGCTGTGAGTGATCCAGGGAGAGATGACAAGATCATCTTT	NNNNNNNNNNNNNNNNNNNNNNNNNNNNNNNNNNNNNNNNNN	TRAV8-6*00(735.6)		TRAJ30*00(518.1)		448|464|482|0|16||160.0		25|46|77|21|42||210.0		TGTGCTGTGAGTGATCCAGGGAGAGATGACAAGATCATCTTT	45	CAVSDPGRDDKIIF	:::::::::0:2:16:::::21:-5:42:::
4217	201.0	7.902241799163542E-5	1	1.1548677676406051E-4	TGTGCTGTGAGAGTTCAGTACAATAACAATGACATGCGCTTT	NNNNNNNNNNNNNNNNNNNNNNNNNNNNNNNNNNNNNNNNNN	TRAV1-2*00(691.1)		TRAJ43*00(549.9)		620|636|654|0|16|SA633T|131.0		18|43|74|17|42||250.0		TGTGCTGTGAGAGTTCAGTACAATAACAATGACATGCGCTTT	45	CAVRVQYNNNDMRF	:::::::::0:2:16:::::17:2:42:::
6017	201.0	7.902241799163542E-5	1	1.1548677676406051E-4	TGTGCCCCCTCCCGAACCTACAAATACATCTTT	NNNNNNNNNNNNNNNNNNNNNNNNNNNNNNNNN	TRAV8-3*00(569.9)		TRAJ40*00(491.7)		455|460|489|0|5||50.0		24|50|81|7|33|SA28CSG29C|202.0		TGTGCCCCCTCCCGAACCTACAAATACATCTTT	45	CAPSRTYKYIF	:::::::::0:-9:5:::::7:-4:33:::
6396	201.0	7.902241799163542E-5	1	1.1548677676406051E-4	TGTGCCGTGAACGCGCCACGAACACCGGTAACCAGTTCTATTTT	NNNNNNNNNNNNNNNNNNNNNNNNNNNNNNNNNNNNNNNNNNNN	TRAV12-2*00(490.7)		TRAJ49*00(559.6)		551|563|584|0|12||120.0		19|45|76|18|44||260.0		TGTGCCGTGAACGCGCCACGAACACCGGTAACCAGTTCTATTTT	45	CAVNAPR_TGNQFYF	:::::::::0:-1:12:::::18:1:44:::
17845	201.0	7.902241799163542E-5	1	1.1548677676406051E-4	TGTGCAGCAAGCGTCCGGACACCGGTAACCAGTTCTATTTT	NNNNNNNNNNNNNNNNNNNNNNNNNNNNNNNNNNNNNNNNN	TRAV29/DV5*00(539.9)		TRAJ49*00(531.7)		529|542|562|0|13||130.0		17|45|76|13|41|ST18CSA21G|232.0		TGTGCAGCAAGCGTCCGGACACCGGTAACCAGTTCTATTTT	45	CAASVRT_GNQFYF	:::::::::0:0:13:::::13:3:41:::
18438	201.0	7.902241799163542E-5	1	1.1548677676406051E-4	TGTGCAGAGAGTAAGCACCGGTAACCAGTTCTATTTT	NNNNNNNNNNNNNNNNNNNNNNNNNNNNNNNNNNNNN	TRAV5*00(489.9)		TRAJ49*00(490.7)		523|536|556|0|13||130.0		23|45|76|15|37||220.0		TGTGCAGAGAGTAAGCACCGGTAACCAGTTCTATTTT	45	CAESKH_GNQFYF	:::::::::0:0:13:::::15:-3:37:::
18489	201.0	7.902241799163542E-5	1	1.1548677676406051E-4	TGTGCAGAGAATATAAATCCCCGACAAGCTCATCTTT	NNNNNNNNNNNNNNNNNNNNNNNNNNNNNNNNNNNNN	TRAV13-2*00(599.7)		TRAJ34*00(469.9)		506|521|539|0|15||150.0		30|47|78|20|37||170.0		TGTGCAGAGAATATAAATCCCCGACAAGCTCATCTTT	45	CAENIN_PDKLIF	:::::::::0:2:15:::::20:-10:37:::
18576	201.0	7.902241799163542E-5	1	1.1548677676406051E-4	TGTGCAATGATCAACCAGGCAGGAACTGCTCTGATCTTT	NNNNNNNNNNNNNNNNNNNNNNNNNNNNNNNNNNNNNNN	TRAV12-3*00(959.6)		TRAJ15*00(559.9)		562|572|595|0|10||100.0		21|49|80|11|39||280.0		TGTGCAATGATCAACCAGGCAGGAACTGCTCTGATCTTT	45	CAMINQAGTALIF	:::::::::0:-3:10:::::11:-1:39:::
18905	201.0	7.902241799163542E-5	1	1.1548677676406051E-4	TGTGGAGCAGACCCCCGGAATTCCGGGTATGCACTCAACTTC	NNNNNNNNNNNNNNNNNNNNNNNNNNNNNNNNNNNNNNNNNN	TRAV34*00(509.9)		TRAJ41*00(499.5)		603|615|636|0|12||120.0		27|51|82|18|42||240.0		TGTGGAGCAGACCCCCGGAATTCCGGGTATGCACTCAACTTC	45	CGADPRNSGYALNF	:::::::::0:-1:12:::::18:-7:42:::
20298	201.0	7.902241799163542E-5	1	1.1548677676406051E-4	TGCATCCTATAACAATGACATGCGCTTT	NNNNNNNNNNNNNNNNNNNNNNNNNNNN	TRAV26-2*00(849.4)		TRAJ43*00(499.6)		791|799|826|0|8||80.0		23|43|74|8|28||200.0		TGCATCCTATAACAATGACATGCGCTTT	45	CIL*Q_DMRF	:::::::::0:-7:8:::::8:-3:28:::
1834	200.0	7.862927163346807E-5	1	1.1548677676406051E-4	TGTGTGGTGAGAAATAACACCAATGCAGGCAAATCAACCTTT	NNNNNNNNNNNNNNNNNNNNNNNNNNNNNNNNNNNNNNNNNN	TRAV10*00(669.2)		TRAJ27*00(579.7)		575|586|608|0|11||110.0		19|48|79|13|42||290.0		TGTGTGGTGAGAAATAACACCAATGCAGGCAAATCAACCTTT	45	CVVRNNTNAGKSTF	:::::::::0:-2:11:::::13:1:42:::
2019	200.0	7.862927163346807E-5	1	1.1548677676406051E-4	TGTGCTTTCGCCTCCCTGGGCGGGTATGCACTCAACTTC	NNNNNNNNNNNNNNNNNNNNNNNNNNNNNNNNNNNNNNN	TRAV38-1*00(549.6)		TRAJ41*00(449.7)		596|605|633|0|9||90.0		32|51|82|20|39||190.0		TGTGCTTTCGCCTCCCTGGGCGGGTATGCACTCAACTTC	45	CAFASLGGYALNF	:::::::::0:-8:9:::::20:-12:39:::
2917	200.0	7.862927163346807E-5	1	1.1548677676406051E-4	TGTGCTCTAGCCGGGCAGGAGAGCACTTACTTTT	NNNNNNNNNNNNNNNNNNNNNNNNNNNNNNNNNN	TRAV6*00(469.5)		TRAJ5*00(529.9)		535|545|568|0|10||100.0		26|49|80|11|34||230.0		TGTGCTCTAGCCGGGCAGGAGAGCACTTACTTTT	45	CALAGQ_RALTF	:::::::::0:-3:10:::::11:-6:34:::
2979	200.0	7.862927163346807E-5	1	1.1548677676406051E-4	TGTGCTCTAAGTGGCCGGGGTCAGGAACCTACAAATACATCTTT	NNNNNNNNNNNNNNNNNNNNNNNNNNNNNNNNNNNNNNNNNNNN	TRAV16*00(569.9)		TRAJ40*00(529.9)		449|465|483|0|16||160.0		26|50|81|20|44||240.0		TGTGCTCTAAGTGGCCGGGGTCAGGAACCTACAAATACATCTTT	45	CALSGRG_GTYKYIF	:::::::::0:2:16:::::20:-6:44:::
3496	200.0	7.862927163346807E-5	1	1.1548677676406051E-4	TGTGCTGTGGTGGTGCTACAAACAAGCTCATCTTT	NNNNNNNNNNNNNNNNNNNNNNNNNNNNNNNNNNN	TRAV21*00(809)		TRAJ32*00(579.4)		544|552|576|0|8||90.0		28|55|86|8|35||280.0		TGTGCTGTGGTGGTGCTACAAACAAGCTCATCTTT	45	CAVVVL_NKLIF	:::::::::0:-4:8:::::8:-8:35:::
3924	200.0	7.862927163346807E-5	1	1.1548677676406051E-4	TGTGCTGTGAGTGGGGAGCAATGCTTCCAAGATAATCTTT	NNNNNNNNNNNNNNNNNNNNNNNNNNNNNNNNNNNNNNNN	TRAV8-4*00(653)		TRAJ3*00(510.9)		476|489|510|0|13||130.0		27|51|82|16|40|SG31A|211.0		TGTGCTGTGAGTGGGGAGCAATGCTTCCAAGATAATCTTT	45	CAVSGEQ_ASKIIF	:::::::::0:-1:13:::::16:-7:40:::
4384	200.0	7.862927163346807E-5	1	1.1548677676406051E-4	TGTGCTGTAAATGACATGCGCTTT	NNNNNNNNNNNNNNNNNNNNNNNN	TRAV22*00(509.7)		TRAJ43*00(449.6)		526|534|559|0|8||80.0		28|43|74|9|24||150.0		TGTGCTGTAAATGACATGCGCTTT	45	CAVNDMRF	:::::::::0:-5:8:::::9:-8:24:::
18209	200.0	7.862927163346807E-5	1	1.1548677676406051E-4	TGTGCAGGGATAAGTATCTATAACCAGGGAGGAAAGCTTATCTTC	NNNNNNNNNNNNNNNNNNNNNNNNNNNNNNNNNNNNNNNNNNNNN	TRAV25*00(548.6)		TRAJ23*00(541.6)		620|629|649|0|9||90.0		22|52|83|15|45|ST24C|271.0		TGTGCAGGGATAAGTATCTATAACCAGGGAGGAAAGCTTATCTTC	45	CAGISIYNQGGKLIF	:::::::::0:0:9:::::15:-2:45:::
18749	200.0	7.862927163346807E-5	1	1.1548677676406051E-4	TGTGCAATGAGAGAGGGTTTGTATATAGAAACAAACTGGTCTTT	NNNNNNNNNNNNNNNNNNNNNNNNNNNNNNNNNNNNNNNNNNNN	TRAV14/DV4*00(530.6)		TRAJ47*00(500.6)		517|534|554|0|17||170.0		24|46|77|22|44|SG28A|191.0		TGTGCAATGAGAGAGGGTTTGTATATAGAAACAAACTGGTCTTT	45	CAMREGL_YRNKLVF	:::::::::0:0:17:::::22:-4:44:::
20424	200.0	7.862927163346807E-5	1	1.1548677676406051E-4	TGCATCGTCAGAGTCGAGGGCGGATCTGAAAAGCTGGTCTTT	NNNNNNNNNNNNNNNNNNNNNNNNNNNNNNNNNNNNNNNNNN	TRAV26-1*00(649.3)		TRAJ57*00(559.1)		763|779|799|0|16||160.0		26|52|83|16|42||260.0		TGCATCGTCAGAGTCGAGGGCGGATCTGAAAAGCTGGTCTTT	45	CIVRVEGGSEKLVF	:::::::::0:0:16:::::16:-6:42:::
2656	199.0	7.823612527530074E-5	1	1.1548677676406051E-4	TGTGCTCTGAGTGATCGCAGTTATGGAAACAAGCTGGTCTTT	NNNNNNNNNNNNNNNNNNNNNNNNNNNNNNNNNNNNNNNNNN	TRAV9-2*00(769.7)		TRAJ47*00(490.8)		480|496|514|0|16||160.0		25|46|77|21|42|SA36G|181.0		TGTGCTCTGAGTGATCGCAGTTATGGAAACAAGCTGGTCTTT	45	CALSDRSYGNKLVF	:::::::::0:2:16:::::21:-5:42:::
2898	199.0	7.823612527530074E-5	1	1.1548677676406051E-4	TGTGCTCTACCTGCATACTCTGGGGCTGGGAGTTACCAACTCACTTTC	NNNNNNNNNNNNNNNNNNNNNNNNNNNNNNNNNNNNNNNNNNNNNNNN	TRAV16*00(499.9)		TRAJ28*00(659.4)		449|458|483|0|9||90.0		18|55|86|11|48||370.0		TGTGCTCTACCTGCATACTCTGGGGCTGGGAGTTACCAACTCACTTTC	45	CALPAYSGAGSYQLTF	:::::::::0:-5:9:::::11:2:48:::
3413	199.0	7.823612527530074E-5	1	1.1548677676406051E-4	TGTGCTGTGCGGGGCGACTACAAGCTCAGCTTT	NNNNNNNNNNNNNNNNNNNNNNNNNNNNNNNNN	TRAV21*00(451)		TRAJ20*00(490)		544|556|576|0|12|SA553C|91.0		27|46|77|14|33||190.0		TGTGCTGTGCGGGGCGACTACAAGCTCAGCTTT	45	CAVRGDYKLSF	:::::::::0:0:12:::::14:-7:33:::
3712	199.0	7.823612527530074E-5	1	1.1548677676406051E-4	TGTGCTGTGGAGGGCTCTAGCAACACAGGCAAACTAATCTTT	NNNNNNNNNNNNNNNNNNNNNNNNNNNNNNNNNNNNNNNNNN	TRAV2*00(1012.7)		TRAJ37*00(541.5)		519|532|553|0|13||130.0		22|51|82|13|42|SG27A|271.0		TGTGCTGTGGAGGGCTCTAGCAACACAGGCAAACTAATCTTT	45	CAVEGSSNTGKLIF	:::::::::0:-1:13:::::13:-2:42:::
3771	199.0	7.823612527530074E-5	1	1.1548677676406051E-4	TGTGCTGTGGAAGATAACCAGGGAGGAAAGCTTATCTTC	NNNNNNNNNNNNNNNNNNNNNNNNNNNNNNNNNNNNNNN	TRAV20*00(499.4)		TRAJ23*00(530.9)		498|507|531|0|9||90.0		26|52|83|13|39||260.0		TGTGCTGTGGAAGATAACCAGGGAGGAAAGCTTATCTTC	45	CAVEDNQGGKLIF	:::::::::0:-4:9:::::13:-6:39:::
6154	199.0	7.823612527530074E-5	1	1.1548677676406051E-4	TGTGCCGTCATACTCACGGGAGGAGGAAACAAACTCACCTTT	NNNNNNNNNNNNNNNNNNNNNNNNNNNNNNNNNNNNNNNNNN	TRAV12-2*00(534.6)		TRAJ10*00(624.2)		551|559|584|0|8||80.0		20|53|84|9|42||330.0		TGTGCCGTCATACTCACGGGAGGAGGAAACAAACTCACCTTT	45	CAVILTGGGNKLTF	:::::::::0:-5:8:::::9:0:42:::
17861	199.0	7.823612527530074E-5	1	1.1548677676406051E-4	TGTGCAGCAAGCGCCCGGCACTGCCAGTAAACTCACCTTT	NNNNNNNNNNNNNNNNNNNNNNNNNNNNNNNNNNNNNNNN	TRAV29/DV5*00(589.7)		TRAJ44*00(569.7)		529|543|562|0|14||140.0		26|52|83|14|40||260.0		TGTGCAGCAAGCGCCCGGCACTGCCAGTAAACTCACCTTT	45	CAASARH_ASKLTF	:::::::::0:1:14:::::14:-6:40:::
18423	199.0	7.823612527530074E-5	1	1.1548677676406051E-4	TGTGCAGAGAGTGGGGATGGTGGTGCTACAAACAAGCTCATCTTT	NNNNNNNNNNNNNNNNNNNNNNNNNNNNNNNNNNNNNNNNNNNNN	TRAV5*00(480)		TRAJ32*00(590)		523|535|556|0|12||120.0		26|55|86|16|45||290.0		TGTGCAGAGAGTGGGGATGGTGGTGCTACAAACAAGCTCATCTTT	45	CAESGDGGATNKLIF	:::::::::0:-1:12:::::16:-6:45:::
18917	199.0	7.823612527530074E-5	1	1.1548677676406051E-4	TGTGATGCGTCAAAGCTGCAGGCAACAAGCTAACTTTT	NNNNNNNNNNNNNNNNNNNNNNNNNNNNNNNNNNNNNN	TRAV2*00(940)		TRAJ17*00(549.6)		519|526|553|0|7|SC523A|41.0		23|52|83|9|38||290.0		TGTGATGCGTCAAAGCTGCAGGCAACAAGCTAACTTTT	45	CDASKL_GNKLTF	:::::::::0:-7:7:::::9:-3:38:::
19001	199.0	7.823612527530074E-5	1	1.1548677676406051E-4	TGCCTCGTGGGTGACTACCTCAGGAACCTACAAATACATCTTT	NNNNNNNNNNNNNNNNNNNNNNNNNNNNNNNNNNNNNNNNNNN	TRAV4*00(1007)		TRAJ40*00(549.5)		768|782|804|0|14||150.0		21|50|81|14|43||300.0		TGCCTCGTGGGTGACTACCTCAGGAACCTACAAATACATCTTT	45	CLVGDYL_GTYKYIF	:::::::::0:-2:14:::::14:-1:43:::
20274	199.0	7.823612527530074E-5	1	1.1548677676406051E-4	TGCATCCTGAGAGACGTAGGACTTTGGGAATGTGCTGCATTGC	NNNNNNNNNNNNNNNNNNNNNNNNNNNNNNNNNNNNNNNNNNN	TRAV26-2*00(939)		TRAJ35*00(509.9)		791|808|826|0|17||170.0		26|48|79|21|43||220.0		TGCATCCTGAGAGACGTAGGACTTTGGGAATGTGCTGCATTGC	45	CILRDVG_FGNVLHC	:::::::::0:2:17:::::21:-6:43:::
20344	199.0	7.823612527530074E-5	1	1.1548677676406051E-4	TGCATCGTCAGTGCCTCGTTTATAACCAGGGAGGAAAGCTTATCTTC	NNNNNNNNNNNNNNNNNNNNNNNNNNNNNNNNNNNNNNNNNNNNNNN	TRAV26-1*00(599.6)		TRAJ23*00(599.7)		763|774|799|0|11||110.0		23|52|83|18|47||290.0		TGCATCGTCAGTGCCTCGTTTATAACCAGGGAGGAAAGCTTATCTTC	45	CIVSASFI_QGGKLIF	:::::::::0:-5:11:::::18:-3:47:::
3264	198.0	7.78429789171334E-5	1	1.1548677676406051E-4	TGTGCTGTCGGCTGTGGGCCAGTTCTATTTT	NNNNNNNNNNNNNNNNNNNNNNNNNNNNNNN	TRAV21*00(948.5)		TRAJ49*00(429.1)		544|552|576|0|8||80.0		32|45|76|18|31||130.0		TGTGCTGTCGGCTGTGGGCCAGTTCTATTTT	45	CAVGC_GQFYF	:::::::::0:-4:8:::::18:-12:31:::
3916	198.0	7.78429789171334E-5	1	1.1548677676406051E-4	TGTGCTGTGAGTGGGTCCTTTTATAACCAGGGAGGAAAGCTTATCTTC	NNNNNNNNNNNNNNNNNNNNNNNNNNNNNNNNNNNNNNNNNNNNNNNN	TRAV8-4*00(650.9)		TRAJ23*00(599.9)		476|489|510|0|13||130.0		23|52|83|19|48||290.0		TGTGCTGTGAGTGGGTCCTTTTATAACCAGGGAGGAAAGCTTATCTTC	45	CAVSGSFYNQGGKLIF	:::::::::0:-1:13:::::19:-3:48:::
4148	198.0	7.78429789171334E-5	1	1.1548677676406051E-4	TGTGCTGTGAGGCGGGGCTTTGGGAATGTGCTGCATTGC	NNNNNNNNNNNNNNNNNNNNNNNNNNNNNNNNNNNNNNN	TRAV21*00(512.9)		TRAJ35*00(537.6)		544|557|576|0|13||130.0		24|48|79|15|39||240.0		TGTGCTGTGAGGCGGGGCTTTGGGAATGTGCTGCATTGC	45	CAVRRGFGNVLHC	:::::::::0:1:13:::::15:-4:39:::
4629	198.0	7.78429789171334E-5	1	1.1548677676406051E-4	TGTGCTGGGCAGCTGGCGGATTATGGAGGAAGCCAAGGAAATCTCATCTTT	NNNNNNNNNNNNNNNNNNNNNNNNNNNNNNNNNNNNNNNNNNNNNNNNNNN	TRAV35*00(539.9)		TRAJ42*00(620)		588|603|620|0|15||150.0		23|55|86|19|51||320.0		TGTGCTGGGCAGCTGGCGGATTATGGAGGAAGCCAAGGAAATCTCATCTTT	45	CAGQLADYGGSQGNLIF	:::::::::0:3:15:::::19:-3:51:::
4859	198.0	7.78429789171334E-5	1	1.1548677676406051E-4	TGTGCTACGGACGCGGTTGCGGGGTACAGCAGTGCTTCCAAGATAATCTTT	NNNNNNNNNNNNNNNNNNNNNNNNNNNNNNNNNNNNNNNNNNNNNNNNNNN	TRAV17*00(949.7)		TRAJ3*00(579.6)		490|505|523|0|15||150.0		19|51|82|19|51||320.0		TGTGCTACGGACGCGGTTGCGGGGTACAGCAGTGCTTCCAAGATAATCTTT	45	CATDAVAGYSSASKIIF	:::::::::0:2:15:::::19:1:51:::
19080	198.0	7.78429789171334E-5	1	1.1548677676406051E-4	TGCCCCCAATTATGGCTCTAGCAACACAGGCAAACTAATCTTT	NNNNNNNNNNNNNNNNNNNNNNNNNNNNNNNNNNNNNNNNNNN	TRAV25*00(462.9)		TRAJ37*00(601)		620|622|649|0|2||20.0		19|51|82|11|43|SG27A|291.0		TGCCCCCAATTATGGCTCTAGCAACACAGGCAAACTAATCTTT	45	CPQLWL*_NTGKLIF	:::::::::0:-7:2:::::11:1:43:::
2323	197.0	7.744983255896606E-5	1	1.1548677676406051E-4	TGTGCTCTTGGGGGTTAACACCAATGCAGGCAAATCAACCTTT	NNNNNNNNNNNNNNNNNNNNNNNNNNNNNNNNNNNNNNNNNNN	TRDV1*00(999.6)		TRAJ27*00(529.7)		573|586|610|0|13||130.0		20|48|79|15|43||280.0		TGTGCTCTTGGGGGTTAACACCAATGCAGGCAAATCAACCTTT	45	CALGG*H_NAGKSTF	:::::::::0:-4:13:::::15:0:43:::
2675	197.0	7.744983255896606E-5	1	1.1548677676406051E-4	TGTGCTCTGAGTGATAGAGTACGAGCTGCAGGCAACAAGCTAACTTTT	NNNNNNNNNNNNNNNNNNNNNNNNNNNNNNNNNNNNNNNNNNNNNNNN	TRAV9-2*00(759.8)		TRAJ17*00(477.9)		480|495|514|0|15||150.0		27|52|83|23|48||250.0		TGTGCTCTGAGTGATAGAGTACGAGCTGCAGGCAACAAGCTAACTTTT	45	CALSDRVRAAGNKLTF	:::::::::0:1:15:::::23:-7:48:::
2821	197.0	7.744983255896606E-5	1	1.1548677676406051E-4	TGTGCTCTGAGCGGCAGTGCTGGCAACAACCGTAAGCTGATTTGG	NNNNNNNNNNNNNNNNNNNNNNNNNNNNNNNNNNNNNNNNNNNNN	TRAV9-2*00(720.9)		TRAJ38*00(580)		480|491|514|0|11||110.0		23|51|82|17|45||280.0		TGTGCTCTGAGCGGCAGTGCTGGCAACAACCGTAAGCTGATTTGG	45	CALSGSAGNNRKLIW	:::::::::0:-3:11:::::17:-3:45:::
3099	197.0	7.744983255896606E-5	1	1.1548677676406051E-4	TGTGCTCCGGGTCGGAGGAGGAAGCTACATACCTACATTT	NNNNNNNNNNNNNNNNNNNNNNNNNNNNNNNNNNNNNNNN	TRAV16*00(938.8)		TRAJ6*00(519.7)		449|456|483|0|7||70.0		26|51|82|15|40||250.0		TGTGCTCCGGGTCGGAGGAGGAAGCTACATACCTACATTT	45	CAPGRRR_SYIPTF	:::::::::0:-7:7:::::15:-6:40:::
3138	197.0	7.744983255896606E-5	1	1.1548677676406051E-4	TGTGCTCAACTTCCGGGTATGCACTCAACTTC	NNNNNNNNNNNNNNNNNNNNNNNNNNNNNNNN	TRAV19*00(679.5)		TRAJ41*00(510.4)		556|562|593|0|6||70.0		25|51|82|6|32|SA28C|251.0		TGTGCTCAACTTCCGGGTATGCACTCAACTTC	45	CAQLP_YALNF	:::::::::0:-11:6:::::6:-5:32:::
4017	197.0	7.744983255896606E-5	1	1.1548677676406051E-4	TGTGCTGTGAGTGAGGCGGGAGCTGCAGGCAACAAGCTAACTTTT	NNNNNNNNNNNNNNNNNNNNNNNNNNNNNNNNNNNNNNNNNNNNN	TRAV8-4*00(688)		TRAJ17*00(548.5)		476|490|510|0|14||140.0		27|52|83|20|45||250.0		TGTGCTGTGAGTGAGGCGGGAGCTGCAGGCAACAAGCTAACTTTT	45	CAVSEAGAAGNKLTF	:::::::::0:0:14:::::20:-7:45:::
6436	197.0	7.744983255896606E-5	1	1.1548677676406051E-4	TGTGCCGTGAAGGGTCTCAGGAACCTACAAATACATCTTT	NNNNNNNNNNNNNNNNNNNNNNNNNNNNNNNNNNNNNNNN	TRAV12-2*00(940.5)		TRAJ40*00(519.6)		551|562|584|0|11||110.0		25|50|81|15|40||250.0		TGTGCCGTGAAGGGTCTCAGGAACCTACAAATACATCTTT	45	CAVKGLR_TYKYIF	:::::::::0:-2:11:::::15:-5:40:::
17358	197.0	7.744983255896606E-5	1	1.1548677676406051E-4	TGTGCGAGCTTTGGGAATGTGCTGCATTGC	NNNNNNNNNNNNNNNNNNNNNNNNNNNNNN	TRAV36/DV7*00(539.5)		TRAJ35*00(529.5)		500|505|533|0|5||50.0		25|48|79|7|30||230.0		TGTGCGAGCTTTGGGAATGTGCTGCATTGC	45	CASFGNVLHC	:::::::::0:-8:5:::::7:-5:30:::
18070	197.0	7.744983255896606E-5	1	1.1548677676406051E-4	TGTGCAGCAAGAAATTCTGGTTCTGCAAGGCAACTGACCTTT	NNNNNNNNNNNNNNNNNNNNNNNNNNNNNNNNNNNNNNNNNN	TRAV13-1*00(589.3)		TRAJ22*00(589.9)		511|522|544|0|11||110.0		24|52|83|14|42||280.0		TGTGCAGCAAGAAATTCTGGTTCTGCAAGGCAACTGACCTTT	45	CAARNSGSARQLTF	:::::::::0:-2:11:::::14:-4:42:::
20481	197.0	7.744983255896606E-5	1	1.1548677676406051E-4	TGCATCGCCGAATACTGGAGCCAATAGTAAGCTGACATTT	NNNNNNNNNNNNNNNNNNNNNNNNNNNNNNNNNNNNNNNN	TRAV26-1*00(559.6)		TRAJ56*00(599)		763|770|799|0|7||70.0		22|51|82|11|40||290.0		TGCATCGCCGAATACTGGAGCCAATAGTAAGCTGACATTT	45	CIAEYWS_NSKLTF	:::::::::0:-9:7:::::11:-2:40:::
4231	196.0	7.705668620079871E-5	1	1.1548677676406051E-4	TGTGCTGTGAGAGCCATGTTT	NNNNNNNNNNNNNNNNNNNNN	TRAV8-6*00(681.9)		TRAJ31*00(370)		448|459|482|0|11||110.0		39|46|77|14|21||70.0		TGTGCTGTGAGAGCCATGTTT	45	CAVRAMF	:::::::::0:-3:11:::::14:-19:21:::
5981	196.0	7.705668620079871E-5	1	1.1548677676406051E-4	TGTGCCCTGGGGGGAGGAAGCCAAGGAAATCTCATCTTT	NNNNNNNNNNNNNNNNNNNNNNNNNNNNNNNNNNNNNNN	TRAV12-2*00(460.9)		TRAJ42*00(569.9)		551|560|584|0|9|SG557C|61.0		28|55|86|12|39||270.0		TGTGCCCTGGGGGGAGGAAGCCAAGGAAATCTCATCTTT	45	CALGGGSQGNLIF	:::::::::0:-4:9:::::12:-8:39:::
17697	196.0	7.705668620079871E-5	1	1.1548677676406051E-4	TGTGCAGCAAGTGACAACAATGACATGCGCTTT	NNNNNNNNNNNNNNNNNNNNNNNNNNNNNNNNN	TRAV13-1*00(599.7)		TRAJ43*00(479.3)		511|523|544|0|12||120.0		25|43|74|15|33||180.0		TGTGCAGCAAGTGACAACAATGACATGCGCTTT	45	CAASDNNDMRF	:::::::::0:-1:12:::::15:-5:33:::
18648	196.0	7.705668620079871E-5	1	1.1548677676406051E-4	TGTGCAATGAGCGCAAATGAACACAGGCTTTCAGAAACTTGTATTT	NNNNNNNNNNNNNNNNNNNNNNNNNNNNNNNNNNNNNNNNNNNNNN	TRAV12-3*00(999.3)		TRAJ8*00(548.9)		562|576|595|0|14||140.0		19|49|80|16|46||300.0		TGTGCAATGAGCGCAAATGAACACAGGCTTTCAGAAACTTGTATTT	45	CAMSANEH_GFQKLVF	:::::::::0:1:14:::::16:1:46:::
18712	196.0	7.705668620079871E-5	1	1.1548677676406051E-4	TGTGCAATGAGAGATGCTGGTGGTACTAGCTATGGAAAGCTGACATTT	NNNNNNNNNNNNNNNNNNNNNNNNNNNNNNNNNNNNNNNNNNNNNNNN	TRAV12-3*00(509.6)		TRAJ52*00(649.9)		562|573|595|0|11||110.0		23|58|89|13|48||350.0		TGTGCAATGAGAGATGCTGGTGGTACTAGCTATGGAAAGCTGACATTT	45	CAMRDAGGTSYGKLTF	:::::::::0:-2:11:::::13:-3:48:::
20252	196.0	7.705668620079871E-5	1	1.1548677676406051E-4	TGCATCCTGAGAGGGGGGGGCTCTAGCAACACAGGCAAACTAATCTTT	NNNNNNNNNNNNNNNNNNNNNNNNNNNNNNNNNNNNNNNNNNNNNNNN	TRAV26-2*00(610)		TRAJ37*00(580.7)		791|804|826|0|13||130.0		21|51|82|18|48|SG27A|271.0		TGCATCCTGAGAGGGGGGGGCTCTAGCAACACAGGCAAACTAATCTTT	45	CILRGGGSSNTGKLIF	:::::::::0:-2:13:::::18:-1:48:::
2112	195.0	7.666353984263138E-5	1	1.1548677676406051E-4	TGTGCTTCTTCGTTTTCAGATGGCCAGAAGCTGCTCTTT	NNNNNNNNNNNNNNNNNNNNNNNNNNNNNNNNNNNNNNN	TRAV8-6*00(629.6)		TRAJ16*00(549.1)		448|454|482|0|6||60.0		21|49|80|11|39||280.0		TGTGCTTCTTCGTTTTCAGATGGCCAGAAGCTGCTCTTT	45	CASSFSDGQKLLF	:::::::::0:-8:6:::::11:-1:39:::
2188	195.0	7.666353984263138E-5	1	1.1548677676406051E-4	TGTGCTTATAGCCTGGAATATAGAAACAAACTGGTCTTT	NNNNNNNNNNNNNNNNNNNNNNNNNNNNNNNNNNNNNNN	TRAV38-2/DV8*00(569.1)		TRAJ47*00(540.6)		602|613|638|0|11||110.0		20|46|77|13|39|SG28A|231.0		TGTGCTTATAGCCTGGAATATAGAAACAAACTGGTCTTT	45	CAYSLEYRNKLVF	:::::::::0:-5:11:::::13:0:39:::
4191	195.0	7.666353984263138E-5	1	1.1548677676406051E-4	TGTGCTGTGAGGAGTAGCGCGGGAGGAGGAAACAAACTCACCTTT	NNNNNNNNNNNNNNNNNNNNNNNNNNNNNNNNNNNNNNNNNNNNN	TRAV21*00(479.9)		TRAJ10*00(559.4)		544|556|576|0|12||120.0		27|53|84|19|45||260.0		TGTGCTGTGAGGAGTAGCGCGGGAGGAGGAAACAAACTCACCTTT	45	CAVRSSAGGGNKLTF	:::::::::0:0:12:::::19:-7:45:::
4325	195.0	7.666353984263138E-5	1	1.1548677676406051E-4	TGTGCTGTGAATAGGCCTGGGGCTGGGAGTTACCAACTCACTTTC	NNNNNNNNNNNNNNNNNNNNNNNNNNNNNNNNNNNNNNNNNNNNN	TRAV8-6*00(669.8)		TRAJ28*00(579.6)		448|458|482|0|10||100.0		26|55|86|16|45||290.0		TGTGCTGTGAATAGGCCTGGGGCTGGGAGTTACCAACTCACTTTC	45	CAVNRPGAGSYQLTF	:::::::::0:-4:10:::::16:-6:45:::
6374	195.0	7.666353984263138E-5	1	1.1548677676406051E-4	TGTGCCGTGAACTGGAAGAACAATGACATGCGCTTT	NNNNNNNNNNNNNNNNNNNNNNNNNNNNNNNNNNNN	TRAV12-1*00(462),TRAV12-2*00(462)		TRAJ43*00(480.6)		539|551|572|0|12|ST543CSG544C|62.0;551|563|584|0|12||120.0		22|43|74|15|36|ST24G|181.0		TGTGCCGTGAACTGGAAGAACAATGACATGCGCTTT	45	CAVNWKNNDMRF	:::::::::0:-1:12:::::15:-2:36:::
17656	195.0	7.666353984263138E-5	1	1.1548677676406051E-4	TGTGCAGCAAGTTATGGAGGAAGCCAAGGAAATCTCATCTTT	NNNNNNNNNNNNNNNNNNNNNNNNNNNNNNNNNNNNNNNNNN	TRAV13-1*00(979.1)		TRAJ42*00(569.7)		511|523|544|0|12||120.0		25|55|86|12|42||310.0		TGTGCAGCAAGTTATGGAGGAAGCCAAGGAAATCTCATCTTT	45	CAASYGGSQGNLIF	:::::::::0:-1:12:::::12:-5:42:::
17658	195.0	7.666353984263138E-5	1	1.1548677676406051E-4	TGTGCAGCAAGTTAATACCGGCACTGCCAGTAAACTCACCTTT	NNNNNNNNNNNNNNNNNNNNNNNNNNNNNNNNNNNNNNNNNNN	TRAV13-1*00(599.6)		TRAJ44*00(609.9)		511|523|544|0|12||120.0		22|52|83|13|43||300.0		TGTGCAGCAAGTTAATACCGGCACTGCCAGTAAACTCACCTTT	45	CAAS*YR_TASKLTF	:::::::::0:-1:12:::::13:-2:43:::
17778	195.0	7.666353984263138E-5	1	1.1548677676406051E-4	TGTGCAGCAAGTAAAAAGGGCTCTAGCAACACAGGCAAACTAATCTTT	NNNNNNNNNNNNNNNNNNNNNNNNNNNNNNNNNNNNNNNNNNNNNNNN	TRAV13-1*00(989.4)		TRAJ37*00(540.7)		511|524|544|0|13||130.0		21|51|82|18|48|SG27A|271.0		TGTGCAGCAAGTAAAAAGGGCTCTAGCAACACAGGCAAACTAATCTTT	45	CAASKKGSSNTGKLIF	:::::::::0:0:13:::::18:-1:48:::
18959	195.0	7.666353984263138E-5	1	1.1548677676406051E-4	TGCCTCGTGCCGACCGAACACAGGCTTTCAGAAACTTGTATTT	NNNNNNNNNNNNNNNNNNNNNNNNNNNNNNNNNNNNNNNNNNN	TRAV4*00(959.7)		TRAJ8*00(529.3)		768|777|804|0|9||90.0		21|49|80|15|43||280.0		TGCCTCGTGCCGACCGAACACAGGCTTTCAGAAACTTGTATTT	45	CLVPTEH_GFQKLVF	:::::::::0:-7:9:::::15:-1:43:::
1659	194.0	7.627039348446403E-5	1	1.1548677676406051E-4	TGTGTGGTTCATGTATTCAGGAGGAGGTGCTGACGGACTCACCTTT	NNNNNNNNNNNNNNNNNNNNNNNNNNNNNNNNNNNNNNNNNNNNNN	TRAV10*00(989.3)		TRAJ45*00(637.5)		575|583|608|0|8||80.0		18|55|86|9|46||370.0		TGTGTGGTTCATGTATTCAGGAGGAGGTGCTGACGGACTCACCTTT	45	CVVHVFRR_GADGLTF	:::::::::0:-5:8:::::9:2:46:::
2777	194.0	7.627039348446403E-5	1	1.1548677676406051E-4	TGTGCTCTGAGTGAATAGCTATGGAAAGCTGACATTT	NNNNNNNNNNNNNNNNNNNNNNNNNNNNNNNNNNNNN	TRAV9-2*00(750.3)		TRAJ52*00(519.5)		480|494|514|0|14||140.0		36|58|89|15|37||220.0		TGTGCTCTGAGTGAATAGCTATGGAAAGCTGACATTT	45	CALSE*_YGKLTF	:::::::::0:0:14:::::15:-16:37:::
3164	194.0	7.627039348446403E-5	1	1.1548677676406051E-4	TGTGCTGTTCCCCCTGAACACAGGCTTTCAGAAACTTGTATTT	NNNNNNNNNNNNNNNNNNNNNNNNNNNNNNNNNNNNNNNNNNN	TRAV9-2*00(669.9)		TRAJ8*00(579.7)		480|486|514|0|6||60.0		20|49|80|14|43||290.0		TGTGCTGTTCCCCCTGAACACAGGCTTTCAGAAACTTGTATTT	45	CAVPPEH_GFQKLVF	:::::::::0:-8:6:::::14:0:43:::
3793	194.0	7.627039348446403E-5	1	1.1548677676406051E-4	TGTGCTGTGATCGATTCCGGGTATGCACTCAACTTC	NNNNNNNNNNNNNNNNNNNNNNNNNNNNNNNNNNNN	TRAV21*00(969.6)		TRAJ41*00(489.9)		544|554|576|0|10||100.0		28|51|82|13|36||230.0		TGTGCTGTGATCGATTCCGGGTATGCACTCAACTTC	45	CAVIDSGYALNF	:::::::::0:-2:10:::::13:-8:36:::
4539	194.0	7.627039348446403E-5	1	1.1548677676406051E-4	TGTGCTGGGTATAATGCAGGCAACATGCTCACCTTT	NNNNNNNNNNNNNNNNNNNNNNNNNNNNNNNNNNNN	TRAV35*00(929.8)		TRAJ39*00(569.6)		588|597|620|0|9||90.0		26|52|83|10|36||260.0		TGTGCTGGGTATAATGCAGGCAACATGCTCACCTTT	45	CAGYNAGNMLTF	:::::::::0:-3:9:::::10:-6:36:::
6487	194.0	7.627039348446403E-5	1	1.1548677676406051E-4	TGTGCCGCCTTGTACAATAACAATGACATGCGCTTT	NNNNNNNNNNNNNNNNNNNNNNNNNNNNNNNNNNNN	TRAV8-1*00(539.6)		TRAJ43*00(570)		474|481|508|0|7||70.0		16|43|74|9|36||270.0		TGTGCCGCCTTGTACAATAACAATGACATGCGCTTT	45	CAALYNNNDMRF	:::::::::0:-7:7:::::9:4:36:::
18804	194.0	7.627039348446403E-5	1	1.1548677676406051E-4	TGTGCAATGAGAGAGGGATTCAGGAGGAGGTGCTGACGGACTCACCTTT	NNNNNNNNNNNNNNNNNNNNNNNNNNNNNNNNNNNNNNNNNNNNNNNNN	TRAV14/DV4*00(530.7)		TRAJ45*00(629.4)		517|534|554|0|17||170.0		23|55|86|17|49||320.0		TGTGCAATGAGAGAGGGATTCAGGAGGAGGTGCTGACGGACTCACCTTT	45	CAMREGFR_GGADGLTF	:::::::::0:0:17:::::17:-3:49:::
19015	194.0	7.627039348446403E-5	1	1.1548677676406051E-4	TGCCTCGTGGGTGACGGGTTTTCAGATGGCCAGAAGCTGCTCTTT	NNNNNNNNNNNNNNNNNNNNNNNNNNNNNNNNNNNNNNNNNNNNN	TRAV4*00(1019.6)		TRAJ16*00(521.6)		768|782|804|0|14||150.0		18|49|80|14|45|SC19G|291.0		TGCCTCGTGGGTGACGGGTTTTCAGATGGCCAGAAGCTGCTCTTT	45	CLVGDGFSDGQKLLF	:::::::::0:-2:14:::::14:2:45:::
19069	194.0	7.627039348446403E-5	1	1.1548677676406051E-4	TGCCTCGCCGGGTATAGGGCAGGCAACATGCTCACCTTT	NNNNNNNNNNNNNNNNNNNNNNNNNNNNNNNNNNNNNNN	TRAV4*00(939.7)		TRAJ39*00(479.9)		768|775|804|0|7||70.0		31|52|83|18|39||210.0		TGCCTCGCCGGGTATAGGGCAGGCAACATGCTCACCTTT	45	CLAGYRAGNMLTF	:::::::::0:-9:7:::::18:-11:39:::
19135	194.0	7.627039348446403E-5	1	1.1548677676406051E-4	TGCGCTGTGAGGAGGGGATAGCAGCTATAAATTGATCTTC	NNNNNNNNNNNNNNNNNNNNNNNNNNNNNNNNNNNNNNNN	TRAV1-1*00(680.6)		TRAJ12*00(529.9)		670|681|704|0|11||110.0		24|49|80|15|40||250.0		TGCGCTGTGAGGAGGGGATAGCAGCTATAAATTGATCTTC	45	CAVRRG*_SYKLIF	:::::::::0:-3:11:::::15:-4:40:::
1532	193.0	7.58772471262967E-5	1	1.1548677676406051E-4	TGTCTTCTGGGAGCTAGGCCGGAAACAAGCTGGTCTTT	NNNNNNNNNNNNNNNNNNNNNNNNNNNNNNNNNNNNNN	TRAV40*00(909.4)		TRAJ47*00(460.8)		436|449|470|0|13||130.0		28|46|77|20|38|SA36G|151.0		TGTCTTCTGGGAGCTAGGCCGGAAACAAGCTGGTCTTT	45	CLLGAR_GNKLVF	:::::::::0:-1:13:::::20:-8:38:::
1704	193.0	7.58772471262967E-5	1	1.1548677676406051E-4	TGTGTGGTGGGGGCTGGGAGTTACCAACTCACTTTC	NNNNNNNNNNNNNNNNNNNNNNNNNNNNNNNNNNNN	TRAV12-1*00(948.2)		TRAJ28*00(559)		539|548|572|0|9||90.0		28|55|86|9|36||270.0		TGTGTGGTGGGGGCTGGGAGTTACCAACTCACTTTC	45	CVVGAGSYQLTF	:::::::::0:-4:9:::::9:-8:36:::
1981	193.0	7.58772471262967E-5	1	1.1548677676406051E-4	TGTGTGGGGGGAGCCCAGAAGCTGGTATTT	NNNNNNNNNNNNNNNNNNNNNNNNNNNNNN	TRAV25*00(500)		TRAJ54*00(509.7)		620|624|649|0|4||40.0		27|49|80|8|30||220.0		TGTGTGGGGGGAGCCCAGAAGCTGGTATTT	45	CVGGAQKLVF	:::::::::0:-5:4:::::8:-7:30:::
2220	193.0	7.58772471262967E-5	1	1.1548677676406051E-4	TGTGCTTATAGGAGCCCCGCCCATACTCTGGGGCTGGGAGTTACCAACTCACTTTC	NNNNNNNNNNNNNNNNNNNNNNNNNNNNNNNNNNNNNNNNNNNNNNNNNNNNNNNN	TRAV38-2/DV8*00(609.5)		TRAJ28*00(638.4)		602|617|638|0|15||150.0		20|55|86|21|56||350.0		TGTGCTTATAGGAGCCCCGCCCATACTCTGGGGCTGGGAGTTACCAACTCACTTTC	45	CAYRSPAHT_GAGSYQLTF	:::::::::0:-1:15:::::21:0:56:::
2281	193.0	7.58772471262967E-5	1	1.1548677676406051E-4	TGTGCTCTTTCCGGGTATGCCAGACTCATGTTT	NNNNNNNNNNNNNNNNNNNNNNNNNNNNNNNNN	TRAV16*00(949.1)		TRAJ31*00(469.7)		449|457|483|0|8||80.0		29|46|77|16|33||170.0		TGTGCTCTTTCCGGGTATGCCAGACTCATGTTT	45	CALSGYARLMF	:::::::::0:-6:8:::::16:-9:33:::
3741	193.0	7.58772471262967E-5	1	1.1548677676406051E-4	TGTGCTGTGGAGGACCTGAATAACAATGCCAGACTCATGTTT	NNNNNNNNNNNNNNNNNNNNNNNNNNNNNNNNNNNNNNNNNN	TRAV2*00(1039.1)		TRAJ31*00(510.2)		519|533|553|0|14||140.0		18|46|77|14|42|SG20T|251.0		TGTGCTGTGGAGGACCTGAATAACAATGCCAGACTCATGTTT	45	CAVEDLNNNARLMF	:::::::::0:0:14:::::14:2:42:::
3828	193.0	7.58772471262967E-5	1	1.1548677676406051E-4	TGTGCTGTGACCATGAACACCGGTAACCAGTTCTATTTT	NNNNNNNNNNNNNNNNNNNNNNNNNNNNNNNNNNNNNNN	TRAV8-6*00(669.2)		TRAJ49*00(549.2)		448|458|482|0|10||100.0		20|45|76|14|39||250.0		TGTGCTGTGACCATGAACACCGGTAACCAGTTCTATTTT	45	CAVTMNTGNQFYF	:::::::::0:-4:10:::::14:0:39:::
4437	193.0	7.58772471262967E-5	1	1.1548677676406051E-4	TGTGCTGCCGCCGGGGAATTCTGGGGGTTACCAGAAAGTTACCTTT	NNNNNNNNNNNNNNNNNNNNNNNNNNNNNNNNNNNNNNNNNNNNNN	TRAV22*00(499.9)		TRAJ13*00(609.2)		526|533|559|0|7||70.0		21|52|83|15|46||310.0		TGTGCTGCCGCCGGGGAATTCTGGGGGTTACCAGAAAGTTACCTTT	45	CAAAGEFW_GYQKVTF	:::::::::0:-6:7:::::15:-1:46:::
4640	193.0	7.58772471262967E-5	1	1.1548677676406051E-4	TGTGCTGGGCAGCTAAACCTCAGGAACCTACAAATACATCTTT	NNNNNNNNNNNNNNNNNNNNNNNNNNNNNNNNNNNNNNNNNNN	TRAV35*00(950.7)		TRAJ40*00(530)		588|602|620|0|14||140.0		23|50|81|16|43||270.0		TGTGCTGGGCAGCTAAACCTCAGGAACCTACAAATACATCTTT	45	CAGQLNL_GTYKYIF	:::::::::0:2:14:::::16:-3:43:::
6113	193.0	7.58772471262967E-5	1	1.1548677676406051E-4	TGTGCCCAAAAGTAGGGGGTTATAGAAACAAACTGGTCTTT	NNNNNNNNNNNNNNNNNNNNNNNNNNNNNNNNNNNNNNNNN	TRAV27*00(591.9)		TRAJ47*00(490.9)		552|557|582|0|5||50.0		25|46|77|20|41|SG28A|181.0		TGTGCCCAAAAGTAGGGGGTTATAGAAACAAACTGGTCTTT	45	CAQK*GV_RNKLVF	:::::::::0:-5:5:::::20:-5:41:::
6425	193.0	7.58772471262967E-5	1	1.1548677676406051E-4	TGTGCCGTGAACAAGGTATGGGAACAACAGACTCGCTTTT	NNNNNNNNNNNNNNNNNNNNNNNNNNNNNNNNNNNNNNNN	TRAV12-2*00(781.7)		TRAJ7*00(518.5)		551|564|584|0|13||130.0		24|48|79|16|40||240.0		TGTGCCGTGAACAAGGTATGGGAACAACAGACTCGCTTTT	45	CAVNKVW_NNRLAF	:::::::::0:0:13:::::16:-4:40:::
17317	193.0	7.58772471262967E-5	1	1.1548677676406051E-4	TGTGCGTCCACTTTAACAAATTCCGGGTATGCACTCAACTTC	NNNNNNNNNNNNNNNNNNNNNNNNNNNNNNNNNNNNNNNNNN	TRAV13-1*00(906.7)		TRAJ41*00(508.6)		511|516|544|0|5||50.0		25|51|82|16|42||260.0		TGTGCGTCCACTTTAACAAATTCCGGGTATGCACTCAACTTC	45	CASTLTNSGYALNF	:::::::::0:-8:5:::::16:-5:42:::
17736	193.0	7.58772471262967E-5	1	1.1548677676406051E-4	TGTGCAGCAAGTAGGCTAAGCTGCAGGCAACAAGCTAACTTTT	NNNNNNNNNNNNNNNNNNNNNNNNNNNNNNNNNNNNNNNNNNN	TRAV13-1*00(609.3)		TRAJ17*00(559.7)		511|524|544|0|13||130.0		26|52|83|17|43||260.0		TGTGCAGCAAGTAGGCTAAGCTGCAGGCAACAAGCTAACTTTT	45	CAASRLS_AGNKLTF	:::::::::0:0:13:::::17:-6:43:::
18140	193.0	7.58772471262967E-5	1	1.1548677676406051E-4	TGTGCAGGGTAGTAGCAGAGTATAGAAACAAACTGGTCTTT	NNNNNNNNNNNNNNNNNNNNNNNNNNNNNNNNNNNNNNNNN	TRAV25*00(532.5)		TRAJ47*00(491.4)		620|629|649|0|9||90.0		22|46|77|17|41|SA24GSG28A|182.0		TGTGCAGGGTAGTAGCAGAGTATAGAAACAAACTGGTCTTT	45	CAG**QS_RNKLVF	:::::::::0:0:9:::::17:-2:41:::
18662	193.0	7.58772471262967E-5	1	1.1548677676406051E-4	TGTGCAATGAGCGAGGTATCAGGAGCCCAGAAGCTGGTATTT	NNNNNNNNNNNNNNNNNNNNNNNNNNNNNNNNNNNNNNNNNN	TRAV12-3*00(501)		TRAJ54*00(499.8)		562|575|595|0|13||130.0		28|49|80|21|42||210.0		TGTGCAATGAGCGAGGTATCAGGAGCCCAGAAGCTGGTATTT	45	CAMSEVSGAQKLVF	:::::::::0:0:13:::::21:-8:42:::
20300	193.0	7.58772471262967E-5	1	1.1548677676406051E-4	TGCATCCCTCATGGAATATAGAAACAAACTGGTCTTT	NNNNNNNNNNNNNNNNNNNNNNNNNNNNNNNNNNNNN	TRAV26-2*00(837.9)		TRAJ47*00(560.2)		791|798|826|0|7||70.0		18|46|77|9|37|SG28A|251.0		TGCATCCCTCATGGAATATAGAAACAAACTGGTCTTT	45	CIPHGI_RNKLVF	:::::::::0:-8:7:::::9:2:37:::
20378	193.0	7.58772471262967E-5	1	1.1548677676406051E-4	TGCATCGTCAGAGTCTATAACACCGACAAGCTCATCTTT	NNNNNNNNNNNNNNNNNNNNNNNNNNNNNNNNNNNNNNN	TRAV26-1*00(639.2)		TRAJ34*00(539.4)		763|778|799|0|15||150.0		23|47|78|15|39||240.0		TGCATCGTCAGAGTCTATAACACCGACAAGCTCATCTTT	45	CIVRVYNTDKLIF	:::::::::0:-1:15:::::15:-3:39:::
21391	193.0	7.58772471262967E-5	1	1.1548677676406051E-4	AGGGAGCCCAGAAGCTGGTATTT	NNNNNNNNNNNNNNNNNNNNNNN	TRAV21*00(602.7)		TRAJ54*00(539.4)		544|544|576|0|0||0.0		26|49|80|0|23||230.0		AGGGAGCCCAGAAGCTGGTATTT	45	REPR_LVF	:::::::::0:-12:0:::::0:-6:23:::
2764	192.0	7.548410076812935E-5	1	1.1548677676406051E-4	TGTGCTCTGAGTGAGGAGAGATAACCAGGGAGGAAAGCTTATCTTC	NNNNNNNNNNNNNNNNNNNNNNNNNNNNNNNNNNNNNNNNNNNNNN	TRAV19*00(769.3)		TRAJ23*00(569.3)		556|572|593|0|16||160.0		26|52|83|20|46||260.0		TGTGCTCTGAGTGAGGAGAGATAACCAGGGAGGAAAGCTTATCTTC	45	CALSEER*_QGGKLIF	:::::::::0:-1:16:::::20:-6:46:::
2976	192.0	7.548410076812935E-5	1	1.1548677676406051E-4	TGTGCTCTAAGTGGCTTAGTTTGGAAGGGGGGTTACCAGAAAGTTACCTTT	NNNNNNNNNNNNNNNNNNNNNNNNNNNNNNNNNNNNNNNNNNNNNNNNNNN	TRAV16*00(1019.2)		TRAJ13*00(499.8)		449|464|483|0|15||150.0		28|52|83|27|51||240.0		TGTGCTCTAAGTGGCTTAGTTTGGAAGGGGGGTTACCAGAAAGTTACCTTT	45	CALSGLVWKGGYQKVTF	:::::::::0:1:15:::::27:-8:51:::
3075	192.0	7.548410076812935E-5	1	1.1548677676406051E-4	TGTGCTCCCGGATAGAAACAAACTGGTCTTT	NNNNNNNNNNNNNNNNNNNNNNNNNNNNNNN	TRAV17*00(859)		TRAJ47*00(480.1)		490|496|523|0|6||60.0		26|46|77|11|31|SG28A|171.0		TGTGCTCCCGGATAGAAACAAACTGGTCTTT	45	CAPG*_NKLVF	:::::::::0:-7:6:::::11:-6:31:::
3315	192.0	7.548410076812935E-5	1	1.1548677676406051E-4	TGTGCTGTCAGATTAGGGCCTGGTTCTGCAAGGCAACTGACCTTT	NNNNNNNNNNNNNNNNNNNNNNNNNNNNNNNNNNNNNNNNNNNNN	TRAV41*00(798.8)		TRAJ22*00(569.4)		512|525|544|0|13||130.0		26|52|83|19|45||260.0		TGTGCTGTCAGATTAGGGCCTGGTTCTGCAAGGCAACTGACCTTT	45	CAVRLGPGSARQLTF	:::::::::0:1:13:::::19:-6:45:::
3923	192.0	7.548410076812935E-5	1	1.1548677676406051E-4	TGTGCTGTGAGTGGGGGAGGTGCTGACGGACTCACCTTT	NNNNNNNNNNNNNNNNNNNNNNNNNNNNNNNNNNNNNNN	TRAV21*00(979.4)		TRAJ45*00(510.9)		544|555|576|0|11||110.0		28|55|86|12|39|SA30G|241.0		TGTGCTGTGAGTGGGGGAGGTGCTGACGGACTCACCTTT	45	CAVSGGGADGLTF	:::::::::0:-1:11:::::12:-8:39:::
4529	192.0	7.548410076812935E-5	1	1.1548677676406051E-4	TGTGCTGGCATCGATAACTATGGTCAGAATTTTGTCTTT	NNNNNNNNNNNNNNNNNNNNNNNNNNNNNNNNNNNNNNN	TRAV35*00(559.1)		TRAJ26*00(559.6)		588|596|620|0|8||80.0		22|49|80|12|39||270.0		TGTGCTGGCATCGATAACTATGGTCAGAATTTTGTCTTT	45	CAGIDNYGQNFVF	:::::::::0:-4:8:::::12:-2:39:::
18322	192.0	7.548410076812935E-5	1	1.1548677676406051E-4	TGTGCAGATTCCGGGTATGCACTCAACTTC	NNNNNNNNNNNNNNNNNNNNNNNNNNNNNN	TRAV25*00(529.3)		TRAJ41*00(490.5)		620|626|649|0|6||70.0		27|51|82|6|30|SA27G|231.0		TGTGCAGATTCCGGGTATGCACTCAACTTC	45	CADSGYALNF	:::::::::0:-3:6:::::6:-7:30:::
18433	192.0	7.548410076812935E-5	1	1.1548677676406051E-4	TGTGCAGAGAGTATAAAAAGCTGCAGGCAACAAGCTAACTTTT	NNNNNNNNNNNNNNNNNNNNNNNNNNNNNNNNNNNNNNNNNNN	TRAV5*00(509.8)		TRAJ17*00(569.7)		523|538|556|0|15||150.0		25|52|83|16|43||270.0		TGTGCAGAGAGTATAAAAAGCTGCAGGCAACAAGCTAACTTTT	45	CAESIKS_AGNKLTF	:::::::::0:2:15:::::16:-5:43:::
1777	191.0	7.509095440996202E-5	1	1.1548677676406051E-4	TGTGTGGTGAGCCGGAGTGCTGGTGGTACTAGCTATGGAAAGCTGACATTT	NNNNNNNNNNNNNNNNNNNNNNNNNNNNNNNNNNNNNNNNNNNNNNNNNNN	TRAV10*00(1029.3)		TRAJ52*00(599.5)		575|587|608|0|12||120.0		24|58|89|17|51||340.0		TGTGTGGTGAGCCGGAGTGCTGGTGGTACTAGCTATGGAAAGCTGACATTT	45	CVVSRSAGGTSYGKLTF	:::::::::0:-1:12:::::17:-4:51:::
3931	191.0	7.509095440996202E-5	1	1.1548677676406051E-4	TGTGCTGTGAGTGATTTGAACACTCACGGGAGGAGGAAACAAACTCACCTTT	NNNNNNNNNNNNNNNNNNNNNNNNNNNNNNNNNNNNNNNNNNNNNNNNNNNN	TRAV8-6*00(719.8)		TRAJ10*00(609.8)		448|463|482|0|15||150.0		22|53|84|21|52||310.0		TGTGCTGTGAGTGATTTGAACACTCACGGGAGGAGGAAACAAACTCACCTTT	45	CAVSDLNTH_GGGNKLTF	:::::::::0:1:15:::::21:-2:52:::
3965	191.0	7.509095440996202E-5	1	1.1548677676406051E-4	TGTGCTGTGAGTGATCGGAACCTACAAATACATCTTT	NNNNNNNNNNNNNNNNNNNNNNNNNNNNNNNNNNNNN	TRAV8-4*00(709.5)		TRAJ40*00(500)		476|492|510|0|16||160.0		29|50|81|16|37||210.0		TGTGCTGTGAGTGATCGGAACCTACAAATACATCTTT	45	CAVSDR_TYKYIF	:::::::::0:2:16:::::16:-9:37:::
4659	191.0	7.509095440996202E-5	1	1.1548677676406051E-4	TGTGCTGGGCAGGTCCTCAACTCCAGGGAGCCCAGAAGCTGGTATTT	NNNNNNNNNNNNNNNNNNNNNNNNNNNNNNNNNNNNNNNNNNNNNNN	TRAV35*00(930.4)		TRAJ54*00(489.8)		588|600|620|0|12||120.0		25|49|80|23|47||240.0		TGTGCTGGGCAGGTCCTCAACTCCAGGGAGCCCAGAAGCTGGTATTT	45	CAGQVLNS_GAQKLVF	:::::::::0:0:12:::::23:-5:47:::
18219	191.0	7.509095440996202E-5	1	1.1548677676406051E-4	TGTGCAGGGAAGGGGTCGACCTATGGTCAGAATTTTGTCTTT	NNNNNNNNNNNNNNNNNNNNNNNNNNNNNNNNNNNNNNNNNN	TRAV25*00(549.8)		TRAJ26*00(509.5)		620|629|649|0|9||90.0		27|49|80|20|42||220.0		TGTGCAGGGAAGGGGTCGACCTATGGTCAGAATTTTGTCTTT	45	CAGKGSTYGQNFVF	:::::::::0:0:9:::::20:-7:42:::
1855	190.0	7.469780805179467E-5	1	1.1548677676406051E-4	TGTGTGGTGAACTATATATCTAACTTTGGAAATGAGAAATTAACCTTT	NNNNNNNNNNNNNNNNNNNNNNNNNNNNNNNNNNNNNNNNNNNNNNNN	TRAV12-1*00(979.4)		TRAJ48*00(620)		539|551|572|0|12||120.0		17|52|83|13|48||350.0		TGTGTGGTGAACTATATATCTAACTTTGGAAATGAGAAATTAACCTTT	45	CVVNYISNFGNEKLTF	:::::::::0:-1:12:::::13:3:48:::
2338	190.0	7.469780805179467E-5	1	1.1548677676406051E-4	TGTGCTCTTGGGGACGGGGTACAGCAGTGCTTCCAAGATAATCTTT	NNNNNNNNNNNNNNNNNNNNNNNNNNNNNNNNNNNNNNNNNNNNNN	TRDV1*00(669.1)		TRAJ3*00(618.9)		573|587|610|0|14||140.0		19|51|82|14|46||320.0		TGTGCTCTTGGGGACGGGGTACAGCAGTGCTTCCAAGATAATCTTT	45	CALGDGVQ_SASKIIF	:::::::::0:-3:14:::::14:1:46:::
2470	190.0	7.469780805179467E-5	1	1.1548677676406051E-4	TGTGCTCTCGTACAGCAATGCTTCCAAGATAATCTTT	NNNNNNNNNNNNNNNNNNNNNNNNNNNNNNNNNNNNN	TRAV5*00(409.7)		TRAJ3*00(550.5)		523|528|556|0|5||50.0		23|51|82|9|37|SG31A|251.0		TGTGCTCTCGTACAGCAATGCTTCCAAGATAATCTTT	45	CALVQQ_ASKIIF	:::::::::0:-8:5:::::9:-3:37:::
3659	190.0	7.469780805179467E-5	1	1.1548677676406051E-4	TGTGCTGTGGATGGTCAGAATTTTGTCTTT	NNNNNNNNNNNNNNNNNNNNNNNNNNNNNN	TRAV22*00(539.1)		TRAJ26*00(489.8)		526|537|559|0|11||110.0		30|49|80|11|30||200.0		TGTGCTGTGGATGGTCAGAATTTTGTCTTT	45	CAVDGQNFVF	:::::::::0:-2:11:::::11:-10:30:::
3678	190.0	7.469780805179467E-5	1	1.1548677676406051E-4	TGTGCTGTGGACAGGGATAGCAACTATCAGTTAATCTGG	NNNNNNNNNNNNNNNNNNNNNNNNNNNNNNNNNNNNNNN	TRAV36/DV7*00(600.3)		TRAJ33*00(540.2)		500|511|533|0|11||110.0		18|46|77|11|39|ST20G|251.0		TGTGCTGTGGACAGGGATAGCAACTATCAGTTAATCTGG	45	CAVDRDSNYQLIW	:::::::::0:-2:11:::::11:2:39:::
3882	190.0	7.469780805179467E-5	1	1.1548677676406051E-4	TGTGCTGTGAGTGTGTATGCAGGCAACATGCTCACCTTT	NNNNNNNNNNNNNNNNNNNNNNNNNNNNNNNNNNNNNNN	TRAV8-6*00(699.8)		TRAJ39*00(539.8)		448|461|482|0|13||130.0		29|52|83|16|39||230.0		TGTGCTGTGAGTGTGTATGCAGGCAACATGCTCACCTTT	45	CAVSVYAGNMLTF	:::::::::0:-1:13:::::16:-9:39:::
3945	190.0	7.469780805179467E-5	1	1.1548677676406051E-4	TGTGCTGTGAGTGATCCGCGGCGACCTGATACCTCAGGAACCTACAAATACATCTTT	NNNNNNNNNNNNNNNNNNNNNNNNNNNNNNNNNNNNNNNNNNNNNNNNNNNNNNNNN	TRAV8-4*00(709.7)		TRAJ40*00(569.5)		476|492|510|0|16||160.0		22|50|81|29|57||280.0		TGTGCTGTGAGTGATCCGCGGCGACCTGATACCTCAGGAACCTACAAATACATCTTT	45	CAVSDPRRPDTSGTYKYIF	:::::::::0:2:16:::::29:-2:57:::
4288	190.0	7.469780805179467E-5	1	1.1548677676406051E-4	TGTGCTGTGAGAGACATAGGCTCTAGCAACACAGGCAAACTAATCTTT	NNNNNNNNNNNNNNNNNNNNNNNNNNNNNNNNNNNNNNNNNNNNNNNN	TRAV3*00(649.3)		TRAJ37*00(580.5)		437|454|473|0|17||170.0		21|51|82|18|48|SG27A|271.0		TGTGCTGTGAGAGACATAGGCTCTAGCAACACAGGCAAACTAATCTTT	45	CAVRDIGSSNTGKLIF	:::::::::0:1:17:::::18:-1:48:::
4388	190.0	7.469780805179467E-5	1	1.1548677676406051E-4	TGTGCTGCTTCAATAACACCGACAAGCTCATCTTT	NNNNNNNNNNNNNNNNNNNNNNNNNNNNNNNNNNN	TRAV21*00(939.2)		TRAJ34*00(529.4)		544|551|576|0|7||70.0		24|47|78|12|35||230.0		TGTGCTGCTTCAATAACACCGACAAGCTCATCTTT	45	CAASIT_DKLIF	:::::::::0:-5:7:::::12:-4:35:::
4718	190.0	7.469780805179467E-5	1	1.1548677676406051E-4	TGTGCTGGGATTGGTGGTACTAGCTATGGAAAGCTGACATTT	NNNNNNNNNNNNNNNNNNNNNNNNNNNNNNNNNNNNNNNNNN	TRAV35*00(929.4)		TRAJ52*00(579.5)		588|597|620|0|9||90.0		27|58|89|11|42||310.0		TGTGCTGGGATTGGTGGTACTAGCTATGGAAAGCTGACATTT	45	CAGIGGTSYGKLTF	:::::::::0:-3:9:::::11:-7:42:::
6316	190.0	7.469780805179467E-5	1	1.1548677676406051E-4	TGTGCCGTGAGGTGGGATGGAAACAAGCTGGTCTTT	NNNNNNNNNNNNNNNNNNNNNNNNNNNNNNNNNNNN	TRAV12-2*00(589.3)		TRAJ47*00(480.4)		551|561|584|0|10||100.0		26|46|77|16|36|SA36G|171.0		TGTGCCGTGAGGTGGGATGGAAACAAGCTGGTCTTT	45	CAVRWDGNKLVF	:::::::::0:-3:10:::::16:-6:36:::
17676	190.0	7.469780805179467E-5	1	1.1548677676406051E-4	TGTGCAGCAAGTCACAACGACTACAAGCTCAGCTTT	NNNNNNNNNNNNNNNNNNNNNNNNNNNNNNNNNNNN	TRAV13-1*00(599)		TRAJ20*00(514.5)		511|523|544|0|12||120.0		25|46|77|15|36||210.0		TGTGCAGCAAGTCACAACGACTACAAGCTCAGCTTT	45	CAASHNDYKLSF	:::::::::0:-1:12:::::15:-5:36:::
17763	190.0	7.469780805179467E-5	1	1.1548677676406051E-4	TGTGCAGCAAGTAAGGCAGAGCAGGAGGAAGCTACATACCTACATTT	NNNNNNNNNNNNNNNNNNNNNNNNNNNNNNNNNNNNNNNNNNNNNNN	TRAV13-1*00(609.9)		TRAJ6*00(569.5)		511|524|544|0|13||130.0		25|51|82|21|47||260.0		TGTGCAGCAAGTAAGGCAGAGCAGGAGGAAGCTACATACCTACATTT	45	CAASKAEQ_GSYIPTF	:::::::::0:0:13:::::21:-5:47:::
17767	190.0	7.469780805179467E-5	1	1.1548677676406051E-4	TGTGCAGCAAGTAAGGATGGAAATGAGAAATTAACCTTT	NNNNNNNNNNNNNNNNNNNNNNNNNNNNNNNNNNNNNNN	TRAV13-1*00(609.7)		TRAJ48*00(529.9)		511|524|544|0|13||130.0		30|52|83|17|39||220.0		TGTGCAGCAAGTAAGGATGGAAATGAGAAATTAACCTTT	45	CAASKDGNEKLTF	:::::::::0:0:13:::::17:-10:39:::
17768	190.0	7.469780805179467E-5	1	1.1548677676406051E-4	TGTGCAGCAAGTAAGATCTTATAACACCGACAAGCTCATCTTT	NNNNNNNNNNNNNNNNNNNNNNNNNNNNNNNNNNNNNNNNNNN	TRAV13-1*00(609.6)		TRAJ34*00(619.4)		511|523|544|0|12||130.0		16|47|78|12|43||320.0		TGTGCAGCAAGTAAGATCTTATAACACCGACAAGCTCATCTTT	45	CAASKIL_NTDKLIF	:::::::::0:-1:12:::::12:4:43:::
19114	190.0	7.469780805179467E-5	1	1.1548677676406051E-4	TGCGCTGTGGACAAGGGGCTGGGGGAAATTGCAGTTT	NNNNNNNNNNNNNNNNNNNNNNNNNNNNNNNNNNNNN	TRAV1-1*00(660.6)		TRAJ24*00(489.5)		670|679|704|0|9||90.0		32|52|83|17|37||200.0		TGCGCTGTGGACAAGGGGCTGGGGGAAATTGCAGTTT	45	CAVDKG_WGKLQF	:::::::::0:-5:9:::::17:-12:37:::
1844	189.0	7.430466169362734E-5	1	1.1548677676406051E-4	TGTGTGGTGAATAAACCAGGCTTTCAGAAACTTGTATTT	NNNNNNNNNNNNNNNNNNNNNNNNNNNNNNNNNNNNNNN	TRAV12-1*00(687.2)		TRAJ8*00(516.1)		539|550|572|0|11||110.0		26|49|80|16|39||230.0		TGTGTGGTGAATAAACCAGGCTTTCAGAAACTTGTATTT	45	CVVNKPGFQKLVF	:::::::::0:-2:11:::::16:-6:39:::
4369	189.0	7.430466169362734E-5	1	1.1548677676406051E-4	TGTGCTGTAGGTCCTATGAACACAGGCTTTCAGAAACTTGTATTT	NNNNNNNNNNNNNNNNNNNNNNNNNNNNNNNNNNNNNNNNNNNNN	TRAV2*00(979.8)		TRAJ8*00(549)		519|527|553|0|8||80.0		19|49|80|15|45||300.0		TGTGCTGTAGGTCCTATGAACACAGGCTTTCAGAAACTTGTATTT	45	CAVGPMNTGFQKLVF	:::::::::0:-6:8:::::15:1:45:::
5673	189.0	7.430466169362734E-5	1	1.1548677676406051E-4	TGTGCCTCCCTAAACCAGGCAGGAACTGCTCTGATCTTT	NNNNNNNNNNNNNNNNNNNNNNNNNNNNNNNNNNNNNNN	TRAV24*00(969.4)		TRAJ15*00(452.9)		515|522|545|0|7||70.0		22|49|80|12|39||270.0		TGTGCCTCCCTAAACCAGGCAGGAACTGCTCTGATCTTT	45	CASLNQAGTALIF	:::::::::0:-3:7:::::12:-2:39:::
6172	189.0	7.430466169362734E-5	1	1.1548677676406051E-4	TGTGCCGTGTCCCATATATCTAACTTTGGAAATGAGAAATTAACCTTT	NNNNNNNNNNNNNNNNNNNNNNNNNNNNNNNNNNNNNNNNNNNNNNNN	TRAV12-2*00(949.4)		TRAJ48*00(619.2)		551|560|584|0|9||90.0		17|52|83|13|48||350.0		TGTGCCGTGTCCCATATATCTAACTTTGGAAATGAGAAATTAACCTTT	45	CAVSHISNFGNEKLTF	:::::::::0:-4:9:::::13:3:48:::
17489	189.0	7.430466169362734E-5	1	1.1548677676406051E-4	TGTGCAGCCCGCCGCCTAGCAACACAGGCAAACTAATCTTT	NNNNNNNNNNNNNNNNNNNNNNNNNNNNNNNNNNNNNNNNN	TRAV13-1*00(939.5)		TRAJ37*00(500.5)		511|519|544|0|8||80.0		25|51|82|15|41|SG27A|231.0		TGTGCAGCCCGCCGCCTAGCAACACAGGCAAACTAATCTTT	45	CAARRLA_TGKLIF	:::::::::0:-5:8:::::15:-5:41:::
17689	189.0	7.430466169362734E-5	1	1.1548677676406051E-4	TGTGCAGCAAGTGGCTCAGGAGGAGGTGCTGACGGACTCACCTTT	NNNNNNNNNNNNNNNNNNNNNNNNNNNNNNNNNNNNNNNNNNNNN	TRAV13-1*00(599.1)		TRAJ45*00(609.5)		511|523|544|0|12||120.0		25|55|86|15|45||300.0		TGTGCAGCAAGTGGCTCAGGAGGAGGTGCTGACGGACTCACCTTT	45	CAASGSGGGADGLTF	:::::::::0:-1:12:::::15:-5:45:::
18183	189.0	7.430466169362734E-5	1	1.1548677676406051E-4	TGTGCAGGGCAAGTATCAGGAGGAGGTGCTGACGGACTCACCTTT	NNNNNNNNNNNNNNNNNNNNNNNNNNNNNNNNNNNNNNNNNNNNN	TRAV25*00(575.4)		TRAJ45*00(608.9)		620|630|649|0|10||100.0		25|55|86|15|45||300.0		TGTGCAGGGCAAGTATCAGGAGGAGGTGCTGACGGACTCACCTTT	45	CAGQVSGGGADGLTF	:::::::::0:1:10:::::15:-5:45:::
19077	189.0	7.430466169362734E-5	1	1.1548677676406051E-4	TGCCCTAGGCAGGCAACATGCTCACCTTT	NNNNNNNNNNNNNNNNNNNNNNNNNNNNN	TRAV27*00(561.7)		TRAJ39*00(519.3)		552|554|582|0|2||20.0		31|52|83|8|29||210.0		TGCCCTAGGCAGGCAACATGCTCACCTTT	45	CPRQA_MLTF	:::::::::0:-8:2:::::8:-11:29:::
20247	189.0	7.430466169362734E-5	1	1.1548677676406051E-4	TGCATCCTGAGAGGTGGGGGTAGCAACTATAAACTGACATTT	NNNNNNNNNNNNNNNNNNNNNNNNNNNNNNNNNNNNNNNNNN	TRAV26-2*00(899.5)		TRAJ53*00(560.4)		791|804|826|0|13||130.0		26|55|86|13|42|SA30G|261.0		TGCATCCTGAGAGGTGGGGGTAGCAACTATAAACTGACATTT	45	CILRGGGSNYKLTF	:::::::::0:-2:13:::::13:-6:42:::
1773	188.0	7.391151533545999E-5	1	1.1548677676406051E-4	TGTGTGGTGAGCCCGTTCGGGACCCTCACCTTT	NNNNNNNNNNNNNNNNNNNNNNNNNNNNNNNNN	TRAV12-1*00(499.9)		TRAJ11*00(429.8)		539|549|572|0|10||100.0		37|49|80|21|33||120.0		TGTGTGGTGAGCCCGTTCGGGACCCTCACCTTT	45	CVVSPFGTLTF	:::::::::0:-3:10:::::21:-17:33:::
1897	188.0	7.391151533545999E-5	1	1.1548677676406051E-4	TGTGTGGTGAACGGGGGGGGTCGGAACAGAGATGACAAGATCATCTTT	NNNNNNNNNNNNNNNNNNNNNNNNNNNNNNNNNNNNNNNNNNNNNNNN	TRAV12-1*00(519.6)		TRAJ30*00(559.8)		539|551|572|0|12||120.0		21|46|77|23|48||250.0		TGTGTGGTGAACGGGGGGGGTCGGAACAGAGATGACAAGATCATCTTT	45	CVVNGGGRNRDDKIIF	:::::::::0:-1:12:::::23:-1:48:::
2906	188.0	7.391151533545999E-5	1	1.1548677676406051E-4	TGTGCTCTAGTCGATACCGGCACTGCCAGTAAACTCACCTTT	NNNNNNNNNNNNNNNNNNNNNNNNNNNNNNNNNNNNNNNNNN	TRAV6*00(469.7)		TRAJ44*00(599.7)		535|545|568|0|10||100.0		23|52|83|13|42||290.0		TGTGCTCTAGTCGATACCGGCACTGCCAGTAAACTCACCTTT	45	CALVDTGTASKLTF	:::::::::0:-3:10:::::13:-3:42:::
3578	188.0	7.391151533545999E-5	1	1.1548677676406051E-4	TGTGCTGTGGGTGCACGGGCTATGGGAACAACAGACTCGCTTTT	NNNNNNNNNNNNNNNNNNNNNNNNNNNNNNNNNNNNNNNNNNNN	TRAV8-3*00(630.8)		TRAJ7*00(539.8)		455|469|489|0|14||140.0		23|48|79|19|44||250.0		TGTGCTGTGGGTGCACGGGCTATGGGAACAACAGACTCGCTTTT	45	CAVGARA_GNNRLAF	:::::::::0:0:14:::::19:-3:44:::
3768	188.0	7.391151533545999E-5	1	1.1548677676406051E-4	TGTGCTGTGGAAGGGCACCGGTAACCAGTTCTATTTT	NNNNNNNNNNNNNNNNNNNNNNNNNNNNNNNNNNNNN	TRAV20*00(499.7)		TRAJ49*00(519.7)		498|507|531|0|9||90.0		23|45|76|15|37||220.0		TGTGCTGTGGAAGGGCACCGGTAACCAGTTCTATTTT	45	CAVEGH_GNQFYF	:::::::::0:-4:9:::::15:-3:37:::
3861	188.0	7.391151533545999E-5	1	1.1548677676406051E-4	TGTGCTGTGAGTCCTTTTGGAAATGAGAAATTAACCTTT	NNNNNNNNNNNNNNNNNNNNNNNNNNNNNNNNNNNNNNN	TRAV8-4*00(640.6)		TRAJ48*00(549.2)		476|488|510|0|12||120.0		28|52|83|15|39||240.0		TGTGCTGTGAGTCCTTTTGGAAATGAGAAATTAACCTTT	45	CAVSPFGNEKLTF	:::::::::0:-2:12:::::15:-8:39:::
4213	188.0	7.391151533545999E-5	1	1.1548677676406051E-4	TGTGCTGTGAGACCGGACCGGGGTGCTACAAACAAGCTCATCTTT	NNNNNNNNNNNNNNNNNNNNNNNNNNNNNNNNNNNNNNNNNNNNN	TRAV1-2*00(679.5)		TRAJ32*00(539.7)		620|632|654|0|12||120.0		31|55|86|21|45||240.0		TGTGCTGTGAGACCGGACCGGGGTGCTACAAACAAGCTCATCTTT	45	CAVRPDRGATNKLIF	:::::::::0:-2:12:::::21:-11:45:::
6119	188.0	7.391151533545999E-5	1	1.1548677676406051E-4	TGTGCCGTTTACTCTAGCAACACAGGCAAACTAATCTTT	NNNNNNNNNNNNNNNNNNNNNNNNNNNNNNNNNNNNNNN	TRAV8-1*00(549.8)		TRAJ37*00(559.9)		474|482|508|0|8||80.0		23|51|82|11|39|SG27A|251.0		TGTGCCGTTTACTCTAGCAACACAGGCAAACTAATCTTT	45	CAVYSSNTGKLIF	:::::::::0:-6:8:::::11:-3:39:::
6120	188.0	7.391151533545999E-5	1	1.1548677676406051E-4	TGTGCCGTTTACGGGCAGGAGAGCACTTACTTTT	NNNNNNNNNNNNNNNNNNNNNNNNNNNNNNNNNN	TRAV12-1*00(439.3)		TRAJ5*00(536.8)		539|543|572|0|4||40.0		25|49|80|10|34||240.0		TGTGCCGTTTACGGGCAGGAGAGCACTTACTTTT	45	CAVYGQ_RALTF	:::::::::0:-9:4:::::10:-5:34:::
17548	188.0	7.391151533545999E-5	1	1.1548677676406051E-4	TGTGCAGCACCTCCCTCCAACTATCAGTTAATCTGG	NNNNNNNNNNNNNNNNNNNNNNNNNNNNNNNNNNNN	TRAV13-1*00(569.6)		TRAJ33*00(479.2)		511|520|544|0|9||90.0		27|46|77|17|36||190.0		TGTGCAGCACCTCCCTCCAACTATCAGTTAATCTGG	45	CAAPPSNYQLIW	:::::::::0:-4:9:::::17:-7:36:::
19118	188.0	7.391151533545999E-5	1	1.1548677676406051E-4	TGCGCTGTGATCTCAGGGGAACAATGACATGCGCTTT	NNNNNNNNNNNNNNNNNNNNNNNNNNNNNNNNNNNNN	TRAV1-1*00(670.8)		TRAJ43*00(479.5)		670|680|704|0|10||100.0		25|43|74|19|37||180.0		TGCGCTGTGATCTCAGGGGAACAATGACATGCGCTTT	45	CAVISG_NNDMRF	:::::::::0:-4:10:::::19:-5:37:::
21328	188.0	7.391151533545999E-5	1	1.1548677676406051E-4	TGGCCCATATAGAAACAAACTGGTCTTT	NNNNNNNNNNNNNNNNNNNNNNNNNNNN	TRAV8-3*00(460.8)		TRAJ47*00(501)		455|457|489|0|2||20.0		24|46|77|6|28|SG28A|191.0		TGGCCCATATAGAAACAAACTGGTCTTT	45	WPI*K_KLVF	:::::::::0:-12:2:::::6:-4:28:::
2004	187.0	7.351836897729266E-5	1	1.1548677676406051E-4	TGTGCTTTTAGCCCAATCTATCTCTTATGGAGGAAGCCAAGGAAATCTCATCTTT	NNNNNNNNNNNNNNNNNNNNNNNNNNNNNNNNNNNNNNNNNNNNNNNNNNNNNNN	TRAV38-1*00(533.9)		TRAJ42*00(609.5)		596|604|633|0|8||80.0		24|55|86|24|55||310.0		TGTGCTTTTAGCCCAATCTATCTCTTATGGAGGAAGCCAAGGAAATCTCATCTTT	45	CAFSPIYLL_GGSQGNLIF	:::::::::0:-9:8:::::24:-4:55:::
2904	187.0	7.351836897729266E-5	1	1.1548677676406051E-4	TGTGCTCTAGTCTCTCCTATTTCTTCTGGTTCTGCAAGGCAACTGACCTTT	NNNNNNNNNNNNNNNNNNNNNNNNNNNNNNNNNNNNNNNNNNNNNNNNNNN	TRAV16*00(499.4)		TRAJ22*00(639.8)		449|458|483|0|9||90.0		19|52|83|18|51||330.0		TGTGCTCTAGTCTCTCCTATTTCTTCTGGTTCTGCAAGGCAACTGACCTTT	45	CALVSPISSGSARQLTF	:::::::::0:-5:9:::::18:1:51:::
3194	187.0	7.351836897729266E-5	1	1.1548677676406051E-4	TGTGCTGTTACAACTGACAGCTGGGGGAAATTGCAGTTT	NNNNNNNNNNNNNNNNNNNNNNNNNNNNNNNNNNNNNNN	TRAV22*00(510)		TRAJ24*00(589.2)		526|534|559|0|8||80.0		22|52|83|9|39||300.0		TGTGCTGTTACAACTGACAGCTGGGGGAAATTGCAGTTT	45	CAVTTDSWGKLQF	:::::::::0:-5:8:::::9:-2:39:::
3725	187.0	7.351836897729266E-5	1	1.1548677676406051E-4	TGTGCTGTGGAGGATCTGAAGAACACAGGCTTTCAGAAACTTGTATTT	NNNNNNNNNNNNNNNNNNNNNNNNNNNNNNNNNNNNNNNNNNNNNNNN	TRAV2*00(609.5)		TRAJ8*00(569.7)		519|535|553|0|16||160.0		21|49|80|20|48||280.0		TGTGCTGTGGAGGATCTGAAGAACACAGGCTTTCAGAAACTTGTATTT	45	CAVEDLKNTGFQKLVF	:::::::::0:2:16:::::20:-1:48:::
6296	187.0	7.351836897729266E-5	1	1.1548677676406051E-4	TGTGCCGTGACTGGGGTTTACTCTGGGGCTGGGAGTTACCAACTCACTTTC	NNNNNNNNNNNNNNNNNNNNNNNNNNNNNNNNNNNNNNNNNNNNNNNNNNN	TRAV12-2*00(614.7)		TRAJ28*00(609.5)		551|561|584|0|10||100.0		22|55|86|18|51||330.0		TGTGCCGTGACTGGGGTTTACTCTGGGGCTGGGAGTTACCAACTCACTTTC	45	CAVTGVYSGAGSYQLTF	:::::::::0:-3:10:::::18:-2:51:::
18735	187.0	7.351836897729266E-5	1	1.1548677676406051E-4	TGTGCAATGAGAGAGGTCGCAAGGCTTTCAGAAACTTGTATTT	NNNNNNNNNNNNNNNNNNNNNNNNNNNNNNNNNNNNNNNNNNN	TRAV14/DV4*00(520.7)		TRAJ8*00(510)		517|533|554|0|16||160.0		27|49|80|21|43||220.0		TGTGCAATGAGAGAGGTCGCAAGGCTTTCAGAAACTTGTATTT	45	CAMREVA_GFQKLVF	:::::::::0:-1:16:::::21:-7:43:::
20421	187.0	7.351836897729266E-5	1	1.1548677676406051E-4	TGCATCGTCAGAGTCGATAGGAATATAGAAACAAACTGGTCTTT	NNNNNNNNNNNNNNNNNNNNNNNNNNNNNNNNNNNNNNNNNNNN	TRAV26-1*00(649.4)		TRAJ47*00(526.5)		763|779|799|0|16||160.0		21|46|77|19|44|SG28A|221.0		TGCATCGTCAGAGTCGATAGGAATATAGAAACAAACTGGTCTTT	45	CIVRVDR_YRNKLVF	:::::::::0:0:16:::::19:-1:44:::
2167	186.0	7.312522261912531E-5	1	1.1548677676406051E-4	TGTGCTTATCATGGTGGCGACAAGCTCATCTTT	NNNNNNNNNNNNNNNNNNNNNNNNNNNNNNNNN	TRAV38-2/DV8*00(550)		TRAJ34*00(459.7)		602|611|638|0|9||90.0		31|47|78|17|33||160.0		TGTGCTTATCATGGTGGCGACAAGCTCATCTTT	45	CAYHGGDKLIF	:::::::::0:-7:9:::::17:-11:33:::
4762	186.0	7.312522261912531E-5	1	1.1548677676406051E-4	TGTGCTATAGGGGCGGGGGCAAACAACCTCTTCTTT	NNNNNNNNNNNNNNNNNNNNNNNNNNNNNNNNNNNN	TRAV16*00(930.5)		TRAJ36*00(509.5)		449|458|483|0|9|SC455A|61.0		27|48|79|15|36||210.0		TGTGCTATAGGGGCGGGGGCAAACAACCTCTTCTTT	45	CAIGAGANNLFF	:::::::::0:-5:9:::::15:-7:36:::
5680	186.0	7.312522261912531E-5	1	1.1548677676406051E-4	TGTGCCTCCCGAGGGACTACAATAAGCTGATTTTT	NNNNNNNNNNNNNNNNNNNNNNNNNNNNNNNNNNN	TRAV12-2*00(459.8)		TRAJ4*00(354.2)		551|557|584|0|6||60.0		33|52|83|16|35||190.0		TGTGCCTCCCGAGGGACTACAATAAGCTGATTTTT	45	CASRGT_NKLIF	:::::::::0:-7:6:::::16:-13:35:::
6248	186.0	7.312522261912531E-5	1	1.1548677676406051E-4	TGTGCCGTGGACATAGGGAATGGTGGTGCTACAAACAAGCTCATCTTT	NNNNNNNNNNNNNNNNNNNNNNNNNNNNNNNNNNNNNNNNNNNNNNNN	TRAV39*00(759.5)		TRAJ32*00(589.7)		507|521|540|0|14||140.0		26|55|86|19|48||290.0		TGTGCCGTGGACATAGGGAATGGTGGTGCTACAAACAAGCTCATCTTT	45	CAVDIGNGGATNKLIF	:::::::::0:1:14:::::19:-6:48:::
17315	186.0	7.312522261912531E-5	1	1.1548677676406051E-4	TGTGCGTTAAGCGCCCGGGAGGAAAGCTTATCTTC	NNNNNNNNNNNNNNNNNNNNNNNNNNNNNNNNNNN	TRAV23/DV6*00(419.9)		TRAJ23*00(461.8)		517|522|550|0|5||50.0		30|52|83|13|35|SA32C|191.0		TGTGCGTTAAGCGCCCGGGAGGAAAGCTTATCTTC	45	CALSAR_GKLIF	:::::::::0:-8:5:::::13:-10:35:::
17499	186.0	7.312522261912531E-5	1	1.1548677676406051E-4	TGTGCAGCCGGGGGGGCAAACAACCTCTTCTTT	NNNNNNNNNNNNNNNNNNNNNNNNNNNNNNNNN	TRAV23/DV6*00(450.1)		TRAJ36*00(519.8)		517|525|550|0|8||80.0		27|48|79|12|33||210.0		TGTGCAGCCGGGGGGGCAAACAACCTCTTCTTT	45	CAAGGANNLFF	:::::::::0:-5:8:::::12:-7:33:::
17668	186.0	7.312522261912531E-5	1	1.1548677676406051E-4	TGTGCAGCAAGTCGCGATAACTATGGTCAGAATTTTGTCTTT	NNNNNNNNNNNNNNNNNNNNNNNNNNNNNNNNNNNNNNNNNN	TRAV13-1*00(599.4)		TRAJ26*00(580.4)		511|523|544|0|12||120.0		19|49|80|12|42|SG21C|271.0		TGTGCAGCAAGTCGCGATAACTATGGTCAGAATTTTGTCTTT	45	CAASRDNYGQNFVF	:::::::::0:-1:12:::::12:1:42:::
17710	186.0	7.312522261912531E-5	1	1.1548677676406051E-4	TGTGCAGCAAGTATGTATTCAGGAGGAGGTGCTGACGGACTCACCTTT	NNNNNNNNNNNNNNNNNNNNNNNNNNNNNNNNNNNNNNNNNNNNNNNN	TRAV13-1*00(619.7)		TRAJ45*00(670)		511|524|544|0|13||140.0		20|55|86|13|48||360.0		TGTGCAGCAAGTATGTATTCAGGAGGAGGTGCTGACGGACTCACCTTT	45	CAASMYSGGGADGLTF	:::::::::0:0:13:::::13:0:48:::
18055	186.0	7.312522261912531E-5	1	1.1548677676406051E-4	TGTGCAGCAAGGAACTGACAGCTGGGGGAAATTGCAGTTT	NNNNNNNNNNNNNNNNNNNNNNNNNNNNNNNNNNNNNNNN	TRAV13-1*00(969.2)		TRAJ24*00(550)		511|522|544|0|11||110.0		24|52|83|12|40||280.0		TGTGCAGCAAGGAACTGACAGCTGGGGGAAATTGCAGTTT	45	CAARN*Q_WGKLQF	:::::::::0:-2:11:::::12:-4:40:::
18698	186.0	7.312522261912531E-5	1	1.1548677676406051E-4	TGTGCAATGAGAGCGGGGATCTAACTTTGGAAATGAGAAATTAACCTTT	NNNNNNNNNNNNNNNNNNNNNNNNNNNNNNNNNNNNNNNNNNNNNNNNN	TRAV14/DV4*00(502)		TRAJ48*00(619.3)		517|534|554|0|17|SA530C|141.0		21|52|83|18|49||310.0		TGTGCAATGAGAGCGGGGATCTAACTTTGGAAATGAGAAATTAACCTTT	45	CAMRAGI*_FGNEKLTF	:::::::::0:0:17:::::18:-1:49:::
18851	186.0	7.312522261912531E-5	1	1.1548677676406051E-4	TGTGCAACGCCTCGGGGCTCTAGCAACACAGGCAAACTAATCTTT	NNNNNNNNNNNNNNNNNNNNNNNNNNNNNNNNNNNNNNNNNNNNN	TRAV12-3*00(925.1)		TRAJ37*00(540.6)		562|569|595|0|7||70.0		21|51|82|15|45|SG27A|271.0		TGTGCAACGCCTCGGGGCTCTAGCAACACAGGCAAACTAATCTTT	45	CATPRGSSNTGKLIF	:::::::::0:-6:7:::::15:-1:45:::
18912	186.0	7.312522261912531E-5	1	1.1548677676406051E-4	TGTGGAGCAGACAGGGATTCCGGGTATGCACTCAACTTC	NNNNNNNNNNNNNNNNNNNNNNNNNNNNNNNNNNNNNNN	TRAV34*00(671.5)		TRAJ41*00(489.7)		603|616|636|0|13||130.0		28|51|82|16|39||230.0		TGTGGAGCAGACAGGGATTCCGGGTATGCACTCAACTTC	45	CGADRDSGYALNF	:::::::::0:0:13:::::16:-8:39:::
20321	186.0	7.312522261912531E-5	1	1.1548677676406051E-4	TGCATCGTCTAAAGCACCGACAAGCTCATCTTT	NNNNNNNNNNNNNNNNNNNNNNNNNNNNNNNNN	TRAV26-1*00(579.8)		TRAJ34*00(489.9)		763|772|799|0|9||90.0		28|47|78|14|33||190.0		TGCATCGTCTAAAGCACCGACAAGCTCATCTTT	45	CIV*STDKLIF	:::::::::0:-7:9:::::14:-8:33:::
21393	186.0	7.312522261912531E-5	1	1.1548677676406051E-4	AGAAACGACTACAAGCTCAGCTTT	NNNNNNNNNNNNNNNNNNNNNNNN	TRAV25*00(442.3)		TRAJ20*00(527)		620|620|649|0|0||0.0		25|46|77|3|24||210.0		AGAAACGACTACAAGCTCAGCTTT	45	RNDYKLSF	:::::::::0:-9:0:::::3:-5:24:::
1913	185.0	7.273207626095798E-5	1	1.1548677676406051E-4	TGTGTGGTGAACATGGGGCTCAGGAACCTACAAATACATCTTT	NNNNNNNNNNNNNNNNNNNNNNNNNNNNNNNNNNNNNNNNNNN	TRAV12-1*00(1008.9)		TRAJ40*00(499.8)		539|554|572|0|15||150.0		25|50|81|18|43||250.0		TGTGTGGTGAACATGGGGCTCAGGAACCTACAAATACATCTTT	45	CVVNMGL_GTYKYIF	:::::::::0:2:15:::::18:-5:43:::
2894	185.0	7.273207626095798E-5	1	1.1548677676406051E-4	TGTGCTCTATCCCCTATAATGCAGGCAACATGCTCACCTTT	NNNNNNNNNNNNNNNNNNNNNNNNNNNNNNNNNNNNNNNNN	TRAV16*00(959.7)		TRAJ39*00(530)		449|458|483|0|9||90.0		26|52|83|15|41||260.0		TGTGCTCTATCCCCTATAATGCAGGCAACATGCTCACCTTT	45	CALSPIM_GNMLTF	:::::::::0:-5:9:::::15:-6:41:::
3018	185.0	7.273207626095798E-5	1	1.1548677676406051E-4	TGTGCTCTAAACAATGACATGCGCTTT	NNNNNNNNNNNNNNNNNNNNNNNNNNN	TRAV6*00(471.1)		TRAJ43*00(469.8)		535|546|568|0|11|SG544A|101.0		27|43|74|11|27||180.0		TGTGCTCTAAACAATGACATGCGCTTT	45	CALNNDMRF	:::::::::0:-2:11:::::11:-7:27:::
3376	185.0	7.273207626095798E-5	1	1.1548677676406051E-4	TGTGCTGTGTATAGCAACTATCAGTTAATCTGG	NNNNNNNNNNNNNNNNNNNNNNNNNNNNNNNNN	TRAV21*00(959.4)		TRAJ33*00(520.7)		544|552|576|0|8||90.0		21|46|77|8|33|SG22T|231.0		TGTGCTGTGTATAGCAACTATCAGTTAATCTGG	45	CAVYSNYQLIW	:::::::::0:-4:8:::::8:-1:33:::
3929	185.0	7.273207626095798E-5	1	1.1548677676406051E-4	TGTGCTGTGAGTGGAACCGGCACTGCCAGTAAACTCACCTTT	NNNNNNNNNNNNNNNNNNNNNNNNNNNNNNNNNNNNNNNNNN	TRAV8-6*00(699.2)		TRAJ44*00(579.5)		448|461|482|0|13||130.0		25|52|83|15|42||270.0		TGTGCTGTGAGTGGAACCGGCACTGCCAGTAAACTCACCTTT	45	CAVSGTGTASKLTF	:::::::::0:-1:13:::::15:-5:42:::
3973	185.0	7.273207626095798E-5	1	1.1548677676406051E-4	TGTGCTGTGAGTGATCAGAAATGGAGGAAGCCAAGGAAATCTCATCTTT	NNNNNNNNNNNNNNNNNNNNNNNNNNNNNNNNNNNNNNNNNNNNNNNNN	TRAV8-6*00(739.8)		TRAJ42*00(589.8)		448|465|482|0|17||170.0		26|55|86|20|49||290.0		TGTGCTGTGAGTGATCAGAAATGGAGGAAGCCAAGGAAATCTCATCTTT	45	CAVSDQKW_GSQGNLIF	:::::::::0:3:17:::::20:-6:49:::
4296	185.0	7.273207626095798E-5	1	1.1548677676406051E-4	TGTGCTGTGAGAGACAGCCAAGATAGGAGGAGGTGCTGACGGACTCACCTTT	NNNNNNNNNNNNNNNNNNNNNNNNNNNNNNNNNNNNNNNNNNNNNNNNNNNN	TRAV3*00(639.2)		TRAJ45*00(589)		437|453|473|0|16||160.0		27|55|86|24|52||280.0		TGTGCTGTGAGAGACAGCCAAGATAGGAGGAGGTGCTGACGGACTCACCTTT	45	CAVRDSQDR_GGADGLTF	:::::::::0:0:16:::::24:-7:52:::
4302	185.0	7.273207626095798E-5	1	1.1548677676406051E-4	TGTGCTGTGAGAGAGGGAACAGAGATGACAAGATCATCTTT	NNNNNNNNNNNNNNNNNNNNNNNNNNNNNNNNNNNNNNNNN	TRAV3*00(619.9)		TRAJ30*00(559.4)		437|451|473|0|14||140.0		21|46|77|16|41||250.0		TGTGCTGTGAGAGAGGGAACAGAGATGACAAGATCATCTTT	45	CAVREGT_DDKIIF	:::::::::0:-2:14:::::16:-1:41:::
4603	185.0	7.273207626095798E-5	1	1.1548677676406051E-4	TGTGCTGGGCACAAACCCACCGGCACTGCCAGTAAACTCACCTTT	NNNNNNNNNNNNNNNNNNNNNNNNNNNNNNNNNNNNNNNNNNNNN	TRAV35*00(577.6)		TRAJ44*00(572.8)		588|599|620|0|11||110.0		25|52|83|18|45||270.0		TGTGCTGGGCACAAACCCACCGGCACTGCCAGTAAACTCACCTTT	45	CAGHKPTGTASKLTF	:::::::::0:-1:11:::::18:-5:45:::
6408	185.0	7.273207626095798E-5	1	1.1548677676406051E-4	TGTGCCGTGAACATGGAAACAAGCTGGTCTTT	NNNNNNNNNNNNNNNNNNNNNNNNNNNNNNNN	TRAV12-2*00(610.6)		TRAJ47*00(480.7)		551|563|584|0|12||150.0		26|46|77|12|32|SA36G|182.0		TGTGCCGTGAACATGGAAACAAGCTGGTCTTT	45	CAVNM_NKLVF	:::::::::0:-1:12:::::12:-6:32:::
18679	185.0	7.273207626095798E-5	1	1.1548677676406051E-4	TGTGCAATGAGGGAAATGCTGGCAACAACCGTAAGCTGATTTGG	NNNNNNNNNNNNNNNNNNNNNNNNNNNNNNNNNNNNNNNNNNNN	TRAV14/DV4*00(841.2)		TRAJ38*00(599)		517|531|554|0|14|SA528G|111.0		21|51|82|14|44||300.0		TGTGCAATGAGGGAAATGCTGGCAACAACCGTAAGCTGATTTGG	45	CAMREML_NNRKLIW	:::::::::0:-3:14:::::14:-1:44:::
18693	185.0	7.273207626095798E-5	1	1.1548677676406051E-4	TGTGCAATGAGAGCTTTTTCAGGGAGCCCAGAAGCTGGTATTT	NNNNNNNNNNNNNNNNNNNNNNNNNNNNNNNNNNNNNNNNNNN	TRAV14/DV4*00(490.8)		TRAJ54*00(549.4)		517|530|554|0|13||130.0		23|49|80|17|43||260.0		TGTGCAATGAGAGCTTTTTCAGGGAGCCCAGAAGCTGGTATTT	45	CAMRAFS_GAQKLVF	:::::::::0:-4:13:::::17:-3:43:::
18777	185.0	7.273207626095798E-5	1	1.1548677676406051E-4	TGTGCAATGAGAGAGGGCCGGGGTGACAGCTGGGGGAAATTGCAGTTT	NNNNNNNNNNNNNNNNNNNNNNNNNNNNNNNNNNNNNNNNNNNNNNNN	TRAV14/DV4*00(550.5)		TRAJ24*00(539.7)		517|536|554|0|19||190.0		27|52|83|23|48||250.0		TGTGCAATGAGAGAGGGCCGGGGTGACAGCTGGGGGAAATTGCAGTTT	45	CAMREGRGDSWGKLQF	:::::::::0:2:19:::::23:-7:48:::
20480	185.0	7.273207626095798E-5	1	1.1548677676406051E-4	TGCATCGCCCGTAGGGGAGGCTTTCAGAAACTTGTATTT	NNNNNNNNNNNNNNNNNNNNNNNNNNNNNNNNNNNNNNN	TRAV26-1*00(559.4)		TRAJ8*00(509.4)		763|770|799|0|7||70.0		27|49|80|17|39||220.0		TGCATCGCCCGTAGGGGAGGCTTTCAGAAACTTGTATTT	45	CIARRGGFQKLVF	:::::::::0:-9:7:::::17:-7:39:::
1808	184.0	7.233892990279063E-5	1	1.1548677676406051E-4	TGTGTGGTGAGCGCAAAGTCGGGCAGGAACTGCTCTGATCTTT	NNNNNNNNNNNNNNNNNNNNNNNNNNNNNNNNNNNNNNNNNNN	TRAV10*00(699.2)		TRAJ15*00(529.5)		575|589|608|0|14||140.0		27|49|80|21|43||220.0		TGTGTGGTGAGCGCAAAGTCGGGCAGGAACTGCTCTGATCTTT	45	CVVSAKS_AGTALIF	:::::::::0:1:14:::::21:-7:43:::
1821	184.0	7.233892990279063E-5	1	1.1548677676406051E-4	TGTGTGGTGAGCGAATACGTAGGACACGGGCAGGAGAGCACTTACTTTT	NNNNNNNNNNNNNNNNNNNNNNNNNNNNNNNNNNNNNNNNNNNNNNNNN	TRAV10*00(689.5)		TRAJ5*00(579.2)		575|588|608|0|13||130.0		21|49|80|21|49||280.0		TGTGTGGTGAGCGAATACGTAGGACACGGGCAGGAGAGCACTTACTTTT	45	CVVSEYVG_TGRRALTF	:::::::::0:0:13:::::21:-1:49:::
3964	184.0	7.233892990279063E-5	1	1.1548677676406051E-4	TGTGCTGTGAGTGATCGGGAGGAGGTGCTGACGGACTCACCTTT	NNNNNNNNNNNNNNNNNNNNNNNNNNNNNNNNNNNNNNNNNNNN	TRAV8-6*00(729.6)		TRAJ45*00(579.6)		448|463|482|0|15||160.0		26|55|86|15|44|SA27G|271.0		TGTGCTGTGAGTGATCGGGAGGAGGTGCTGACGGACTCACCTTT	45	CAVSDRE_GADGLTF	:::::::::0:1:15:::::15:-6:44:::
4662	184.0	7.233892990279063E-5	1	1.1548677676406051E-4	TGTGCTGGGCAGGGCCCCGTAACAATGACATGCGCTTT	NNNNNNNNNNNNNNNNNNNNNNNNNNNNNNNNNNNNNN	TRAV35*00(930.4)		TRAJ43*00(490)		588|600|620|0|12||120.0		24|43|74|19|38||190.0		TGTGCTGGGCAGGGCCCCGTAACAATGACATGCGCTTT	45	CAGQGP_NNDMRF	:::::::::0:0:12:::::19:-4:38:::
6400	184.0	7.233892990279063E-5	1	1.1548677676406051E-4	TGTGCCGTGAACGGGACAGAGATGACAAGATCATCTTT	NNNNNNNNNNNNNNNNNNNNNNNNNNNNNNNNNNNNNN	TRAV12-2*00(979.2)		TRAJ30*00(519.6)		551|563|584|0|12||120.0		23|46|77|15|38||230.0		TGTGCCGTGAACGGGACAGAGATGACAAGATCATCTTT	45	CAVNGT_DDKIIF	:::::::::0:-1:12:::::15:-3:38:::
17555	184.0	7.233892990279063E-5	1	1.1548677676406051E-4	TGTGCAGCACCGACTCAGGAACCTACAAATACATCTTT	NNNNNNNNNNNNNNNNNNNNNNNNNNNNNNNNNNNNNN	TRAV29/DV5*00(539.5)		TRAJ40*00(539.8)		529|538|562|0|9||90.0		25|50|81|13|38||250.0		TGTGCAGCACCGACTCAGGAACCTACAAATACATCTTT	45	CAAPTQ_TYKYIF	:::::::::0:-4:9:::::13:-5:38:::
17706	184.0	7.233892990279063E-5	1	1.1548677676406051E-4	TGTGCAGCAAGTATCCCGGTAACCAGTTCTATTTT	NNNNNNNNNNNNNNNNNNNNNNNNNNNNNNNNNNN	TRAV13-1*00(735.2)		TRAJ49*00(499.5)		511|525|544|0|14||140.0		25|45|76|15|35||200.0		TGTGCAGCAAGTATCCCGGTAACCAGTTCTATTTT	45	CAASIP_NQFYF	:::::::::0:1:14:::::15:-5:35:::
18214	184.0	7.233892990279063E-5	1	1.1548677676406051E-4	TGTGCAGGGAGGGGGGATCAAAGCTGCAGGCAACAAGCTAACTTTT	NNNNNNNNNNNNNNNNNNNNNNNNNNNNNNNNNNNNNNNNNNNNNN	TRAV25*00(549.8)		TRAJ17*00(609.9)		620|629|649|0|9||90.0		21|52|83|15|46||310.0		TGTGCAGGGAGGGGGGATCAAAGCTGCAGGCAACAAGCTAACTTTT	45	CAGRGDQS_AGNKLTF	:::::::::0:0:9:::::15:-1:46:::
18973	184.0	7.233892990279063E-5	1	1.1548677676406051E-4	TGCCTCGTGGCCGGAGTACAGCAGTGCTTCCAAGATAATCTTT	NNNNNNNNNNNNNNNNNNNNNNNNNNNNNNNNNNNNNNNNNNN	TRAV4*00(969.4)		TRAJ3*00(561)		768|778|804|0|10||100.0		18|51|82|10|43|SG22A|301.0		TGCCTCGTGGCCGGAGTACAGCAGTGCTTCCAAGATAATCTTT	45	CLVAGVQ_SASKIIF	:::::::::0:-6:10:::::10:2:43:::
21336	184.0	7.233892990279063E-5	1	1.1548677676406051E-4	TGGAATATGGAAACAAGCTGGTCTTT	NNNNNNNNNNNNNNNNNNNNNNNNNN	TRAV13-1*00(499.3)		TRAJ47*00(540.3)		511|512|544|0|1||20.0		21|46|77|1|26|SA36G|231.0		TGGAATATGGAAACAAGCTGGTCTTT	45	WNME_KLVF	:::::::::0:-12:1:::::1:-1:26:::
2103	183.0	7.194578354462328E-5	1	1.1548677676406051E-4	TGTGCTTTGAGGGAAGGCTCTAGCAACACAGGCAAACTAATCTTT	NNNNNNNNNNNNNNNNNNNNNNNNNNNNNNNNNNNNNNNNNNNNN	TRAV16*00(928.8)		TRAJ37*00(540.7)		449|455|483|0|6||60.0		21|51|82|15|45|SG27A|271.0		TGTGCTTTGAGGGAAGGCTCTAGCAACACAGGCAAACTAATCTTT	45	CALREGSSNTGKLIF	:::::::::0:-8:6:::::15:-1:45:::
2170	183.0	7.194578354462328E-5	1	1.1548677676406051E-4	TGTGCTTATGCCTAGGGGGGTTACCAGAAAGTTACCTTT	NNNNNNNNNNNNNNNNNNNNNNNNNNNNNNNNNNNNNNN	TRAV38-2/DV8*00(549.8)		TRAJ13*00(539.7)		602|611|638|0|9||90.0		28|52|83|15|39||240.0		TGTGCTTATGCCTAGGGGGGTTACCAGAAAGTTACCTTT	45	CAYA*GGYQKVTF	:::::::::0:-7:9:::::15:-8:39:::
3178	183.0	7.194578354462328E-5	1	1.1548677676406051E-4	TGTGCTGTTGCCTCTATAATTCAGGGAGCCCAGAAGCTGGTATTT	NNNNNNNNNNNNNNNNNNNNNNNNNNNNNNNNNNNNNNNNNNNNN	TRAV41*00(581.5)		TRAJ54*00(599.1)		512|520|544|0|8||80.0		18|49|80|14|45||310.0		TGTGCTGTTGCCTCTATAATTCAGGGAGCCCAGAAGCTGGTATTT	45	CAVASIIQGAQKLVF	:::::::::0:-4:8:::::14:2:45:::
4279	183.0	7.194578354462328E-5	1	1.1548677676406051E-4	TGTGCTGTGAGAGACGGCTTTGGGAATGTGCTGCATTGC	NNNNNNNNNNNNNNNNNNNNNNNNNNNNNNNNNNNNNNN	TRAV3*00(629.5)		TRAJ35*00(549.8)		437|452|473|0|15||150.0		24|48|79|15|39||240.0		TGTGCTGTGAGAGACGGCTTTGGGAATGTGCTGCATTGC	45	CAVRDGFGNVLHC	:::::::::0:-1:15:::::15:-4:39:::
4354	183.0	7.194578354462328E-5	1	1.1548677676406051E-4	TGTGCTGTGAAACGAGGGGGAGGAGGAAACAAACTCACCTTT	NNNNNNNNNNNNNNNNNNNNNNNNNNNNNNNNNNNNNNNNNN	TRAV1-2*00(659.7)		TRAJ10*00(549.3)		620|630|654|0|10||100.0		28|53|84|17|42||250.0		TGTGCTGTGAAACGAGGGGGAGGAGGAAACAAACTCACCTTT	45	CAVKRGGGGNKLTF	:::::::::0:-4:10:::::17:-8:42:::
4914	183.0	7.194578354462328E-5	1	1.1548677676406051E-4	TGTGCTACACTACCTCAGGGAGCCCAGAAGCTGGTATTT	NNNNNNNNNNNNNNNNNNNNNNNNNNNNNNNNNNNNNNN	TRAV17*00(879.5)		TRAJ54*00(539.5)		490|498|523|0|8||80.0		24|49|80|14|39||250.0		TGTGCTACACTACCTCAGGGAGCCCAGAAGCTGGTATTT	45	CATLPQGAQKLVF	:::::::::0:-5:8:::::14:-4:39:::
6012	183.0	7.194578354462328E-5	1	1.1548677676406051E-4	TGTGCCCCTAGATCTTATAACACCGACAAGCTCATCTTT	NNNNNNNNNNNNNNNNNNNNNNNNNNNNNNNNNNNNNNN	TRAV3*00(529.8)		TRAJ34*00(599.7)		437|442|473|0|5||50.0		17|47|78|9|39||300.0		TGTGCCCCTAGATCTTATAACACCGACAAGCTCATCTTT	45	CAPRSYNTDKLIF	:::::::::0:-11:5:::::9:3:39:::
6568	183.0	7.194578354462328E-5	1	1.1548677676406051E-4	TGTGCCGGAACCGGCCGGGCTGGGAGTTACCAACTCACTTTC	NNNNNNNNNNNNNNNNNNNNNNNNNNNNNNNNNNNNNNNNNN	TRAV12-3*00(449.7),TRAV12-2*00(440.7)		TRAJ28*00(549.8)		562|567|595|0|5||50.0;551|558|584|0|7||70.0		29|55|86|16|42||260.0		TGTGCCGGAACCGGCCGGGCTGGGAGTTACCAACTCACTTTC	45	CAGTGRAGSYQLTF	:::::::::0:-8:5:::::16:-9:42:::
17625	183.0	7.194578354462328E-5	1	1.1548677676406051E-4	TGTGCAGCAACCCCGATACTCTGGGGCTGGGAGTTACCAACTCACTTTC	NNNNNNNNNNNNNNNNNNNNNNNNNNNNNNNNNNNNNNNNNNNNNNNNN	TRAV13-1*00(958.9)		TRAJ28*00(589.5)		511|521|544|0|10||100.0		21|55|86|15|49||340.0		TGTGCAGCAACCCCGATACTCTGGGGCTGGGAGTTACCAACTCACTTTC	45	CAATPILW_AGSYQLTF	:::::::::0:-3:10:::::15:-1:49:::
17759	183.0	7.194578354462328E-5	1	1.1548677676406051E-4	TGTGCAGCAAGTAACCAGGGAGGAAAGCTTATCTTC	NNNNNNNNNNNNNNNNNNNNNNNNNNNNNNNNNNNN	TRAV13-1*00(609.9)		TRAJ23*00(520.3)		511|523|544|0|12||130.0		28|52|83|12|36||250.0		TGTGCAGCAAGTAACCAGGGAGGAAAGCTTATCTTC	45	CAASNQGGKLIF	:::::::::0:-1:12:::::12:-8:36:::
18618	183.0	7.194578354462328E-5	1	1.1548677676406051E-4	TGTGCAATGAGCGCTTACTATGGTCAGAATTTTGTCTTT	NNNNNNNNNNNNNNNNNNNNNNNNNNNNNNNNNNNNNNN	TRAV12-3*00(978.3)		TRAJ26*00(511)		562|576|595|0|14||140.0		26|49|80|16|39||230.0		TGTGCAATGAGCGCTTACTATGGTCAGAATTTTGTCTTT	45	CAMSAYYGQNFVF	:::::::::0:1:14:::::16:-6:39:::
19033	183.0	7.194578354462328E-5	1	1.1548677676406051E-4	TGCCTCGTGGGTGACAATGGTGGTGCTACAAACAAGCTCATCTTT	NNNNNNNNNNNNNNNNNNNNNNNNNNNNNNNNNNNNNNNNNNNNN	TRAV4*00(1029.6)		TRAJ32*00(549.7)		768|784|804|0|16||160.0		26|55|86|16|45||290.0		TGCCTCGTGGGTGACAATGGTGGTGCTACAAACAAGCTCATCTTT	45	CLVGDNGGATNKLIF	:::::::::0:0:16:::::16:-6:45:::
19038	183.0	7.194578354462328E-5	1	1.1548677676406051E-4	TGCCTCGTGGGTGAAGGTCGGTTTGGAAATGAGAAATTAACCTTT	NNNNNNNNNNNNNNNNNNNNNNNNNNNNNNNNNNNNNNNNNNNNN	TRAV4*00(559.5)		TRAJ48*00(548.6)		768|782|804|0|14||140.0		28|52|83|21|45||240.0		TGCCTCGTGGGTGAAGGTCGGTTTGGAAATGAGAAATTAACCTTT	45	CLVGEGRFGNEKLTF	:::::::::0:-2:14:::::21:-8:45:::
2353	182.0	7.155263718645595E-5	1	1.1548677676406051E-4	TGTGCTCTTGGGGAATCCTCCAAATGGATAGCAACTATCAGTTAATCTGG	NNNNNNNNNNNNNNNNNNNNNNNNNNNNNNNNNNNNNNNNNNNNNNNNNN	TRDV1*00(1018.7)		TRAJ33*00(519.3)		573|588|610|0|15||150.0		19|46|77|23|50||270.0		TGTGCTCTTGGGGAATCCTCCAAATGGATAGCAACTATCAGTTAATCTGG	45	CALGESSK_DSNYQLIW	:::::::::0:-2:15:::::23:1:50:::
3004	182.0	7.155263718645595E-5	1	1.1548677676406051E-4	TGTGCTCTAAGGGCGACCGGTAACCAGTTCTATTTT	NNNNNNNNNNNNNNNNNNNNNNNNNNNNNNNNNNNN	TRAV16*00(979.5)		TRAJ49*00(509.7)		449|460|483|0|11||110.0		24|45|76|15|36||210.0		TGTGCTCTAAGGGCGACCGGTAACCAGTTCTATTTT	45	CALRATGNQFYF	:::::::::0:-3:11:::::15:-4:36:::
3285	182.0	7.155263718645595E-5	1	1.1548677676406051E-4	TGTGCTGTCATGTATGGAAACAAGCTGGTCTTT	NNNNNNNNNNNNNNNNNNNNNNNNNNNNNNNNN	TRAV22*00(510)		TRAJ47*00(490.2)		526|534|559|0|8||80.0		25|46|77|12|33|SA36G|181.0		TGTGCTGTCATGTATGGAAACAAGCTGGTCTTT	45	CAVMYGNKLVF	:::::::::0:-5:8:::::12:-5:33:::
3842	182.0	7.155263718645595E-5	1	1.1548677676406051E-4	TGTGCTGTGACAACGGGGGCTGGCAACAACCGTAAGCTGATTTGG	NNNNNNNNNNNNNNNNNNNNNNNNNNNNNNNNNNNNNNNNNNNNN	TRAV8-3*00(585.8)		TRAJ38*00(570)		455|464|489|0|9||90.0		24|51|82|18|45||270.0		TGTGCTGTGACAACGGGGGCTGGCAACAACCGTAAGCTGATTTGG	45	CAVTTGAGNNRKLIW	:::::::::0:-5:9:::::18:-4:45:::
4364	182.0	7.155263718645595E-5	1	1.1548677676406051E-4	TGTGCTGTACTATAACACCGACAAGCTCATCTTT	NNNNNNNNNNNNNNNNNNNNNNNNNNNNNNNNNN	TRAV8-6*00(648.9)		TRAJ34*00(539.9)		448|456|482|0|8||80.0		23|47|78|10|34||240.0		TGTGCTGTACTATAACACCGACAAGCTCATCTTT	45	CAVL*H_DKLIF	:::::::::0:-6:8:::::10:-3:34:::
4586	182.0	7.155263718645595E-5	1	1.1548677676406051E-4	TGTGCTGGGCGGTTTAACAATGCCAGACTCATGTTT	NNNNNNNNNNNNNNNNNNNNNNNNNNNNNNNNNNNN	TRAV35*00(940)		TRAJ31*00(519.7)		588|598|620|0|10||100.0		24|46|77|14|36||220.0		TGTGCTGGGCGGTTTAACAATGCCAGACTCATGTTT	45	CAGRFNNARLMF	:::::::::0:-2:10:::::14:-4:36:::
4716	182.0	7.155263718645595E-5	1	1.1548677676406051E-4	TGTGCTGGGGAGACCGGTAACCAGTTCTATTTT	NNNNNNNNNNNNNNNNNNNNNNNNNNNNNNNNN	TRAV35*00(905.1)		TRAJ49*00(509.5)		588|600|620|0|12|SC597G|91.0		24|45|76|12|33||210.0		TGTGCTGGGGAGACCGGTAACCAGTTCTATTTT	45	CAGETGNQFYF	:::::::::0:0:12:::::12:-4:33:::
6169	182.0	7.155263718645595E-5	1	1.1548677676406051E-4	TGTGCCGTGTCCTCGGGCACGGGCAGGAGAGCACTTACTTTT	NNNNNNNNNNNNNNNNNNNNNNNNNNNNNNNNNNNNNNNNNN	TRAV12-2*00(949.8)		TRAJ5*00(532.6)		551|558|584|0|7||90.0		14|49|80|7|42|SA19TST20CSA23G|293.0		TGTGCCGTGTCCTCGGGCACGGGCAGGAGAGCACTTACTTTT	45	CAVSSGTGRRALTF	:::::::::0:-6:7:::::7:6:42:::
6216	182.0	7.155263718645595E-5	1	1.1548677676406051E-4	TGTGCCGTGGGGGTTGAGGCAGGAACTGCTCTGATCTTT	NNNNNNNNNNNNNNNNNNNNNNNNNNNNNNNNNNNNNNN	TRAV12-2*00(489.4)		TRAJ15*00(452.7)		551|560|584|0|9||90.0		26|49|80|16|39||230.0		TGTGCCGTGGGGGTTGAGGCAGGAACTGCTCTGATCTTT	45	CAVGVEAGTALIF	:::::::::0:-4:9:::::16:-6:39:::
18708	182.0	7.155263718645595E-5	1	1.1548677676406051E-4	TGTGCAATGAGAGGGGCGCCGACTACCTCAGGAACCTACAAATACATCTTT	NNNNNNNNNNNNNNNNNNNNNNNNNNNNNNNNNNNNNNNNNNNNNNNNNNN	TRAV14/DV4*00(491.3)		TRAJ40*00(589.8)		517|533|554|0|16|SA530G|131.0		20|50|81|21|51||300.0		TGTGCAATGAGAGGGGCGCCGACTACCTCAGGAACCTACAAATACATCTTT	45	CAMRGAPTTSGTYKYIF	:::::::::0:-1:16:::::21:0:51:::
18739	182.0	7.155263718645595E-5	1	1.1548677676406051E-4	TGTGCAATGAGAGAGGCTAATGCTGGTGGTACTAGCTATGGAAAGCTGACATTT	NNNNNNNNNNNNNNNNNNNNNNNNNNNNNNNNNNNNNNNNNNNNNNNNNNNNNN	TRAV14/DV4*00(520.7)		TRAJ52*00(689.3)		517|533|554|0|16||160.0		20|58|89|16|54||390.0		TGTGCAATGAGAGAGGCTAATGCTGGTGGTACTAGCTATGGAAAGCTGACATTT	45	CAMREANAGGTSYGKLTF	:::::::::0:-1:16:::::16:0:54:::
18782	182.0	7.155263718645595E-5	1	1.1548677676406051E-4	TGTGCAATGAGAGAGGGCCATGACAAACTGGTCTTT	NNNNNNNNNNNNNNNNNNNNNNNNNNNNNNNNNNNN	TRAV14/DV4*00(920.6)		TRAJ47*00(449.7)		517|536|554|0|19||190.0		32|46|77|22|36||140.0		TGTGCAATGAGAGAGGGCCATGACAAACTGGTCTTT	45	CAMREGHDKLVF	:::::::::0:2:19:::::22:-12:36:::
20281	182.0	7.155263718645595E-5	1	1.1548677676406051E-4	TGCATCCTGAGAGACGATGGGGAGCCCAGAAGCTGGTATTT	NNNNNNNNNNNNNNNNNNNNNNNNNNNNNNNNNNNNNNNNN	TRAV26-2*00(639.7)		TRAJ54*00(509.6)		791|807|826|0|16||160.0		27|49|80|19|41||220.0		TGCATCCTGAGAGACGATGGGGAGCCCAGAAGCTGGTATTT	45	CILRDDG_AQKLVF	:::::::::0:1:16:::::19:-7:41:::
20382	182.0	7.155263718645595E-5	1	1.1548677676406051E-4	TGCATCGTCAGAGTCCCCTTTATGGACCAGGGAGGAAAGCTTATCTTC	NNNNNNNNNNNNNNNNNNNNNNNNNNNNNNNNNNNNNNNNNNNNNNNN	TRAV26-1*00(639.5)		TRAJ23*00(500.7)		763|778|799|0|15||150.0		29|52|83|25|48||230.0		TGCATCGTCAGAGTCCCCTTTATGGACCAGGGAGGAAAGCTTATCTTC	45	CIVRVPFMDQGGKLIF	:::::::::0:-1:15:::::25:-9:48:::
20448	182.0	7.155263718645595E-5	1	1.1548677676406051E-4	TGCATCGTCAGAGCGCGAGATGGCCAGAAGCTGCTCTTT	NNNNNNNNNNNNNNNNNNNNNNNNNNNNNNNNNNNNNNN	TRAV26-1*00(620)		TRAJ16*00(490.8)		763|776|799|0|13||130.0		27|49|80|17|39||220.0		TGCATCGTCAGAGCGCGAGATGGCCAGAAGCTGCTCTTT	45	CIVRARDGQKLLF	:::::::::0:-3:13:::::17:-7:39:::
1660	181.0	7.11594908282886E-5	1	1.1548677676406051E-4	TGTGTGGTTCACCCCGACAGCTGGGGGAAATTGCAGTTT	NNNNNNNNNNNNNNNNNNNNNNNNNNNNNNNNNNNNNNN	TRAV12-1*00(479.7)		TRAJ24*00(529.8)		539|547|572|0|8||80.0		28|52|83|15|39||240.0		TGTGTGGTTCACCCCGACAGCTGGGGGAAATTGCAGTTT	45	CVVHPDSWGKLQF	:::::::::0:-5:8:::::15:-8:39:::
1901	181.0	7.11594908282886E-5	1	1.1548677676406051E-4	TGTGTGGTGAACGGATTTACGGGAGGAGGAAACAAACTCACCTTT	NNNNNNNNNNNNNNNNNNNNNNNNNNNNNNNNNNNNNNNNNNNNN	TRAV12-1*00(520.1)		TRAJ10*00(569.7)		539|551|572|0|12||120.0		26|53|84|18|45||270.0		TGTGTGGTGAACGGATTTACGGGAGGAGGAAACAAACTCACCTTT	45	CVVNGFTGGGNKLTF	:::::::::0:-1:12:::::18:-6:45:::
3180	181.0	7.11594908282886E-5	1	1.1548677676406051E-4	TGTGCTGTTGGATAGCAACTATCAGTTAATCTGG	NNNNNNNNNNNNNNNNNNNNNNNNNNNNNNNNNN	TRAV21*00(949.5)		TRAJ33*00(549.1)		544|552|576|0|8||80.0		20|46|77|8|34||260.0		TGTGCTGTTGGATAGCAACTATCAGTTAATCTGG	45	CAVG*Q_YQLIW	:::::::::0:-4:8:::::8:0:34:::
3268	181.0	7.11594908282886E-5	1	1.1548677676406051E-4	TGTGCTGTCGGGCCCCCTTATGGAGGAAGCCAAGGAAATCTCATCTTT	NNNNNNNNNNNNNNNNNNNNNNNNNNNNNNNNNNNNNNNNNNNNNNNN	TRAV41*00(592)		TRAJ42*00(608.8)		512|521|544|0|9||90.0		24|55|86|17|48||310.0		TGTGCTGTCGGGCCCCCTTATGGAGGAAGCCAAGGAAATCTCATCTTT	45	CAVGPPYGGSQGNLIF	:::::::::0:-3:9:::::17:-4:48:::
4171	181.0	7.11594908282886E-5	1	1.1548677676406051E-4	TGTGCTGTGAGGGGGGGAAACAATGACATGCGCTTT	NNNNNNNNNNNNNNNNNNNNNNNNNNNNNNNNNNNN	TRAV8-4*00(660)		TRAJ43*00(478.3)		476|487|510|0|11||110.0		25|43|74|18|36||180.0		TGTGCTGTGAGGGGGGGAAACAATGACATGCGCTTT	45	CAVRGGNNDMRF	:::::::::0:-3:11:::::18:-5:36:::
4172	181.0	7.11594908282886E-5	1	1.1548677676406051E-4	TGTGCTGTGAGGGGGACTGGAGCCAATAGTAAGCTGACATTT	NNNNNNNNNNNNNNNNNNNNNNNNNNNNNNNNNNNNNNNNNN	TRAV8-6*00(678.6)		TRAJ56*00(578.9)		448|459|482|0|11||110.0		24|51|82|15|42||270.0		TGTGCTGTGAGGGGGACTGGAGCCAATAGTAAGCTGACATTT	45	CAVRGTGANSKLTF	:::::::::0:-3:11:::::15:-4:42:::
17719	181.0	7.11594908282886E-5	1	1.1548677676406051E-4	TGTGCAGCAAGTATAGCTAGCAACACAGGCAAACTAATCTTT	NNNNNNNNNNNNNNNNNNNNNNNNNNNNNNNNNNNNNNNNNN	TRAV13-1*00(628.6)		TRAJ37*00(540.8)		511|526|544|0|15||150.0		25|51|82|16|42|SG27A|231.0		TGTGCAGCAAGTATAGCTAGCAACACAGGCAAACTAATCTTT	45	CAASIASNTGKLIF	:::::::::0:2:15:::::16:-5:42:::
18064	181.0	7.11594908282886E-5	1	1.1548677676406051E-4	TGTGCAGCAAGAGGGGGGGAACCTACAAATACATCTTT	NNNNNNNNNNNNNNNNNNNNNNNNNNNNNNNNNNNNNN	TRAV23/DV6*00(480)		TRAJ40*00(499.7)		517|528|550|0|11||110.0		29|50|81|17|38||210.0		TGTGCAGCAAGAGGGGGGGAACCTACAAATACATCTTT	45	CAARGG_TYKYIF	:::::::::0:-2:11:::::17:-9:38:::
18339	181.0	7.11594908282886E-5	1	1.1548677676406051E-4	TGTGCAGACAATAACAATGACATGCGCTTT	NNNNNNNNNNNNNNNNNNNNNNNNNNNNNN	TRAV25*00(529.3)		TRAJ43*00(529.4)		620|627|649|0|7||70.0		20|43|74|7|30||230.0		TGTGCAGACAATAACAATGACATGCGCTTT	45	CADNNNDMRF	:::::::::0:-2:7:::::7:0:30:::
18685	181.0	7.11594908282886E-5	1	1.1548677676406051E-4	TGTGCAATGAGATCTAATGCTGGTGGTACTAGCTATGGAAAGCTGACATTT	NNNNNNNNNNNNNNNNNNNNNNNNNNNNNNNNNNNNNNNNNNNNNNNNNNN	TRAV12-3*00(480.4)		TRAJ52*00(679.7)		562|573|595|0|11||110.0		20|58|89|13|51||380.0		TGTGCAATGAGATCTAATGCTGGTGGTACTAGCTATGGAAAGCTGACATTT	45	CAMRSNAGGTSYGKLTF	:::::::::0:-2:11:::::13:0:51:::
1599	180.0	7.076634447012127E-5	1	1.1548677676406051E-4	TGTGTTGTGAGTGGGGGAGGAAGCTACATACCTACATTT	NNNNNNNNNNNNNNNNNNNNNNNNNNNNNNNNNNNNNNN	TRAV8-2*00(679.4)		TRAJ6*00(549.6)		466|479|500|0|13||130.0		27|51|82|15|39||240.0		TGTGTTGTGAGTGGGGGAGGAAGCTACATACCTACATTT	45	CVVSGGGSYIPTF	:::::::::0:-1:13:::::15:-7:39:::
2816	180.0	7.076634447012127E-5	1	1.1548677676406051E-4	TGTGCTCTGAGCCCACAAGAACACAGGCTTTCAGAAACTTGTATTT	NNNNNNNNNNNNNNNNNNNNNNNNNNNNNNNNNNNNNNNNNNNNNN	TRAV9-2*00(720.8)		TRAJ8*00(570)		480|491|514|0|11||110.0		18|49|80|15|46|ST20A|281.0		TGTGCTCTGAGCCCACAAGAACACAGGCTTTCAGAAACTTGTATTT	45	CALSPQEH_GFQKLVF	:::::::::0:-3:11:::::15:2:46:::
3123	180.0	7.076634447012127E-5	1	1.1548677676406051E-4	TGTGCTCGGAGCAAAGCTGCAGGCAACAAGCTAACTTTT	NNNNNNNNNNNNNNNNNNNNNNNNNNNNNNNNNNNNNNN	TRAV16*00(939.8)		TRAJ17*00(550.5)		449|456|483|0|7||70.0		21|52|83|8|39|ST23G|281.0		TGTGCTCGGAGCAAAGCTGCAGGCAACAAGCTAACTTTT	45	CARSKAAGNKLTF	:::::::::0:-7:7:::::8:-1:39:::
3986	180.0	7.076634447012127E-5	1	1.1548677676406051E-4	TGTGCTGTGAGTGATGGGGGTTACCAGAAAGTTACCTTT	NNNNNNNNNNNNNNNNNNNNNNNNNNNNNNNNNNNNNNN	TRAV8-6*00(719.9)		TRAJ13*00(549.9)		448|463|482|0|15||150.0		28|52|83|15|39||250.0		TGTGCTGTGAGTGATGGGGGTTACCAGAAAGTTACCTTT	45	CAVSDGGYQKVTF	:::::::::0:1:15:::::15:-8:39:::
4028	180.0	7.076634447012127E-5	1	1.1548677676406051E-4	TGTGCTGTGAGTGAGACGAACACCGGTAACCAGTTCTATTTT	NNNNNNNNNNNNNNNNNNNNNNNNNNNNNNNNNNNNNNNNNN	TRAV8-6*00(709)		TRAJ49*00(558.9)		448|462|482|0|14||140.0		19|45|76|16|42||260.0		TGTGCTGTGAGTGAGACGAACACCGGTAACCAGTTCTATTTT	45	CAVSETNTGNQFYF	:::::::::0:0:14:::::16:1:42:::
4509	180.0	7.076634447012127E-5	1	1.1548677676406051E-4	TGTGCTGGTCGGTAATCGGAGGTGCTGACGGACTCACCTTT	NNNNNNNNNNNNNNNNNNNNNNNNNNNNNNNNNNNNNNNNN	TRAV41*00(590.7)		TRAJ45*00(549.5)		512|519|544|0|7||70.0		31|55|86|17|41||240.0		TGTGCTGGTCGGTAATCGGAGGTGCTGACGGACTCACCTTT	45	CAGR*SE_ADGLTF	:::::::::0:-5:7:::::17:-11:41:::
4836	180.0	7.076634447012127E-5	1	1.1548677676406051E-4	TGTGCTACGGACTATCACAAGCTCAGCTTT	NNNNNNNNNNNNNNNNNNNNNNNNNNNNNN	TRAV17*00(918.9)		TRAJ20*00(439.5)		490|502|523|0|12||120.0		32|46|77|16|30||140.0		TGTGCTACGGACTATCACAAGCTCAGCTTT	45	CATDYHKLSF	:::::::::0:-1:12:::::16:-12:30:::
4880	180.0	7.076634447012127E-5	1	1.1548677676406051E-4	TGTGCTACGGACGCAAGGAATGACATGCGCTTT	NNNNNNNNNNNNNNNNNNNNNNNNNNNNNNNNN	TRAV17*00(939.6)		TRAJ43*00(450.1)		490|504|523|0|14||140.0		28|43|74|18|33||150.0		TGTGCTACGGACGCAAGGAATGACATGCGCTTT	45	CATDARNDMRF	:::::::::0:1:14:::::18:-8:33:::
17604	180.0	7.076634447012127E-5	1	1.1548677676406051E-4	TGTGCAGCAATATCAGGAGGAGGTGCTGACGGACTCACCTTT	NNNNNNNNNNNNNNNNNNNNNNNNNNNNNNNNNNNNNNNNNN	TRAV13-1*00(579.5)		TRAJ45*00(609.8)		511|521|544|0|10||100.0		25|55|86|12|42||300.0		TGTGCAGCAATATCAGGAGGAGGTGCTGACGGACTCACCTTT	45	CAAISGGGADGLTF	:::::::::0:-3:10:::::12:-5:42:::
17623	180.0	7.076634447012127E-5	1	1.1548677676406051E-4	TGTGCAGCAACCCCCGATAGGCTTTGGGAATGTGCTGCATTGC	NNNNNNNNNNNNNNNNNNNNNNNNNNNNNNNNNNNNNNNNNNN	TRAV13-1*00(959.4)		TRAJ35*00(550)		511|521|544|0|10||100.0		19|48|79|14|43||290.0		TGTGCAGCAACCCCCGATAGGCTTTGGGAATGTGCTGCATTGC	45	CAATPDR_FGNVLHC	:::::::::0:-3:10:::::14:1:43:::
17712	180.0	7.076634447012127E-5	1	1.1548677676406051E-4	TGTGCAGCAAGTATGGATTCCGGGTATGCACTCAACTTC	NNNNNNNNNNNNNNNNNNNNNNNNNNNNNNNNNNNNNNN	TRAV13-1*00(619.9)		TRAJ41*00(417.7)		511|525|544|0|14||140.0		28|51|82|16|39||230.0		TGTGCAGCAAGTATGGATTCCGGGTATGCACTCAACTTC	45	CAASMDSGYALNF	:::::::::0:1:14:::::16:-8:39:::
18785	180.0	7.076634447012127E-5	1	1.1548677676406051E-4	TGTGCAATGAGAGAGGGCGGGGTGATGCTGGTGGTACTAGCTATGGAAAGCTGACATTT	NNNNNNNNNNNNNNNNNNNNNNNNNNNNNNNNNNNNNNNNNNNNNNNNNNNNNNNNNNN	TRAV14/DV4*00(540.4)		TRAJ52*00(649.6)		517|535|554|0|18||180.0		23|58|89|24|59||350.0		TGTGCAATGAGAGAGGGCGGGGTGATGCTGGTGGTACTAGCTATGGAAAGCTGACATTT	45	CAMREGGVML_GTSYGKLTF	:::::::::0:1:18:::::24:-3:59:::
20302	180.0	7.076634447012127E-5	1	1.1548677676406051E-4	TGCATCCCCCTCGGCAAGCTCATCTTT	NNNNNNNNNNNNNNNNNNNNNNNNNNN	TRAV26-2*00(549.8)		TRAJ34*00(430.8)		791|798|826|0|7||70.0		31|47|78|11|27|SA33G|131.0		TGCATCCCCCTCGGCAAGCTCATCTTT	45	CIPLGKLIF	:::::::::0:-8:7:::::11:-11:27:::
20453	180.0	7.076634447012127E-5	1	1.1548677676406051E-4	TGCATCGTCAGAGGAGTTCTAACGACTACAAGCTCAGCTTT	NNNNNNNNNNNNNNNNNNNNNNNNNNNNNNNNNNNNNNNNN	TRAV26-1*00(619.5)		TRAJ20*00(559.8)		763|776|799|0|13||130.0		20|46|77|15|41||260.0		TGCATCGTCAGAGGAGTTCTAACGACTACAAGCTCAGCTTT	45	CIVRGVL_DYKLSF	:::::::::0:-3:13:::::15:0:41:::
1765	179.0	7.037319811195392E-5	1	1.1548677676406051E-4	TGTGTGGTGAGCTCGAACACCGGTAACCAGTTCTATTTT	NNNNNNNNNNNNNNNNNNNNNNNNNNNNNNNNNNNNNNN	TRAV12-1*00(500)		TRAJ49*00(569.8)		539|549|572|0|10||100.0		18|45|76|12|39||270.0		TGTGTGGTGAGCTCGAACACCGGTAACCAGTTCTATTTT	45	CVVSSNTGNQFYF	:::::::::0:-3:10:::::12:2:39:::
2285	179.0	7.037319811195392E-5	1	1.1548677676406051E-4	TGTGCTCTTTCAGGGAGCCCAGAAGCTGGTATTT	NNNNNNNNNNNNNNNNNNNNNNNNNNNNNNNNNN	TRAV16*00(949.8)		TRAJ54*00(549.7)		449|457|483|0|8||80.0		23|49|80|8|34||260.0		TGTGCTCTTTCAGGGAGCCCAGAAGCTGGTATTT	45	CALSGS_QKLVF	:::::::::0:-6:8:::::8:-3:34:::
2706	179.0	7.037319811195392E-5	1	1.1548677676406051E-4	TGTGCTCTGAGTGAGGTTTAATGCTGGTGGTACTAGCTATGGAAAGCTGACATTT	NNNNNNNNNNNNNNNNNNNNNNNNNNNNNNNNNNNNNNNNNNNNNNNNNNNNNNN	TRAV19*00(749.4)		TRAJ52*00(669.7)		556|572|593|0|16||160.0		21|58|89|18|55||370.0		TGTGCTCTGAGTGAGGTTTAATGCTGGTGGTACTAGCTATGGAAAGCTGACATTT	45	CALSEV*CW_GTSYGKLTF	:::::::::0:-1:16:::::18:-1:55:::
3609	179.0	7.037319811195392E-5	1	1.1548677676406051E-4	TGTGCTGTGGGCCCTTTTACCTCAGGAACCTACAAATACATCTTT	NNNNNNNNNNNNNNNNNNNNNNNNNNNNNNNNNNNNNNNNNNNNN	TRAV8-3*00(551)		TRAJ40*00(568.4)		455|466|489|0|11||110.0		22|50|81|17|45||280.0		TGTGCTGTGGGCCCTTTTACCTCAGGAACCTACAAATACATCTTT	45	CAVGPFTSGTYKYIF	:::::::::0:-3:11:::::17:-2:45:::
3624	179.0	7.037319811195392E-5	1	1.1548677676406051E-4	TGTGCTGTGGGGTATTCCGGGAACTTCAACAAATTTTACTTT	NNNNNNNNNNNNNNNNNNNNNNNNNNNNNNNNNNNNNNNNNN	TRAV21*00(450.6)		TRAJ21*00(519.8)		544|556|576|0|12|SA553G|91.0		23|44|75|21|42||210.0		TGTGCTGTGGGGTATTCCGGGAACTTCAACAAATTTTACTTT	45	CAVGYSGNFNKFYF	:::::::::0:0:12:::::21:-3:42:::
3944	179.0	7.037319811195392E-5	1	1.1548677676406051E-4	TGTGCTGTGAGTGATCCCCGAAGCAACTATCAGTTAATCTGG	NNNNNNNNNNNNNNNNNNNNNNNNNNNNNNNNNNNNNNNNNN	TRAV8-6*00(729.8)		TRAJ33*00(438)		448|464|482|0|16||160.0		25|46|77|21|42||210.0		TGTGCTGTGAGTGATCCCCGAAGCAACTATCAGTTAATCTGG	45	CAVSDPRSNYQLIW	:::::::::0:2:16:::::21:-5:42:::
4001	179.0	7.037319811195392E-5	1	1.1548677676406051E-4	TGTGCTGTGAGTGATAAGAATGGGCAGCGGTAACCAGTTCTATTTT	NNNNNNNNNNNNNNNNNNNNNNNNNNNNNNNNNNNNNNNNNNNNNN	TRAV8-6*00(719.5)		TRAJ49*00(491)		448|463|482|0|15||150.0		23|45|76|24|46|SC25G|191.0		TGTGCTGTGAGTGATAAGAATGGGCAGCGGTAACCAGTTCTATTTT	45	CAVSDKNG_SGNQFYF	:::::::::0:1:15:::::24:-3:46:::
4065	179.0	7.037319811195392E-5	1	1.1548677676406051E-4	TGTGCTGTGAGTAGCAACACAGGCAAACTAATCTTT	NNNNNNNNNNNNNNNNNNNNNNNNNNNNNNNNNNNN	TRAV1-2*00(669.4)		TRAJ37*00(539.4)		620|631|654|0|11||110.0		28|51|82|13|36||230.0		TGTGCTGTGAGTAGCAACACAGGCAAACTAATCTTT	45	CAVSSNTGKLIF	:::::::::0:-3:11:::::13:-8:36:::
4421	179.0	7.037319811195392E-5	1	1.1548677676406051E-4	TGTGCTGCCCCCCTTATCAGGAACCTACAAATACATCTTT	NNNNNNNNNNNNNNNNNNNNNNNNNNNNNNNNNNNNNNNN	TRAV8-6*00(641.8)		TRAJ40*00(532.2)		448|455|482|0|7||70.0		26|50|81|16|40||240.0		TGTGCTGCCCCCCTTATCAGGAACCTACAAATACATCTTT	45	CAAPLIR_TYKYIF	:::::::::0:-7:7:::::16:-6:40:::
4454	179.0	7.037319811195392E-5	1	1.1548677676406051E-4	TGTGCTGCGCTTATTGACCCTTCTGTTCTCCACCCTTCAGTAATATCATCAGGAAGACGGGTGCTTTACGTTGGTGGTGCTACAAACAAGCTCATCTTT	NNNNNNNNNNNNNNNNNNNNNNNNNNNNNNNNNNNNNNNNNNNNNNNNNNNNNNNNNNNNNNNNNNNNNNNNNNNNNNNNNNNNNNNNNNNNNNNNNNN	TRAV21*00(938.5)		TRAJ32*00(539)		544|551|576|0|7||70.0		27|55|86|71|99||280.0		TGTGCTGCGCTTATTGACCCTTCTGTTCTCCACCCTTCAGTAATATCATCAGGAAGACGGGTGCTTTACGTTGGTGGTGCTACAAACAAGCTCATCTTT	45	CAALIDPSVLHPSVISSGRRVLYVGGATNKLIF	:::::::::0:-5:7:::::71:-7:99:::
4556	179.0	7.037319811195392E-5	1	1.1548677676406051E-4	TGTGCTGGGCTCGGAGAACTATGGTCAGAATTTTGTCTTT	NNNNNNNNNNNNNNNNNNNNNNNNNNNNNNNNNNNNNNNN	TRAV35*00(877.2)		TRAJ26*00(530.9)		588|598|620|0|10||100.0		21|49|80|12|40|ST24G|251.0		TGTGCTGGGCTCGGAGAACTATGGTCAGAATTTTGTCTTT	45	CAGLGEL_GQNFVF	:::::::::0:-2:10:::::12:-1:40:::
4842	179.0	7.037319811195392E-5	1	1.1548677676406051E-4	TGTGCTACGGACCGGTTCAGGGAGCCCAGAAGCTGGTATTT	NNNNNNNNNNNNNNNNNNNNNNNNNNNNNNNNNNNNNNNNN	TRAV17*00(920)		TRAJ54*00(548.6)		490|502|523|0|12||120.0		23|49|80|15|41||260.0		TGTGCTACGGACCGGTTCAGGGAGCCCAGAAGCTGGTATTT	45	CATDRFR_AQKLVF	:::::::::0:-1:12:::::15:-3:41:::
18318	179.0	7.037319811195392E-5	1	1.1548677676406051E-4	TGTGCAGGAAGGGCAACTGACAGCTGGGGGAAATTGCAGTTT	NNNNNNNNNNNNNNNNNNNNNNNNNNNNNNNNNNNNNNNNNN	TRAV27*00(602.4)		TRAJ24*00(579.5)		552|561|582|0|9||90.0		23|52|83|13|42||290.0		TGTGCAGGAAGGGCAACTGACAGCTGGGGGAAATTGCAGTTT	45	CAGRATDSWGKLQF	:::::::::0:-1:9:::::13:-3:42:::
18593	179.0	7.037319811195392E-5	1	1.1548677676406051E-4	TGTGCAATGAGTGGTCCCCCGGAACTATGGTCAGAATTTTGTCTTT	NNNNNNNNNNNNNNNNNNNNNNNNNNNNNNNNNNNNNNNNNNNNNN	TRAV12-3*00(437.8)		TRAJ26*00(549.8)		562|573|595|0|11||110.0		25|49|80|22|46||240.0		TGTGCAATGAGTGGTCCCCCGGAACTATGGTCAGAATTTTGTCTTT	45	CAMSGPPE_YGQNFVF	:::::::::0:-2:11:::::22:-5:46:::
18833	179.0	7.037319811195392E-5	1	1.1548677676406051E-4	TGTGCAATGAAGGGGCTGGGCGACTACAAGCTCAGCTTT	NNNNNNNNNNNNNNNNNNNNNNNNNNNNNNNNNNNNNNN	TRAV12-3*00(959.5)		TRAJ20*00(469.5)		562|572|595|0|10||100.0		27|46|77|20|39||190.0		TGTGCAATGAAGGGGCTGGGCGACTACAAGCTCAGCTTT	45	CAMKGLGDYKLSF	:::::::::0:-3:10:::::20:-7:39:::
20324	179.0	7.037319811195392E-5	1	1.1548677676406051E-4	TGCATCGTCCCTTACAGTAACCAGGGAGGAAAGCTTATCTTC	NNNNNNNNNNNNNNNNNNNNNNNNNNNNNNNNNNNNNNNNNN	TRAV26-1*00(579.7)		TRAJ23*00(520.6)		763|772|799|0|9||90.0		27|52|83|17|42||250.0		TGCATCGTCCCTTACAGTAACCAGGGAGGAAAGCTTATCTTC	45	CIVPYSNQGGKLIF	:::::::::0:-7:9:::::17:-7:42:::
20330	179.0	7.037319811195392E-5	1	1.1548677676406051E-4	TGCATCGTCGCGGCACACTAGGTAATGCAGGCAACATGCTCACCTTT	NNNNNNNNNNNNNNNNNNNNNNNNNNNNNNNNNNNNNNNNNNNNNNN	TRAV26-1*00(579.5)		TRAJ39*00(560)		763|772|799|0|9||90.0		27|52|83|22|47||250.0		TGCATCGTCGCGGCACACTAGGTAATGCAGGCAACATGCTCACCTTT	45	CIVAAH*V_AGNMLTF	:::::::::0:-7:9:::::22:-7:47:::
2490	178.0	6.998005175378659E-5	1	1.1548677676406051E-4	TGTGCTCTGTCTCTCTTGAATAATAATGCAGGCAACATGCTCACCTTT	NNNNNNNNNNNNNNNNNNNNNNNNNNNNNNNNNNNNNNNNNNNNNNNN	TRAV6*00(449.8)		TRAJ39*00(630.7)		535|543|568|0|8||80.0		17|52|83|13|48|SA19T|321.0		TGTGCTCTGTCTCTCTTGAATAATAATGCAGGCAACATGCTCACCTTT	45	CALSLLNNNAGNMLTF	:::::::::0:-5:8:::::13:3:48:::
3045	178.0	6.998005175378659E-5	1	1.1548677676406051E-4	TGTGCTCCTGATCCGAATTCAGGGAGCCCAGAAGCTGGTATTT	NNNNNNNNNNNNNNNNNNNNNNNNNNNNNNNNNNNNNNNNNNN	TRAV21*00(929.2)		TRAJ54*00(529.5)		544|550|576|0|6||60.0		21|49|80|15|43||280.0		TGTGCTCCTGATCCGAATTCAGGGAGCCCAGAAGCTGGTATTT	45	CAPDPNS_GAQKLVF	:::::::::0:-6:6:::::15:-1:43:::
3120	178.0	6.998005175378659E-5	1	1.1548677676406051E-4	TGTGCTCGCAACACAGGCAAACTAATCTTT	NNNNNNNNNNNNNNNNNNNNNNNNNNNNNN	TRAV3*00(539.5)		TRAJ37*00(540.8)		437|442|473|0|5||60.0		26|51|82|5|30|SG27C|231.0		TGTGCTCGCAACACAGGCAAACTAATCTTT	45	CARNTGKLIF	:::::::::0:-11:5:::::5:-6:30:::
3283	178.0	6.998005175378659E-5	1	1.1548677676406051E-4	TGTGCTGTCATTGACCCCGATATCTAACTTTGGAAATGAGAAATTAACCTTT	NNNNNNNNNNNNNNNNNNNNNNNNNNNNNNNNNNNNNNNNNNNNNNNNNNNN	TRAV41*00(600.2)		TRAJ48*00(638.7)		512|522|544|0|10||100.0		19|52|83|19|52||330.0		TGTGCTGTCATTGACCCCGATATCTAACTTTGGAAATGAGAAATTAACCTTT	45	CAVIDPDI*_FGNEKLTF	:::::::::0:-2:10:::::19:1:52:::
3639	178.0	6.998005175378659E-5	1	1.1548677676406051E-4	TGTGCTGTGGGGGGGGACTTTGGAAATGAGAAATTAACCTTT	NNNNNNNNNNNNNNNNNNNNNNNNNNNNNNNNNNNNNNNNNN	TRAV8-3*00(601)		TRAJ48*00(569.8)		455|466|489|0|11||110.0		26|52|83|16|42||260.0		TGTGCTGTGGGGGGGGACTTTGGAAATGAGAAATTAACCTTT	45	CAVGGDFGNEKLTF	:::::::::0:-3:11:::::16:-6:42:::
3740	178.0	6.998005175378659E-5	1	1.1548677676406051E-4	TGTGCTGTGGAGGATAAGGGATACAGCACCCTCACCTTT	NNNNNNNNNNNNNNNNNNNNNNNNNNNNNNNNNNNNNNN	TRAV2*00(1048.6)		TRAJ11*00(479.7)		519|534|553|0|15||150.0		28|49|80|18|39||210.0		TGTGCTGTGGAGGATAAGGGATACAGCACCCTCACCTTT	45	CAVEDKGYSTLTF	:::::::::0:1:15:::::18:-8:39:::
3886	178.0	6.998005175378659E-5	1	1.1548677676406051E-4	TGTGCTGTGAGTGTAAGCCGAGGGAGCCCAGAAGCTGGTATTT	NNNNNNNNNNNNNNNNNNNNNNNNNNNNNNNNNNNNNNNNNNN	TRAV8-6*00(699.4)		TRAJ54*00(519.3)		448|461|482|0|13||130.0		26|49|80|20|43||230.0		TGTGCTGTGAGTGTAAGCCGAGGGAGCCCAGAAGCTGGTATTT	45	CAVSVSR_GAQKLVF	:::::::::0:-1:13:::::20:-6:43:::
4210	178.0	6.998005175378659E-5	1	1.1548677676406051E-4	TGTGCTGTGAGACCCCTCTAACGACTACAAGCTCAGCTTT	NNNNNNNNNNNNNNNNNNNNNNNNNNNNNNNNNNNNNNNN	TRAV21*00(556.5)		TRAJ20*00(533.1)		544|558|576|0|14|SG555A|111.0		22|46|77|16|40||240.0		TGTGCTGTGAGACCCCTCTAACGACTACAAGCTCAGCTTT	45	CAVRPL*_DYKLSF	:::::::::0:2:14:::::16:-2:40:::
4693	178.0	6.998005175378659E-5	1	1.1548677676406051E-4	TGTGCTGGGGTTATTCAGGGAGCCCAGAAGCTGGTATTT	NNNNNNNNNNNNNNNNNNNNNNNNNNNNNNNNNNNNNNN	TRAV8-6*00(639.8)		TRAJ54*00(559.5)		448|455|482|0|7||70.0		22|49|80|12|39||270.0		TGTGCTGGGGTTATTCAGGGAGCCCAGAAGCTGGTATTT	45	CAGVIQGAQKLVF	:::::::::0:-7:7:::::12:-2:39:::
4887	178.0	6.998005175378659E-5	1	1.1548677676406051E-4	TGTGCTACGGACGACAACCAATGCAGGCAAATCAACCTTT	NNNNNNNNNNNNNNNNNNNNNNNNNNNNNNNNNNNNNNNN	TRAV17*00(930)		TRAJ27*00(529.5)		490|503|523|0|13||130.0		24|48|79|16|40||240.0		TGTGCTACGGACGACAACCAATGCAGGCAAATCAACCTTT	45	CATDDNQ_AGKSTF	:::::::::0:0:13:::::16:-4:40:::
5001	178.0	6.998005175378659E-5	1	1.1548677676406051E-4	TGTGCCTTTGCCATTCAGGAGGAGGTGCTGACGGACTCACCTTT	NNNNNNNNNNNNNNNNNNNNNNNNNNNNNNNNNNNNNNNNNNNN	TRAV24*00(989.5)		TRAJ45*00(589.3)		515|524|545|0|9||90.0		23|55|86|12|44||320.0		TGTGCCTTTGCCATTCAGGAGGAGGTGCTGACGGACTCACCTTT	45	CAFAIQE_GADGLTF	:::::::::0:-1:9:::::12:-3:44:::
17568	178.0	6.998005175378659E-5	1	1.1548677676406051E-4	TGTGCAGCAGTGCAGGAGAGCACTTACTTTT	NNNNNNNNNNNNNNNNNNNNNNNNNNNNNNN	TRAV23/DV6*00(459.8)		TRAJ5*00(499.7)		517|526|550|0|9||90.0		29|49|80|11|31||200.0		TGTGCAGCAGTGCAGGAGAGCACTTACTTTT	45	CAAVQ_RALTF	:::::::::0:-4:9:::::11:-9:31:::
18137	178.0	6.998005175378659E-5	1	1.1548677676406051E-4	TGTGCAGGGTGGGCTATGGGAACAACAGACTCGCTTTT	NNNNNNNNNNNNNNNNNNNNNNNNNNNNNNNNNNNNNN	TRAV25*00(532.7)		TRAJ7*00(539.3)		620|629|649|0|9||90.0		23|48|79|13|38||250.0		TGTGCAGGGTGGGCTATGGGAACAACAGACTCGCTTTT	45	CAGWAM_NNRLAF	:::::::::0:0:9:::::13:-3:38:::
18173	178.0	6.998005175378659E-5	1	1.1548677676406051E-4	TGTGCAGGGCGGAAATCAGGAGGAGGTGCTGACGGACTCACCTTT	NNNNNNNNNNNNNNNNNNNNNNNNNNNNNNNNNNNNNNNNNNNNN	TRAV25*00(542.4)		TRAJ45*00(609.3)		620|630|649|0|10||100.0		25|55|86|15|45||300.0		TGTGCAGGGCGGAAATCAGGAGGAGGTGCTGACGGACTCACCTTT	45	CAGRKSGGGADGLTF	:::::::::0:1:10:::::15:-5:45:::
18977	178.0	6.998005175378659E-5	1	1.1548677676406051E-4	TGCCTCGTGGGTTCGCCGGAATGGAATGCAGGCAACATGCTCACCTTT	NNNNNNNNNNNNNNNNNNNNNNNNNNNNNNNNNNNNNNNNNNNNNNNN	TRAV4*00(538.9)		TRAJ39*00(549.5)		768|780|804|0|12||120.0		28|52|83|24|48||240.0		TGCCTCGTGGGTTCGCCGGAATGGAATGCAGGCAACATGCTCACCTTT	45	CLVGSPEWNAGNMLTF	:::::::::0:-4:12:::::24:-8:48:::
19105	178.0	6.998005175378659E-5	1	1.1548677676406051E-4	TGCGCTGTGTCTAACGACTACAAGCTCAGCTTT	NNNNNNNNNNNNNNNNNNNNNNNNNNNNNNNNN	TRAV1-1*00(660)		TRAJ20*00(540)		670|679|704|0|9||90.0		22|46|77|9|33||240.0		TGCGCTGTGTCTAACGACTACAAGCTCAGCTTT	45	CAVSNDYKLSF	:::::::::0:-5:9:::::9:-2:33:::
19112	178.0	6.998005175378659E-5	1	1.1548677676406051E-4	TGCGCTGTGGGGGGAGCAGGAACTGCTCTGATCTTT	NNNNNNNNNNNNNNNNNNNNNNNNNNNNNNNNNNNN	TRAV1-1*00(660.5)		TRAJ15*00(432.5)		670|679|704|0|9||90.0		28|49|80|15|36||210.0		TGCGCTGTGGGGGGAGCAGGAACTGCTCTGATCTTT	45	CAVGGAGTALIF	:::::::::0:-5:9:::::15:-8:36:::
2101	177.0	6.958690539561924E-5	1	1.1548677676406051E-4	TGTGCTTTGATATATAGTGGAGGTAGCAACTATAAACTGACATTT	NNNNNNNNNNNNNNNNNNNNNNNNNNNNNNNNNNNNNNNNNNNNN	TRAV19*00(680)		TRAJ53*00(629.5)		556|566|593|0|10|SC562T|71.0		23|55|86|13|45||320.0		TGTGCTTTGATATATAGTGGAGGTAGCAACTATAAACTGACATTT	45	CALIYSGGSNYKLTF	:::::::::0:-7:10:::::13:-3:45:::
2282	177.0	6.958690539561924E-5	1	1.1548677676406051E-4	TGTGCTCTTTCCACGGGAGGAGGAAACAAACTCACCTTT	NNNNNNNNNNNNNNNNNNNNNNNNNNNNNNNNNNNNNNN	TRAV16*00(949.5)		TRAJ10*00(549.6)		449|457|483|0|8||80.0		25|53|84|11|39||280.0		TGTGCTCTTTCCACGGGAGGAGGAAACAAACTCACCTTT	45	CALSTGGGNKLTF	:::::::::0:-6:8:::::11:-5:39:::
3953	177.0	6.958690539561924E-5	1	1.1548677676406051E-4	TGTGCTGTGAGTGATCGCGGGTATGCACTCAACTTC	NNNNNNNNNNNNNNNNNNNNNNNNNNNNNNNNNNNN	TRAV8-6*00(730)		TRAJ41*00(421)		448|464|482|0|16||160.0		32|51|82|17|36||190.0		TGTGCTGTGAGTGATCGCGGGTATGCACTCAACTTC	45	CAVSDRGYALNF	:::::::::0:2:16:::::17:-12:36:::
3961	177.0	6.958690539561924E-5	1	1.1548677676406051E-4	TGTGCTGTGAGTGATCGGGGACAACTGACAGCTGGGGGAAATTGCAGTTT	NNNNNNNNNNNNNNNNNNNNNNNNNNNNNNNNNNNNNNNNNNNNNNNNNN	TRAV8-4*00(681)		TRAJ24*00(599.5)		476|492|510|0|16||160.0		21|52|83|19|50||310.0		TGTGCTGTGAGTGATCGGGGACAACTGACAGCTGGGGGAAATTGCAGTTT	45	CAVSDRGQ_DSWGKLQF	:::::::::0:2:16:::::19:-1:50:::
4083	177.0	6.958690539561924E-5	1	1.1548677676406051E-4	TGTGCTGTGAGCCCCCTTTTCAACAATGACATGCGCTTT	NNNNNNNNNNNNNNNNNNNNNNNNNNNNNNNNNNNNNNN	TRAV21*00(980.5)		TRAJ43*00(449.9)		544|558|576|0|14|SG555C|111.0		25|43|74|21|39||180.0		TGTGCTGTGAGCCCCCTTTTCAACAATGACATGCGCTTT	45	CAVSPLFNNDMRF	:::::::::0:2:14:::::21:-5:39:::
4271	177.0	6.958690539561924E-5	1	1.1548677676406051E-4	TGTGCTGTGAGAGACCTCTTGAACACAGGCTTTCAGAAACTTGTATTT	NNNNNNNNNNNNNNNNNNNNNNNNNNNNNNNNNNNNNNNNNNNNNNNN	TRAV3*00(629.7)		TRAJ8*00(580.8)		437|452|473|0|15||150.0		17|49|80|16|48|SA19T|291.0		TGTGCTGTGAGAGACCTCTTGAACACAGGCTTTCAGAAACTTGTATTT	45	CAVRDLLNTGFQKLVF	:::::::::0:-1:15:::::16:3:48:::
5809	177.0	6.958690539561924E-5	1	1.1548677676406051E-4	TGTGCCTGCACCGGTAACCAGTTCTATTTT	NNNNNNNNNNNNNNNNNNNNNNNNNNNNNN	TRAV24*00(744.8)		TRAJ49*00(520)		515|522|545|0|7||70.0		23|45|76|8|30||220.0		TGTGCCTGCACCGGTAACCAGTTCTATTTT	45	CACTGNQFYF	:::::::::0:-3:7:::::8:-3:30:::
6198	177.0	6.958690539561924E-5	1	1.1548677676406051E-4	TGTGCCGTGGCCCCTCCCGGCTCTAGCAACACAGGCAAACTAATCTTT	NNNNNNNNNNNNNNNNNNNNNNNNNNNNNNNNNNNNNNNNNNNNNNNN	TRAV12-2*00(460.8),TRAV12-3*00(449.8)		TRAJ37*00(579.4)		551|560|584|0|9||90.0;562|567|595|0|5||50.0		21|51|82|18|48|SG27A|271.0		TGTGCCGTGGCCCCTCCCGGCTCTAGCAACACAGGCAAACTAATCTTT	45	CAVAPPGSSNTGKLIF	:::::::::0:-4:9:::::18:-1:48:::
6364	177.0	6.958690539561924E-5	1	1.1548677676406051E-4	TGTGCCGTGAATGAAGGCTTTCAGAAACTTGTATTT	NNNNNNNNNNNNNNNNNNNNNNNNNNNNNNNNNNNN	TRAV8-1*00(599.7)		TRAJ8*00(509.7)		474|487|508|0|13||130.0		27|49|80|14|36||220.0		TGTGCCGTGAATGAAGGCTTTCAGAAACTTGTATTT	45	CAVNEGFQKLVF	:::::::::0:-1:13:::::14:-7:36:::
6467	177.0	6.958690539561924E-5	1	1.1548677676406051E-4	TGTGCCGTAGGGGTCGGGGGCAAATCAACCTTT	NNNNNNNNNNNNNNNNNNNNNNNNNNNNNNNNN	TRAV12-2*00(939.3)		TRAJ27*00(439.3)		551|559|584|0|8||80.0		33|48|79|18|33||150.0		TGTGCCGTAGGGGTCGGGGGCAAATCAACCTTT	45	CAVGVGGKSTF	:::::::::0:-5:8:::::18:-13:33:::
6578	177.0	6.958690539561924E-5	1	1.1548677676406051E-4	TGTGCCGAGGGAGGAGGAAACAAACTCACCTTT	NNNNNNNNNNNNNNNNNNNNNNNNNNNNNNNNN	TRAV14/DV4*00(751.3)		TRAJ10*00(549.3)		517|522|554|0|5||50.0		28|53|84|8|33||250.0		TGTGCCGAGGGAGGAGGAAACAAACTCACCTTT	45	CAEGGGNKLTF	:::::::::0:-12:5:::::8:-8:33:::
18590	177.0	6.958690539561924E-5	1	1.1548677676406051E-4	TGTGCAATGAGTTACTAACACCGGTAACCAGTTCTATTTT	NNNNNNNNNNNNNNNNNNNNNNNNNNNNNNNNNNNNNNNN	TRAV14/DV4*00(470.7)		TRAJ49*00(539.8)		517|528|554|0|11||110.0		21|45|76|16|40||240.0		TGTGCAATGAGTTACTAACACCGGTAACCAGTTCTATTTT	45	CAMSY*H_GNQFYF	:::::::::0:-6:11:::::16:-1:40:::
18853	177.0	6.958690539561924E-5	1	1.1548677676406051E-4	TGTGCAACAGGCAAACTAATCTTT	NNNNNNNNNNNNNNNNNNNNNNNN	TRAV12-3*00(331)		TRAJ37*00(489.5)		562|569|595|0|7||70.0		34|51|82|7|24||180.0		TGTGCAACAGGCAAACTAATCTTT	45	CATGKLIF	:::::::::0:-6:7:::::7:-14:24:::
20221	177.0	6.958690539561924E-5	1	1.1548677676406051E-4	TGCATCCTGAGCCCCTGAGGGGGTAACAATGCCAGACTCATGTTT	NNNNNNNNNNNNNNNNNNNNNNNNNNNNNNNNNNNNNNNNNNNNN	TRAV26-2*00(879.5)		TRAJ31*00(490)		791|802|826|0|11||110.0		24|46|77|23|45||220.0		TGCATCCTGAGCCCCTGAGGGGGTAACAATGCCAGACTCATGTTT	45	CILSP*GGNNARLMF	:::::::::0:-4:11:::::23:-4:45:::
20400	177.0	6.958690539561924E-5	1	1.1548677676406051E-4	TGCATCGTCAGAGTCGCGGAACTCAAATTCCGGGTATGCACTCAACTTC	NNNNNNNNNNNNNNNNNNNNNNNNNNNNNNNNNNNNNNNNNNNNNNNNN	TRAV26-1*00(669.1)		TRAJ41*00(566.1)		763|781|799|0|18||180.0		20|51|82|18|49||310.0		TGCATCGTCAGAGTCGCGGAACTCAAATTCCGGGTATGCACTCAACTTC	45	CIVRVAEL_NSGYALNF	:::::::::0:2:18:::::18:0:49:::
21329	177.0	6.958690539561924E-5	1	1.1548677676406051E-4	TGGGCCCCTAACGACTACAAGCTCAGCTTT	NNNNNNNNNNNNNNNNNNNNNNNNNNNNNN	TRAV14/DV4*00(751.4)		TRAJ20*00(529.7)		517|522|554|0|5|ST519G|21.0		23|46|77|7|30||230.0		TGGGCCCCTAACGACTACAAGCTCAGCTTT	45	WAPNDYKLSF	:::::::::0:-12:5:::::7:-3:30:::
1677	176.0	6.919375903745191E-5	1	1.1548677676406051E-4	TGTGTGGTGTCCGACTTAATGCTGGCAACAACCGTAAGCTGATTTGG	NNNNNNNNNNNNNNNNNNNNNNNNNNNNNNNNNNNNNNNNNNNNNNN	TRAV12-1*00(489.6)		TRAJ38*00(609.3)		539|548|572|0|9||90.0		20|51|82|16|47||310.0		TGTGTGGTGTCCGACTTAATGCTGGCAACAACCGTAAGCTGATTTGG	45	CVVSDLML_NNRKLIW	:::::::::0:-4:9:::::16:0:47:::
3109	176.0	6.919375903745191E-5	1	1.1548677676406051E-4	TGTGCTCCAGTGGAGGTAGCAACTATAAACTGACATTT	NNNNNNNNNNNNNNNNNNNNNNNNNNNNNNNNNNNNNN	TRAV16*00(480)		TRAJ53*00(609.5)		449|456|483|0|7||70.0		25|55|86|8|38||300.0		TGTGCTCCAGTGGAGGTAGCAACTATAAACTGACATTT	45	CAPVEV_NYKLTF	:::::::::0:-7:7:::::8:-5:38:::
3284	176.0	6.919375903745191E-5	1	1.1548677676406051E-4	TGTGCTGTCATTAGGGTGCACCAATGCAGGCAAATCAACCTTT	NNNNNNNNNNNNNNNNNNNNNNNNNNNNNNNNNNNNNNNNNNN	TRAV3*00(559.7)		TRAJ27*00(539.5)		437|445|473|0|8||80.0		23|48|79|18|43||250.0		TGTGCTGTCATTAGGGTGCACCAATGCAGGCAAATCAACCTTT	45	CAVIRVH_NAGKSTF	:::::::::0:-8:8:::::18:-3:43:::
3758	176.0	6.919375903745191E-5	1	1.1548677676406051E-4	TGTGCTGTGGAGAACCAGGCAGGAACTGCTCTGATCTTT	NNNNNNNNNNNNNNNNNNNNNNNNNNNNNNNNNNNNNNN	TRAV2*00(1019.5)		TRAJ15*00(539.7)		519|531|553|0|12||120.0		22|49|80|12|39||270.0		TGTGCTGTGGAGAACCAGGCAGGAACTGCTCTGATCTTT	45	CAVENQAGTALIF	:::::::::0:-2:12:::::12:-2:39:::
6103	176.0	6.919375903745191E-5	1	1.1548677676406051E-4	TGTGCCCACGACAATAACAATGACATGCGCTTT	NNNNNNNNNNNNNNNNNNNNNNNNNNNNNNNNN	TRAV24*00(440.3)		TRAJ43*00(530)		515|521|545|0|6||60.0		20|43|74|10|33||230.0		TGTGCCCACGACAATAACAATGACATGCGCTTT	45	CAHDNNNDMRF	:::::::::0:-4:6:::::10:0:33:::
17367	176.0	6.919375903745191E-5	1	1.1548677676406051E-4	TGTGCATCCTCAACCCTAACGGGCAGGAGAGCACTTACTTTT	NNNNNNNNNNNNNNNNNNNNNNNNNNNNNNNNNNNNNNNNNN	TRAV13-1*00(918.8)		TRAJ5*00(500)		511|517|544|0|6||60.0		25|49|80|18|42||240.0		TGTGCATCCTCAACCCTAACGGGCAGGAGAGCACTTACTTTT	45	CASSTLTGRRALTF	:::::::::0:-7:6:::::18:-5:42:::
17438	176.0	6.919375903745191E-5	1	1.1548677676406051E-4	TGTGCAGCTTCGGGATAACTATGGTCAGAATTTTGTCTTT	NNNNNNNNNNNNNNNNNNNNNNNNNNNNNNNNNNNNNNNN	TRAV29/DV5*00(530)		TRAJ26*00(609.6)		529|537|562|0|8||80.0		19|49|80|10|40||300.0		TGTGCAGCTTCGGGATAACTATGGTCAGAATTTTGTCTTT	45	CAASG*L_GQNFVF	:::::::::0:-5:8:::::10:1:40:::
17618	176.0	6.919375903745191E-5	1	1.1548677676406051E-4	TGTGCAGCAACCTTATACTCACGGGAGGAGGAAACAAACTCACCTTT	NNNNNNNNNNNNNNNNNNNNNNNNNNNNNNNNNNNNNNNNNNNNNNN	TRAV13-1*00(579.8)		TRAJ10*00(639.8)		511|521|544|0|10||100.0		19|53|84|13|47||340.0		TGTGCAGCAACCTTATACTCACGGGAGGAGGAAACAAACTCACCTTT	45	CAATLYSR_GGNKLTF	:::::::::0:-3:10:::::13:1:47:::
18691	176.0	6.919375903745191E-5	1	1.1548677676406051E-4	TGTGCAATGAGAGTATTCAGGAGGAGGTGCTGACGGACTCACCTTT	NNNNNNNNNNNNNNNNNNNNNNNNNNNNNNNNNNNNNNNNNNNNNN	TRAV14/DV4*00(859.9)		TRAJ45*00(649.4)		517|530|554|0|13||130.0		22|55|86|13|46||340.0		TGTGCAATGAGAGTATTCAGGAGGAGGTGCTGACGGACTCACCTTT	45	CAMRVFRR_GADGLTF	:::::::::0:-4:13:::::13:-2:46:::
18783	176.0	6.919375903745191E-5	1	1.1548677676406051E-4	TGTGCAATGAGAGAGGGCCAAAATTCCGGGTATGCACTCAACTTC	NNNNNNNNNNNNNNNNNNNNNNNNNNNNNNNNNNNNNNNNNNNNN	TRAV14/DV4*00(566.7)		TRAJ41*00(509.8)		517|536|554|0|19||190.0		26|51|82|20|45||250.0		TGTGCAATGAGAGAGGGCCAAAATTCCGGGTATGCACTCAACTTC	45	CAMREGQNSGYALNF	:::::::::0:2:19:::::20:-6:45:::
18814	176.0	6.919375903745191E-5	1	1.1548677676406051E-4	TGTGCAATGAGAGAGGACCCTAACTGGAGCCAATAGTAAGCTGACATTT	NNNNNNNNNNNNNNNNNNNNNNNNNNNNNNNNNNNNNNNNNNNNNNNNN	TRAV14/DV4*00(542)		TRAJ56*00(580)		517|538|554|0|21|SG533A|181.0		24|51|82|22|49||270.0		TGTGCAATGAGAGAGGACCCTAACTGGAGCCAATAGTAAGCTGACATTT	45	CAMREDPN_GANSKLTF	:::::::::0:4:21:::::22:-4:49:::
20404	176.0	6.919375903745191E-5	1	1.1548677676406051E-4	TGCATCGTCAGAGTCGCGAACACAGGCTTTCAGAAACTTGTATTT	NNNNNNNNNNNNNNNNNNNNNNNNNNNNNNNNNNNNNNNNNNNNN	TRAV26-1*00(679.7)		TRAJ8*00(568)		763|781|799|0|18||190.0		22|49|80|18|45||280.0		TGCATCGTCAGAGTCGCGAACACAGGCTTTCAGAAACTTGTATTT	45	CIVRVANTGFQKLVF	:::::::::0:2:18:::::18:-2:45:::
1814	175.0	6.880061267928456E-5	1	1.1548677676406051E-4	TGTGTGGTGAGCGGGAGTTACCAACTCACTTTC	NNNNNNNNNNNNNNNNNNNNNNNNNNNNNNNNN	TRAV10*00(689.8)		TRAJ28*00(499.3)		575|588|608|0|13||130.0		35|55|86|13|33||210.0		TGTGTGGTGAGCGGGAGTTACCAACTCACTTTC	45	CVVSGSYQLTF	:::::::::0:0:13:::::13:-15:33:::
2975	175.0	6.880061267928456E-5	1	1.1548677676406051E-4	TGTGCTCTAAGTGGTAGGTGCAGGCAACATGCTCACCTTT	NNNNNNNNNNNNNNNNNNNNNNNNNNNNNNNNNNNNNNNN	TRAV16*00(1008.7)		TRAJ39*00(489.7)		449|463|483|0|14||140.0		30|52|83|18|40||220.0		TGTGCTCTAAGTGGTAGGTGCAGGCAACATGCTCACCTTT	45	CALSGRC_GNMLTF	:::::::::0:0:14:::::18:-10:40:::
3117	175.0	6.880061267928456E-5	1	1.1548677676406051E-4	TGTGCTCGCTCGCTCAGGGCGGATCTGAAAAGCTGGTCTTT	NNNNNNNNNNNNNNNNNNNNNNNNNNNNNNNNNNNNNNNNN	TRAV16*00(938.2)		TRAJ57*00(549.3)		449|456|483|0|7||70.0		23|52|83|12|41||290.0		TGTGCTCGCTCGCTCAGGGCGGATCTGAAAAGCTGGTCTTT	45	CARSLRA_SEKLVF	:::::::::0:-7:7:::::12:-3:41:::
3205	175.0	6.880061267928456E-5	1	1.1548677676406051E-4	TGTGCTGTCTTGATAGGCTTTGGGAATGTGCTGCATTGC	NNNNNNNNNNNNNNNNNNNNNNNNNNNNNNNNNNNNNNN	TRAV8-6*00(649.8)		TRAJ35*00(576.5)		448|456|482|0|8||80.0		20|48|79|11|39||280.0		TGTGCTGTCTTGATAGGCTTTGGGAATGTGCTGCATTGC	45	CAVLIGFGNVLHC	:::::::::0:-6:8:::::11:0:39:::
3475	175.0	6.880061267928456E-5	1	1.1548677676406051E-4	TGTGCTGTGCAACTGGGGCAAACAACCTCTTCTTT	NNNNNNNNNNNNNNNNNNNNNNNNNNNNNNNNNNN	TRAV22*00(519.5)		TRAJ36*00(557.2)		526|535|559|0|9||90.0		23|48|79|10|35||250.0		TGTGCTGTGCAACTGGGGCAAACAACCTCTTCTTT	45	CAVQLG_NNLFF	:::::::::0:-4:9:::::10:-3:35:::
3733	175.0	6.880061267928456E-5	1	1.1548677676406051E-4	TGTGCTGTGGAGGATGCGGGCTTTCAGAAACTTGTATTT	NNNNNNNNNNNNNNNNNNNNNNNNNNNNNNNNNNNNNNN	TRAV2*00(1049.3)		TRAJ8*00(459.8)		519|534|553|0|15||150.0		28|49|80|18|39||210.0		TGTGCTGTGGAGGATGCGGGCTTTCAGAAACTTGTATTT	45	CAVEDAGFQKLVF	:::::::::0:1:15:::::18:-8:39:::
3755	175.0	6.880061267928456E-5	1	1.1548677676406051E-4	TGTGCTGTGGAGAGTTCAGGAGGAAGCTACATACCTACATTT	NNNNNNNNNNNNNNNNNNNNNNNNNNNNNNNNNNNNNNNNNN	TRAV22*00(549.8)		TRAJ6*00(578.5)		526|538|559|0|12||120.0		24|51|82|15|42||270.0		TGTGCTGTGGAGAGTTCAGGAGGAAGCTACATACCTACATTT	45	CAVESSGGSYIPTF	:::::::::0:-1:12:::::15:-4:42:::
4189	175.0	6.880061267928456E-5	1	1.1548677676406051E-4	TGTGCTGTGAGGAGTCGACTACAAGCTCAGCTTT	NNNNNNNNNNNNNNNNNNNNNNNNNNNNNNNNNN	TRAV8-6*00(679.8)		TRAJ20*00(489.9)		448|459|482|0|11||110.0		27|46|77|15|34||190.0		TGTGCTGTGAGGAGTCGACTACAAGCTCAGCTTT	45	CAVRSR_YKLSF	:::::::::0:-3:11:::::15:-7:34:::
4754	175.0	6.880061267928456E-5	1	1.1548677676406051E-4	TGTGCTATCCTTTACTCTGGGGCTGGGAGTTACCAACTCACTTTC	NNNNNNNNNNNNNNNNNNNNNNNNNNNNNNNNNNNNNNNNNNNNN	TRAV3*00(540)		TRAJ28*00(619.5)		437|443|473|0|6||60.0		22|55|86|12|45||330.0		TGTGCTATCCTTTACTCTGGGGCTGGGAGTTACCAACTCACTTTC	45	CAILYSGAGSYQLTF	:::::::::0:-10:6:::::12:-2:45:::
6188	175.0	6.880061267928456E-5	1	1.1548677676406051E-4	TGTGCCGTGGTTATTTCAGGAACCTACAAATACATCTTT	NNNNNNNNNNNNNNNNNNNNNNNNNNNNNNNNNNNNNNN	TRAV12-2*00(948.1)		TRAJ40*00(519.1)		551|560|584|0|9||90.0		26|50|81|15|39||240.0		TGTGCCGTGGTTATTTCAGGAACCTACAAATACATCTTT	45	CAVVISGTYKYIF	:::::::::0:-4:9:::::15:-6:39:::
6276	175.0	6.880061267928456E-5	1	1.1548677676406051E-4	TGTGCCGTGATCTCGGGGGAGCCCAGAAGCTGGTATTT	NNNNNNNNNNNNNNNNNNNNNNNNNNNNNNNNNNNNNN	TRAV12-2*00(959.2)		TRAJ54*00(510)		551|561|584|0|10||100.0		27|49|80|16|38||220.0		TGTGCCGTGATCTCGGGGGAGCCCAGAAGCTGGTATTT	45	CAVISG_AQKLVF	:::::::::0:-3:10:::::16:-7:38:::
6330	175.0	6.880061267928456E-5	1	1.1548677676406051E-4	TGTGCCGTGAGAGCGGGAGGAGGAAACAAACTCACCTTT	NNNNNNNNNNNNNNNNNNNNNNNNNNNNNNNNNNNNNNN	TRAV12-2*00(470.4),TRAV12-3*00(462.6)		TRAJ10*00(559)		551|561|584|0|10||100.0;562|577|595|0|15|SA567CSA568GSC573A|63.0		27|53|84|13|39||260.0		TGTGCCGTGAGAGCGGGAGGAGGAAACAAACTCACCTTT	45	CAVRAGGGNKLTF	:::::::::0:-3:10:::::13:-7:39:::
17600	175.0	6.880061267928456E-5	1	1.1548677676406051E-4	TGTGCAGCAATGGGTGCAGGCAACATGCTCACCTTT	NNNNNNNNNNNNNNNNNNNNNNNNNNNNNNNNNNNN	TRAV29/DV5*00(509.5)		TRAJ39*00(529.5)		529|539|562|0|10||100.0		30|52|83|14|36||220.0		TGTGCAGCAATGGGTGCAGGCAACATGCTCACCTTT	45	CAAMGAGNMLTF	:::::::::0:-3:10:::::14:-10:36:::
17859	175.0	6.880061267928456E-5	1	1.1548677676406051E-4	TGTGCAGCAAGCGCTAGTACCGGTAACCAGTTCTATTTT	NNNNNNNNNNNNNNNNNNNNNNNNNNNNNNNNNNNNNNN	TRAV29/DV5*00(589.3)		TRAJ49*00(509.8)		529|543|562|0|14||140.0		24|45|76|18|39||210.0		TGTGCAGCAAGCGCTAGTACCGGTAACCAGTTCTATTTT	45	CAASASTGNQFYF	:::::::::0:1:14:::::18:-4:39:::
17922	175.0	6.880061267928456E-5	1	1.1548677676406051E-4	TGTGCAGCAAGCGGGCTGCAGGCAACAAGCTAACTTTT	NNNNNNNNNNNNNNNNNNNNNNNNNNNNNNNNNNNNNN	TRAV23/DV6*00(490)		TRAJ17*00(539.5)		517|529|550|0|12||120.0		28|52|83|14|38||240.0		TGTGCAGCAAGCGGGCTGCAGGCAACAAGCTAACTTTT	45	CAASGL_GNKLTF	:::::::::0:-1:12:::::14:-8:38:::
18078	175.0	6.880061267928456E-5	1	1.1548677676406051E-4	TGTGCAGCAAACTCCGGCACAGGCAAACTAATCTTT	NNNNNNNNNNNNNNNNNNNNNNNNNNNNNNNNNNNN	TRAV29/DV5*00(510)		TRAJ37*00(499.8)		529|539|562|0|10||100.0		32|51|82|17|36||190.0		TGTGCAGCAAACTCCGGCACAGGCAAACTAATCTTT	45	CAANSGTGKLIF	:::::::::0:-3:10:::::17:-12:36:::
18711	175.0	6.880061267928456E-5	1	1.1548677676406051E-4	TGTGCAATGAGAGATTGACTGGTGGCTACAATAAGCTGATTTTT	NNNNNNNNNNNNNNNNNNNNNNNNNNNNNNNNNNNNNNNNNNNN	TRAV14/DV4*00(500.3)		TRAJ4*00(414.9)		517|531|554|0|14||140.0		26|52|83|18|44||260.0		TGTGCAATGAGAGATTGACTGGTGGCTACAATAAGCTGATTTTT	45	CAMRD*L_GYNKLIF	:::::::::0:-3:14:::::18:-6:44:::
18747	175.0	6.880061267928456E-5	1	1.1548677676406051E-4	TGTGCAATGAGAGAGGCGGTACTGGAGGCTTCAAAACTATCTTT	NNNNNNNNNNNNNNNNNNNNNNNNNNNNNNNNNNNNNNNNNNNN	TRAV14/DV4*00(834.6)		TRAJ9*00(549.8)		517|533|554|0|16||160.0		25|50|81|19|44||250.0		TGTGCAATGAGAGAGGCGGTACTGGAGGCTTCAAAACTATCTTT	45	CAMREAV_GGFKTIF	:::::::::0:-1:16:::::19:-5:44:::
18793	175.0	6.880061267928456E-5	1	1.1548677676406051E-4	TGTGCAATGAGAGAGGGCAAAAGCTGCAGGCAACAAGCTAACTTTT	NNNNNNNNNNNNNNNNNNNNNNNNNNNNNNNNNNNNNNNNNNNNNN	TRAV14/DV4*00(541)		TRAJ17*00(569.8)		517|535|554|0|18||180.0		25|52|83|19|46||270.0		TGTGCAATGAGAGAGGGCAAAAGCTGCAGGCAACAAGCTAACTTTT	45	CAMREGKS_AGNKLTF	:::::::::0:1:18:::::19:-5:46:::
1832	174.0	6.840746632111723E-5	1	1.1548677676406051E-4	TGTGTGGTGAGAGGGGGGGCTCAGGAACCTACAAATACATCTTT	NNNNNNNNNNNNNNNNNNNNNNNNNNNNNNNNNNNNNNNNNNNN	TRAV10*00(670)		TRAJ40*00(539.6)		575|586|608|0|11||110.0		25|50|81|19|44||250.0		TGTGTGGTGAGAGGGGGGGCTCAGGAACCTACAAATACATCTTT	45	CVVRGGA_GTYKYIF	:::::::::0:-2:11:::::19:-5:44:::
1926	174.0	6.840746632111723E-5	1	1.1548677676406051E-4	TGTGTGGTGAACACGAACACCGGTAACCAGTTCTATTTT	NNNNNNNNNNNNNNNNNNNNNNNNNNNNNNNNNNNNNNN	TRAV12-1*00(529.6)		TRAJ49*00(559.4)		539|552|572|0|13||130.0		19|45|76|13|39||260.0		TGTGTGGTGAACACGAACACCGGTAACCAGTTCTATTTT	45	CVVNTNTGNQFYF	:::::::::0:0:13:::::13:1:39:::
3775	174.0	6.840746632111723E-5	1	1.1548677676406051E-4	TGTGCTGTGGAAACTAACCAGGGAGGAAAGCTTATCTTC	NNNNNNNNNNNNNNNNNNNNNNNNNNNNNNNNNNNNNNN	TRAV22*00(539.8)		TRAJ23*00(559.3)		526|537|559|0|11||110.0		27|52|83|14|39||250.0		TGTGCTGTGGAAACTAACCAGGGAGGAAAGCTTATCTTC	45	CAVETNQGGKLIF	:::::::::0:-2:11:::::14:-7:39:::
4029	174.0	6.840746632111723E-5	1	1.1548677676406051E-4	TGTGCTGTGAGTGAGAGCCAGGCAGGAACTGCTCTGATCTTT	NNNNNNNNNNNNNNNNNNNNNNNNNNNNNNNNNNNNNNNNNN	TRAV8-6*00(709.7)		TRAJ15*00(426.8)		448|462|482|0|14||140.0		24|49|80|17|42||250.0		TGTGCTGTGAGTGAGAGCCAGGCAGGAACTGCTCTGATCTTT	45	CAVSESQAGTALIF	:::::::::0:0:14:::::17:-4:42:::
4070	174.0	6.840746632111723E-5	1	1.1548677676406051E-4	TGTGCTGTGAGTAAAACCGGCACTGCCAGTAAACTCACCTTT	NNNNNNNNNNNNNNNNNNNNNNNNNNNNNNNNNNNNNNNNNN	TRAV8-6*00(689.6)		TRAJ44*00(580.1)		448|460|482|0|12||120.0		22|52|83|12|42|ST24A|271.0		TGTGCTGTGAGTAAAACCGGCACTGCCAGTAAACTCACCTTT	45	CAVSKTGTASKLTF	:::::::::0:-2:12:::::12:-2:42:::
4269	174.0	6.840746632111723E-5	1	1.1548677676406051E-4	TGTGCTGTGAGAGACTTTGGAAATGAGAAATTAACCTTT	NNNNNNNNNNNNNNNNNNNNNNNNNNNNNNNNNNNNNNN	TRAV1-2*00(699.7)		TRAJ48*00(569.2)		620|634|654|0|14||140.0		27|52|83|14|39||260.0		TGTGCTGTGAGAGACTTTGGAAATGAGAAATTAACCTTT	45	CAVRDFGNEKLTF	:::::::::0:0:14:::::14:-7:39:::
4394	174.0	6.840746632111723E-5	1	1.1548677676406051E-4	TGTGCTGCTGCTACCTCAGGAACCTACAAATACATCTTT	NNNNNNNNNNNNNNNNNNNNNNNNNNNNNNNNNNNNNNN	TRAV21*00(940)		TRAJ40*00(559.7)		544|551|576|0|7||70.0		21|50|81|10|39||290.0		TGTGCTGCTGCTACCTCAGGAACCTACAAATACATCTTT	45	CAAATSGTYKYIF	:::::::::0:-5:7:::::10:-1:39:::
5657	174.0	6.840746632111723E-5	1	1.1548677676406051E-4	TGTGCCTCTATGGGAACAACAGACTCGCTTTT	NNNNNNNNNNNNNNNNNNNNNNNNNNNNNNNN	TRAV3*00(529.8)		TRAJ7*00(539.6)		437|442|473|0|5||50.0		23|48|79|7|32||250.0		TGTGCCTCTATGGGAACAACAGACTCGCTTTT	45	CASMG_NRLAF	:::::::::0:-11:5:::::7:-3:32:::
6137	174.0	6.840746632111723E-5	1	1.1548677676406051E-4	TGTGCCGTCTTCTGGGGGTTACCAGAAAGTTACCTTT	NNNNNNNNNNNNNNNNNNNNNNNNNNNNNNNNNNNNN	TRAV12-2*00(939.4)		TRAJ13*00(550.7)		551|559|584|0|8||80.0		24|52|83|9|37||280.0		TGTGCCGTCTTCTGGGGGTTACCAGAAAGTTACCTTT	45	CAVFWG_YQKVTF	:::::::::0:-5:8:::::9:-4:37:::
17714	174.0	6.840746632111723E-5	1	1.1548677676406051E-4	TGTGCAGCAAGTATGACTGGTCAGAATTTTGTCTTT	NNNNNNNNNNNNNNNNNNNNNNNNNNNNNNNNNNNN	TRAV13-1*00(998.8)		TRAJ26*00(479.8)		511|525|544|0|14||140.0		30|49|80|17|36||190.0		TGTGCAGCAAGTATGACTGGTCAGAATTTTGTCTTT	45	CAASMTGQNFVF	:::::::::0:1:14:::::17:-10:36:::
18557	174.0	6.840746632111723E-5	1	1.1548677676406051E-4	TGTGCAATGCAGAGCTGCAGGCAACAAGCTAACTTTT	NNNNNNNNNNNNNNNNNNNNNNNNNNNNNNNNNNNNN	TRAV12-3*00(949.3)		TRAJ17*00(550.6)		562|571|595|0|9||90.0		24|52|83|9|37|SA26G|251.0		TGTGCAATGCAGAGCTGCAGGCAACAAGCTAACTTTT	45	CAMQSC_GNKLTF	:::::::::0:-4:9:::::9:-4:37:::
18572	174.0	6.840746632111723E-5	1	1.1548677676406051E-4	TGTGCAATGGGGAGCGCGATACTCACGGGAGGAGGAAACAAACTCACCTTT	NNNNNNNNNNNNNNNNNNNNNNNNNNNNNNNNNNNNNNNNNNNNNNNNNNN	TRAV12-3*00(489.8)		TRAJ10*00(629.8)		562|571|595|0|9||90.0		20|53|84|18|51||330.0		TGTGCAATGGGGAGCGCGATACTCACGGGAGGAGGAAACAAACTCACCTTT	45	CAMGSAILTGGGNKLTF	:::::::::0:-4:9:::::18:0:51:::
18716	174.0	6.840746632111723E-5	1	1.1548677676406051E-4	TGTGCAATGAGAGACTCGATGGATAGCAGCTATAAATTGATCTTC	NNNNNNNNNNNNNNNNNNNNNNNNNNNNNNNNNNNNNNNNNNNNN	TRAV14/DV4*00(500.6)		TRAJ12*00(559.7)		517|531|554|0|14||140.0		21|49|80|17|45||280.0		TGTGCAATGAGAGACTCGATGGATAGCAGCTATAAATTGATCTTC	45	CAMRDSMDSSYKLIF	:::::::::0:-3:14:::::17:-1:45:::
20351	174.0	6.840746632111723E-5	1	1.1548677676406051E-4	TGCATCGTCAGGCGTCAAGGGTTCAGGTCAGGAGGAGGTGCTGACGGACTCACCTTT	NNNNNNNNNNNNNNNNNNNNNNNNNNNNNNNNNNNNNNNNNNNNNNNNNNNNNNNNN	TRAV26-1*00(599.4)		TRAJ45*00(609.8)		763|774|799|0|11||110.0		25|55|86|27|57||300.0		TGCATCGTCAGGCGTCAAGGGTTCAGGTCAGGAGGAGGTGCTGACGGACTCACCTTT	45	CIVRRQGFRSGGGADGLTF	:::::::::0:-5:11:::::27:-5:57:::
1653	173.0	6.801431996294988E-5	1	1.1548677676406051E-4	TGTGTGCCAAAGGGTAGGACACGGGCAGGAGAGCACTTACTTTT	NNNNNNNNNNNNNNNNNNNNNNNNNNNNNNNNNNNNNNNNNNNN	TRAV12-1*00(459.7)		TRAJ5*00(579.4)		539|545|572|0|6||60.0		21|49|80|16|44||280.0		TGTGTGCCAAAGGGTAGGACACGGGCAGGAGAGCACTTACTTTT	45	CVPKGRT_GRRALTF	:::::::::0:-7:6:::::16:-1:44:::
1982	173.0	6.801431996294988E-5	1	1.1548677676406051E-4	TGTGTGGGGACCGCGGGACACGGGCAGGAGAGCACTTACTTTT	NNNNNNNNNNNNNNNNNNNNNNNNNNNNNNNNNNNNNNNNNNN	TRAV12-1*00(872.7)		TRAJ5*00(539.7)		539|549|572|0|10|ST546G|71.0		21|49|80|15|43||280.0		TGTGTGGGGACCGCGGGACACGGGCAGGAGAGCACTTACTTTT	45	CVGTAGH_GRRALTF	:::::::::0:-3:10:::::15:-1:43:::
2308	173.0	6.801431996294988E-5	1	1.1548677676406051E-4	TGTGCTCTTGGCCGGGGGCTGGGGGAAATTGCAGTTT	NNNNNNNNNNNNNNNNNNNNNNNNNNNNNNNNNNNNN	TRDV1*00(979.2)		TRAJ24*00(490)		573|584|610|0|11||110.0		32|52|83|17|37||200.0		TGTGCTCTTGGCCGGGGGCTGGGGGAAATTGCAGTTT	45	CALGRG_WGKLQF	:::::::::0:-6:11:::::17:-12:37:::
2413	173.0	6.801431996294988E-5	1	1.1548677676406051E-4	TGTGCTCTTGGGGAAGCCGGGTAGCAACTATCAGTTAATCTGG	NNNNNNNNNNNNNNNNNNNNNNNNNNNNNNNNNNNNNNNNNNN	TRDV1*00(679.5)		TRAJ33*00(511)		573|588|610|0|15||150.0		21|46|77|18|43|SA23G|221.0		TGTGCTCTTGGGGAAGCCGGGTAGCAACTATCAGTTAATCTGG	45	CALGEAG_SNYQLIW	:::::::::0:-2:15:::::18:-1:43:::
3092	173.0	6.801431996294988E-5	1	1.1548677676406051E-4	TGTGCTCCGCCAATGCTGGCAACAACCGTAAGCTGATTTGG	NNNNNNNNNNNNNNNNNNNNNNNNNNNNNNNNNNNNNNNNN	TRAV9-2*00(679.8)		TRAJ38*00(599.8)		480|487|514|0|7||70.0		21|51|82|11|41||300.0		TGTGCTCCGCCAATGCTGGCAACAACCGTAAGCTGATTTGG	45	CAPPMLA_NRKLIW	:::::::::0:-7:7:::::11:-1:41:::
3657	173.0	6.801431996294988E-5	1	1.1548677676406051E-4	TGTGCTGTGGATCCGAAAGCTGCAGGCAACAAGCTAACTTTT	NNNNNNNNNNNNNNNNNNNNNNNNNNNNNNNNNNNNNNNNNN	TRAV2*00(1009.7)		TRAJ17*00(529.7)		519|530|553|0|11||110.0		25|52|83|15|42||270.0		TGTGCTGTGGATCCGAAAGCTGCAGGCAACAAGCTAACTTTT	45	CAVDPKAAGNKLTF	:::::::::0:-3:11:::::15:-5:42:::
3746	173.0	6.801431996294988E-5	1	1.1548677676406051E-4	TGTGCTGTGGAGGAGGTGGATTTATAACCAGGGAGGAAAGCTTATCTTC	NNNNNNNNNNNNNNNNNNNNNNNNNNNNNNNNNNNNNNNNNNNNNNNNN	TRAV2*00(590)		TRAJ23*00(580.3)		519|533|553|0|14||140.0		21|52|83|18|49||310.0		TGTGCTGTGGAGGAGGTGGATTTATAACCAGGGAGGAAAGCTTATCTTC	45	CAVEEVDL_NQGGKLIF	:::::::::0:0:14:::::18:-1:49:::
3952	173.0	6.801431996294988E-5	1	1.1548677676406051E-4	TGTGCTGTGAGTGATCGTAAGGTGGTGCTACAAACAAGCTCATCTTT	NNNNNNNNNNNNNNNNNNNNNNNNNNNNNNNNNNNNNNNNNNNNNNN	TRAV8-6*00(729.8)		TRAJ32*00(569.2)		448|464|482|0|16||160.0		25|55|86|17|47|ST27A|271.0		TGTGCTGTGAGTGATCGTAAGGTGGTGCTACAAACAAGCTCATCTTT	45	CAVSDRKV_ATNKLIF	:::::::::0:2:16:::::17:-5:47:::
3969	173.0	6.801431996294988E-5	1	1.1548677676406051E-4	TGTGCTGTGAGTGATCAGCCGGGCGGATCTGAAAAGCTGGTCTTT	NNNNNNNNNNNNNNNNNNNNNNNNNNNNNNNNNNNNNNNNNNNNN	TRAV8-6*00(739.5)		TRAJ57*00(556.8)		448|465|482|0|17||170.0		27|52|83|20|45||250.0		TGTGCTGTGAGTGATCAGCCGGGCGGATCTGAAAAGCTGGTCTTT	45	CAVSDQPGGSEKLVF	:::::::::0:3:17:::::20:-7:45:::
4451	173.0	6.801431996294988E-5	1	1.1548677676406051E-4	TGTGCTGCGTCCAGGGCCGGGTATGCACTCAACTTC	NNNNNNNNNNNNNNNNNNNNNNNNNNNNNNNNNNNN	TRAV20*00(479.8)		TRAJ41*00(459.1)		498|505|531|0|7||70.0		31|51|82|16|36||200.0		TGTGCTGCGTCCAGGGCCGGGTATGCACTCAACTTC	45	CAASRAGYALNF	:::::::::0:-6:7:::::16:-11:36:::
4634	173.0	6.801431996294988E-5	1	1.1548677676406051E-4	TGTGCTGGGCAGCTATTTGGTGGAGGTAGCAACTATAAACTGACATTT	NNNNNNNNNNNNNNNNNNNNNNNNNNNNNNNNNNNNNNNNNNNNNNNN	TRAV35*00(529.5)		TRAJ53*00(599.7)		588|602|620|0|14||140.0		26|55|86|19|48||290.0		TGTGCTGGGCAGCTATTTGGTGGAGGTAGCAACTATAAACTGACATTT	45	CAGQLFGGGSNYKLTF	:::::::::0:2:14:::::19:-6:48:::
6194	173.0	6.801431996294988E-5	1	1.1548677676406051E-4	TGTGCCGTGGCTCTTCAGGGAGCCCAGAAGCTGGTATTT	NNNNNNNNNNNNNNNNNNNNNNNNNNNNNNNNNNNNNNN	TRAV12-2*00(489.8)		TRAJ54*00(549.6)		551|560|584|0|9||90.0		23|49|80|13|39||260.0		TGTGCCGTGGCTCTTCAGGGAGCCCAGAAGCTGGTATTT	45	CAVALQGAQKLVF	:::::::::0:-4:9:::::13:-3:39:::
6295	173.0	6.801431996294988E-5	1	1.1548677676406051E-4	TGTGCCGTGATAAAGGAGGAAGCTACATACCTACATTT	NNNNNNNNNNNNNNNNNNNNNNNNNNNNNNNNNNNNNN	TRAV12-2*00(471)		TRAJ6*00(559.7)		551|561|584|0|10||100.0		26|51|82|13|38||250.0		TGTGCCGTGATAAAGGAGGAAGCTACATACCTACATTT	45	CAVIKE_SYIPTF	:::::::::0:-3:10:::::13:-6:38:::
17480	173.0	6.801431996294988E-5	1	1.1548677676406051E-4	TGTGCAGCCCTATTCCCAGGAGGAAGCTACATACCTACATTT	NNNNNNNNNNNNNNNNNNNNNNNNNNNNNNNNNNNNNNNNNN	TRAV13-1*00(559.5)		TRAJ6*00(569.3)		511|519|544|0|8||80.0		25|51|82|16|42||260.0		TGTGCAGCCCTATTCCCAGGAGGAAGCTACATACCTACATTT	45	CAALFPGGSYIPTF	:::::::::0:-5:8:::::16:-5:42:::
17673	173.0	6.801431996294988E-5	1	1.1548677676406051E-4	TGTGCAGCAAGTCGACGGGATAACACCGACAAGCTCATCTTT	NNNNNNNNNNNNNNNNNNNNNNNNNNNNNNNNNNNNNNNNNN	TRAV13-1*00(979.5)		TRAJ34*00(489.8)		511|523|544|0|12||120.0		24|47|78|19|42||230.0		TGTGCAGCAAGTCGACGGGATAACACCGACAAGCTCATCTTT	45	CAASRRDNTDKLIF	:::::::::0:-1:12:::::19:-4:42:::
17715	173.0	6.801431996294988E-5	1	1.1548677676406051E-4	TGTGCAGCAAGTATGACCGGTAACCAGTTCTATTTT	NNNNNNNNNNNNNNNNNNNNNNNNNNNNNNNNNNNN	TRAV13-1*00(999.8)		TRAJ49*00(509.3)		511|525|544|0|14||140.0		24|45|76|15|36||210.0		TGTGCAGCAAGTATGACCGGTAACCAGTTCTATTTT	45	CAASMTGNQFYF	:::::::::0:1:14:::::15:-4:36:::
18043	173.0	6.801431996294988E-5	1	1.1548677676406051E-4	TGTGCAGCAAGGGCGGATAGCAACTATCAGTTAATCTGG	NNNNNNNNNNNNNNNNNNNNNNNNNNNNNNNNNNNNNNN	TRAV23/DV6*00(479.6)		TRAJ33*00(539.9)		517|528|550|0|11||110.0		21|46|77|14|39||250.0		TGTGCAGCAAGGGCGGATAGCAACTATCAGTTAATCTGG	45	CAARADSNYQLIW	:::::::::0:-2:11:::::14:-1:39:::
18460	173.0	6.801431996294988E-5	1	1.1548677676406051E-4	TGTGCAGAGAGAGGGAGCAGCTATAAATTGATCTTC	NNNNNNNNNNNNNNNNNNNNNNNNNNNNNNNNNNNN	TRAV13-2*00(549.7)		TRAJ12*00(479.6)		506|516|539|0|10||100.0		28|49|80|15|36||210.0		TGTGCAGAGAGAGGGAGCAGCTATAAATTGATCTTC	45	CAERGSSYKLIF	:::::::::0:-3:10:::::15:-8:36:::
18650	173.0	6.801431996294988E-5	1	1.1548677676406051E-4	TGTGCAATGAGCGGCCCAGGATACAGCACCCTCACCTTT	NNNNNNNNNNNNNNNNNNNNNNNNNNNNNNNNNNNNNNN	TRAV12-3*00(989.3)		TRAJ11*00(510)		562|575|595|0|13||130.0		26|49|80|16|39||230.0		TGTGCAATGAGCGGCCCAGGATACAGCACCCTCACCTTT	45	CAMSGPGYSTLTF	:::::::::0:0:13:::::16:-6:39:::
20379	173.0	6.801431996294988E-5	1	1.1548677676406051E-4	TGCATCGTCAGAGTCCTTGCTAATGCTGGTGGTACTAGCTATGGAAAGCTGACATTT	NNNNNNNNNNNNNNNNNNNNNNNNNNNNNNNNNNNNNNNNNNNNNNNNNNNNNNNNN	TRAV26-1*00(640)		TRAJ52*00(689.6)		763|778|799|0|15||150.0		19|58|89|18|57||390.0		TGCATCGTCAGAGTCCTTGCTAATGCTGGTGGTACTAGCTATGGAAAGCTGACATTT	45	CIVRVLANAGGTSYGKLTF	:::::::::0:-1:15:::::18:1:57:::
1780	172.0	6.762117360478255E-5	1	1.1548677676406051E-4	TGTGTGGTGAGCGTCTCCTTTAGGGAACAACAGACTCGCTTTT	NNNNNNNNNNNNNNNNNNNNNNNNNNNNNNNNNNNNNNNNNNN	TRAV10*00(695)		TRAJ7*00(503.5)		575|588|608|0|13||130.0		27|48|79|22|43||210.0		TGTGTGGTGAGCGTCTCCTTTAGGGAACAACAGACTCGCTTTT	45	CVVSVSF_GNNRLAF	:::::::::0:0:13:::::22:-7:43:::
2147	172.0	6.762117360478255E-5	1	1.1548677676406051E-4	TGTGCTTCAAGCATACTCTGGGGCTGGGAGTTACCAACTCACTTTC	NNNNNNNNNNNNNNNNNNNNNNNNNNNNNNNNNNNNNNNNNNNNNN	TRAV16*00(929.7)		TRAJ28*00(609.3)		449|455|483|0|6||60.0		19|55|86|10|46||360.0		TGTGCTTCAAGCATACTCTGGGGCTGGGAGTTACCAACTCACTTTC	45	CASSILWG_GSYQLTF	:::::::::0:-8:6:::::10:1:46:::
2571	172.0	6.762117360478255E-5	1	1.1548677676406051E-4	TGTGCTCTGACGAAAACCGACAAGCTCATCTTT	NNNNNNNNNNNNNNNNNNNNNNNNNNNNNNNNN	TRAV9-2*00(713.3)		TRAJ34*00(480.7)		480|490|514|0|10||100.0		26|47|78|12|33|SC28A|181.0		TGTGCTCTGACGAAAACCGACAAGCTCATCTTT	45	CALTKTDKLIF	:::::::::0:-4:10:::::12:-6:33:::
2946	172.0	6.762117360478255E-5	1	1.1548677676406051E-4	TGTGCTCTAGACAGCAGTGCTTCCAAGATAATCTTT	NNNNNNNNNNNNNNNNNNNNNNNNNNNNNNNNNNNN	TRAV6*00(500)		TRAJ3*00(559.7)		535|547|568|0|12||130.0		27|51|82|12|36||260.0		TGTGCTCTAGACAGCAGTGCTTCCAAGATAATCTTT	45	CALDSSASKIIF	:::::::::0:-1:12:::::12:-7:36:::
3144	172.0	6.762117360478255E-5	1	1.1548677676406051E-4	TGTGCTGTTTTCACCGACAAGCTCATCTTT	NNNNNNNNNNNNNNNNNNNNNNNNNNNNNN	TRAV21*00(949.5)		TRAJ34*00(489.7)		544|552|576|0|8||80.0		28|47|78|11|30||190.0		TGTGCTGTTTTCACCGACAAGCTCATCTTT	45	CAVFTDKLIF	:::::::::0:-4:8:::::11:-8:30:::
3243	172.0	6.762117360478255E-5	1	1.1548677676406051E-4	TGTGCTGTCCGTAGTCCGGATAGCAGCTATAAATTGATCTTC	NNNNNNNNNNNNNNNNNNNNNNNNNNNNNNNNNNNNNNNNNN	TRAV21*00(439.7)		TRAJ12*00(529.9)		544|552|576|0|8||80.0		24|49|80|17|42||250.0		TGTGCTGTCCGTAGTCCGGATAGCAGCTATAAATTGATCTTC	45	CAVRSPDSSYKLIF	:::::::::0:-4:8:::::17:-4:42:::
3808	172.0	6.762117360478255E-5	1	1.1548677676406051E-4	TGTGCTGTGACCTTCGGGACCAATGCAGGCAAATCAACCTTT	NNNNNNNNNNNNNNNNNNNNNNNNNNNNNNNNNNNNNNNNNN	TRAV8-4*00(601)		TRAJ27*00(529.7)		476|486|510|0|10||100.0		24|48|79|18|42||240.0		TGTGCTGTGACCTTCGGGACCAATGCAGGCAAATCAACCTTT	45	CAVTFGTNAGKSTF	:::::::::0:-4:10:::::18:-4:42:::
4576	172.0	6.762117360478255E-5	1	1.1548677676406051E-4	TGTGCTGGGCCACTTCCCTAAAATAGCAACTATCAGTTAATCTGG	NNNNNNNNNNNNNNNNNNNNNNNNNNNNNNNNNNNNNNNNNNNNN	TRAV35*00(490.1)		TRAJ33*00(519.7)		588|598|620|0|10||100.0		23|46|77|22|45||230.0		TGTGCTGGGCCACTTCCCTAAAATAGCAACTATCAGTTAATCTGG	45	CAGPLP*NSNYQLIW	:::::::::0:-2:10:::::22:-3:45:::
4720	172.0	6.762117360478255E-5	1	1.1548677676406051E-4	TGTGCTGGGATCGGTATTCAGGGAGCCCAGAAGCTGGTATTT	NNNNNNNNNNNNNNNNNNNNNNNNNNNNNNNNNNNNNNNNNN	TRAV35*00(929.7)		TRAJ54*00(539.1)		588|597|620|0|9||90.0		22|49|80|15|42||270.0		TGTGCTGGGATCGGTATTCAGGGAGCCCAGAAGCTGGTATTT	45	CAGIGIQGAQKLVF	:::::::::0:-3:9:::::15:-2:42:::
6251	172.0	6.762117360478255E-5	1	1.1548677676406051E-4	TGTGCCGTGGACACCGGTAACCAGTTCTATTTT	NNNNNNNNNNNNNNNNNNNNNNNNNNNNNNNNN	TRAV39*00(769.2)		TRAJ49*00(529.7)		507|519|540|0|12||130.0		24|45|76|12|33||230.0		TGTGCCGTGGACACCGGTAACCAGTTCTATTTT	45	CAVDTGNQFYF	:::::::::0:-1:12:::::12:-4:33:::
17711	172.0	6.762117360478255E-5	1	1.1548677676406051E-4	TGTGCAGCAAGTATGGGCGGAAACAAGCTGGTCTTT	NNNNNNNNNNNNNNNNNNNNNNNNNNNNNNNNNNNN	TRAV13-1*00(615.3)		TRAJ47*00(460.5)		511|525|544|0|14||140.0		28|46|77|18|36|SA36G|151.0		TGTGCAGCAAGTATGGGCGGAAACAAGCTGGTCTTT	45	CAASMGGNKLVF	:::::::::0:1:14:::::18:-8:36:::
18392	172.0	6.762117360478255E-5	1	1.1548677676406051E-4	TGTGCAGAGATCGGATAAGGAATTATGGAGGAAGCCAAGGAAATCTCATCTTT	NNNNNNNNNNNNNNNNNNNNNNNNNNNNNNNNNNNNNNNNNNNNNNNNNNNNN	TRAV13-2*00(549.8)		TRAJ42*00(639.2)		506|516|539|0|10||100.0		21|55|86|19|53||340.0		TGTGCAGAGATCGGATAAGGAATTATGGAGGAAGCCAAGGAAATCTCATCTTT	45	CAEIG*GIM_GSQGNLIF	:::::::::0:-3:10:::::19:-1:53:::
19063	172.0	6.762117360478255E-5	1	1.1548677676406051E-4	TGCCTCGTGGAGGGGGATAGCAACTATCAGTTAATCTGG	NNNNNNNNNNNNNNNNNNNNNNNNNNNNNNNNNNNNNNN	TRAV4*00(969.2)		TRAJ33*00(519.7)		768|778|804|0|10||100.0		21|46|77|14|39||250.0		TGCCTCGTGGAGGGGGATAGCAACTATCAGTTAATCTGG	45	CLVEGDSNYQLIW	:::::::::0:-6:10:::::14:-1:39:::
20301	172.0	6.762117360478255E-5	1	1.1548677676406051E-4	TGCATCCCCTTCGGTAACCAGTTCTATTTT	NNNNNNNNNNNNNNNNNNNNNNNNNNNNNN	TRAV26-1*00(549.4)		TRAJ49*00(489.7)		763|769|799|0|6||60.0		26|45|76|11|30||190.0		TGCATCCCCTTCGGTAACCAGTTCTATTTT	45	CIPFGNQFYF	:::::::::0:-10:6:::::11:-6:30:::
2873	171.0	6.72280272466152E-5	1	1.1548677676406051E-4	TGTGCTCTGAATAGTGGAGGTAGCAACTATAAACTGACATTT	NNNNNNNNNNNNNNNNNNNNNNNNNNNNNNNNNNNNNNNNNN	TRAV8-3*00(501)		TRAJ53*00(649.2)		455|464|489|0|9|SG461C|61.0		22|55|86|9|42||340.0		TGTGCTCTGAATAGTGGAGGTAGCAACTATAAACTGACATTT	45	CALNSGGSNYKLTF	:::::::::0:-5:9:::::9:-2:42:::
3101	171.0	6.72280272466152E-5	1	1.1548677676406051E-4	TGTGCTCCGATGGGGGGCACCGGTAACCAGTTCTATTTT	NNNNNNNNNNNNNNNNNNNNNNNNNNNNNNNNNNNNNNN	TRAV9-2*00(680.4)		TRAJ49*00(520)		480|490|514|0|10|ST487C|71.0		23|45|76|17|39||220.0		TGTGCTCCGATGGGGGGCACCGGTAACCAGTTCTATTTT	45	CAPMGGTGNQFYF	:::::::::0:-4:10:::::17:-3:39:::
3294	171.0	6.72280272466152E-5	1	1.1548677676406051E-4	TGTGCTGTCACGGGAGGAGGAAACAAACTCACCTTT	NNNNNNNNNNNNNNNNNNNNNNNNNNNNNNNNNNNN	TRAV21*00(440)		TRAJ10*00(589.7)		544|552|576|0|8||80.0		25|53|84|8|36||290.0		TGTGCTGTCACGGGAGGAGGAAACAAACTCACCTTT	45	CAVTGGGNKLTF	:::::::::0:-4:8:::::8:-5:36:::
3846	171.0	6.72280272466152E-5	1	1.1548677676406051E-4	TGTGCTGTGAGTTTACCGTCTAGCAACACAGGCAAACTAATCTTT	NNNNNNNNNNNNNNNNNNNNNNNNNNNNNNNNNNNNNNNNNNNNN	TRAV8-6*00(670)		TRAJ37*00(550.3)		448|460|482|0|12||120.0		24|51|82|18|45|SG27A|241.0		TGTGCTGTGAGTTTACCGTCTAGCAACACAGGCAAACTAATCTTT	45	CAVSLPSSNTGKLIF	:::::::::0:-2:12:::::18:-4:45:::
4099	171.0	6.72280272466152E-5	1	1.1548677676406051E-4	TGTGCTGTGAGCGATTCAGGAGGAGGTGCTGACGGACTCACCTTT	NNNNNNNNNNNNNNNNNNNNNNNNNNNNNNNNNNNNNNNNNNNNN	TRAV8-6*00(690.5)		TRAJ45*00(629.8)		448|462|482|0|14|ST459C|121.0		24|55|86|14|45||320.0		TGTGCTGTGAGCGATTCAGGAGGAGGTGCTGACGGACTCACCTTT	45	CAVSDSGGGADGLTF	:::::::::0:0:14:::::14:-4:45:::
4329	171.0	6.72280272466152E-5	1	1.1548677676406051E-4	TGTGCTGTGAACCCTGGTGGTGCTACAAACAAGCTCATCTTT	NNNNNNNNNNNNNNNNNNNNNNNNNNNNNNNNNNNNNNNNNN	TRAV8-4*00(649.7)		TRAJ32*00(579.6)		476|486|510|0|10||100.0		27|55|86|14|42||280.0		TGTGCTGTGAACCCTGGTGGTGCTACAAACAAGCTCATCTTT	45	CAVNPGGATNKLIF	:::::::::0:-4:10:::::14:-7:42:::
4625	171.0	6.72280272466152E-5	1	1.1548677676406051E-4	TGTGCTGGGCAGCTCGGCAACAATGACATGCGCTTT	NNNNNNNNNNNNNNNNNNNNNNNNNNNNNNNNNNNN	TRAV35*00(950.8)		TRAJ43*00(479.8)		588|602|620|0|14||140.0		25|43|74|18|36||180.0		TGTGCTGGGCAGCTCGGCAACAATGACATGCGCTTT	45	CAGQLGNNDMRF	:::::::::0:2:14:::::18:-5:36:::
4830	171.0	6.72280272466152E-5	1	1.1548677676406051E-4	TGTGCTACGGATAACCAGGGAGGAAAGCTTATCTTC	NNNNNNNNNNNNNNNNNNNNNNNNNNNNNNNNNNNN	TRAV17*00(909.8)		TRAJ23*00(530.5)		490|501|523|0|11||110.0		27|52|83|11|36||260.0		TGTGCTACGGATAACCAGGGAGGAAAGCTTATCTTC	45	CATDNQGGKLIF	:::::::::0:-2:11:::::11:-7:36:::
6420	171.0	6.72280272466152E-5	1	1.1548677676406051E-4	TGTGCCGTGAACAACCCTAAAAGCTGCAGGCAACAAGCTAACTTTT	NNNNNNNNNNNNNNNNNNNNNNNNNNNNNNNNNNNNNNNNNNNNNN	TRAV12-2*00(989.5)		TRAJ17*00(529.4)		551|564|584|0|13||130.0		25|52|83|19|46||270.0		TGTGCCGTGAACAACCCTAAAAGCTGCAGGCAACAAGCTAACTTTT	45	CAVNNPKS_AGNKLTF	:::::::::0:0:13:::::19:-5:46:::
17455	171.0	6.72280272466152E-5	1	1.1548677676406051E-4	TGTGCAGCTATATCTAACTTTGGAAATGAGAAATTAACCTTT	NNNNNNNNNNNNNNNNNNNNNNNNNNNNNNNNNNNNNNNNNN	TRAV23/DV6*00(378.1)		TRAJ48*00(650.3)		517|524|550|0|7||80.0		17|52|83|7|42|SA17C|341.0		TGTGCAGCTATATCTAACTTTGGAAATGAGAAATTAACCTTT	45	CAAISNFGNEKLTF	:::::::::0:-6:7:::::7:3:42:::
17657	171.0	6.72280272466152E-5	1	1.1548677676406051E-4	TGTGCAGCAAGTTACGGTAACCAGTTCTATTTT	NNNNNNNNNNNNNNNNNNNNNNNNNNNNNNNNN	TRAV13-1*00(979.4)		TRAJ49*00(489.6)		511|523|544|0|12||120.0		26|45|76|14|33||190.0		TGTGCAGCAAGTTACGGTAACCAGTTCTATTTT	45	CAASYGNQFYF	:::::::::0:-1:12:::::14:-6:33:::
18085	171.0	6.72280272466152E-5	1	1.1548677676406051E-4	TGTGCAGCAAAGCAAGGCTCAACCCTGGGGAGGCTATACTTT	NNNNNNNNNNNNNNNNNNNNNNNNNNNNNNNNNNNNNNNNNN	TRAV13-1*00(957.4)		TRAJ18*00(549.6)		511|521|544|0|10||100.0		27|55|86|14|42||280.0		TGTGCAGCAAAGCAAGGCTCAACCCTGGGGAGGCTATACTTT	45	CAAKQGSTLGRLYF	:::::::::0:-3:10:::::14:-7:42:::
18718	171.0	6.72280272466152E-5	1	1.1548677676406051E-4	TGTGCAATGAGAGACTATCGGGGGGGGGAACAACAGACTCGCTTTT	NNNNNNNNNNNNNNNNNNNNNNNNNNNNNNNNNNNNNNNNNNNNNN	TRAV14/DV4*00(499.3)		TRAJ7*00(499.4)		517|531|554|0|14||140.0		27|48|79|25|46||210.0		TGTGCAATGAGAGACTATCGGGGGGGGGAACAACAGACTCGCTTTT	45	CAMRDYRG_GNNRLAF	:::::::::0:-3:14:::::25:-7:46:::
18757	171.0	6.72280272466152E-5	1	1.1548677676406051E-4	TGTGCAATGAGAGAGGGCTTTCACGGGGGAGCCCAGAAGCTGGTATTT	NNNNNNNNNNNNNNNNNNNNNNNNNNNNNNNNNNNNNNNNNNNNNNNN	TRAV14/DV4*00(540.4)		TRAJ54*00(508.8)		517|535|554|0|18||180.0		27|49|80|26|48||220.0		TGTGCAATGAGAGAGGGCTTTCACGGGGGAGCCCAGAAGCTGGTATTT	45	CAMREGFHGGAQKLVF	:::::::::0:1:18:::::26:-7:48:::
20327	171.0	6.72280272466152E-5	1	1.1548677676406051E-4	TGCATCGTCCAGTATTCTGGGGGTTACCAGAAAGTTACCTTT	NNNNNNNNNNNNNNNNNNNNNNNNNNNNNNNNNNNNNNNNNN	TRAV26-1*00(579.4)		TRAJ13*00(589.3)		763|772|799|0|9||90.0		23|52|83|13|42||290.0		TGCATCGTCCAGTATTCTGGGGGTTACCAGAAAGTTACCTTT	45	CIVQYSGGYQKVTF	:::::::::0:-7:9:::::13:-3:42:::
20420	171.0	6.72280272466152E-5	1	1.1548677676406051E-4	TGCATCGTCAGAGTCGATATAAGCCGGAACACCGGTAACCAGTTCTATTTT	NNNNNNNNNNNNNNNNNNNNNNNNNNNNNNNNNNNNNNNNNNNNNNNNNNN	TRAV26-1*00(649.7)		TRAJ49*00(547.5)		763|779|799|0|16||160.0		20|45|76|26|51||250.0		TGCATCGTCAGAGTCGATATAAGCCGGAACACCGGTAACCAGTTCTATTTT	45	CIVRVDISRNTGNQFYF	:::::::::0:0:16:::::26:0:51:::
20437	171.0	6.72280272466152E-5	1	1.1548677676406051E-4	TGCATCGTCAGAGTAGGAAATGCAGGCAACATGCTCACCTTT	NNNNNNNNNNNNNNNNNNNNNNNNNNNNNNNNNNNNNNNNNN	TRAV26-1*00(630)		TRAJ39*00(549.8)		763|777|799|0|14||140.0		28|52|83|18|42||240.0		TGCATCGTCAGAGTAGGAAATGCAGGCAACATGCTCACCTTT	45	CIVRVGNAGNMLTF	:::::::::0:-2:14:::::18:-8:42:::
1726	170.0	6.683488088844787E-5	1	1.1548677676406051E-4	TGTGTGGTGATACGTGCCGGCACTGCCAGTAAACTCACCTTT	NNNNNNNNNNNNNNNNNNNNNNNNNNNNNNNNNNNNNNNNNN	TRAV10*00(667.4)		TRAJ44*00(568.5)		575|585|608|0|10||100.0		26|52|83|16|42||260.0		TGTGTGGTGATACGTGCCGGCACTGCCAGTAAACTCACCTTT	45	CVVIRAGTASKLTF	:::::::::0:-3:10:::::16:-6:42:::
1920	170.0	6.683488088844787E-5	1	1.1548677676406051E-4	TGTGTGGTGAACATAGAAGGAGCAATGCTTCCAAGATAATCTTT	NNNNNNNNNNNNNNNNNNNNNNNNNNNNNNNNNNNNNNNNNNNN	TRAV12-1*00(998.7)		TRAJ3*00(471)		539|553|572|0|14||140.0		27|51|82|20|44|SG31A|211.0		TGTGTGGTGAACATAGAAGGAGCAATGCTTCCAAGATAATCTTT	45	CVVNIEG_NASKIIF	:::::::::0:1:14:::::20:-7:44:::
1944	170.0	6.683488088844787E-5	1	1.1548677676406051E-4	TGTGTGGTGAACAAAGGCTTTCAGAAACTTGTATTT	NNNNNNNNNNNNNNNNNNNNNNNNNNNNNNNNNNNN	TRAV12-1*00(519.8)		TRAJ8*00(520.3)		539|549|572|0|10||130.0		23|49|80|10|36|SC26A|261.0		TGTGTGGTGAACAAAGGCTTTCAGAAACTTGTATTT	45	CVVNKGFQKLVF	:::::::::0:-3:10:::::10:-3:36:::
2443	170.0	6.683488088844787E-5	1	1.1548677676406051E-4	TGTGCTCTTAACACCGACAAGCTCATCTTT	NNNNNNNNNNNNNNNNNNNNNNNNNNNNNN	TRAV21*00(662.9)		TRAJ34*00(519.4)		544|550|576|0|6||60.0		25|47|78|8|30||220.0		TGTGCTCTTAACACCGACAAGCTCATCTTT	45	CALNTDKLIF	:::::::::0:-6:6:::::8:-5:30:::
3706	170.0	6.683488088844787E-5	1	1.1548677676406051E-4	TGTGCTGTGGAGGCTTAATAATGCAGGCAACATGCTCACCTTT	NNNNNNNNNNNNNNNNNNNNNNNNNNNNNNNNNNNNNNNNNNN	TRAV36/DV7*00(630.7)		TRAJ39*00(590)		500|514|533|0|14||140.0		24|52|83|15|43||280.0		TGTGCTGTGGAGGCTTAATAATGCAGGCAACATGCTCACCTTT	45	CAVEA**_AGNMLTF	:::::::::0:1:14:::::15:-4:43:::
3765	170.0	6.683488088844787E-5	1	1.1548677676406051E-4	TGTGCTGTGGAAGCATGGATAGCAACTATCAGTTAATCTGG	NNNNNNNNNNNNNNNNNNNNNNNNNNNNNNNNNNNNNNNNN	TRAV8-6*00(659.7)		TRAJ33*00(569.8)		448|457|482|0|9||90.0		18|46|77|13|41||280.0		TGTGCTGTGGAAGCATGGATAGCAACTATCAGTTAATCTGG	45	CAVEAWI_NYQLIW	:::::::::0:-5:9:::::13:2:41:::
4774	170.0	6.683488088844787E-5	1	1.1548677676406051E-4	TGTGCTACCCGCTTATTTCTTCTGGTTCTGCAAGGCAACTGACCTTT	NNNNNNNNNNNNNNNNNNNNNNNNNNNNNNNNNNNNNNNNNNNNNNN	TRAV17*00(879)		TRAJ22*00(599.5)		490|498|523|0|8||80.0		19|52|83|14|47||330.0		TGTGCTACCCGCTTATTTCTTCTGGTTCTGCAAGGCAACTGACCTTT	45	CATRLFLL_SARQLTF	:::::::::0:-5:8:::::14:1:47:::
6059	170.0	6.683488088844787E-5	1	1.1548677676406051E-4	TGTGCCCCGGGGGTCACGGGAGGAGGAAACAAACTCACCTTT	NNNNNNNNNNNNNNNNNNNNNNNNNNNNNNNNNNNNNNNNNN	TRAV5*00(410)		TRAJ10*00(590)		523|528|556|0|5||50.0		24|53|84|13|42||290.0		TGTGCCCCGGGGGTCACGGGAGGAGGAAACAAACTCACCTTT	45	CAPGVTGGGNKLTF	:::::::::0:-8:5:::::13:-4:42:::
17748	170.0	6.683488088844787E-5	1	1.1548677676406051E-4	TGTGCAGCAAGTAGAGGGGATGGGAACAACAGACTCGCTTTT	NNNNNNNNNNNNNNNNNNNNNNNNNNNNNNNNNNNNNNNNNN	TRAV13-1*00(989.4)		TRAJ7*00(480)		511|524|544|0|13||130.0		25|48|79|19|42||230.0		TGTGCAGCAAGTAGAGGGGATGGGAACAACAGACTCGCTTTT	45	CAASRGDGNNRLAF	:::::::::0:0:13:::::19:-5:42:::
18337	170.0	6.683488088844787E-5	1	1.1548677676406051E-4	TGTGCAGACACCCCGCTACAATAACAATGACATGCGCTTT	NNNNNNNNNNNNNNNNNNNNNNNNNNNNNNNNNNNNNNNN	TRAV13-2*00(529.7)		TRAJ43*00(540.1)		506|514|539|0|8||80.0		19|43|74|16|40||240.0		TGTGCAGACACCCCGCTACAATAACAATGACATGCGCTTT	45	CADTPLQ_NNDMRF	:::::::::0:-5:8:::::16:1:40:::
18687	170.0	6.683488088844787E-5	1	1.1548677676406051E-4	TGTGCAATGAGACTGAAATAGTGGAGGTAGCAACTATAAACTGACATTT	NNNNNNNNNNNNNNNNNNNNNNNNNNNNNNNNNNNNNNNNNNNNNNNNN	TRAV14/DV4*00(480.8)		TRAJ53*00(639.7)		517|529|554|0|12||120.0		22|55|86|16|49||330.0		TGTGCAATGAGACTGAAATAGTGGAGGTAGCAACTATAAACTGACATTT	45	CAMRLK*W_GSNYKLTF	:::::::::0:-5:12:::::16:-2:49:::
18819	170.0	6.683488088844787E-5	1	1.1548677676406051E-4	TGTGCAATGAGAGAGGAAACTTATAACCAGGGAGGAAAGCTTATCTTC	NNNNNNNNNNNNNNNNNNNNNNNNNNNNNNNNNNNNNNNNNNNNNNNN	TRAV14/DV4*00(890.1)		TRAJ23*00(540.5)		517|533|554|0|16||160.0		24|52|83|20|48||280.0		TGTGCAATGAGAGAGGAAACTTATAACCAGGGAGGAAAGCTTATCTTC	45	CAMREETYNQGGKLIF	:::::::::0:-1:16:::::20:-4:48:::
20257	170.0	6.683488088844787E-5	1	1.1548677676406051E-4	TGCATCCTGAGAGATATCCTCCTCAGGAACCTACAAATACATCTTT	NNNNNNNNNNNNNNNNNNNNNNNNNNNNNNNNNNNNNNNNNNNNNN	TRAV26-2*00(909.8)		TRAJ40*00(519.8)		791|805|826|0|14||140.0		24|50|81|20|46||260.0		TGCATCCTGAGAGATATCCTCCTCAGGAACCTACAAATACATCTTT	45	CILRDILL_GTYKYIF	:::::::::0:-1:14:::::20:-4:46:::
20393	170.0	6.683488088844787E-5	1	1.1548677676406051E-4	TGCATCGTCAGAGTCGCCACGGGAGGAGGAAACAAACTCACCTTT	NNNNNNNNNNNNNNNNNNNNNNNNNNNNNNNNNNNNNNNNNNNNN	TRAV26-1*00(660.5)		TRAJ10*00(579.7)		763|782|799|0|19|SG780C|171.0		27|53|84|19|45||280.0		TGCATCGTCAGAGTCGCCACGGGAGGAGGAAACAAACTCACCTTT	45	CIVRVATGGGNKLTF	:::::::::0:3:19:::::19:-7:45:::
1714	169.0	6.644173453028052E-5	1	1.1548677676406051E-4	TGTGTGGTGATTGTCTATGGTCAGAATTTTGTCTTT	NNNNNNNNNNNNNNNNNNNNNNNNNNNNNNNNNNNN	TRAV12-1*00(957.9)		TRAJ26*00(518.6)		539|549|572|0|10||100.0		27|49|80|14|36||220.0		TGTGTGGTGATTGTCTATGGTCAGAATTTTGTCTTT	45	CVVIVYGQNFVF	:::::::::0:-3:10:::::14:-7:36:::
1937	169.0	6.644173453028052E-5	1	1.1548677676406051E-4	TGTGTGGTGAACAATAACCAGGGAGGAAAGCTTATCTTC	NNNNNNNNNNNNNNNNNNNNNNNNNNNNNNNNNNNNNNN	TRAV12-1*00(471.3),TRAV12-2*00(471.3)		TRAJ23*00(531)		539|552|572|0|13||130.0;551|564|584|0|13|SC555TSC556G|72.0		26|52|83|13|39||260.0		TGTGTGGTGAACAATAACCAGGGAGGAAAGCTTATCTTC	45	CVVNNNQGGKLIF	:::::::::0:0:13:::::13:-6:39:::
2901	169.0	6.644173453028052E-5	1	1.1548677676406051E-4	TGTGCTCTACACGACTACAAGCTCAGCTTT	NNNNNNNNNNNNNNNNNNNNNNNNNNNNNN	TRAV16*00(956.2)		TRAJ20*00(505)		449|458|483|0|9||90.0		26|46|77|10|30||200.0		TGTGCTCTACACGACTACAAGCTCAGCTTT	45	CALHDYKLSF	:::::::::0:-5:9:::::10:-6:30:::
3305	169.0	6.644173453028052E-5	1	1.1548677676406051E-4	TGTGCTGTCAGGTGTTCTTCTGGTTCTGCAAGGCAACTGACCTTT	NNNNNNNNNNNNNNNNNNNNNNNNNNNNNNNNNNNNNNNNNNNNN	TRAV41*00(608.4)		TRAJ22*00(618.6)		512|523|544|0|11||110.0		21|52|83|14|45||310.0		TGTGCTGTCAGGTGTTCTTCTGGTTCTGCAAGGCAACTGACCTTT	45	CAVRCSSGSARQLTF	:::::::::0:-1:11:::::14:-1:45:::
3480	169.0	6.644173453028052E-5	1	1.1548677676406051E-4	TGTGCTGTGGTTTCCCTTTCTGGTGGCTACAATAAGCTGATTTTT	NNNNNNNNNNNNNNNNNNNNNNNNNNNNNNNNNNNNNNNNNNNNN	TRAV8-3*00(569.4)		TRAJ4*00(453.6)		455|465|489|0|10||100.0		23|52|83|16|45||290.0		TGTGCTGTGGTTTCCCTTTCTGGTGGCTACAATAAGCTGATTTTT	45	CAVVSLSGGYNKLIF	:::::::::0:-4:10:::::16:-3:45:::
3685	169.0	6.644173453028052E-5	1	1.1548677676406051E-4	TGTGCTGTGGAGTCGTTAAGAACCTACAAATACATCTTT	NNNNNNNNNNNNNNNNNNNNNNNNNNNNNNNNNNNNNNN	TRAV22*00(549.4)		TRAJ40*00(479.6)		526|538|559|0|12||120.0		30|50|81|19|39||200.0		TGTGCTGTGGAGTCGTTAAGAACCTACAAATACATCTTT	45	CAVESLRTYKYIF	:::::::::0:-1:12:::::19:-10:39:::
3878	169.0	6.644173453028052E-5	1	1.1548677676406051E-4	TGTGCTGTGAGTGTTTGGTGCTGGCAACAACCGTAAGCTGATTTGG	NNNNNNNNNNNNNNNNNNNNNNNNNNNNNNNNNNNNNNNNNNNNNN	TRAV8-6*00(698.6)		TRAJ38*00(579.7)		448|461|482|0|13||130.0		23|51|82|18|46||280.0		TGTGCTGTGAGTGTTTGGTGCTGGCAACAACCGTAAGCTGATTTGG	45	CAVSVWCW_NNRKLIW	:::::::::0:-1:13:::::18:-3:46:::
4337	169.0	6.644173453028052E-5	1	1.1548677676406051E-4	TGTGCTGTGAACACCAATGCAGGCAAATCAACCTTT	NNNNNNNNNNNNNNNNNNNNNNNNNNNNNNNNNNNN	TRAV21*00(969.5)		TRAJ27*00(558.9)		544|554|576|0|10||100.0		22|48|79|10|36||270.0		TGTGCTGTGAACACCAATGCAGGCAAATCAACCTTT	45	CAVNTNAGKSTF	:::::::::0:-2:10:::::10:-2:36:::
4985	169.0	6.644173453028052E-5	1	1.1548677676406051E-4	TGTGCCTTTCTTTCTATGGATAGCAACTATCAGTTAATCTGG	NNNNNNNNNNNNNNNNNNNNNNNNNNNNNNNNNNNNNNNNNN	TRAV24*00(989.1)		TRAJ33*00(522.1)		515|523|545|0|8||90.0		12|46|77|8|42|SG12TSA15TSC18T|273.0		TGTGCCTTTCTTTCTATGGATAGCAACTATCAGTTAATCTGG	45	CAFLSMDSNYQLIW	:::::::::0:-2:8:::::8:8:42:::
6117	169.0	6.644173453028052E-5	1	1.1548677676406051E-4	TGTGCCGTTTCAGGAGGAAGCTACATACCTACATTT	NNNNNNNNNNNNNNNNNNNNNNNNNNNNNNNNNNNN	TRAV12-2*00(583.7)		TRAJ6*00(578.9)		551|559|584|0|8||80.0		24|51|82|9|36||270.0		TGTGCCGTTTCAGGAGGAAGCTACATACCTACATTT	45	CAVSGGSYIPTF	:::::::::0:-5:8:::::9:-4:36:::
17413	169.0	6.644173453028052E-5	1	1.1548677676406051E-4	TGTGCAGTCTCGGATAACTATGGTCAGAATTTTGTCTTT	NNNNNNNNNNNNNNNNNNNNNNNNNNNNNNNNNNNNNNN	TRAV13-2*00(520.1)		TRAJ26*00(517.1)		506|513|539|0|7||70.0		21|49|80|11|39||280.0		TGTGCAGTCTCGGATAACTATGGTCAGAATTTTGTCTTT	45	CAVSDNYGQNFVF	:::::::::0:-6:7:::::11:-1:39:::
17661	169.0	6.644173453028052E-5	1	1.1548677676406051E-4	TGTGCAGCAAGTCTGACGTAATAATGCAGGCAACATGCTCACCTTT	NNNNNNNNNNNNNNNNNNNNNNNNNNNNNNNNNNNNNNNNNNNNNN	TRAV13-1*00(979.7)		TRAJ39*00(549.7)		511|523|544|0|12||120.0		24|52|83|18|46||280.0		TGTGCAGCAAGTCTGACGTAATAATGCAGGCAACATGCTCACCTTT	45	CAASLT**_AGNMLTF	:::::::::0:-1:12:::::18:-4:46:::
17963	169.0	6.644173453028052E-5	1	1.1548677676406051E-4	TGTGCAGCAAGCGAGGGGAGGTAGCAACTATAAACTGACATTT	NNNNNNNNNNNNNNNNNNNNNNNNNNNNNNNNNNNNNNNNNNN	TRAV29/DV5*00(579.8)		TRAJ53*00(580.4)		529|542|562|0|13||130.0		25|55|86|13|43|ST27G|271.0		TGTGCAGCAAGCGAGGGGAGGTAGCAACTATAAACTGACATTT	45	CAASEGR_SNYKLTF	:::::::::0:0:13:::::13:-5:43:::
18592	169.0	6.644173453028052E-5	1	1.1548677676406051E-4	TGTGCAATGAGTGCTATTTAACACCAATGCAGGCAAATCAACCTTT	NNNNNNNNNNNNNNNNNNNNNNNNNNNNNNNNNNNNNNNNNNNNNN	TRAV14/DV4*00(839.8)		TRAJ27*00(569.8)		517|528|554|0|11||110.0		20|48|79|18|46||280.0		TGTGCAATGAGTGCTATTTAACACCAATGCAGGCAAATCAACCTTT	45	CAMSAI*H_NAGKSTF	:::::::::0:-6:11:::::18:0:46:::
18606	169.0	6.644173453028052E-5	1	1.1548677676406051E-4	TGTGCAATGAGCTACAACTTCAACAAATTTTACTTT	NNNNNNNNNNNNNNNNNNNNNNNNNNNNNNNNNNNN	TRAV12-3*00(519.5)		TRAJ21*00(549.5)		562|574|595|0|12||120.0		20|44|75|12|36||240.0		TGTGCAATGAGCTACAACTTCAACAAATTTTACTTT	45	CAMSYNFNKFYF	:::::::::0:-1:12:::::12:0:36:::
18748	169.0	6.644173453028052E-5	1	1.1548677676406051E-4	TGTGCAATGAGAGAGGCGACTACACCGGTAACCAGTTCTATTTT	NNNNNNNNNNNNNNNNNNNNNNNNNNNNNNNNNNNNNNNNNNNN	TRAV14/DV4*00(520.3)		TRAJ49*00(529.8)		517|533|554|0|16||160.0		22|45|76|21|44||230.0		TGTGCAATGAGAGAGGCGACTACACCGGTAACCAGTTCTATTTT	45	CAMREAT_TGNQFYF	:::::::::0:-1:16:::::21:-2:44:::
18861	169.0	6.644173453028052E-5	1	1.1548677676406051E-4	TGTGCAAACCCATAGGCTTTGGGAATGTGCTGCATTGC	NNNNNNNNNNNNNNNNNNNNNNNNNNNNNNNNNNNNNN	TRAV14/DV4*00(430.5)		TRAJ35*00(579.3)		517|524|554|0|7||70.0		21|48|79|11|38||270.0		TGTGCAAACCCATAGGCTTTGGGAATGTGCTGCATTGC	45	CANP*A_GNVLHC	:::::::::0:-10:7:::::11:-1:38:::
19022	169.0	6.644173453028052E-5	1	1.1548677676406051E-4	TGCCTCGTGGGTGACGAAGCAGCAGTGCTTCCAAGATAATCTTT	NNNNNNNNNNNNNNNNNNNNNNNNNNNNNNNNNNNNNNNNNNNN	TRAV4*00(1019.5)		TRAJ3*00(509.5)		768|783|804|0|15||150.0		26|51|82|19|44||250.0		TGCCTCGTGGGTGACGAAGCAGCAGTGCTTCCAAGATAATCTTT	45	CLVGDEA_SASKIIF	:::::::::0:-1:15:::::19:-6:44:::
20317	169.0	6.644173453028052E-5	1	1.1548677676406051E-4	TGCATCGTTATTTCTTCTGGTTCTGCAAGGCAACTGACCTTT	NNNNNNNNNNNNNNNNNNNNNNNNNNNNNNNNNNNNNNNNNN	TRAV26-1*00(569.9)		TRAJ22*00(639.4)		763|771|799|0|8||80.0		19|52|83|9|42||330.0		TGCATCGTTATTTCTTCTGGTTCTGCAAGGCAACTGACCTTT	45	CIVISSGSARQLTF	:::::::::0:-8:8:::::9:1:42:::
20465	169.0	6.644173453028052E-5	1	1.1548677676406051E-4	TGCATCGTCAATAGTGGAGGTAGCAACTATAAACTGACATTT	NNNNNNNNNNNNNNNNNNNNNNNNNNNNNNNNNNNNNNNNNN	TRAV26-1*00(589.5)		TRAJ53*00(638.7)		763|773|799|0|10||100.0		23|55|86|10|42||330.0		TGCATCGTCAATAGTGGAGGTAGCAACTATAAACTGACATTT	45	CIVNSGGSNYKLTF	:::::::::0:-6:10:::::10:-3:42:::
1971	168.0	6.604858817211319E-5	1	1.1548677676406051E-4	TGTGTGGCCGGGTCACTATACTCTGGGGCTGGGAGTTACCAACTCACTTTC	NNNNNNNNNNNNNNNNNNNNNNNNNNNNNNNNNNNNNNNNNNNNNNNNNNN	TRAV10*00(954.3)		TRAJ28*00(579.8)		575|582|608|0|7||70.0		21|55|86|17|51||340.0		TGTGTGGCCGGGTCACTATACTCTGGGGCTGGGAGTTACCAACTCACTTTC	45	CVAGSLYSGAGSYQLTF	:::::::::0:-6:7:::::17:-1:51:::
2157	168.0	6.604858817211319E-5	1	1.1548677676406051E-4	TGTGCTTATTTAGTAGATTCCGGGTATGCACTCAACTTC	NNNNNNNNNNNNNNNNNNNNNNNNNNNNNNNNNNNNNNN	TRAV38-2/DV8*00(549)		TRAJ41*00(488.7)		602|611|638|0|9||90.0		28|51|82|16|39||230.0		TGTGCTTATTTAGTAGATTCCGGGTATGCACTCAACTTC	45	CAYLVDSGYALNF	:::::::::0:-7:9:::::16:-8:39:::
3106	168.0	6.604858817211319E-5	1	1.1548677676406051E-4	TGTGCTCCATAGTGGGAGGAATATAGAAACAAACTGGTCTTT	NNNNNNNNNNNNNNNNNNNNNNNNNNNNNNNNNNNNNNNNNN	TRAV21*00(929.3)		TRAJ47*00(490.5)		544|550|576|0|6||60.0		21|46|77|17|42|SG28A|221.0		TGTGCTCCATAGTGGGAGGAATATAGAAACAAACTGGTCTTT	45	CAP*WEEYRNKLVF	:::::::::0:-6:6:::::17:-1:42:::
3191	168.0	6.604858817211319E-5	1	1.1548677676406051E-4	TGTGCTGTTATAGGCTTTGGGAATGTGCTGCATTGC	NNNNNNNNNNNNNNNNNNNNNNNNNNNNNNNNNNNN	TRAV1-2*00(639.7)		TRAJ35*00(569.5)		620|628|654|0|8||80.0		21|48|79|9|36||270.0		TGTGCTGTTATAGGCTTTGGGAATGTGCTGCATTGC	45	CAVIGFGNVLHC	:::::::::0:-6:8:::::9:-1:36:::
3421	168.0	6.604858817211319E-5	1	1.1548677676406051E-4	TGTGCTGTGCACCTCACGGGGGGGTGCTACAAACAAGCTCATCTTT	NNNNNNNNNNNNNNNNNNNNNNNNNNNNNNNNNNNNNNNNNNNNNN	TRAV20*00(520)		TRAJ32*00(540.3)		498|509|531|0|11||110.0		28|55|86|19|46|ST30G|241.0		TGTGCTGTGCACCTCACGGGGGGGTGCTACAAACAAGCTCATCTTT	45	CAVHLTGG_ATNKLIF	:::::::::0:-2:11:::::19:-8:46:::
3971	168.0	6.604858817211319E-5	1	1.1548677676406051E-4	TGTGCTGTGAGTGATCAGACAACTATCAGTTAATCTGG	NNNNNNNNNNNNNNNNNNNNNNNNNNNNNNNNNNNNNN	TRAV8-4*00(719.5)		TRAJ33*00(479.6)		476|493|510|0|17||170.0		27|46|77|19|38||190.0		TGTGCTGTGAGTGATCAGACAACTATCAGTTAATCTGG	45	CAVSDQ_NYQLIW	:::::::::0:3:17:::::19:-7:38:::
3990	168.0	6.604858817211319E-5	1	1.1548677676406051E-4	TGTGCTGTGAGTGATGGAGGAAGCCAAGGAAATCTCATCTTT	NNNNNNNNNNNNNNNNNNNNNNNNNNNNNNNNNNNNNNNNNN	TRAV8-6*00(719.7)		TRAJ42*00(589.2)		448|459|482|0|11||150.0		24|55|86|11|42|ST25G|292.0		TGTGCTGTGAGTGATGGAGGAAGCCAAGGAAATCTCATCTTT	45	CAVSDGGSQGNLIF	:::::::::0:-3:11:::::11:-4:42:::
4277	168.0	6.604858817211319E-5	1	1.1548677676406051E-4	TGTGCTGTGAGAGACGTTTACACCAATGCAGGCAAATCAACCTTT	NNNNNNNNNNNNNNNNNNNNNNNNNNNNNNNNNNNNNNNNNNNNN	TRAV3*00(629.3)		TRAJ27*00(548.6)		437|452|473|0|15||150.0		22|48|79|19|45||260.0		TGTGCTGTGAGAGACGTTTACACCAATGCAGGCAAATCAACCTTT	45	CAVRDVYTNAGKSTF	:::::::::0:-1:15:::::19:-2:45:::
4422	168.0	6.604858817211319E-5	1	1.1548677676406051E-4	TGTGCTGCCCCCGGCGGCACGGGCAGGAGAGCACTTACTTTT	NNNNNNNNNNNNNNNNNNNNNNNNNNNNNNNNNNNNNNNNNN	TRAV21*00(910)		TRAJ5*00(509.5)		544|551|576|0|7||70.0		24|49|80|17|42||250.0		TGTGCTGCCCCCGGCGGCACGGGCAGGAGAGCACTTACTTTT	45	CAAPGGTGRRALTF	:::::::::0:-5:7:::::17:-4:42:::
4735	168.0	6.604858817211319E-5	1	1.1548677676406051E-4	TGTGCTGGACCCCGGGTATGGTCAGAATTTTGTCTTT	NNNNNNNNNNNNNNNNNNNNNNNNNNNNNNNNNNNNN	TRAV20*00(479.7)		TRAJ26*00(499.8)		498|505|531|0|7||70.0		28|49|80|16|37||210.0		TGTGCTGGACCCCGGGTATGGTCAGAATTTTGTCTTT	45	CAGPRV_GQNFVF	:::::::::0:-6:7:::::16:-8:37:::
4813	168.0	6.604858817211319E-5	1	1.1548677676406051E-4	TGTGCTACGGGCCTACAAACTGGGGCAAACAACCTCTTCTTT	NNNNNNNNNNNNNNNNNNNNNNNNNNNNNNNNNNNNNNNNNN	TRAV17*00(899.4)		TRAJ36*00(578.9)		490|500|523|0|10||100.0		21|48|79|15|42||270.0		TGTGCTACGGGCCTACAAACTGGGGCAAACAACCTCTTCTTT	45	CATGLQTGANNLFF	:::::::::0:-3:10:::::15:-1:42:::
5970	168.0	6.604858817211319E-5	1	1.1548677676406051E-4	TGTGCCCTTAGTCCGGGAGGGCAGGCAAATCAACCTTT	NNNNNNNNNNNNNNNNNNNNNNNNNNNNNNNNNNNNNN	TRAV24*00(451.9)		TRAJ27*00(470)		515|525|545|0|10|ST521C|71.0		30|48|79|20|38||180.0		TGTGCCCTTAGTCCGGGAGGGCAGGCAAATCAACCTTT	45	CALSPG_AGKSTF	:::::::::0:0:10:::::20:-10:38:::
6469	168.0	6.604858817211319E-5	1	1.1548677676406051E-4	TGTGCCGTAGACTCAACCGGTAACCAGTTCTATTTT	NNNNNNNNNNNNNNNNNNNNNNNNNNNNNNNNNNNN	TRAV12-2*00(479.6)		TRAJ49*00(509)		551|559|584|0|8||80.0		24|45|76|15|36||210.0		TGTGCCGTAGACTCAACCGGTAACCAGTTCTATTTT	45	CAVDSTGNQFYF	:::::::::0:-5:8:::::15:-4:36:::
17436	168.0	6.604858817211319E-5	1	1.1548677676406051E-4	TGTGCAGCTTTTAACTCTGACATGCGCTTT	NNNNNNNNNNNNNNNNNNNNNNNNNNNNNN	TRAV5*00(430)		TRAJ43*00(431.8)		523|530|556|0|7||70.0		24|43|74|11|30|SA28TSA29C|132.0		TGTGCAGCTTTTAACTCTGACATGCGCTTT	45	CAAFNSDMRF	:::::::::0:-6:7:::::11:-4:30:::
18285	168.0	6.604858817211319E-5	1	1.1548677676406051E-4	TGTGCAGGAGGGGCTGCTGGTGGTACTAGCTATGGAAAGCTGACATTT	NNNNNNNNNNNNNNNNNNNNNNNNNNNNNNNNNNNNNNNNNNNNNNNN	TRAV27*00(641.5)		TRAJ52*00(610.8)		552|562|582|0|10||100.0		24|58|89|14|48||340.0		TGTGCAGGAGGGGCTGCTGGTGGTACTAGCTATGGAAAGCTGACATTT	45	CAGGAAGGTSYGKLTF	:::::::::0:0:10:::::14:-4:48:::
20472	168.0	6.604858817211319E-5	1	1.1548677676406051E-4	TGCATCGCTTATACCGGCACTGCCAGTAAACTCACCTTT	NNNNNNNNNNNNNNNNNNNNNNNNNNNNNNNNNNNNNNN	TRAV26-1*00(559.3)		TRAJ44*00(599.9)		763|770|799|0|7||70.0		23|52|83|10|39||290.0		TGCATCGCTTATACCGGCACTGCCAGTAAACTCACCTTT	45	CIAYTGTASKLTF	:::::::::0:-9:7:::::10:-3:39:::
1782	167.0	6.565544181394584E-5	1	1.1548677676406051E-4	TGTGTGGTGAGCGTACAGACCAATGCAGGCAAATCAACCTTT	NNNNNNNNNNNNNNNNNNNNNNNNNNNNNNNNNNNNNNNNNN	TRAV10*00(689.5)		TRAJ27*00(530)		575|588|608|0|13||130.0		24|48|79|18|42||240.0		TGTGTGGTGAGCGTACAGACCAATGCAGGCAAATCAACCTTT	45	CVVSVQTNAGKSTF	:::::::::0:0:13:::::18:-4:42:::
2414	167.0	6.565544181394584E-5	1	1.1548677676406051E-4	TGTGCTCTTGGGGAAGCGGGGAGGTGCTGACGGACTCACCTTT	NNNNNNNNNNNNNNNNNNNNNNNNNNNNNNNNNNNNNNNNNNN	TRDV1*00(1019.3)		TRAJ45*00(509.7)		573|588|610|0|15||150.0		31|55|86|19|43||240.0		TGTGCTCTTGGGGAAGCGGGGAGGTGCTGACGGACTCACCTTT	45	CALGEAG_GADGLTF	:::::::::0:-2:15:::::19:-11:43:::
2991	167.0	6.565544181394584E-5	1	1.1548677676406051E-4	TGTGCTCTAAGTGACGGAGCAGTGCTTCCAAGATAATCTTT	NNNNNNNNNNNNNNNNNNNNNNNNNNNNNNNNNNNNNNNNN	TRAV16*00(999.5)		TRAJ3*00(499.8)		449|462|483|0|13||130.0		27|51|82|17|41||240.0		TGTGCTCTAAGTGACGGAGCAGTGCTTCCAAGATAATCTTT	45	CALSDGA_ASKIIF	:::::::::0:-1:13:::::17:-7:41:::
3478	167.0	6.565544181394584E-5	1	1.1548677676406051E-4	TGTGCTGTGCAAGGCCACTCCCCTAATAATGCAGGCAACATGCTCACCTTT	NNNNNNNNNNNNNNNNNNNNNNNNNNNNNNNNNNNNNNNNNNNNNNNNNNN	TRAV20*00(519.5)		TRAJ39*00(589.3)		498|509|531|0|11||110.0		24|52|83|23|51||280.0		TGTGCTGTGCAAGGCCACTCCCCTAATAATGCAGGCAACATGCTCACCTTT	45	CAVQGHSPNNAGNMLTF	:::::::::0:-2:11:::::23:-4:51:::
4244	167.0	6.565544181394584E-5	1	1.1548677676406051E-4	TGTGCTGTGAGAGGAATTCAGGAGGAGGTGCTGACGGACTCACCTTT	NNNNNNNNNNNNNNNNNNNNNNNNNNNNNNNNNNNNNNNNNNNNNNN	TRAV21*00(979.5)		TRAJ45*00(589.8)		544|555|576|0|11||110.0		23|55|86|15|47||320.0		TGTGCTGTGAGAGGAATTCAGGAGGAGGTGCTGACGGACTCACCTTT	45	CAVRGIQE_GADGLTF	:::::::::0:-1:11:::::15:-3:47:::
4250	167.0	6.565544181394584E-5	1	1.1548677676406051E-4	TGTGCTGTGAGAGATCGTCGGGGAAATAACAATGACATGCGCTTT	NNNNNNNNNNNNNNNNNNNNNNNNNNNNNNNNNNNNNNNNNNNNN	TRAV1-2*00(719.6)		TRAJ43*00(508.7)		620|636|654|0|16||160.0		22|43|74|24|45||210.0		TGTGCTGTGAGAGATCGTCGGGGAAATAACAATGACATGCGCTTT	45	CAVRDRRGNNNDMRF	:::::::::0:2:16:::::24:-2:45:::
6185	167.0	6.565544181394584E-5	1	1.1548677676406051E-4	TGTGCCGTGCACGTTCAGGGAGGAGGTGCTGACGGACTCACCTTT	NNNNNNNNNNNNNNNNNNNNNNNNNNNNNNNNNNNNNNNNNNNNN	TRAV12-2*00(950.3)		TRAJ45*00(539.5)		551|563|584|0|12|SA560C|91.0		28|55|86|18|45||270.0		TGTGCCGTGCACGTTCAGGGAGGAGGTGCTGACGGACTCACCTTT	45	CAVHVQGGGADGLTF	:::::::::0:-1:12:::::18:-8:45:::
6377	167.0	6.565544181394584E-5	1	1.1548677676406051E-4	TGTGCCGTGAACTACGAACCGGTAACCAGTTCTATTTT	NNNNNNNNNNNNNNNNNNNNNNNNNNNNNNNNNNNNNN	TRAV12-2*00(490.9)		TRAJ49*00(509.6)		551|563|584|0|12||120.0		24|45|76|17|38||210.0		TGTGCCGTGAACTACGAACCGGTAACCAGTTCTATTTT	45	CAVNYE_GNQFYF	:::::::::0:-1:12:::::17:-4:38:::
6459	167.0	6.565544181394584E-5	1	1.1548677676406051E-4	TGTGCCGTGAAAAGCCAGGCAGGAACTGCTCTGATCTTT	NNNNNNNNNNNNNNNNNNNNNNNNNNNNNNNNNNNNNNN	TRAV12-2*00(782.1)		TRAJ15*00(542)		551|562|584|0|11||110.0		24|49|80|14|39||250.0		TGTGCCGTGAAAAGCCAGGCAGGAACTGCTCTGATCTTT	45	CAVKSQAGTALIF	:::::::::0:-2:11:::::14:-4:39:::
17613	167.0	6.565544181394584E-5	1	1.1548677676406051E-4	TGTGCAGCAACTGACAGCTGGGGGAAATTGCAGTTT	NNNNNNNNNNNNNNNNNNNNNNNNNNNNNNNNNNNN	TRAV13-1*00(959.2)		TRAJ24*00(579.3)		511|520|544|0|9||100.0		25|52|83|9|36||290.0		TGTGCAGCAACTGACAGCTGGGGGAAATTGCAGTTT	45	CAATDSWGKLQF	:::::::::0:-4:9:::::9:-5:36:::
17983	167.0	6.565544181394584E-5	1	1.1548677676406051E-4	TGTGCAGCAAGCATGGGGGCCGGTAACCAGTTCTATTTT	NNNNNNNNNNNNNNNNNNNNNNNNNNNNNNNNNNNNNNN	TRAV23/DV6*00(436.8)		TRAJ49*00(499.8)		517|532|550|0|15||150.0		25|45|76|19|39||200.0		TGTGCAGCAAGCATGGGGGCCGGTAACCAGTTCTATTTT	45	CAASMGAGNQFYF	:::::::::0:2:15:::::19:-5:39:::
20245	167.0	6.565544181394584E-5	1	1.1548677676406051E-4	TGCATCCTGAGAGCGCCGCAAATTCCGGGTATGCACTCAACTTC	NNNNNNNNNNNNNNNNNNNNNNNNNNNNNNNNNNNNNNNNNNNN	TRAV26-2*00(842.2)		TRAJ41*00(519.3)		791|804|826|0|13||130.0		25|51|82|18|44||260.0		TGCATCCTGAGAGCGCCGCAAATTCCGGGTATGCACTCAACTTC	45	CILRAPQ_SGYALNF	:::::::::0:-2:13:::::18:-5:44:::
1875	166.0	6.526229545577851E-5	1	1.1548677676406051E-4	TGTGTGGTGAACCGACACGATTGGGTTGGGAATGTGCTGCATTGC	NNNNNNNNNNNNNNNNNNNNNNNNNNNNNNNNNNNNNNNNNNNNN	TRAV12-1*00(977.4)		TRAJ35*00(459)		539|551|572|0|12||120.0		28|48|79|25|45||200.0		TGTGTGGTGAACCGACACGATTGGGTTGGGAATGTGCTGCATTGC	45	CVVNRHDWVGNVLHC	:::::::::0:-1:12:::::25:-8:45:::
2087	166.0	6.526229545577851E-5	1	1.1548677676406051E-4	TGTGCTTTCATGAAGAGGGGCTCTAGCAACACAGGCAAACTAATCTTT	NNNNNNNNNNNNNNNNNNNNNNNNNNNNNNNNNNNNNNNNNNNNNNNN	TRAV38-1*00(610)		TRAJ37*00(581)		596|611|633|0|15||150.0		21|51|82|18|48|SG27A|271.0		TGTGCTTTCATGAAGAGGGGCTCTAGCAACACAGGCAAACTAATCTTT	45	CAFMKRGSSNTGKLIF	:::::::::0:-2:15:::::18:-1:48:::
2437	166.0	6.526229545577851E-5	1	1.1548677676406051E-4	TGTGCTCTTGACAGGTGACAAGATCATCTTT	NNNNNNNNNNNNNNNNNNNNNNNNNNNNNNN	TRDV1*00(969.4)		TRAJ30*00(470.8)		573|583|610|0|10||100.0		27|46|77|12|31|SA29G|161.0		TGTGCTCTTGACAGGTGACAAGATCATCTTT	45	CALDR_DKIIF	:::::::::0:-7:10:::::12:-7:31:::
2786	166.0	6.526229545577851E-5	1	1.1548677676406051E-4	TGTGCTCTGAGTGAAAGCTATGGTCAGAATTTTGTCTTT	NNNNNNNNNNNNNNNNNNNNNNNNNNNNNNNNNNNNNNN	TRAV19*00(749)		TRAJ26*00(508.3)		556|570|593|0|14||140.0		27|49|80|17|39||220.0		TGTGCTCTGAGTGAAAGCTATGGTCAGAATTTTGTCTTT	45	CALSESYGQNFVF	:::::::::0:-3:14:::::17:-7:39:::
3334	166.0	6.526229545577851E-5	1	1.1548677676406051E-4	TGTGCTGTCAGAAGGGATAGCAACTATCAGTTAATCTGG	NNNNNNNNNNNNNNNNNNNNNNNNNNNNNNNNNNNNNNN	TRAV41*00(614.1)		TRAJ33*00(539.8)		512|524|544|0|12||120.0		21|46|77|14|39||250.0		TGTGCTGTCAGAAGGGATAGCAACTATCAGTTAATCTGG	45	CAVRRDSNYQLIW	:::::::::0:0:12:::::14:-1:39:::
3385	166.0	6.526229545577851E-5	1	1.1548677676406051E-4	TGTGCTGTGCTGTATAACACCAATGCAGGCAAATCAACCTTT	NNNNNNNNNNNNNNNNNNNNNNNNNNNNNNNNNNNNNNNNNN	TRAV21*00(738.3)		TRAJ27*00(566.8)		544|553|576|0|9||90.0		18|48|79|12|42||300.0		TGTGCTGTGCTGTATAACACCAATGCAGGCAAATCAACCTTT	45	CAVLYNTNAGKSTF	:::::::::0:-3:9:::::12:2:42:::
4187	166.0	6.526229545577851E-5	1	1.1548677676406051E-4	TGTGCTGTGAGGACCGTCCGAAGGACAATGTATTCAGGAGGAGGTGCTGACGGACTCACCTTT	NNNNNNNNNNNNNNNNNNNNNNNNNNNNNNNNNNNNNNNNNNNNNNNNNNNNNNNNNNNNNNN	TRAV8-4*00(659.7)		TRAJ45*00(669.6)		476|487|510|0|11||110.0		19|55|86|27|63||360.0		TGTGCTGTGAGGACCGTCCGAAGGACAATGTATTCAGGAGGAGGTGCTGACGGACTCACCTTT	45	CAVRTVRRTMYSGGGADGLTF	:::::::::0:-3:11:::::27:1:63:::
4327	166.0	6.526229545577851E-5	1	1.1548677676406051E-4	TGTGCTGTGAATAAGGAATATGGAAACAAGCTGGTCTTT	NNNNNNNNNNNNNNNNNNNNNNNNNNNNNNNNNNNNNNN	TRAV8-4*00(649.5)		TRAJ47*00(529.8)		476|486|510|0|10||100.0		21|46|77|14|39|SA36G|221.0		TGTGCTGTGAATAAGGAATATGGAAACAAGCTGGTCTTT	45	CAVNKEYGNKLVF	:::::::::0:-4:10:::::14:-1:39:::
4714	166.0	6.526229545577851E-5	1	1.1548677676406051E-4	TGTGCTGGGGACATACCTCAGGAACCTACAAATACATCTTT	NNNNNNNNNNNNNNNNNNNNNNNNNNNNNNNNNNNNNNNNN	TRAV8-6*00(639.5)		TRAJ40*00(569.7)		448|455|482|0|7||70.0		22|50|81|13|41||280.0		TGTGCTGGGGACATACCTCAGGAACCTACAAATACATCTTT	45	CAGDIPQ_TYKYIF	:::::::::0:-7:7:::::13:-2:41:::
6211	166.0	6.526229545577851E-5	1	1.1548677676406051E-4	TGTGCCGTGGGCTCTAGCAACACAGGCAAACTAATCTTT	NNNNNNNNNNNNNNNNNNNNNNNNNNNNNNNNNNNNNNN	TRAV12-2*00(457.9),TRAV12-3*00(447)		TRAJ37*00(580.5)		551|560|584|0|9||90.0;562|567|595|0|5||50.0		21|51|82|9|39|SG27A|271.0		TGTGCCGTGGGCTCTAGCAACACAGGCAAACTAATCTTT	45	CAVGSSNTGKLIF	:::::::::0:-4:9:::::9:-1:39:::
17515	166.0	6.526229545577851E-5	1	1.1548677676406051E-4	TGTGCAGCGGTGGAGGATAGCAACTATCAGTTAATCTGG	NNNNNNNNNNNNNNNNNNNNNNNNNNNNNNNNNNNNNNN	TRAV13-1*00(559.9)		TRAJ33*00(539.4)		511|519|544|0|8||80.0		21|46|77|14|39||250.0		TGTGCAGCGGTGGAGGATAGCAACTATCAGTTAATCTGG	45	CAAVEDSNYQLIW	:::::::::0:-5:8:::::14:-1:39:::
17592	166.0	6.526229545577851E-5	1	1.1548677676406051E-4	TGTGCAGCAATCTCCTCTGGGGCTGGGAGTTACCAACTCACTTTC	NNNNNNNNNNNNNNNNNNNNNNNNNNNNNNNNNNNNNNNNNNNNN	TRAV13-1*00(579.7)		TRAJ28*00(599.8)		511|521|544|0|10||100.0		24|55|86|14|45||310.0		TGTGCAGCAATCTCCTCTGGGGCTGGGAGTTACCAACTCACTTTC	45	CAAISSGAGSYQLTF	:::::::::0:-3:10:::::14:-4:45:::
18159	166.0	6.526229545577851E-5	1	1.1548677676406051E-4	TGTGCAGGGCCGAGGCGGGGTACCTCAGGAACCTACAAATACATCTTT	NNNNNNNNNNNNNNNNNNNNNNNNNNNNNNNNNNNNNNNNNNNNNNNN	TRAV25*00(569.4)		TRAJ40*00(569.9)		620|631|649|0|11||110.0		22|50|81|20|48||280.0		TGTGCAGGGCCGAGGCGGGGTACCTCAGGAACCTACAAATACATCTTT	45	CAGPRRGTSGTYKYIF	:::::::::0:2:11:::::20:-2:48:::
18532	166.0	6.526229545577851E-5	1	1.1548677676406051E-4	TGTGCAGAAAACCCGGAGGATAGCAGCTATAAATTGATCTTC	NNNNNNNNNNNNNNNNNNNNNNNNNNNNNNNNNNNNNNNNNN	TRAV5*00(439.7)		TRAJ12*00(530)		523|531|556|0|8||80.0		24|49|80|17|42||250.0		TGTGCAGAAAACCCGGAGGATAGCAGCTATAAATTGATCTTC	45	CAENPEDSSYKLIF	:::::::::0:-5:8:::::17:-4:42:::
18787	166.0	6.526229545577851E-5	1	1.1548677676406051E-4	TGTGCAATGAGAGAGGGCGGATAGTGGAGGTAGCAACTATAAACTGACATTT	NNNNNNNNNNNNNNNNNNNNNNNNNNNNNNNNNNNNNNNNNNNNNNNNNNNN	TRAV14/DV4*00(540.7)		TRAJ53*00(629.9)		517|535|554|0|18||180.0		23|55|86|20|52||320.0		TGTGCAATGAGAGAGGGCGGATAGTGGAGGTAGCAACTATAAACTGACATTT	45	CAMREGG*W_GSNYKLTF	:::::::::0:1:18:::::20:-3:52:::
20168	166.0	6.526229545577851E-5	1	1.1548677676406051E-4	TGCGGCACAGATAGCAATGCCAGACTCATGTTT	NNNNNNNNNNNNNNNNNNNNNNNNNNNNNNNNN	TRAV30*00(479.8)		TRAJ31*00(500.5)		567|578|600|0|11||110.0		24|46|77|11|33|SA26G|201.0		TGCGGCACAGATAGCAATGCCAGACTCATGTTT	45	CGTDSNARLMF	:::::::::0:-2:11:::::11:-4:33:::
20319	166.0	6.526229545577851E-5	1	1.1548677676406051E-4	TGCATCGTTAATACCGGCACTGCCAGTAAACTCACCTTT	NNNNNNNNNNNNNNNNNNNNNNNNNNNNNNNNNNNNNNN	TRAV26-1*00(569.7)		TRAJ44*00(609.5)		763|771|799|0|8||80.0		22|52|83|9|39||300.0		TGCATCGTTAATACCGGCACTGCCAGTAAACTCACCTTT	45	CIVNTGTASKLTF	:::::::::0:-8:8:::::9:-2:39:::
2268	165.0	6.486914909761116E-5	1	1.1548677676406051E-4	TGTGCTTACCCTTACCTCAGGAACCTACAAATACATCTTT	NNNNNNNNNNNNNNNNNNNNNNNNNNNNNNNNNNNNNNNN	TRAV38-2/DV8*00(539.8)		TRAJ40*00(569.6)		602|610|638|0|8||80.0		22|50|81|12|40||280.0		TGTGCTTACCCTTACCTCAGGAACCTACAAATACATCTTT	45	CAYPYLR_TYKYIF	:::::::::0:-8:8:::::12:-2:40:::
2648	165.0	6.486914909761116E-5	1	1.1548677676406051E-4	TGTGCTCTGAGTGATCTGAGGGGAAGCTACATACCTACATTT	NNNNNNNNNNNNNNNNNNNNNNNNNNNNNNNNNNNNNNNNNN	TRAV9-2*00(770.6)		TRAJ6*00(519.8)		480|496|514|0|16||160.0		30|51|82|21|42||210.0		TGTGCTCTGAGTGATCTGAGGGGAAGCTACATACCTACATTT	45	CALSDLRGSYIPTF	:::::::::0:2:16:::::21:-10:42:::
3316	165.0	6.486914909761116E-5	1	1.1548677676406051E-4	TGTGCTGTCAGATCTGATAGCAACTATCAGTTAATCTGG	NNNNNNNNNNNNNNNNNNNNNNNNNNNNNNNNNNNNNNN	TRAV41*00(692.8)		TRAJ33*00(489.8)		512|531|544|0|19|SC529T|191.0		26|46|77|19|39||240.0		TGTGCTGTCAGATCTGATAGCAACTATCAGTTAATCTGG	45	CAVRSDSNYQLIW	:::::::::0:7:19:::::19:-6:39:::
3939	165.0	6.486914909761116E-5	1	1.1548677676406051E-4	TGTGCTGTGAGTGATCTCTCTAGCAACACAGGCAAACTAATCTTT	NNNNNNNNNNNNNNNNNNNNNNNNNNNNNNNNNNNNNNNNNNNNN	TRAV8-6*00(740.5)		TRAJ37*00(560.1)		448|467|482|0|19|SA464T|171.0		25|51|82|19|45|SG27A|251.0		TGTGCTGTGAGTGATCTCTCTAGCAACACAGGCAAACTAATCTTT	45	CAVSDLSSNTGKLIF	:::::::::0:5:19:::::19:-5:45:::
3991	165.0	6.486914909761116E-5	1	1.1548677676406051E-4	TGTGCTGTGAGTGATGGAATGGAACCTACAAATACATCTTT	NNNNNNNNNNNNNNNNNNNNNNNNNNNNNNNNNNNNNNNNN	TRAV8-6*00(719.9)		TRAJ40*00(499.8)		448|463|482|0|15||150.0		29|50|81|20|41||210.0		TGTGCTGTGAGTGATGGAATGGAACCTACAAATACATCTTT	45	CAVSDGM_TYKYIF	:::::::::0:1:15:::::20:-9:41:::
4010	165.0	6.486914909761116E-5	1	1.1548677676406051E-4	TGTGCTGTGAGTGACACAGAGATGACAAGATCATCTTT	NNNNNNNNNNNNNNNNNNNNNNNNNNNNNNNNNNNNNN	TRAV8-6*00(648.7)		TRAJ30*00(539.2)		448|462|482|0|14||140.0		23|46|77|15|38||230.0		TGTGCTGTGAGTGACACAGAGATGACAAGATCATCTTT	45	CAVSDT_DDKIIF	:::::::::0:0:14:::::15:-3:38:::
4528	165.0	6.486914909761116E-5	1	1.1548677676406051E-4	TGTGCTGGCGCTCGTAGGGGGAACAACAGACTCGCTTTT	NNNNNNNNNNNNNNNNNNNNNNNNNNNNNNNNNNNNNNN	TRAV8-3*00(589.8)		TRAJ7*00(499.7)		455|462|489|0|7||70.0		27|48|79|18|39||210.0		TGTGCTGGCGCTCGTAGGGGGAACAACAGACTCGCTTTT	45	CAGARRGNNRLAF	:::::::::0:-7:7:::::18:-7:39:::
6157	165.0	6.486914909761116E-5	1	1.1548677676406051E-4	TGTGCCGTCAGGGGGGGCTCTAGCAACACAGGCAAACTAATCTTT	NNNNNNNNNNNNNNNNNNNNNNNNNNNNNNNNNNNNNNNNNNNNN	TRAV12-2*00(909.2)		TRAJ37*00(540.6)		551|559|584|0|8||80.0		21|51|82|15|45|SG27A|271.0		TGTGCCGTCAGGGGGGGCTCTAGCAACACAGGCAAACTAATCTTT	45	CAVRGGSSNTGKLIF	:::::::::0:-5:8:::::15:-1:45:::
17688	165.0	6.486914909761116E-5	1	1.1548677676406051E-4	TGTGCAGCAAGTGGTAATGCAGGCAACATGCTCACCTTT	NNNNNNNNNNNNNNNNNNNNNNNNNNNNNNNNNNNNNNN	TRAV13-1*00(659.4)		TRAJ39*00(554.2)		511|523|544|0|12||120.0		27|52|83|14|39||250.0		TGTGCAGCAAGTGGTAATGCAGGCAACATGCTCACCTTT	45	CAASGNAGNMLTF	:::::::::0:-1:12:::::14:-7:39:::
17947	165.0	6.486914909761116E-5	1	1.1548677676406051E-4	TGTGCAGCAAGCGATCAAACTGGGGCAAACAACCTCTTCTTT	NNNNNNNNNNNNNNNNNNNNNNNNNNNNNNNNNNNNNNNNNN	TRAV29/DV5*00(540)		TRAJ36*00(609.6)		529|542|562|0|13||130.0		19|48|79|13|42||300.0		TGTGCAGCAAGCGATCAAACTGGGGCAAACAACCTCTTCTTT	45	CAASDQTGANNLFF	:::::::::0:0:13:::::13:1:42:::
18534	165.0	6.486914909761116E-5	1	1.1548677676406051E-4	TGTGCAATTTACACCAATGCAGGCAAATCAACCTTT	NNNNNNNNNNNNNNNNNNNNNNNNNNNNNNNNNNNN	TRAV12-3*00(479.8)		TRAJ27*00(550)		562|570|595|0|8||80.0		22|48|79|10|36||260.0		TGTGCAATTTACACCAATGCAGGCAAATCAACCTTT	45	CAIYTNAGKSTF	:::::::::0:-5:8:::::10:-2:36:::
1505	164.0	6.447600273944383E-5	1	1.1548677676406051E-4	TGTTTTGAATGCTGGCAACAACCGTAAGCTGATTTGG	NNNNNNNNNNNNNNNNNNNNNNNNNNNNNNNNNNNNN	TRAV12-1*00(889.4)		TRAJ38*00(599.1)		539|542|572|0|3||30.0		21|51|82|7|37||300.0		TGTTTTGAATGCTGGCAACAACCGTAAGCTGATTTGG	45	CFECWQ_NRKLIW	:::::::::0:-10:3:::::7:-1:37:::
1823	164.0	6.447600273944383E-5	1	1.1548677676406051E-4	TGTGTGGTGAGCACAGTATACAAGCTCAGCTTT	NNNNNNNNNNNNNNNNNNNNNNNNNNNNNNNNN	TRAV10*00(679.8)		TRAJ20*00(450)		575|587|608|0|12||120.0		31|46|77|18|33||150.0		TGTGTGGTGAGCACAGTATACAAGCTCAGCTTT	45	CVVSTVYKLSF	:::::::::0:-1:12:::::18:-11:33:::
2920	164.0	6.447600273944383E-5	1	1.1548677676406051E-4	TGTGCTCTAGCAGGTCTGGAGCCAATAGTAAGCTGACATTT	NNNNNNNNNNNNNNNNNNNNNNNNNNNNNNNNNNNNNNNNN	TRAV16*00(959.4)		TRAJ56*00(457.9)		449|458|483|0|9||90.0		25|51|82|15|41||260.0		TGTGCTCTAGCAGGTCTGGAGCCAATAGTAAGCTGACATTT	45	CALAGLE_NSKLTF	:::::::::0:-5:9:::::15:-5:41:::
3011	164.0	6.447600273944383E-5	1	1.1548677676406051E-4	TGTGCTCTAAGACTGACCGGTAACCAGTTCTATTTT	NNNNNNNNNNNNNNNNNNNNNNNNNNNNNNNNNNNN	TRAV6*00(459.8)		TRAJ49*00(510)		535|544|568|0|9||90.0		24|45|76|15|36||210.0		TGTGCTCTAAGACTGACCGGTAACCAGTTCTATTTT	45	CALRLTGNQFYF	:::::::::0:-4:9:::::15:-4:36:::
3267	164.0	6.447600273944383E-5	1	1.1548677676406051E-4	TGTGCTGTCGGGTCCCAGGGAGCCCAGAAGCTGGTATTT	NNNNNNNNNNNNNNNNNNNNNNNNNNNNNNNNNNNNNNN	TRAV8-6*00(649.6)		TRAJ54*00(469.8)		448|456|482|0|8||80.0		25|49|80|15|39||240.0		TGTGCTGTCGGGTCCCAGGGAGCCCAGAAGCTGGTATTT	45	CAVGSQGAQKLVF	:::::::::0:-6:8:::::15:-5:39:::
4012	164.0	6.447600273944383E-5	1	1.1548677676406051E-4	TGTGCTGTGAGTGAGTGGACAGGCTTTCAGAAACTTGTATTT	NNNNNNNNNNNNNNNNNNNNNNNNNNNNNNNNNNNNNNNNNN	TRAV8-6*00(709.4)		TRAJ8*00(530)		448|462|482|0|14||140.0		25|49|80|18|42||240.0		TGTGCTGTGAGTGAGTGGACAGGCTTTCAGAAACTTGTATTT	45	CAVSEWTGFQKLVF	:::::::::0:0:14:::::18:-5:42:::
4558	164.0	6.447600273944383E-5	1	1.1548677676406051E-4	TGTGCTGGGCTCAGGAACCTACAAATACATCTTT	NNNNNNNNNNNNNNNNNNNNNNNNNNNNNNNNNN	TRAV35*00(489.8)		TRAJ40*00(539.6)		588|598|620|0|10||100.0		26|50|81|10|34||250.0		TGTGCTGGGCTCAGGAACCTACAAATACATCTTT	45	CAGLRN_YKYIF	:::::::::0:-2:10:::::10:-6:34:::
4565	164.0	6.447600273944383E-5	1	1.1548677676406051E-4	TGTGCTGGGCTAAGAGTTCAGGGAGCCCAGAAGCTGGTATTT	NNNNNNNNNNNNNNNNNNNNNNNNNNNNNNNNNNNNNNNNNN	TRAV35*00(939.5)		TRAJ54*00(530)		588|598|620|0|10||100.0		23|49|80|16|42||260.0		TGTGCTGGGCTAAGAGTTCAGGGAGCCCAGAAGCTGGTATTT	45	CAGLRVQGAQKLVF	:::::::::0:-2:10:::::16:-3:42:::
4851	164.0	6.447600273944383E-5	1	1.1548677676406051E-4	TGTGCTACGGACGCTAGGGACAATGACATGCGCTTT	NNNNNNNNNNNNNNNNNNNNNNNNNNNNNNNNNNNN	TRAV17*00(939.5)		TRAJ43*00(469.8)		490|504|523|0|14||140.0		26|43|74|19|36||170.0		TGTGCTACGGACGCTAGGGACAATGACATGCGCTTT	45	CATDARDNDMRF	:::::::::0:1:14:::::19:-6:36:::
18054	164.0	6.447600273944383E-5	1	1.1548677676406051E-4	TGTGCAGCAAGGAGCAAGATAAGTTACCAGAAAGTTACCTTT	NNNNNNNNNNNNNNNNNNNNNNNNNNNNNNNNNNNNNNNNNN	TRAV23/DV6*00(479.7)		TRAJ13*00(499.6)		517|528|550|0|11||110.0		32|52|83|22|42||200.0		TGTGCAGCAAGGAGCAAGATAAGTTACCAGAAAGTTACCTTT	45	CAARSKISYQKVTF	:::::::::0:-2:11:::::22:-12:42:::
18136	164.0	6.447600273944383E-5	1	1.1548677676406051E-4	TGTGCAGGGTGGTTGGCTTTGGGAATGTGCTGCATTGC	NNNNNNNNNNNNNNNNNNNNNNNNNNNNNNNNNNNNNN	TRAV25*00(532.5)		TRAJ35*00(540)		620|629|649|0|9||90.0		24|48|79|14|38||240.0		TGTGCAGGGTGGTTGGCTTTGGGAATGTGCTGCATTGC	45	CAGWLA_GNVLHC	:::::::::0:0:9:::::14:-4:38:::
18296	164.0	6.447600273944383E-5	1	1.1548677676406051E-4	TGTGCAGGAGAGTTTAAGGGAGCCCAGAAGCTGGTATTT	NNNNNNNNNNNNNNNNNNNNNNNNNNNNNNNNNNNNNNN	TRAV27*00(641.3)		TRAJ54*00(520.1)		552|562|582|0|10||100.0		23|49|80|13|39|SC25A|231.0		TGTGCAGGAGAGTTTAAGGGAGCCCAGAAGCTGGTATTT	45	CAGEFKGAQKLVF	:::::::::0:0:10:::::13:-3:39:::
18324	164.0	6.447600273944383E-5	1	1.1548677676406051E-4	TGTGCAGATCTACATACCGAGGCAACATGCTCACCTTT	NNNNNNNNNNNNNNNNNNNNNNNNNNNNNNNNNNNNNN	TRAV13-1*00(607.6)		TRAJ39*00(496.6)		511|518|544|0|7||70.0		33|52|83|19|38||190.0		TGTGCAGATCTACATACCGAGGCAACATGCTCACCTTT	45	CADLHT_GNMLTF	:::::::::0:-6:7:::::19:-13:38:::
18563	164.0	6.447600273944383E-5	1	1.1548677676406051E-4	TGTGCAATGGGTGATGTTATGGAGGAAGCCAAGGAAATCTCATCTTT	NNNNNNNNNNNNNNNNNNNNNNNNNNNNNNNNNNNNNNNNNNNNNNN	TRAV12-3*00(489.5)		TRAJ42*00(609.4)		562|571|595|0|9||90.0		24|55|86|16|47||310.0		TGTGCAATGGGTGATGTTATGGAGGAAGCCAAGGAAATCTCATCTTT	45	CAMGDVME_SQGNLIF	:::::::::0:-4:9:::::16:-4:47:::
18622	164.0	6.447600273944383E-5	1	1.1548677676406051E-4	TGTGCAATGAGCGCTAAAACTTTGGAAATGAGAAATTAACCTTT	NNNNNNNNNNNNNNNNNNNNNNNNNNNNNNNNNNNNNNNNNNNN	TRAV12-3*00(999.6)		TRAJ48*00(538.4)		562|576|595|0|14||140.0		25|52|83|17|44||270.0		TGTGCAATGAGCGCTAAAACTTTGGAAATGAGAAATTAACCTTT	45	CAMSAKT_GNEKLTF	:::::::::0:1:14:::::17:-5:44:::
18938	164.0	6.447600273944383E-5	1	1.1548677676406051E-4	TGTACCGGCTCTAGCAACACAGGCAAACTAATCTTT	NNNNNNNNNNNNNNNNNNNNNNNNNNNNNNNNNNNN	TRAV36/DV7*00(521.1)		TRAJ37*00(579.8)		500|503|533|0|3||30.0		21|51|82|6|36|SG27A|271.0		TGTACCGGCTCTAGCAACACAGGCAAACTAATCTTT	45	CTGSSNTGKLIF	:::::::::0:-10:3:::::6:-1:36:::
1531	163.0	6.408285638127648E-5	1	1.1548677676406051E-4	TGTCTTCTGGGAGCTCCTCTTTCCGGGTATGCACTCAACTTC	NNNNNNNNNNNNNNNNNNNNNNNNNNNNNNNNNNNNNNNNNN	TRAV40*00(910.2)		TRAJ41*00(479.6)		436|452|470|0|16|SA449C|131.0		29|51|82|20|42||220.0		TGTCTTCTGGGAGCTCCTCTTTCCGGGTATGCACTCAACTTC	45	CLLGAPLSGYALNF	:::::::::0:2:16:::::20:-9:42:::
1804	163.0	6.408285638127648E-5	1	1.1548677676406051E-4	TGTGTGGTGAGCGCGAAAACTGGGGCAAACAACCTCTTCTTT	NNNNNNNNNNNNNNNNNNNNNNNNNNNNNNNNNNNNNNNNNN	TRAV10*00(1058.6)		TRAJ36*00(529.3)		575|590|608|0|15||150.0		22|48|79|16|42||260.0		TGTGTGGTGAGCGCGAAAACTGGGGCAAACAACCTCTTCTTT	45	CVVSAKTGANNLFF	:::::::::0:2:15:::::16:-2:42:::
1917	163.0	6.408285638127648E-5	1	1.1548677676406051E-4	TGTGTGGTGAACATAGGTGGGCAGAAGCTGCTCTTT	NNNNNNNNNNNNNNNNNNNNNNNNNNNNNNNNNNNN	TRAV12-1*00(540)		TRAJ16*00(432.6)		539|553|572|0|14||140.0		27|49|80|14|36|SA29GSC33G|162.0		TGTGTGGTGAACATAGGTGGGCAGAAGCTGCTCTTT	45	CVVNIGGQKLLF	:::::::::0:1:14:::::14:-7:36:::
2766	163.0	6.408285638127648E-5	1	1.1548677676406051E-4	TGTGCTCTGAGTGAGGAAAACTTTGGAAATGAGAAATTAACCTTT	NNNNNNNNNNNNNNNNNNNNNNNNNNNNNNNNNNNNNNNNNNNNN	TRAV19*00(769.6)		TRAJ48*00(579.5)		556|572|593|0|16||160.0		25|52|83|18|45||270.0		TGTGCTCTGAGTGAGGAAAACTTTGGAAATGAGAAATTAACCTTT	45	CALSEENFGNEKLTF	:::::::::0:-1:16:::::18:-5:45:::
3323	163.0	6.408285638127648E-5	1	1.1548677676406051E-4	TGTGCTGTCAGATCAAGGGCTGACGGACTCACCTTT	NNNNNNNNNNNNNNNNNNNNNNNNNNNNNNNNNNNN	TRAV41*00(640.9)		TRAJ45*00(490)		512|526|544|0|14||140.0		37|55|86|18|36||180.0		TGTGCTGTCAGATCAAGGGCTGACGGACTCACCTTT	45	CAVRSRADGLTF	:::::::::0:2:14:::::18:-17:36:::
3424	163.0	6.408285638127648E-5	1	1.1548677676406051E-4	TGTGCTGTGCAGTTTCCTACTACTAATAGTGGAGGTAGCAACTATAAACTGACATTT	NNNNNNNNNNNNNNNNNNNNNNNNNNNNNNNNNNNNNNNNNNNNNNNNNNNNNNNNN	TRAV20*00(529.6)		TRAJ53*00(638.9)		498|510|531|0|12||120.0		22|55|86|24|57||330.0		TGTGCTGTGCAGTTTCCTACTACTAATAGTGGAGGTAGCAACTATAAACTGACATTT	45	CAVQFPTTNSGGSNYKLTF	:::::::::0:-1:12:::::24:-2:57:::
3627	163.0	6.408285638127648E-5	1	1.1548677676406051E-4	TGTGCTGTGGGGCCTGGTGGCTACAATAAGCTGATTTTT	NNNNNNNNNNNNNNNNNNNNNNNNNNNNNNNNNNNNNNN	TRAV2*00(549.6)		TRAJ4*00(424.8)		519|529|553|0|10||100.0		26|52|83|13|39||260.0		TGTGCTGTGGGGCCTGGTGGCTACAATAAGCTGATTTTT	45	CAVGPGGYNKLIF	:::::::::0:-4:10:::::13:-6:39:::
5035	163.0	6.408285638127648E-5	1	1.1548677676406051E-4	TGTGCCTTCTCCATGATTTATAACCAGGGAGGAAAGCTTATCTTC	NNNNNNNNNNNNNNNNNNNNNNNNNNNNNNNNNNNNNNNNNNNNN	TRAV24*00(979.6)		TRAJ23*00(609.6)		515|523|545|0|8||80.0		18|52|83|11|45||340.0		TGTGCCTTCTCCATGATTTATAACCAGGGAGGAAAGCTTATCTTC	45	CAFSMIYNQGGKLIF	:::::::::0:-2:8:::::11:2:45:::
6427	163.0	6.408285638127648E-5	1	1.1548677676406051E-4	TGTGCCGTGAACAAAATTCAGGGAGCCCAGAAGCTGGTATTT	NNNNNNNNNNNNNNNNNNNNNNNNNNNNNNNNNNNNNNNNNN	TRAV12-2*00(989.8)		TRAJ54*00(529.8)		551|564|584|0|13||130.0		21|49|80|14|42||280.0		TGTGCCGTGAACAAAATTCAGGGAGCCCAGAAGCTGGTATTT	45	CAVNKIQGAQKLVF	:::::::::0:0:13:::::14:-1:42:::
17351	163.0	6.408285638127648E-5	1	1.1548677676406051E-4	TGTGCGGACTACTCTGGGGCTGGGAGTTACCAACTCACTTTC	NNNNNNNNNNNNNNNNNNNNNNNNNNNNNNNNNNNNNNNNNN	TRAV13-1*00(529.6)		TRAJ28*00(619.6)		511|516|544|0|5||50.0		22|55|86|9|42||330.0		TGTGCGGACTACTCTGGGGCTGGGAGTTACCAACTCACTTTC	45	CADYSGAGSYQLTF	:::::::::0:-8:5:::::9:-2:42:::
17731	163.0	6.408285638127648E-5	1	1.1548677676406051E-4	TGTGCAGCAAGTAGTGGAAACAAGCTGGTCTTT	NNNNNNNNNNNNNNNNNNNNNNNNNNNNNNNNN	TRAV13-1*00(609.9)		TRAJ47*00(470.6)		511|524|544|0|13||130.0		27|46|77|14|33|SA36G|161.0		TGTGCAGCAAGTAGTGGAAACAAGCTGGTCTTT	45	CAASSGNKLVF	:::::::::0:0:13:::::14:-7:33:::
17880	163.0	6.408285638127648E-5	1	1.1548677676406051E-4	TGTGCAGCAAGCGCGGTGTGGGGGTGGTGCTACAAACAAGCTCATCTTT	NNNNNNNNNNNNNNNNNNNNNNNNNNNNNNNNNNNNNNNNNNNNNNNNN	TRAV29/DV5*00(559.4)		TRAJ32*00(570)		529|544|562|0|15||150.0		28|55|86|22|49||270.0		TGTGCAGCAAGCGCGGTGTGGGGGTGGTGCTACAAACAAGCTCATCTTT	45	CAASAVWG_GATNKLIF	:::::::::0:2:15:::::22:-8:49:::
17909	163.0	6.408285638127648E-5	1	1.1548677676406051E-4	TGTGCAGCAAGCGCAACACCGGTAACCAGTTCTATTTT	NNNNNNNNNNNNNNNNNNNNNNNNNNNNNNNNNNNNNN	TRAV29/DV5*00(549.8)		TRAJ49*00(539.8)		529|543|562|0|14||140.0		21|45|76|14|38||240.0		TGTGCAGCAAGCGCAACACCGGTAACCAGTTCTATTTT	45	CAASAT_GNQFYF	:::::::::0:1:14:::::14:-1:38:::
18141	163.0	6.408285638127648E-5	1	1.1548677676406051E-4	TGTGCAGGGTAGCTAGTCCGGGTATGCACTCAACTTC	NNNNNNNNNNNNNNNNNNNNNNNNNNNNNNNNNNNNN	TRAV25*00(541.6)		TRAJ41*00(469.1)		620|629|649|0|9||90.0		30|51|82|16|37||210.0		TGTGCAGGGTAGCTAGTCCGGGTATGCACTCAACTTC	45	CAG*LV_GYALNF	:::::::::0:0:9:::::16:-10:37:::
18695	163.0	6.408285638127648E-5	1	1.1548677676406051E-4	TGTGCAATGAGAGCTTACTTTTTTCTGGTGGCTACAATAAGCTGATTTTT	NNNNNNNNNNNNNNNNNNNNNNNNNNNNNNNNNNNNNNNNNNNNNNNNNN	TRAV14/DV4*00(490.9)		TRAJ4*00(454.9)		517|530|554|0|13||130.0		22|52|83|20|50||300.0		TGTGCAATGAGAGCTTACTTTTTTCTGGTGGCTACAATAAGCTGATTTTT	45	CAMRAYFF_GGYNKLIF	:::::::::0:-4:13:::::20:-2:50:::
20365	163.0	6.408285638127648E-5	1	1.1548677676406051E-4	TGCATCGTCAGACCCGCTCCCCCTACCGGGAGGAGGAAACAAACTCACCTTT	NNNNNNNNNNNNNNNNNNNNNNNNNNNNNNNNNNNNNNNNNNNNNNNNNNNN	TRAV26-1*00(609.5)		TRAJ10*00(558.8)		763|775|799|0|12||120.0		27|53|84|26|52||260.0		TGCATCGTCAGACCCGCTCCCCCTACCGGGAGGAGGAAACAAACTCACCTTT	45	CIVRPAPPT_GGGNKLTF	:::::::::0:-4:12:::::26:-7:52:::
1609	162.0	6.368971002310915E-5	1	1.1548677676406051E-4	TGTGTTGTGAGTGATCAGGGGAATAATGCAGGCAACATGCTCACCTTT	NNNNNNNNNNNNNNNNNNNNNNNNNNNNNNNNNNNNNNNNNNNNNNNN	TRAV8-2*00(719.8)		TRAJ39*00(579.5)		466|483|500|0|17||170.0		25|52|83|21|48||270.0		TGTGTTGTGAGTGATCAGGGGAATAATGCAGGCAACATGCTCACCTTT	45	CVVSDQGNNAGNMLTF	:::::::::0:3:17:::::21:-5:48:::
1643	162.0	6.368971002310915E-5	1	1.1548677676406051E-4	TGTGTCAAAACTGGGGTAACTAACTTTGGAAATGAGAAATTAACCTTT	NNNNNNNNNNNNNNNNNNNNNNNNNNNNNNNNNNNNNNNNNNNNNNNN	TRAV10*00(959.8)		TRAJ48*00(560.8)		575|580|608|0|5||50.0		20|52|83|16|48|ST22A|291.0		TGTGTCAAAACTGGGGTAACTAACTTTGGAAATGAGAAATTAACCTTT	45	CVKTGVTNFGNEKLTF	:::::::::0:-8:5:::::16:0:48:::
1911	162.0	6.368971002310915E-5	1	1.1548677676406051E-4	TGTGTGGTGAACATGCGCTACATACCTACATTT	NNNNNNNNNNNNNNNNNNNNNNNNNNNNNNNNN	TRAV12-1*00(549.8)		TRAJ6*00(479.6)		539|554|572|0|15||150.0		34|51|82|16|33||170.0		TGTGTGGTGAACATGCGCTACATACCTACATTT	45	CVVNMRYIPTF	:::::::::0:2:15:::::16:-14:33:::
1998	162.0	6.368971002310915E-5	1	1.1548677676406051E-4	TGTGCTTTTGACCAGCAGGAACCTACAAATACATCTTT	NNNNNNNNNNNNNNNNNNNNNNNNNNNNNNNNNNNNNN	TRAV38-1*00(539.8)		TRAJ40*00(519.8)		596|604|633|0|8||80.0		27|50|81|15|38||230.0		TGTGCTTTTGACCAGCAGGAACCTACAAATACATCTTT	45	CAFDQQ_TYKYIF	:::::::::0:-9:8:::::15:-7:38:::
2963	162.0	6.368971002310915E-5	1	1.1548677676406051E-4	TGTGCTCTAACCCCTCGGGCACCGACAAGCTCATCTTT	NNNNNNNNNNNNNNNNNNNNNNNNNNNNNNNNNNNNNN	TRAV16*00(510)		TRAJ34*00(489.8)		449|459|483|0|10||100.0		28|47|78|19|38||190.0		TGTGCTCTAACCCCTCGGGCACCGACAAGCTCATCTTT	45	CALTPR_TDKLIF	:::::::::0:-4:10:::::19:-8:38:::
3216	162.0	6.368971002310915E-5	1	1.1548677676406051E-4	TGTGCTGTCTGTGACGTGGGTTCAGGGAGCCCAGAAGCTGGTATTT	NNNNNNNNNNNNNNNNNNNNNNNNNNNNNNNNNNNNNNNNNNNNNN	TRAV36/DV7*00(570.3)		TRAJ54*00(548.9)		500|508|533|0|8||80.0		23|49|80|20|46||260.0		TGTGCTGTCTGTGACGTGGGTTCAGGGAGCCCAGAAGCTGGTATTT	45	CAVCDVGS_GAQKLVF	:::::::::0:-5:8:::::20:-3:46:::
3461	162.0	6.368971002310915E-5	1	1.1548677676406051E-4	TGTGCTGTGCAGGATTGGGTAGGAATAATGCAGGCAACATGCTCACCTTT	NNNNNNNNNNNNNNNNNNNNNNNNNNNNNNNNNNNNNNNNNNNNNNNNNN	TRAV20*00(539.5)		TRAJ39*00(579.8)		498|511|531|0|13||130.0		25|52|83|23|50||270.0		TGTGCTGTGCAGGATTGGGTAGGAATAATGCAGGCAACATGCTCACCTTT	45	CAVQDWVG_NAGNMLTF	:::::::::0:0:13:::::23:-5:50:::
3671	162.0	6.368971002310915E-5	1	1.1548677676406051E-4	TGTGCTGTGGACCCGAGGAACACAGGCTTTCAGAAACTTGTATTT	NNNNNNNNNNNNNNNNNNNNNNNNNNNNNNNNNNNNNNNNNNNNN	TRAV3*00(569.6)		TRAJ8*00(569.4)		437|446|473|0|9||90.0		21|49|80|17|45||280.0		TGTGCTGTGGACCCGAGGAACACAGGCTTTCAGAAACTTGTATTT	45	CAVDPRNTGFQKLVF	:::::::::0:-7:9:::::17:-1:45:::
3894	162.0	6.368971002310915E-5	1	1.1548677676406051E-4	TGTGCTGTGAGTGCTATTTCTAACGACTACAAGCTCAGCTTT	NNNNNNNNNNNNNNNNNNNNNNNNNNNNNNNNNNNNNNNNNN	TRAV8-4*00(663.5)		TRAJ20*00(550.2)		476|489|510|0|13||130.0		21|46|77|17|42||250.0		TGTGCTGTGAGTGCTATTTCTAACGACTACAAGCTCAGCTTT	45	CAVSAISNDYKLSF	:::::::::0:-1:13:::::17:-1:42:::
4601	162.0	6.368971002310915E-5	1	1.1548677676406051E-4	TGTGCTGGGCACGCTAATGCTGGCAACAACCGTAAGCTGATTTGG	NNNNNNNNNNNNNNNNNNNNNNNNNNNNNNNNNNNNNNNNNNNNN	TRAV35*00(500)		TRAJ38*00(610)		588|599|620|0|11||110.0		20|51|82|14|45||310.0		TGTGCTGGGCACGCTAATGCTGGCAACAACCGTAAGCTGATTTGG	45	CAGHANAGNNRKLIW	:::::::::0:-1:11:::::14:0:45:::
6405	162.0	6.368971002310915E-5	1	1.1548677676406051E-4	TGTGCCGTGAACATCATGTATTCAGGAGGAGGTGCTGACGGACTCACCTTT	NNNNNNNNNNNNNNNNNNNNNNNNNNNNNNNNNNNNNNNNNNNNNNNNNNN	TRAV12-2*00(539.6)		TRAJ45*00(679.5)		551|565|584|0|14||140.0		18|55|86|14|51||370.0		TGTGCCGTGAACATCATGTATTCAGGAGGAGGTGCTGACGGACTCACCTTT	45	CAVNIMYSGGGADGLTF	:::::::::0:1:14:::::14:2:51:::
17406	162.0	6.368971002310915E-5	1	1.1548677676406051E-4	TGTGCAGTTACCTCAGGAACCTACAAATACATCTTT	NNNNNNNNNNNNNNNNNNNNNNNNNNNNNNNNNNNN	TRAV29/DV5*00(479.9)		TRAJ40*00(569.7)		529|536|562|0|7||70.0		22|50|81|8|36||280.0		TGTGCAGTTACCTCAGGAACCTACAAATACATCTTT	45	CAVTSGTYKYIF	:::::::::0:-6:7:::::8:-2:36:::
17434	162.0	6.368971002310915E-5	1	1.1548677676406051E-4	TGTGCAGTAAAAGACAATGCTGGTGGTACTAGCTATGGAAAGCTGACATTT	NNNNNNNNNNNNNNNNNNNNNNNNNNNNNNNNNNNNNNNNNNNNNNNNNNN	TRAV25*00(529.6)		TRAJ52*00(659.8)		620|627|649|0|7||70.0		22|58|89|15|51||360.0		TGTGCAGTAAAAGACAATGCTGGTGGTACTAGCTATGGAAAGCTGACATTT	45	CAVKDNAGGTSYGKLTF	:::::::::0:-2:7:::::15:-2:51:::
17653	162.0	6.368971002310915E-5	1	1.1548677676406051E-4	TGTGCAGCAAGTTGGCCGCAGGCAACATGCTCACCTTT	NNNNNNNNNNNNNNNNNNNNNNNNNNNNNNNNNNNNNN	TRAV13-1*00(978.5)		TRAJ39*00(499.2)		511|523|544|0|12||120.0		31|52|83|17|38||210.0		TGTGCAGCAAGTTGGCCGCAGGCAACATGCTCACCTTT	45	CAASWP_GNMLTF	:::::::::0:-1:12:::::17:-11:38:::
18184	162.0	6.368971002310915E-5	1	1.1548677676406051E-4	TGTGCAGGGCAAGAATGACAAGATCATCTTT	NNNNNNNNNNNNNNNNNNNNNNNNNNNNNNN	TRAV25*00(560.1)		TRAJ30*00(479.1)		620|630|649|0|10||100.0		29|46|77|14|31||170.0		TGTGCAGGGCAAGAATGACAAGATCATCTTT	45	CAGQE_DKIIF	:::::::::0:1:10:::::14:-9:31:::
18561	162.0	6.368971002310915E-5	1	1.1548677676406051E-4	TGTGCAATGGCTGGAGGCTTCAAAACTATCTTT	NNNNNNNNNNNNNNNNNNNNNNNNNNNNNNNNN	TRAV14/DV4*00(451)		TRAJ9*00(529.8)		517|526|554|0|9||90.0		27|50|81|10|33||230.0		TGTGCAATGGCTGGAGGCTTCAAAACTATCTTT	45	CAMAGGFKTIF	:::::::::0:-8:9:::::10:-7:33:::
18697	162.0	6.368971002310915E-5	1	1.1548677676406051E-4	TGTGCAATGAGAGCGCCCGACCCGAGGACACGGGCAGGAGAGCACTTACTTTT	NNNNNNNNNNNNNNNNNNNNNNNNNNNNNNNNNNNNNNNNNNNNNNNNNNNNN	TRAV14/DV4*00(490.8)		TRAJ5*00(579.8)		517|530|554|0|13||130.0		21|49|80|25|53||280.0		TGTGCAATGAGAGCGCCCGACCCGAGGACACGGGCAGGAGAGCACTTACTTTT	45	CAMRAPDPR_TGRRALTF	:::::::::0:-4:13:::::25:-1:53:::
18732	162.0	6.368971002310915E-5	1	1.1548677676406051E-4	TGTGCAATGAGAGAGCCGAACAATGACATGCGCTTT	NNNNNNNNNNNNNNNNNNNNNNNNNNNNNNNNNNNN	TRAV14/DV4*00(511)		TRAJ43*00(479.8)		517|532|554|0|15||150.0		25|43|74|18|36||180.0		TGTGCAATGAGAGAGCCGAACAATGACATGCGCTTT	45	CAMREPNNDMRF	:::::::::0:-2:15:::::18:-5:36:::
18743	162.0	6.368971002310915E-5	1	1.1548677676406051E-4	TGTGCAATGAGAGAGGCCAGGGACAGCAGTGCTTCCAAGATAATCTTT	NNNNNNNNNNNNNNNNNNNNNNNNNNNNNNNNNNNNNNNNNNNNNNNN	TRAV14/DV4*00(520.8)		TRAJ3*00(561)		517|533|554|0|16||160.0		22|51|82|19|48|ST24G|261.0		TGTGCAATGAGAGAGGCCAGGGACAGCAGTGCTTCCAAGATAATCTTT	45	CAMREARDSSASKIIF	:::::::::0:-1:16:::::19:-2:48:::
18921	162.0	6.368971002310915E-5	1	1.1548677676406051E-4	TGTGAGTCCAGGCAGGAACTGCTCTGATCTTT	NNNNNNNNNNNNNNNNNNNNNNNNNNNNNNNN	TRAV13-1*00(899.5)		TRAJ15*00(428.6)		511|515|544|0|4||40.0		24|49|80|7|32||250.0		TGTGAGTCCAGGCAGGAACTGCTCTGATCTTT	45	CESRQ_TALIF	:::::::::0:-9:4:::::7:-4:32:::
20462	162.0	6.368971002310915E-5	1	1.1548677676406051E-4	TGCATCGTCAGAATTTACAATAACAATGACATGCGCTTT	NNNNNNNNNNNNNNNNNNNNNNNNNNNNNNNNNNNNNNN	TRAV26-1*00(609.8)		TRAJ43*00(540)		763|775|799|0|12||120.0		19|43|74|15|39||240.0		TGCATCGTCAGAATTTACAATAACAATGACATGCGCTTT	45	CIVRIYNNNDMRF	:::::::::0:-4:12:::::15:1:39:::
1485	161.0	6.32965636649418E-5	1	1.1548677676406051E-4	TCTTTGAAGGCCAGAAGCTGCTCTTT	NNNNNNNNNNNNNNNNNNNNNNNNNN	TRAV12-1*00(840.8)		TRAJ16*00(451.3)		539|540|572|0|1||10.0		28|49|80|5|26|ST30A|181.0		TCTTTGAAGGCCAGAAGCTGCTCTTT	45	SLKA_KLLF	:::::::::0:-12:1:::::5:-8:26:::
1767	161.0	6.32965636649418E-5	1	1.1548677676406051E-4	TGTGTGGTGAGCTATCTAACTTTGGAAATGAGAAATTAACCTTT	NNNNNNNNNNNNNNNNNNNNNNNNNNNNNNNNNNNNNNNNNNNN	TRAV10*00(680)		TRAJ48*00(629.1)		575|587|608|0|12||120.0		20|52|83|12|44||320.0		TGTGTGGTGAGCTATCTAACTTTGGAAATGAGAAATTAACCTTT	45	CVVSYLT_GNEKLTF	:::::::::0:-1:12:::::12:0:44:::
1977	161.0	6.32965636649418E-5	1	1.1548677676406051E-4	TGTGTGGGCGGGAAAAGCAGCGGAGACAAGCTGACTTTT	NNNNNNNNNNNNNNNNNNNNNNNNNNNNNNNNNNNNNNN	TRAV12-1*00(929.6)		TRAJ46*00(559.7)		539|546|572|0|7||70.0		24|52|83|11|39||280.0		TGTGTGGGCGGGAAAAGCAGCGGAGACAAGCTGACTTTT	45	CVGGKSSGDKLTF	:::::::::0:-6:7:::::11:-4:39:::
2002	161.0	6.32965636649418E-5	1	1.1548677676406051E-4	TGTGCTTTTACTCAACACCAATGCAGGCAAATCAACCTTT	NNNNNNNNNNNNNNNNNNNNNNNNNNNNNNNNNNNNNNNN	TRAV21*00(418.9)		TRAJ27*00(559.3)		544|550|576|0|6||60.0		21|48|79|13|40||270.0		TGTGCTTTTACTCAACACCAATGCAGGCAAATCAACCTTT	45	CAFTQHQ_AGKSTF	:::::::::0:-6:6:::::13:-1:40:::
2810	161.0	6.32965636649418E-5	1	1.1548677676406051E-4	TGTGCTCTGAGCTCCCCCCAGGGAGCCCAGAAGCTGGTATTT	NNNNNNNNNNNNNNNNNNNNNNNNNNNNNNNNNNNNNNNNNN	TRAV19*00(719.9)		TRAJ54*00(529.1)		556|567|593|0|11||110.0		25|49|80|18|42||240.0		TGTGCTCTGAGCTCCCCCCAGGGAGCCCAGAAGCTGGTATTT	45	CALSSPQGAQKLVF	:::::::::0:-6:11:::::18:-5:42:::
4057	161.0	6.32965636649418E-5	1	1.1548677676406051E-4	TGTGCTGTGAGTGAAAAAACCGGCAGGAGGAGGTGCTGACGGACTCACCTTT	NNNNNNNNNNNNNNNNNNNNNNNNNNNNNNNNNNNNNNNNNNNNNNNNNNNN	TRAV8-6*00(699.9)		TRAJ45*00(600)		448|462|482|0|14||140.0		26|55|86|23|52||290.0		TGTGCTGTGAGTGAAAAAACCGGCAGGAGGAGGTGCTGACGGACTCACCTTT	45	CAVSEKTGR_GGADGLTF	:::::::::0:0:14:::::23:-6:52:::
4119	161.0	6.32965636649418E-5	1	1.1548677676406051E-4	TGTGCTGTGAGGTACCCTGGGGGTTACCAGAAAGTTACCTTT	NNNNNNNNNNNNNNNNNNNNNNNNNNNNNNNNNNNNNNNNNN	TRAV21*00(479.8)		TRAJ13*00(560)		544|556|576|0|12||120.0		26|52|83|16|42||260.0		TGTGCTGTGAGGTACCCTGGGGGTTACCAGAAAGTTACCTTT	45	CAVRYPGGYQKVTF	:::::::::0:0:12:::::16:-6:42:::
4326	161.0	6.32965636649418E-5	1	1.1548677676406051E-4	TGTGCTGTGAATAAGGAGGGAAACTGGGGCAAACAACCTCTTCTTT	NNNNNNNNNNNNNNNNNNNNNNNNNNNNNNNNNNNNNNNNNNNNNN	TRAV21*00(966.8)		TRAJ36*00(529.6)		544|554|576|0|10||100.0		22|48|79|20|46||260.0		TGTGCTGTGAATAAGGAGGGAAACTGGGGCAAACAACCTCTTCTTT	45	CAVNKEGN_GANNLFF	:::::::::0:-2:10:::::20:-2:46:::
4724	161.0	6.32965636649418E-5	1	1.1548677676406051E-4	TGTGCTGGGATAACACCAATGCAGGCAAATCAACCTTT	NNNNNNNNNNNNNNNNNNNNNNNNNNNNNNNNNNNNNN	TRAV35*00(926)		TRAJ27*00(579.3)		588|597|620|0|9||90.0		19|48|79|9|38||290.0		TGTGCTGGGATAACACCAATGCAGGCAAATCAACCTTT	45	CAGITP_AGKSTF	:::::::::0:-3:9:::::9:1:38:::
4745	161.0	6.32965636649418E-5	1	1.1548677676406051E-4	TGTGCTGAGTTCTCAGGGCGGATCTGAAAAGCTGGTCTTT	NNNNNNNNNNNNNNNNNNNNNNNNNNNNNNNNNNNNNNNN	TRAV21*00(939.3)		TRAJ57*00(549.7)		544|551|576|0|7||70.0		23|52|83|11|40||290.0		TGTGCTGAGTTCTCAGGGCGGATCTGAAAAGCTGGTCTTT	45	CAEFSGR_SEKLVF	:::::::::0:-5:7:::::11:-3:40:::
6529	161.0	6.32965636649418E-5	1	1.1548677676406051E-4	TGTGCCGGTCACTTTGGAAATGAGAAATTAACCTTT	NNNNNNNNNNNNNNNNNNNNNNNNNNNNNNNNNNNN	TRAV12-2*00(470)		TRAJ48*00(569.8)		551|558|584|0|7||70.0		26|52|83|10|36||260.0		TGTGCCGGTCACTTTGGAAATGAGAAATTAACCTTT	45	CAGHFGNEKLTF	:::::::::0:-6:7:::::10:-6:36:::
17755	161.0	6.32965636649418E-5	1	1.1548677676406051E-4	TGTGCAGCAAGTAATGGAAACAAGCTGGTCTTT	NNNNNNNNNNNNNNNNNNNNNNNNNNNNNNNNN	TRAV13-1*00(609.1)		TRAJ47*00(480.5)		511|524|544|0|13||130.0		26|46|77|13|33|SA36G|171.0		TGTGCAGCAAGTAATGGAAACAAGCTGGTCTTT	45	CAASNGNKLVF	:::::::::0:0:13:::::13:-6:33:::
17855	161.0	6.32965636649418E-5	1	1.1548677676406051E-4	TGTGCAGCAAGCGTAACTCAGGGCGGATCTGAAAAGCTGGTCTTT	NNNNNNNNNNNNNNNNNNNNNNNNNNNNNNNNNNNNNNNNNNNNN	TRAV23/DV6*00(489.8)		TRAJ57*00(619)		517|529|550|0|12||120.0		20|52|83|13|45||320.0		TGTGCAGCAAGCGTAACTCAGGGCGGATCTGAAAAGCTGGTCTTT	45	CAASVTQGGSEKLVF	:::::::::0:-1:12:::::13:0:45:::
18144	161.0	6.32965636649418E-5	1	1.1548677676406051E-4	TGTGCAGGGCTGGATAACTATGGTCAGAATTTTGTCTTT	NNNNNNNNNNNNNNNNNNNNNNNNNNNNNNNNNNNNNNN	TRAV25*00(559.9)		TRAJ26*00(579.8)		620|630|649|0|10||100.0		21|49|80|11|39||280.0		TGTGCAGGGCTGGATAACTATGGTCAGAATTTTGTCTTT	45	CAGLDNYGQNFVF	:::::::::0:1:10:::::11:-1:39:::
1697	160.0	6.290341730677447E-5	1	1.1548677676406051E-4	TGTGTGGTGGTATACAACTTCAACAAATTTTACTTT	NNNNNNNNNNNNNNNNNNNNNNNNNNNNNNNNNNNN	TRAV12-1*00(489.8)		TRAJ21*00(580.6)		539|547|572|0|8||90.0		16|44|75|8|36|ST16G|271.0		TGTGTGGTGGTATACAACTTCAACAAATTTTACTTT	45	CVVVYNFNKFYF	:::::::::0:-5:8:::::8:4:36:::
1774	160.0	6.290341730677447E-5	1	1.1548677676406051E-4	TGTGTGGTGAGCCCATAGCAACTATCAGTTAATCTGG	NNNNNNNNNNNNNNNNNNNNNNNNNNNNNNNNNNNNN	TRAV10*00(680)		TRAJ33*00(520)		575|587|608|0|12||120.0		23|46|77|14|37||230.0		TGTGTGGTGAGCCCATAGCAACTATCAGTTAATCTGG	45	CVVSP*_NYQLIW	:::::::::0:-1:12:::::14:-3:37:::
2487	160.0	6.290341730677447E-5	1	1.1548677676406051E-4	TGTGCTCTGTTCAAAGCTGGGGCAAACAACCTCTTCTTT	NNNNNNNNNNNNNNNNNNNNNNNNNNNNNNNNNNNNNNN	TRAV19*00(699.5)		TRAJ36*00(540.3)		556|565|593|0|9||90.0		22|48|79|13|39|SA24G|231.0		TGTGCTCTGTTCAAAGCTGGGGCAAACAACCTCTTCTTT	45	CALFKAGANNLFF	:::::::::0:-8:9:::::13:-2:39:::
3111	160.0	6.290341730677447E-5	1	1.1548677676406051E-4	TGTGCTCCAGGATAACACCGACAAGCTCATCTTT	NNNNNNNNNNNNNNNNNNNNNNNNNNNNNNNNNN	TRAV16*00(482.9)		TRAJ34*00(529.6)		449|456|483|0|7||70.0		24|47|78|11|34||230.0		TGTGCTCCAGGATAACACCGACAAGCTCATCTTT	45	CAPG*H_DKLIF	:::::::::0:-7:7:::::11:-4:34:::
3489	160.0	6.290341730677447E-5	1	1.1548677676406051E-4	TGTGCTGTGGTCCTGAGGGGTTACCAGAAAGTTACCTTT	NNNNNNNNNNNNNNNNNNNNNNNNNNNNNNNNNNNNNNN	TRAV8-3*00(590.6)		TRAJ13*00(500.6)		455|465|489|0|10||100.0		29|52|83|16|39||230.0		TGTGCTGTGGTCCTGAGGGGTTACCAGAAAGTTACCTTT	45	CAVVLRGYQKVTF	:::::::::0:-4:10:::::16:-9:39:::
3514	160.0	6.290341730677447E-5	1	1.1548677676406051E-4	TGTGCTGTGGCTAACTTTGGAAATGAGAAATTAACCTTT	NNNNNNNNNNNNNNNNNNNNNNNNNNNNNNNNNNNNNNN	TRAV36/DV7*00(590.8)		TRAJ48*00(599.6)		500|510|533|0|10||100.0		23|52|83|10|39||290.0		TGTGCTGTGGCTAACTTTGGAAATGAGAAATTAACCTTT	45	CAVANFGNEKLTF	:::::::::0:-3:10:::::10:-3:39:::
3726	160.0	6.290341730677447E-5	1	1.1548677676406051E-4	TGTGCTGTGGAGGATCCGAGCGGATAGCAACTATCAGTTAATCTGG	NNNNNNNNNNNNNNNNNNNNNNNNNNNNNNNNNNNNNNNNNNNNNN	TRAV2*00(625.3)		TRAJ33*00(539.3)		519|536|553|0|17||170.0		21|46|77|21|46||250.0		TGTGCTGTGGAGGATCCGAGCGGATAGCAACTATCAGTTAATCTGG	45	CAVEDPSG_SNYQLIW	:::::::::0:3:17:::::21:-1:46:::
4078	160.0	6.290341730677447E-5	1	1.1548677676406051E-4	TGTGCTGTGAGCCTTGATAACTATGGTCAGAATTTTGTCTTT	NNNNNNNNNNNNNNNNNNNNNNNNNNNNNNNNNNNNNNNNNN	TRAV8-6*00(679.5)		TRAJ26*00(559.6)		448|459|482|0|11||110.0		22|49|80|15|42||270.0		TGTGCTGTGAGCCTTGATAACTATGGTCAGAATTTTGTCTTT	45	CAVSLDNYGQNFVF	:::::::::0:-3:11:::::15:-2:42:::
4221	160.0	6.290341730677447E-5	1	1.1548677676406051E-4	TGTGCTGTGAGAGTCTCATACTCTGGGGCTGGGAGTTACCAACTCACTTTC	NNNNNNNNNNNNNNNNNNNNNNNNNNNNNNNNNNNNNNNNNNNNNNNNNNN	TRAV3*00(609.8)		TRAJ28*00(639.9)		437|450|473|0|13||130.0		20|55|86|16|51||350.0		TGTGCTGTGAGAGTCTCATACTCTGGGGCTGGGAGTTACCAACTCACTTTC	45	CAVRVSYSGAGSYQLTF	:::::::::0:-3:13:::::16:0:51:::
4246	160.0	6.290341730677447E-5	1	1.1548677676406051E-4	TGTGCTGTGAGAGATTCCCGTGTGAACAGAGATGACAAGATCATCTTT	NNNNNNNNNNNNNNNNNNNNNNNNNNNNNNNNNNNNNNNNNNNNNNNN	TRAV1-2*00(710)		TRAJ30*00(569.2)		620|635|654|0|15||150.0		20|46|77|22|48||260.0		TGTGCTGTGAGAGATTCCCGTGTGAACAGAGATGACAAGATCATCTTT	45	CAVRDSRVNRDDKIIF	:::::::::0:1:15:::::22:0:48:::
5029	160.0	6.290341730677447E-5	1	1.1548677676406051E-4	TGTGCCTTTAACCAGGGAGGAAAGCTTATCTTC	NNNNNNNNNNNNNNNNNNNNNNNNNNNNNNNNN	TRAV24*00(509.7)		TRAJ23*00(559.8)		515|524|545|0|9||100.0		28|52|83|9|33||250.0		TGTGCCTTTAACCAGGGAGGAAAGCTTATCTTC	45	CAFNQGGKLIF	:::::::::0:-1:9:::::9:-8:33:::
6160	160.0	6.290341730677447E-5	1	1.1548677676406051E-4	TGTGCCGTGTTCCTGGGCGGGTTATAACCAGGGAGGAAAGCTTATCTTC	NNNNNNNNNNNNNNNNNNNNNNNNNNNNNNNNNNNNNNNNNNNNNNNNN	TRAV12-2*00(561.6)		TRAJ23*00(542.8)		551|560|584|0|9||90.0		24|52|83|21|49||280.0		TGTGCCGTGTTCCTGGGCGGGTTATAACCAGGGAGGAAAGCTTATCTTC	45	CAVFLGGL_NQGGKLIF	:::::::::0:-4:9:::::21:-4:49:::
6422	160.0	6.290341730677447E-5	1	1.1548677676406051E-4	TGTGCCGTGAACAAGTAGGGTCAGAATTTTGTCTTT	NNNNNNNNNNNNNNNNNNNNNNNNNNNNNNNNNNNN	TRAV12-2*00(530.9)		TRAJ26*00(480.9)		551|565|584|0|14|ST564A|131.0		27|49|80|14|36|SC27GST30G|182.0		TGTGCCGTGAACAAGTAGGGTCAGAATTTTGTCTTT	45	CAVNK*GQNFVF	:::::::::0:1:14:::::14:-7:36:::
17675	160.0	6.290341730677447E-5	1	1.1548677676406051E-4	TGTGCAGCAAGTCATTAATGCTGGTGGTACTAGCTATGGAAAGCTGACATTT	NNNNNNNNNNNNNNNNNNNNNNNNNNNNNNNNNNNNNNNNNNNNNNNNNNNN	TRAV13-1*00(599.3)		TRAJ52*00(669.5)		511|523|544|0|12||120.0		21|58|89|15|52||370.0		TGTGCAGCAAGTCATTAATGCTGGTGGTACTAGCTATGGAAAGCTGACATTT	45	CAASH*CWW_TSYGKLTF	:::::::::0:-1:12:::::15:-1:52:::
17677	160.0	6.290341730677447E-5	1	1.1548677676406051E-4	TGTGCAGCAAGTCAGGATAACAATGACATGCGCTTT	NNNNNNNNNNNNNNNNNNNNNNNNNNNNNNNNNNNN	TRAV13-1*00(599.3)		TRAJ43*00(499.8)		511|523|544|0|12||120.0		23|43|74|16|36||200.0		TGTGCAGCAAGTCAGGATAACAATGACATGCGCTTT	45	CAASQDNNDMRF	:::::::::0:-1:12:::::16:-3:36:::
18573	160.0	6.290341730677447E-5	1	1.1548677676406051E-4	TGTGCAATGGGGAGCAACTATCAGTTAATCTGG	NNNNNNNNNNNNNNNNNNNNNNNNNNNNNNNNN	TRAV12-1*00(439.6)		TRAJ33*00(501.3)		539|543|572|0|4||40.0		19|46|77|6|33|SA23GST24G|212.0		TGTGCAATGGGGAGCAACTATCAGTTAATCTGG	45	CAMGSNYQLIW	:::::::::0:-9:4:::::6:1:33:::
18658	160.0	6.290341730677447E-5	1	1.1548677676406051E-4	TGTGCAATGAGCGGAGGTACAGCAGTGCTTCCAAGATAATCTTT	NNNNNNNNNNNNNNNNNNNNNNNNNNNNNNNNNNNNNNNNNNNN	TRAV12-3*00(989.6)		TRAJ3*00(549.8)		562|575|595|0|13||130.0		22|51|82|15|44||290.0		TGTGCAATGAGCGGAGGTACAGCAGTGCTTCCAAGATAATCTTT	45	CAMSGGT_SASKIIF	:::::::::0:0:13:::::15:-2:44:::
18830	160.0	6.290341730677447E-5	1	1.1548677676406051E-4	TGTGCAATGAACATGAACAGAGATGACAAGATCATCTTT	NNNNNNNNNNNNNNNNNNNNNNNNNNNNNNNNNNNNNNN	TRAV12-3*00(959.6)		TRAJ30*00(559.5)		562|572|595|0|10||100.0		18|46|77|11|39||280.0		TGTGCAATGAACATGAACAGAGATGACAAGATCATCTTT	45	CAMNMNRDDKIIF	:::::::::0:-3:10:::::11:2:39:::
18916	160.0	6.290341730677447E-5	1	1.1548677676406051E-4	TGTGATGCCTGATAGCAACTATCAGTTAATCTGG	NNNNNNNNNNNNNNNNNNNNNNNNNNNNNNNNNN	TRAV29/DV5*00(489.5)		TRAJ33*00(529.6)		529|533|562|0|4||40.0		22|46|77|10|34||240.0		TGTGATGCCTGATAGCAACTATCAGTTAATCTGG	45	CDA**Q_YQLIW	:::::::::0:-9:4:::::10:-2:34:::
19161	160.0	6.290341730677447E-5	1	1.1548677676406051E-4	TGCGCTGTGAAGTCCCCGGGAGGAGGAAACAAACTCACCTTT	NNNNNNNNNNNNNNNNNNNNNNNNNNNNNNNNNNNNNNNNNN	TRAV1-1*00(671)		TRAJ10*00(559.6)		670|680|704|0|10||100.0		27|53|84|16|42||260.0		TGCGCTGTGAAGTCCCCGGGAGGAGGAAACAAACTCACCTTT	45	CAVKSPGGGNKLTF	:::::::::0:-4:10:::::16:-7:42:::
20211	160.0	6.290341730677447E-5	1	1.1548677676406051E-4	TGCATCCTGAGTTCTAGGGAGGCTAATGCTGGTGGTACTAGCTATGGAAAGCTGACATTT	NNNNNNNNNNNNNNNNNNNNNNNNNNNNNNNNNNNNNNNNNNNNNNNNNNNNNNNNNNNN	TRAV26-2*00(879.5)		TRAJ52*00(649.1)		791|802|826|0|11||110.0		19|58|89|21|60||390.0		TGCATCCTGAGTTCTAGGGAGGCTAATGCTGGTGGTACTAGCTATGGAAAGCTGACATTT	45	CILSSREANAGGTSYGKLTF	:::::::::0:-4:11:::::21:1:60:::
1792	159.0	6.251027094860712E-5	1	1.1548677676406051E-4	TGTGTGGTGAGCGCGCTCATTTCAGGAGGAGGTGCTGACGGACTCACCTTT	NNNNNNNNNNNNNNNNNNNNNNNNNNNNNNNNNNNNNNNNNNNNNNNNNNN	TRAV10*00(748.7)		TRAJ45*00(547.5)		575|594|608|0|19||190.0		24|55|86|20|51||310.0		TGTGTGGTGAGCGCGCTCATTTCAGGAGGAGGTGCTGACGGACTCACCTTT	45	CVVSALISGGGADGLTF	:::::::::0:6:19:::::20:-4:51:::
2369	159.0	6.251027094860712E-5	1	1.1548677676406051E-4	TGTGCTCTTGGGGAACTCGTAGGAGCAGTGCTTCCAAGATAATCTTT	NNNNNNNNNNNNNNNNNNNNNNNNNNNNNNNNNNNNNNNNNNNNNNN	TRDV1*00(700.8)		TRAJ3*00(539.5)		573|593|610|0|20|SA590C|171.0		27|51|82|23|47||240.0		TGTGCTCTTGGGGAACTCGTAGGAGCAGTGCTTCCAAGATAATCTTT	45	CALGELVG_SASKIIF	:::::::::0:3:20:::::23:-7:47:::
2801	159.0	6.251027094860712E-5	1	1.1548677676406051E-4	TGTGCTCTGAGTAGCCGCTACAATAACAATGACATGCGCTTT	NNNNNNNNNNNNNNNNNNNNNNNNNNNNNNNNNNNNNNNNNN	TRAV9-2*00(730.7)		TRAJ43*00(539.5)		480|492|514|0|12||120.0		19|43|74|18|42||240.0		TGTGCTCTGAGTAGCCGCTACAATAACAATGACATGCGCTTT	45	CALSSRYNNNDMRF	:::::::::0:-2:12:::::18:1:42:::
3907	159.0	6.251027094860712E-5	1	1.1548677676406051E-4	TGTGCTGTGAGTGGTGGAGGTAGCAACTATAAACTGACATTT	NNNNNNNNNNNNNNNNNNNNNNNNNNNNNNNNNNNNNNNNNN	TRAV8-4*00(678.4)		TRAJ53*00(598.5)		476|489|510|0|13||130.0		26|55|86|13|42||290.0		TGTGCTGTGAGTGGTGGAGGTAGCAACTATAAACTGACATTT	45	CAVSGGGSNYKLTF	:::::::::0:-1:13:::::13:-6:42:::
3934	159.0	6.251027094860712E-5	1	1.1548677676406051E-4	TGTGCTGTGAGTGATTCAACGACTACAAGCTCAGCTTT	NNNNNNNNNNNNNNNNNNNNNNNNNNNNNNNNNNNNNN	TRAV8-6*00(719.4)		TRAJ20*00(509.6)		448|463|482|0|15||150.0		25|46|77|17|38||210.0		TGTGCTGTGAGTGATTCAACGACTACAAGCTCAGCTTT	45	CAVSDS_DYKLSF	:::::::::0:1:15:::::17:-5:38:::
6403	159.0	6.251027094860712E-5	1	1.1548677676406051E-4	TGTGCCGTGAACGAAGGTAGCAACTATCAGTTAATCTGG	NNNNNNNNNNNNNNNNNNNNNNNNNNNNNNNNNNNNNNN	TRAV12-2*00(490.5)		TRAJ33*00(509.7)		551|563|584|0|12||120.0		24|46|77|17|39||220.0		TGTGCCGTGAACGAAGGTAGCAACTATCAGTTAATCTGG	45	CAVNEGSNYQLIW	:::::::::0:-1:12:::::17:-4:39:::
17916	159.0	6.251027094860712E-5	1	1.1548677676406051E-4	TGTGCAGCAAGCGGTGGCAACACAGGCAAACTAATCTTT	NNNNNNNNNNNNNNNNNNNNNNNNNNNNNNNNNNNNNNN	TRAV29/DV5*00(539.8)		TRAJ37*00(559.3)		529|542|562|0|13||130.0		26|51|82|14|39||250.0		TGTGCAGCAAGCGGTGGCAACACAGGCAAACTAATCTTT	45	CAASGGNTGKLIF	:::::::::0:0:13:::::14:-6:39:::
18007	159.0	6.251027094860712E-5	1	1.1548677676406051E-4	TGTGCAGCAAGCAGGTCAGATGGCCAGAAGCTGCTCTTT	NNNNNNNNNNNNNNNNNNNNNNNNNNNNNNNNNNNNNNN	TRAV23/DV6*00(499.1)		TRAJ16*00(510.8)		517|530|550|0|13||130.0		25|49|80|15|39||240.0		TGTGCAGCAAGCAGGTCAGATGGCCAGAAGCTGCTCTTT	45	CAASRSDGQKLLF	:::::::::0:0:13:::::15:-5:39:::
18822	159.0	6.251027094860712E-5	1	1.1548677676406051E-4	TGTGCAATGAGAGAGAGTAATTCAGGGAGCCCAGAAGCTGGTATTT	NNNNNNNNNNNNNNNNNNNNNNNNNNNNNNNNNNNNNNNNNNNNNN	TRAV14/DV4*00(510.2)		TRAJ54*00(579.8)		517|532|554|0|15||150.0		20|49|80|17|46||290.0		TGTGCAATGAGAGAGAGTAATTCAGGGAGCCCAGAAGCTGGTATTT	45	CAMRESNS_GAQKLVF	:::::::::0:-2:15:::::17:0:46:::
20234	159.0	6.251027094860712E-5	1	1.1548677676406051E-4	TGCATCCTGAGACCTAGGAATAACAATGCCAGACTCATGTTT	NNNNNNNNNNNNNNNNNNNNNNNNNNNNNNNNNNNNNNNNNN	TRAV26-2*00(605.1)		TRAJ31*00(559.8)		791|803|826|0|12||120.0		20|46|77|16|42||260.0		TGCATCCTGAGACCTAGGAATAACAATGCCAGACTCATGTTT	45	CILRPRNNNARLMF	:::::::::0:-3:12:::::16:0:42:::
1721	158.0	6.211712459043979E-5	1	1.1548677676406051E-4	TGTGTGGTGATCGGTGGTCAGAATTTTGTCTTT	NNNNNNNNNNNNNNNNNNNNNNNNNNNNNNNNN	TRAV12-1*00(499.6)		TRAJ26*00(489.4)		539|549|572|0|10||100.0		30|49|80|14|33||190.0		TGTGTGGTGATCGGTGGTCAGAATTTTGTCTTT	45	CVVIGGQNFVF	:::::::::0:-3:10:::::14:-10:33:::
1841	158.0	6.211712459043979E-5	1	1.1548677676406051E-4	TGTGTGGTGAATGGTGCTACAAACAAGCTCATCTTT	NNNNNNNNNNNNNNNNNNNNNNNNNNNNNNNNNNNN	TRAV12-1*00(452),TRAV12-2*00(452)		TRAJ32*00(549.4)		539|550|572|0|11||110.0;551|562|584|0|11|SC555TSC556G|52.0		30|55|86|11|36||250.0		TGTGTGGTGAATGGTGCTACAAACAAGCTCATCTTT	45	CVVNGATNKLIF	:::::::::0:-2:11:::::11:-10:36:::
2566	158.0	6.211712459043979E-5	1	1.1548677676406051E-4	TGTGCTCTGACGTGCTGGTGGTACTAGCTATGGAAAGCTGACATTT	NNNNNNNNNNNNNNNNNNNNNNNNNNNNNNNNNNNNNNNNNNNNNN	TRAV9-2*00(709.4)		TRAJ52*00(639.8)		480|490|514|0|10||100.0		24|58|89|12|46||340.0		TGTGCTCTGACGTGCTGGTGGTACTAGCTATGGAAAGCTGACATTT	45	CALTCWWY_SYGKLTF	:::::::::0:-4:10:::::12:-4:46:::
2903	158.0	6.211712459043979E-5	1	1.1548677676406051E-4	TGTGCTCTACAAACTGGGGCAAACAACCTCTTCTTT	NNNNNNNNNNNNNNNNNNNNNNNNNNNNNNNNNNNN	TRAV6*00(459.8)		TRAJ36*00(579.4)		535|544|568|0|9||90.0		21|48|79|9|36||270.0		TGTGCTCTACAAACTGGGGCAAACAACCTCTTCTTT	45	CALQTGANNLFF	:::::::::0:-4:9:::::9:-1:36:::
4242	158.0	6.211712459043979E-5	1	1.1548677676406051E-4	TGTGCTGTGAGAGGAGGGGGGATACAACTTCAACAAATTTTACTTT	NNNNNNNNNNNNNNNNNNNNNNNNNNNNNNNNNNNNNNNNNNNNNN	TRAV3*00(609.9)		TRAJ21*00(559.8)		437|450|473|0|13||130.0		19|44|75|21|46||250.0		TGTGCTGTGAGAGGAGGGGGGATACAACTTCAACAAATTTTACTTT	45	CAVRGGGI_NFNKFYF	:::::::::0:-3:13:::::21:1:46:::
4280	158.0	6.211712459043979E-5	1	1.1548677676406051E-4	TGTGCTGTGAGAGACGGCATAACCAGGGAGGAAAGCTTATCTTC	NNNNNNNNNNNNNNNNNNNNNNNNNNNNNNNNNNNNNNNNNNNN	TRAV3*00(629.8)		TRAJ23*00(569.6)		437|452|473|0|15||150.0		26|52|83|18|44||260.0		TGTGCTGTGAGAGACGGCATAACCAGGGAGGAAAGCTTATCTTC	45	CAVRDGI_QGGKLIF	:::::::::0:-1:15:::::18:-6:44:::
4549	158.0	6.211712459043979E-5	1	1.1548677676406051E-4	TGTGCTGGGCTTACCCTCAGGGCGGATCTGAAAAGCTGGTCTTT	NNNNNNNNNNNNNNNNNNNNNNNNNNNNNNNNNNNNNNNNNNNN	TRAV35*00(489.8)		TRAJ57*00(590)		588|598|620|0|10||100.0		23|52|83|15|44||290.0		TGTGCTGGGCTTACCCTCAGGGCGGATCTGAAAAGCTGGTCTTT	45	CAGLTLR_GSEKLVF	:::::::::0:-2:10:::::15:-3:44:::
4585	158.0	6.211712459043979E-5	1	1.1548677676406051E-4	TGTGCTGGGCGCGAGTCAGGGAGCCCAGAAGCTGGTATTT	NNNNNNNNNNNNNNNNNNNNNNNNNNNNNNNNNNNNNNNN	TRAV35*00(489.6)		TRAJ54*00(540)		588|598|620|0|10||100.0		24|49|80|15|40||250.0		TGTGCTGGGCGCGAGTCAGGGAGCCCAGAAGCTGGTATTT	45	CAGRESG_AQKLVF	:::::::::0:-2:10:::::15:-4:40:::
4986	158.0	6.211712459043979E-5	1	1.1548677676406051E-4	TGTGCCTTTCTCTCAGGAACCTACAAATACATCTTT	NNNNNNNNNNNNNNNNNNNNNNNNNNNNNNNNNNNN	TRAV24*00(470.6)		TRAJ40*00(540)		515|524|545|0|9||90.0		25|50|81|11|36||250.0		TGTGCCTTTCTCTCAGGAACCTACAAATACATCTTT	45	CAFLSGTYKYIF	:::::::::0:-1:9:::::11:-5:36:::
6517	158.0	6.211712459043979E-5	1	1.1548677676406051E-4	TGTGCCGCGAGTACCTCAGGAACCTACAAATACATCTTT	NNNNNNNNNNNNNNNNNNNNNNNNNNNNNNNNNNNNNNN	TRAV39*00(709.6)		TRAJ40*00(569.2)		507|514|540|0|7||70.0		22|50|81|11|39||280.0		TGTGCCGCGAGTACCTCAGGAACCTACAAATACATCTTT	45	CAASTSGTYKYIF	:::::::::0:-6:7:::::11:-2:39:::
17641	158.0	6.211712459043979E-5	1	1.1548677676406051E-4	TGTGCAGCAACGGAATAGTGGAGGTAGCAACTATAAACTGACATTT	NNNNNNNNNNNNNNNNNNNNNNNNNNNNNNNNNNNNNNNNNNNNNN	TRAV13-1*00(580)		TRAJ53*00(649.4)		511|521|544|0|10||100.0		21|55|86|12|46||340.0		TGTGCAGCAACGGAATAGTGGAGGTAGCAACTATAAACTGACATTT	45	CAATE*WR_SNYKLTF	:::::::::0:-3:10:::::12:-1:46:::
17672	158.0	6.211712459043979E-5	1	1.1548677676406051E-4	TGTGCAGCAAGTCGGATAACCAGGGAGGAAAGCTTATCTTC	NNNNNNNNNNNNNNNNNNNNNNNNNNNNNNNNNNNNNNNNN	TRAV13-1*00(599.6)		TRAJ23*00(569.4)		511|523|544|0|12||120.0		26|52|83|15|41||260.0		TGTGCAGCAAGTCGGATAACCAGGGAGGAAAGCTTATCTTC	45	CAASRIT_GGKLIF	:::::::::0:-1:12:::::15:-6:41:::
18760	158.0	6.211712459043979E-5	1	1.1548677676406051E-4	TGTGCAATGAGAGAGGGCTCGACTCAGGGCGGATCTGAAAAGCTGGTCTTT	NNNNNNNNNNNNNNNNNNNNNNNNNNNNNNNNNNNNNNNNNNNNNNNNNNN	TRAV14/DV4*00(910.8)		TRAJ57*00(559.6)		517|535|554|0|18||180.0		22|52|83|21|51||300.0		TGTGCAATGAGAGAGGGCTCGACTCAGGGCGGATCTGAAAAGCTGGTCTTT	45	CAMREGSTQGGSEKLVF	:::::::::0:1:18:::::21:-2:51:::
18826	158.0	6.211712459043979E-5	1	1.1548677676406051E-4	TGTGCAATGAGAGAAATTCAGGGAGCCCAGAAGCTGGTATTT	NNNNNNNNNNNNNNNNNNNNNNNNNNNNNNNNNNNNNNNNNN	TRAV14/DV4*00(500.6)		TRAJ54*00(569.2)		517|531|554|0|14||140.0		21|49|80|14|42||280.0		TGTGCAATGAGAGAAATTCAGGGAGCCCAGAAGCTGGTATTT	45	CAMREIQGAQKLVF	:::::::::0:-3:14:::::14:-1:42:::
18981	158.0	6.211712459043979E-5	1	1.1548677676406051E-4	TGCCTCGTGGGTGTCTCGGATAGCAACTATCAGTTAATCTGG	NNNNNNNNNNNNNNNNNNNNNNNNNNNNNNNNNNNNNNNNNN	TRAV4*00(547.1)		TRAJ33*00(539.8)		768|781|804|0|13||130.0		21|46|77|17|42||250.0		TGCCTCGTGGGTGTCTCGGATAGCAACTATCAGTTAATCTGG	45	CLVGVSDSNYQLIW	:::::::::0:-3:13:::::17:-1:42:::
19032	158.0	6.211712459043979E-5	1	1.1548677676406051E-4	TGCCTCGTGGGTGACAGGGAACAGAGATGACAAGATCATCTTT	NNNNNNNNNNNNNNNNNNNNNNNNNNNNNNNNNNNNNNNNNNN	TRAV4*00(1029.1)		TRAJ30*00(519.6)		768|784|804|0|16||160.0		21|46|77|18|43||250.0		TGCCTCGTGGGTGACAGGGAACAGAGATGACAAGATCATCTTT	45	CLVGDRE_RDDKIIF	:::::::::0:0:16:::::18:-1:43:::
19164	158.0	6.211712459043979E-5	1	1.1548677676406051E-4	TGCGCTGTACTTGGTGCTACAAACAAGCTCATCTTT	NNNNNNNNNNNNNNNNNNNNNNNNNNNNNNNNNNNN	TRAV1-1*00(650.6)		TRAJ32*00(549.3)		670|678|704|0|8||80.0		30|55|86|11|36||250.0		TGCGCTGTACTTGGTGCTACAAACAAGCTCATCTTT	45	CAVLGATNKLIF	:::::::::0:-6:8:::::11:-10:36:::
20359	158.0	6.211712459043979E-5	1	1.1548677676406051E-4	TGCATCGTCAGATCGAAATTCTGGTTCTGCAAGGCAACTGACCTTT	NNNNNNNNNNNNNNNNNNNNNNNNNNNNNNNNNNNNNNNNNNNNNN	TRAV26-1*00(609.4)		TRAJ22*00(590)		763|775|799|0|12||120.0		24|52|83|18|46||280.0		TGCATCGTCAGATCGAAATTCTGGTTCTGCAAGGCAACTGACCTTT	45	CIVRSKFW_SARQLTF	:::::::::0:-4:12:::::18:-4:46:::
20410	158.0	6.211712459043979E-5	1	1.1548677676406051E-4	TGCATCGTCAGAGTCGGTGGTGCTACAAACAAGCTCATCTTT	NNNNNNNNNNNNNNNNNNNNNNNNNNNNNNNNNNNNNNNNNN	TRAV26-1*00(649.6)		TRAJ32*00(569)		763|779|799|0|16||160.0		29|55|86|16|42||270.0		TGCATCGTCAGAGTCGGTGGTGCTACAAACAAGCTCATCTTT	45	CIVRVGGATNKLIF	:::::::::0:0:16:::::16:-9:42:::
20435	158.0	6.211712459043979E-5	1	1.1548677676406051E-4	TGCATCGTCAGAGTATTTAATGCTGGTGGTACTAGCTATGGAAAGCTGACATTT	NNNNNNNNNNNNNNNNNNNNNNNNNNNNNNNNNNNNNNNNNNNNNNNNNNNNNN	TRAV26-1*00(629.8)		TRAJ52*00(668.1)		763|777|799|0|14||140.0		21|58|89|17|54||370.0		TGCATCGTCAGAGTATTTAATGCTGGTGGTACTAGCTATGGAAAGCTGACATTT	45	CIVRVFNAGGTSYGKLTF	:::::::::0:-2:14:::::17:-1:54:::
1683	157.0	6.172397823227244E-5	1	1.1548677676406051E-4	TGTGTGGTGCTTATAACACCGACAAGCTCATCTTT	NNNNNNNNNNNNNNNNNNNNNNNNNNNNNNNNNNN	TRAV10*00(649.9)		TRAJ34*00(558.6)		575|584|608|0|9||90.0		21|47|78|9|35||260.0		TGTGTGGTGCTTATAACACCGACAAGCTCATCTTT	45	CVVLIT_DKLIF	:::::::::0:-4:9:::::9:-1:35:::
1952	157.0	6.172397823227244E-5	1	1.1548677676406051E-4	TGTGTGGTGAAGAAAGCAGATGACAAGATCATCTTT	NNNNNNNNNNNNNNNNNNNNNNNNNNNNNNNNNNNN	TRAV12-1*00(509.4)		TRAJ30*00(500)		539|550|572|0|11||110.0		27|46|77|17|36||190.0		TGTGTGGTGAAGAAAGCAGATGACAAGATCATCTTT	45	CVVKKADDKIIF	:::::::::0:-2:11:::::17:-7:36:::
2492	157.0	6.172397823227244E-5	1	1.1548677676406051E-4	TGTGCTCTGCTTGGGTCTGGGGCTGGGAGTTACCAACTCACTTTC	NNNNNNNNNNNNNNNNNNNNNNNNNNNNNNNNNNNNNNNNNNNNN	TRAV9-2*00(700.6)		TRAJ28*00(589.4)		480|489|514|0|9||90.0		25|55|86|15|45||300.0		TGTGCTCTGCTTGGGTCTGGGGCTGGGAGTTACCAACTCACTTTC	45	CALLGSGAGSYQLTF	:::::::::0:-5:9:::::15:-5:45:::
2804	157.0	6.172397823227244E-5	1	1.1548677676406051E-4	TGTGCTCTGAGTAATCAGGAGGAGGTGCTGACGGACTCACCTTT	NNNNNNNNNNNNNNNNNNNNNNNNNNNNNNNNNNNNNNNNNNNN	TRAV19*00(729)		TRAJ45*00(619.6)		556|567|593|0|11||120.0		22|55|86|11|44|ST24A|311.0		TGTGCTCTGAGTAATCAGGAGGAGGTGCTGACGGACTCACCTTT	45	CALSNQE_GADGLTF	:::::::::0:-6:11:::::11:-2:44:::
3169	157.0	6.172397823227244E-5	1	1.1548677676406051E-4	TGTGCTGTTCGTTCAGGAGGAGGTGCTGACGGACTCACCTTT	NNNNNNNNNNNNNNNNNNNNNNNNNNNNNNNNNNNNNNNNNN	TRAV22*00(509.8)		TRAJ45*00(619.4)		526|534|559|0|8||80.0		24|55|86|11|42||310.0		TGTGCTGTTCGTTCAGGAGGAGGTGCTGACGGACTCACCTTT	45	CAVRSGGGADGLTF	:::::::::0:-5:8:::::11:-4:42:::
3954	157.0	6.172397823227244E-5	1	1.1548677676406051E-4	TGTGCTGTGAGTGATCGCGACTACAAGCTCAGCTTT	NNNNNNNNNNNNNNNNNNNNNNNNNNNNNNNNNNNN	TRAV8-6*00(729.5)		TRAJ20*00(490)		448|464|482|0|16||160.0		27|46|77|17|36||190.0		TGTGCTGTGAGTGATCGCGACTACAAGCTCAGCTTT	45	CAVSDRDYKLSF	:::::::::0:2:16:::::17:-7:36:::
4756	157.0	6.172397823227244E-5	1	1.1548677676406051E-4	TGTGCTATCCACCGGGGTGCCAGACTCATGTTT	NNNNNNNNNNNNNNNNNNNNNNNNNNNNNNNNN	TRAV38-2/DV8*00(519.7)		TRAJ31*00(459.6)		602|608|638|0|6||60.0		30|46|77|17|33||160.0		TGTGCTATCCACCGGGGTGCCAGACTCATGTTT	45	CAIHRGARLMF	:::::::::0:-10:6:::::17:-10:33:::
6373	157.0	6.172397823227244E-5	1	1.1548677676406051E-4	TGTGCCGTGAACTGTGGGCTGGTGGTACTAGCTATGGAAAGCTGACATTT	NNNNNNNNNNNNNNNNNNNNNNNNNNNNNNNNNNNNNNNNNNNNNNNNNN	TRAV12-2*00(950.1)		TRAJ52*00(589.3)		551|563|584|0|12||120.0		25|58|89|17|50||330.0		TGTGCCGTGAACTGTGGGCTGGTGGTACTAGCTATGGAAAGCTGACATTT	45	CAVNCGLV_TSYGKLTF	:::::::::0:-1:12:::::17:-5:50:::
10538	157.0	6.172397823227244E-5	1	1.1548677676406051E-4	TGTGCCACCCTGGGGGGGCTGGATAGCAACTATCAGTTAATCTGG	NNNNNNNNNNNNNNNNNNNNNNNNNNNNNNNNNNNNNNNNNNNNN	TRAV24*00(959.1)		TRAJ33*00(509.7)		515|521|545|0|6||60.0		20|46|77|19|45||260.0		TGTGCCACCCTGGGGGGGCTGGATAGCAACTATCAGTTAATCTGG	45	CATLGGLDSNYQLIW	:::::::::0:-4:6:::::19:0:45:::
17430	157.0	6.172397823227244E-5	1	1.1548677676406051E-4	TGTGCAGTGGGGAATTCAGGATACAGCACCCTCACCTTT	NNNNNNNNNNNNNNNNNNNNNNNNNNNNNNNNNNNNNNN	TRAV5*00(429.6)		TRAJ11*00(589.8)		523|530|556|0|7||70.0		21|49|80|11|39||280.0		TGTGCAGTGGGGAATTCAGGATACAGCACCCTCACCTTT	45	CAVGNSGYSTLTF	:::::::::0:-6:7:::::11:-1:39:::
17564	157.0	6.172397823227244E-5	1	1.1548677676406051E-4	TGTGCAGCAGTTAACGACTACAAGCTCAGCTTT	NNNNNNNNNNNNNNNNNNNNNNNNNNNNNNNNN	TRAV29/DV5*00(539.8)		TRAJ20*00(519.8)		529|538|562|0|9||90.0		24|46|77|11|33||220.0		TGTGCAGCAGTTAACGACTACAAGCTCAGCTTT	45	CAAVNDYKLSF	:::::::::0:-4:9:::::11:-4:33:::
17596	157.0	6.172397823227244E-5	1	1.1548677676406051E-4	TGTGCAGCAATCGACTACAAGCTCAGCTTT	NNNNNNNNNNNNNNNNNNNNNNNNNNNNNN	TRAV13-1*00(579.7)		TRAJ20*00(489.4)		511|521|544|0|10||100.0		27|46|77|11|30||190.0		TGTGCAGCAATCGACTACAAGCTCAGCTTT	45	CAAIDYKLSF	:::::::::0:-3:10:::::11:-7:30:::
18552	157.0	6.172397823227244E-5	1	1.1548677676406051E-4	TGTGCAATGCCCTATGAATAATAATGCAGGCAACATGCTCACCTTT	NNNNNNNNNNNNNNNNNNNNNNNNNNNNNNNNNNNNNNNNNNNNNN	TRAV12-3*00(460.8),TRAV12-2*00(449.8)		TRAJ39*00(639.1)		562|571|595|0|9||90.0;551|556|584|0|5||50.0		19|52|83|13|46||330.0		TGTGCAATGCCCTATGAATAATAATGCAGGCAACATGCTCACCTTT	45	CAMPYE**_AGNMLTF	:::::::::0:-4:9:::::13:1:46:::
18585	157.0	6.172397823227244E-5	1	1.1548677676406051E-4	TGTGCAATGACCACCAACACCGGTAACCAGTTCTATTTT	NNNNNNNNNNNNNNNNNNNNNNNNNNNNNNNNNNNNNNN	TRAV12-3*00(960)		TRAJ49*00(519.8)		562|572|595|0|10||100.0		21|45|76|15|39||240.0		TGTGCAATGACCACCAACACCGGTAACCAGTTCTATTTT	45	CAMTTNTGNQFYF	:::::::::0:-3:10:::::15:-1:39:::
18603	157.0	6.172397823227244E-5	1	1.1548677676406051E-4	TGTGCAATGAGCTATACTCTGGGGCTGGGAGTTACCAACTCACTTTC	NNNNNNNNNNNNNNNNNNNNNNNNNNNNNNNNNNNNNNNNNNNNNNN	TRAV14/DV4*00(838.2)		TRAJ28*00(628.9)		517|528|554|0|11||110.0		21|55|86|13|47||340.0		TGTGCAATGAGCTATACTCTGGGGCTGGGAGTTACCAACTCACTTTC	45	CAMSYTLG_GSYQLTF	:::::::::0:-6:11:::::13:-1:47:::
18610	157.0	6.172397823227244E-5	1	1.1548677676406051E-4	TGTGCAATGAGCCCCGTGGCTCTAGCAACACAGGCAAACTAATCTTT	NNNNNNNNNNNNNNNNNNNNNNNNNNNNNNNNNNNNNNNNNNNNNNN	TRAV12-3*00(490.1)		TRAJ37*00(591.3)		562|574|595|0|12||120.0		17|51|82|13|47|SA19GSG27A|282.0		TGTGCAATGAGCCCCGTGGCTCTAGCAACACAGGCAAACTAATCTTT	45	CAMSPVAL_NTGKLIF	:::::::::0:-1:12:::::13:3:47:::
18629	157.0	6.172397823227244E-5	1	1.1548677676406051E-4	TGTGCAATGAGCGCCGAACACCGGTAACCAGTTCTATTTT	NNNNNNNNNNNNNNNNNNNNNNNNNNNNNNNNNNNNNNNN	TRAV12-3*00(510.9)		TRAJ49*00(560)		562|576|595|0|14||140.0		19|45|76|14|40||260.0		TGTGCAATGAGCGCCGAACACCGGTAACCAGTTCTATTTT	45	CAMSAEH_GNQFYF	:::::::::0:1:14:::::14:1:40:::
19067	157.0	6.172397823227244E-5	1	1.1548677676406051E-4	TGCCTCGTGAAGGGAGGAGGTGCTGACGGACTCACCTTT	NNNNNNNNNNNNNNNNNNNNNNNNNNNNNNNNNNNNNNN	TRAV4*00(959.8)		TRAJ45*00(539.1)		768|777|804|0|9||90.0		28|55|86|12|39||270.0		TGCCTCGTGAAGGGAGGAGGTGCTGACGGACTCACCTTT	45	CLVKGGGADGLTF	:::::::::0:-7:9:::::12:-8:39:::
21392	157.0	6.172397823227244E-5	1	1.1548677676406051E-4	AGAGGGAGCCCAGAAGCTGGTATTT	NNNNNNNNNNNNNNNNNNNNNNNNN	TRAV17*00(809)		TRAJ54*00(518.9)		490|490|523|0|0||0.0		26|49|80|2|25||230.0		AGAGGGAGCCCAGAAGCTGGTATTT	45	RGSP_KLVF	:::::::::0:-13:0:::::2:-6:25:::
1512	156.0	6.13308318741051E-5	1	1.1548677676406051E-4	TGTTCCACCTAATACTGGAGCCAATAGTAAGCTGACATTT	NNNNNNNNNNNNNNNNNNNNNNNNNNNNNNNNNNNNNNNN	TRAV40*00(807.8)		TRAJ56*00(599.3)		436|439|470|0|3||30.0		22|51|82|11|40||290.0		TGTTCCACCTAATACTGGAGCCAATAGTAAGCTGACATTT	45	CST*YWS_NSKLTF	:::::::::0:-11:3:::::11:-2:40:::
1679	156.0	6.13308318741051E-5	1	1.1548677676406051E-4	TGTGTGGTGTGGGGCTCTAGCAACACAGGCAAACTAATCTTT	NNNNNNNNNNNNNNNNNNNNNNNNNNNNNNNNNNNNNNNNNN	TRAV12-1*00(920.3)		TRAJ37*00(540.6)		539|548|572|0|9||90.0		21|51|82|12|42|SG27A|271.0		TGTGTGGTGTGGGGCTCTAGCAACACAGGCAAACTAATCTTT	45	CVVWGSSNTGKLIF	:::::::::0:-4:9:::::12:-1:42:::
1802	156.0	6.13308318741051E-5	1	1.1548677676406051E-4	TGTGTGGTGAGCGCGAGAGGAGGAAGCTACATACCTACATTT	NNNNNNNNNNNNNNNNNNNNNNNNNNNNNNNNNNNNNNNNNN	TRAV10*00(709.6)		TRAJ6*00(559.8)		575|590|608|0|15||150.0		26|51|82|17|42||250.0		TGTGTGGTGAGCGCGAGAGGAGGAAGCTACATACCTACATTT	45	CVVSARGGSYIPTF	:::::::::0:2:15:::::17:-6:42:::
3235	156.0	6.13308318741051E-5	1	1.1548677676406051E-4	TGTGCTGTCCCGTATTCAGGAGGAGGTGCTGACGGACTCACCTTT	NNNNNNNNNNNNNNNNNNNNNNNNNNNNNNNNNNNNNNNNNNNNN	TRAV21*00(949.3)		TRAJ45*00(610)		544|552|576|0|8||80.0		21|55|86|11|45||340.0		TGTGCTGTCCCGTATTCAGGAGGAGGTGCTGACGGACTCACCTTT	45	CAVPYSGGGADGLTF	:::::::::0:-4:8:::::11:-1:45:::
3297	156.0	6.13308318741051E-5	1	1.1548677676406051E-4	TGTGCTGTCACAGGCTTTCAGAAACTTGTATTT	NNNNNNNNNNNNNNNNNNNNNNNNNNNNNNNNN	TRAV8-4*00(629.5)		TRAJ8*00(539.9)		476|484|510|0|8||80.0		24|49|80|8|33||250.0		TGTGCTGTCACAGGCTTTCAGAAACTTGTATTT	45	CAVTGFQKLVF	:::::::::0:-6:8:::::8:-4:33:::
3851	156.0	6.13308318741051E-5	1	1.1548677676406051E-4	TGTGCTGTGAGTTGGGCAGGATACAGCACCCTCACCTTT	NNNNNNNNNNNNNNNNNNNNNNNNNNNNNNNNNNNNNNN	TRAV21*00(979.3)		TRAJ11*00(500)		544|555|576|0|11||110.0		26|49|80|16|39||230.0		TGTGCTGTGAGTTGGGCAGGATACAGCACCCTCACCTTT	45	CAVSWAGYSTLTF	:::::::::0:-1:11:::::16:-6:39:::
6266	156.0	6.13308318741051E-5	1	1.1548677676406051E-4	TGTGCCGTGGAAATACTGGAGGCTTCAAAACTATCTTT	NNNNNNNNNNNNNNNNNNNNNNNNNNNNNNNNNNNNNN	TRAV12-2*00(460.6),TRAV12-3*00(449.8)		TRAJ9*00(599.8)		551|560|584|0|9||90.0;562|567|595|0|5||50.0		21|50|81|9|38||300.0		TGTGCCGTGGAAATACTGGAGGCTTCAAAACTATCTTT	45	CAVEIL_GFKTIF	:::::::::0:-4:9:::::9:-1:38:::
6488	156.0	6.13308318741051E-5	1	1.1548677676406051E-4	TGTGCCGCCTTAGTCGGTGGTACTAGCTATGGAAAGCTGACATTT	NNNNNNNNNNNNNNNNNNNNNNNNNNNNNNNNNNNNNNNNNNNNN	TRAV12-1*00(394.5)		TRAJ52*00(595.7)		539|543|572|0|4||40.0		28|58|89|15|45||300.0		TGTGCCGCCTTAGTCGGTGGTACTAGCTATGGAAAGCTGACATTT	45	CAALVGGTSYGKLTF	:::::::::0:-9:4:::::15:-8:45:::
17531	156.0	6.13308318741051E-5	1	1.1548677676406051E-4	TGTGCAGCATTCAACCGGGAATATAGAAACAAACTGGTCTTT	NNNNNNNNNNNNNNNNNNNNNNNNNNNNNNNNNNNNNNNNNN	TRAV13-1*00(949.4)		TRAJ47*00(490.3)		511|520|544|0|9||90.0		21|46|77|17|42|SG28A|221.0		TGTGCAGCATTCAACCGGGAATATAGAAACAAACTGGTCTTT	45	CAAFNREYRNKLVF	:::::::::0:-4:9:::::17:-1:42:::
17769	156.0	6.13308318741051E-5	1	1.1548677676406051E-4	TGTGCAGCAAGTAAGAATAACAATGACATGCGCTTT	NNNNNNNNNNNNNNNNNNNNNNNNNNNNNNNNNNNN	TRAV13-1*00(989)		TRAJ43*00(509.6)		511|524|544|0|13||130.0		22|43|74|15|36||210.0		TGTGCAGCAAGTAAGAATAACAATGACATGCGCTTT	45	CAASKNNNDMRF	:::::::::0:0:13:::::15:-2:36:::
17950	156.0	6.13308318741051E-5	1	1.1548677676406051E-4	TGTGCAGCAAGCGATAGCAGCGGAGACAAGCTGACTTTT	NNNNNNNNNNNNNNNNNNNNNNNNNNNNNNNNNNNNNNN	TRAV29/DV5*00(540)		TRAJ46*00(539.6)		529|542|562|0|13||130.0		28|52|83|15|39||240.0		TGTGCAGCAAGCGATAGCAGCGGAGACAAGCTGACTTTT	45	CAASDSSGDKLTF	:::::::::0:0:13:::::15:-8:39:::
18659	156.0	6.13308318741051E-5	1	1.1548677676406051E-4	TGTGCAATGAGCGGAAGATAGCAACTATCAGTTAATCTGG	NNNNNNNNNNNNNNNNNNNNNNNNNNNNNNNNNNNNNNNN	TRAV12-3*00(500.6)		TRAJ33*00(529.4)		562|575|595|0|13||130.0		22|46|77|16|40||240.0		TGTGCAATGAGCGGAAGATAGCAACTATCAGTTAATCTGG	45	CAMSGR*_NYQLIW	:::::::::0:0:13:::::16:-2:40:::
18669	156.0	6.13308318741051E-5	1	1.1548677676406051E-4	TGTGCAATGAGGCCGCCTGAATAATAATGCAGGCAACATGCTCACCTTT	NNNNNNNNNNNNNNNNNNNNNNNNNNNNNNNNNNNNNNNNNNNNNNNNN	TRAV14/DV4*00(471)		TRAJ39*00(629.9)		517|528|554|0|11||110.0		20|52|83|17|49||320.0		TGTGCAATGAGGCCGCCTGAATAATAATGCAGGCAACATGCTCACCTTT	45	CAMRPPE*_NAGNMLTF	:::::::::0:-6:11:::::17:0:49:::
18789	156.0	6.13308318741051E-5	1	1.1548677676406051E-4	TGTGCAATGAGAGAGGGCATCTAGGGGAATAACAATGCCAGACTCATGTTT	NNNNNNNNNNNNNNNNNNNNNNNNNNNNNNNNNNNNNNNNNNNNNNNNNNN	TRAV14/DV4*00(910.2)		TRAJ31*00(519.9)		517|535|554|0|18||180.0		20|46|77|25|51||260.0		TGTGCAATGAGAGAGGGCATCTAGGGGAATAACAATGCCAGACTCATGTTT	45	CAMREGI*GNNNARLMF	:::::::::0:1:18:::::25:0:51:::
18794	156.0	6.13308318741051E-5	1	1.1548677676406051E-4	TGTGCAATGAGAGAGGGGTTCACCGGTAACCAGTTCTATTTT	NNNNNNNNNNNNNNNNNNNNNNNNNNNNNNNNNNNNNNNNNN	TRAV14/DV4*00(529.8)		TRAJ49*00(519.8)		517|534|554|0|17||170.0		23|45|76|20|42||220.0		TGTGCAATGAGAGAGGGGTTCACCGGTAACCAGTTCTATTTT	45	CAMREGFTGNQFYF	:::::::::0:0:17:::::20:-3:42:::
19050	156.0	6.13308318741051E-5	1	1.1548677676406051E-4	TGCCTCGTGGGCCCGGGTGGGAATATGGAAACAAGCTGGTCTTT	NNNNNNNNNNNNNNNNNNNNNNNNNNNNNNNNNNNNNNNNNNNN	TRAV4*00(529.9)		TRAJ47*00(530.4)		768|779|804|0|11||110.0		21|46|77|19|44|SA36G|221.0		TGCCTCGTGGGCCCGGGTGGGAATATGGAAACAAGCTGGTCTTT	45	CLVGPGG_YGNKLVF	:::::::::0:-5:11:::::19:-1:44:::
20188	156.0	6.13308318741051E-5	1	1.1548677676406051E-4	TGCATCTCTGACCCTGATGGAATATAGAAACAAACTGGTCTTT	NNNNNNNNNNNNNNNNNNNNNNNNNNNNNNNNNNNNNNNNNNN	TRAV26-1*00(549.1)		TRAJ47*00(550.6)		763|769|799|0|6||60.0		19|46|77|16|43|SG28A|241.0		TGCATCTCTGACCCTGATGGAATATAGAAACAAACTGGTCTTT	45	CISDPDG_YRNKLVF	:::::::::0:-10:6:::::16:1:43:::
1730	155.0	6.093768551593776E-5	1	1.1548677676406051E-4	TGTGTGGTGACCTTTCTGGTGGCTACAATAAGCTGATTTTT	NNNNNNNNNNNNNNNNNNNNNNNNNNNNNNNNNNNNNNNNN	TRAV12-1*00(500)		TRAJ4*00(445)		539|549|572|0|10||100.0		23|52|83|12|41||290.0		TGTGTGGTGACCTTTCTGGTGGCTACAATAAGCTGATTTTT	45	CVVTFLV_YNKLIF	:::::::::0:-3:10:::::12:-3:41:::
1738	155.0	6.093768551593776E-5	1	1.1548677676406051E-4	TGTGTGGTGACCCGGTCAGAATTTTGTCTTT	NNNNNNNNNNNNNNNNNNNNNNNNNNNNNNN	TRAV12-1*00(959.6)		TRAJ26*00(480)		539|549|572|0|10||100.0		31|49|80|13|31||180.0		TGTGTGGTGACCCGGTCAGAATTTTGTCTTT	45	CVVTR_QNFVF	:::::::::0:-3:10:::::13:-11:31:::
2562	155.0	6.093768551593776E-5	1	1.1548677676406051E-4	TGTGCTCTGACCCAAGGAGGTTCTGCAAGGCAACTGACCTTT	NNNNNNNNNNNNNNNNNNNNNNNNNNNNNNNNNNNNNNNNNN	TRAV19*00(709.8)		TRAJ22*00(549.8)		556|566|593|0|10||100.0		28|52|83|18|42||240.0		TGTGCTCTGACCCAAGGAGGTTCTGCAAGGCAACTGACCTTT	45	CALTQGGSARQLTF	:::::::::0:-7:10:::::18:-8:42:::
3481	155.0	6.093768551593776E-5	1	1.1548677676406051E-4	TGTGCTGTGGTTTCAGGAGGAAGCTACATACCTACATTT	NNNNNNNNNNNNNNNNNNNNNNNNNNNNNNNNNNNNNNN	TRAV3*00(569.8)		TRAJ6*00(579.8)		437|446|473|0|9||90.0		24|51|82|12|39||270.0		TGTGCTGTGGTTTCAGGAGGAAGCTACATACCTACATTT	45	CAVVSGGSYIPTF	:::::::::0:-7:9:::::12:-4:39:::
3536	155.0	6.093768551593776E-5	1	1.1548677676406051E-4	TGTGCTGTGGCAGGTGGAGGAGGTGCTGACGGACTCACCTTT	NNNNNNNNNNNNNNNNNNNNNNNNNNNNNNNNNNNNNNNNNN	TRAV21*00(959.4)		TRAJ45*00(539.4)		544|553|576|0|9||90.0		28|55|86|15|42||270.0		TGTGCTGTGGCAGGTGGAGGAGGTGCTGACGGACTCACCTTT	45	CAVAGGGGADGLTF	:::::::::0:-3:9:::::15:-8:42:::
3884	155.0	6.093768551593776E-5	1	1.1548677676406051E-4	TGTGCTGTGAGTGTACGGAGCACCAATGCAGGCAAATCAACCTTT	NNNNNNNNNNNNNNNNNNNNNNNNNNNNNNNNNNNNNNNNNNNNN	TRAV8-6*00(700.2)		TRAJ27*00(539.3)		448|461|482|0|13||130.0		23|48|79|20|45||250.0		TGTGCTGTGAGTGTACGGAGCACCAATGCAGGCAAATCAACCTTT	45	CAVSVRSTNAGKSTF	:::::::::0:-1:13:::::20:-3:45:::
4036	155.0	6.093768551593776E-5	1	1.1548677676406051E-4	TGTGCTGTGAGTGAACTTGGCTCACCTTT	NNNNNNNNNNNNNNNNNNNNNNNNNNNNN	TRAV8-6*00(709.3)		TRAJ39*00(409.6)		448|462|482|0|14||140.0		42|52|83|19|29||100.0		TGTGCTGTGAGTGAACTTGGCTCACCTTT	45	CAVSE_WLTF	:::::::::0:0:14:::::19:-22:29:::
4699	155.0	6.093768551593776E-5	1	1.1548677676406051E-4	TGTGCTGGGGCCAATGAGAAATTAACCTTT	NNNNNNNNNNNNNNNNNNNNNNNNNNNNNN	TRAV35*00(929.8)		TRAJ48*00(490)		588|597|620|0|9||90.0		34|52|83|12|30||180.0		TGTGCTGGGGCCAATGAGAAATTAACCTTT	45	CAGANEKLTF	:::::::::0:-3:9:::::12:-14:30:::
6274	155.0	6.093768551593776E-5	1	1.1548677676406051E-4	TGTGCCGTGATCTTTGACCGGAACAGAGATGACAAGATCATCTTT	NNNNNNNNNNNNNNNNNNNNNNNNNNNNNNNNNNNNNNNNNNNNN	TRAV8-1*00(569.6)		TRAJ30*00(559.8)		474|484|508|0|10||100.0		21|46|77|20|45||250.0		TGTGCCGTGATCTTTGACCGGAACAGAGATGACAAGATCATCTTT	45	CAVIFDRNRDDKIIF	:::::::::0:-4:10:::::20:-1:45:::
17782	155.0	6.093768551593776E-5	1	1.1548677676406051E-4	TGTGCAGCAAGCTTGGGAGGAGGTGCTGACGGACTCACCTTT	NNNNNNNNNNNNNNNNNNNNNNNNNNNNNNNNNNNNNNNNNN	TRAV23/DV6*00(491)		TRAJ45*00(579.8)		517|532|550|0|15|SA529T|121.0		28|55|86|15|42||270.0		TGTGCAGCAAGCTTGGGAGGAGGTGCTGACGGACTCACCTTT	45	CAASLGGGADGLTF	:::::::::0:2:15:::::15:-8:42:::
18188	155.0	6.093768551593776E-5	1	1.1548677676406051E-4	TGTGCAGGGGTCCTCAGGAACCTACAAATACATCTTT	NNNNNNNNNNNNNNNNNNNNNNNNNNNNNNNNNNNNN	TRAV29/DV5*00(519.9)		TRAJ40*00(549.8)		529|536|562|0|7||70.0		24|50|81|11|37||260.0		TGTGCAGGGGTCCTCAGGAACCTACAAATACATCTTT	45	CAGVLR_TYKYIF	:::::::::0:-6:7:::::11:-4:37:::
18683	155.0	6.093768551593776E-5	1	1.1548677676406051E-4	TGTGCAATGAGGAACCAGGCAGGAACTGCTCTGATCTTT	NNNNNNNNNNNNNNNNNNNNNNNNNNNNNNNNNNNNNNN	TRAV12-3*00(510)		TRAJ15*00(579.5)		562|573|595|0|11||110.0		22|49|80|12|39||270.0		TGTGCAATGAGGAACCAGGCAGGAACTGCTCTGATCTTT	45	CAMRNQAGTALIF	:::::::::0:-2:11:::::12:-2:39:::
18796	155.0	6.093768551593776E-5	1	1.1548677676406051E-4	TGTGCAATGAGAGAGGGGTATGGTCAGAATTTTGTCTTT	NNNNNNNNNNNNNNNNNNNNNNNNNNNNNNNNNNNNNNN	TRAV14/DV4*00(900.4)		TRAJ26*00(499.3)		517|534|554|0|17||170.0		28|49|80|18|39||210.0		TGTGCAATGAGAGAGGGGTATGGTCAGAATTTTGTCTTT	45	CAMREGYGQNFVF	:::::::::0:0:17:::::18:-8:39:::
19029	155.0	6.093768551593776E-5	1	1.1548677676406051E-4	TGCCTCGTGGGTGACATGGGAATGACATGCGCTTT	NNNNNNNNNNNNNNNNNNNNNNNNNNNNNNNNNNN	TRAV4*00(599.4)		TRAJ43*00(449.8)		768|786|804|0|18||180.0		28|43|74|20|35||150.0		TGCCTCGTGGGTGACATGGGAATGACATGCGCTTT	45	CLVGDM_NDMRF	:::::::::0:2:18:::::20:-8:35:::
19163	155.0	6.093768551593776E-5	1	1.1548677676406051E-4	TGCGCTGTGAAAGGAAGCCAAGGAAATCTCATCTTT	NNNNNNNNNNNNNNNNNNNNNNNNNNNNNNNNNNNN	TRAV1-1*00(671.2)		TRAJ42*00(549.1)		670|682|704|0|12|SG680A|101.0		31|55|86|12|36||250.0		TGCGCTGTGAAAGGAAGCCAAGGAAATCTCATCTTT	45	CAVKGSQGNLIF	:::::::::0:-2:12:::::12:-11:36:::
20450	155.0	6.093768551593776E-5	1	1.1548677676406051E-4	TGCATCGTCAGAGGCTCCACCGACAAGCTCATCTTT	NNNNNNNNNNNNNNNNNNNNNNNNNNNNNNNNNNNN	TRAV26-1*00(619.5)		TRAJ34*00(490)		763|776|799|0|13||130.0		28|47|78|17|36||190.0		TGCATCGTCAGAGGCTCCACCGACAAGCTCATCTTT	45	CIVRGSTDKLIF	:::::::::0:-3:13:::::17:-8:36:::
1680	154.0	6.054453915777042E-5	1	1.1548677676406051E-4	TGTGTGGTGTATGGCTCTAGCAACACAGGCAAACTAATCTTT	NNNNNNNNNNNNNNNNNNNNNNNNNNNNNNNNNNNNNNNNNN	TRAV12-2*00(440),TRAV12-1*00(432)		TRAJ37*00(600.4)		551|555|584|0|4||40.0;539|548|572|0|9||90.0		19|51|82|10|42|SG27A|291.0		TGTGTGGTGTATGGCTCTAGCAACACAGGCAAACTAATCTTT	45	CVVYGSSNTGKLIF	:::::::::0:-9:4:::::10:1:42:::
1699	154.0	6.054453915777042E-5	1	1.1548677676406051E-4	TGTGTGGTGGCCAACCCCCAGGCAGGAACTGCTCTGATCTTT	NNNNNNNNNNNNNNNNNNNNNNNNNNNNNNNNNNNNNNNNNN	TRAV12-2*00(439.7),TRAV12-1*00(431.7)		TRAJ15*00(469.6)		551|555|584|0|4||40.0;539|548|572|0|9||90.0		24|49|80|17|42||250.0		TGTGTGGTGGCCAACCCCCAGGCAGGAACTGCTCTGATCTTT	45	CVVANPQAGTALIF	:::::::::0:-9:4:::::17:-4:42:::
1827	154.0	6.054453915777042E-5	1	1.1548677676406051E-4	TGTGTGGTGAGGGGGCGAACTATGGTCAGAATTTTGTCTTT	NNNNNNNNNNNNNNNNNNNNNNNNNNNNNNNNNNNNNNNNN	TRAV12-1*00(960)		TRAJ26*00(500)		539|549|572|0|10||100.0		25|49|80|17|41||240.0		TGTGTGGTGAGGGGGCGAACTATGGTCAGAATTTTGTCTTT	45	CVVRGRT_GQNFVF	:::::::::0:-3:10:::::17:-5:41:::
2498	154.0	6.054453915777042E-5	1	1.1548677676406051E-4	TGTGCTCTGCCGACCTCAGGAACCTACAAATACATCTTT	NNNNNNNNNNNNNNNNNNNNNNNNNNNNNNNNNNNNNNN	TRAV16*00(949.1)		TRAJ40*00(538.9)		449|457|483|0|8||80.0		23|50|81|12|39||270.0		TGTGCTCTGCCGACCTCAGGAACCTACAAATACATCTTT	45	CALPTSGTYKYIF	:::::::::0:-6:8:::::12:-3:39:::
3064	154.0	6.054453915777042E-5	1	1.1548677676406051E-4	TGTGCTCCCCCTATGGTCAGAATTTTGTCTTT	NNNNNNNNNNNNNNNNNNNNNNNNNNNNNNNN	TRAV16*00(479.6)		TRAJ26*00(510)		449|456|483|0|7||70.0		27|49|80|10|32||220.0		TGTGCTCCCCCTATGGTCAGAATTTTGTCTTT	45	CAPPM_QNFVF	:::::::::0:-7:7:::::10:-7:32:::
4311	154.0	6.054453915777042E-5	1	1.1548677676406051E-4	TGTGCTGTGAGAGAAAGCTCTAGCAACACAGGCAAACTAATCTTT	NNNNNNNNNNNNNNNNNNNNNNNNNNNNNNNNNNNNNNNNNNNNN	TRAV3*00(619.5)		TRAJ37*00(569.9)		437|451|473|0|14||140.0		22|51|82|16|45|SG27A|261.0		TGTGCTGTGAGAGAAAGCTCTAGCAACACAGGCAAACTAATCTTT	45	CAVRESSSNTGKLIF	:::::::::0:-2:14:::::16:-2:45:::
4651	154.0	6.054453915777042E-5	1	1.1548677676406051E-4	TGTGCTGGGCAGCCAGCTGGTGGTACTAGCTATGGAAAGCTGACATTT	NNNNNNNNNNNNNNNNNNNNNNNNNNNNNNNNNNNNNNNNNNNNNNNN	TRAV35*00(519.8)		TRAJ52*00(629.6)		588|601|620|0|13||130.0		25|58|89|15|48||330.0		TGTGCTGGGCAGCCAGCTGGTGGTACTAGCTATGGAAAGCTGACATTT	45	CAGQPAGGTSYGKLTF	:::::::::0:1:13:::::15:-5:48:::
6236	154.0	6.054453915777042E-5	1	1.1548677676406051E-4	TGTGCCGTGGACATTTAATGGGGAAGCCAAGGAAATCTCATCTTT	NNNNNNNNNNNNNNNNNNNNNNNNNNNNNNNNNNNNNNNNNNNNN	TRAV39*00(779.4)		TRAJ42*00(539.6)		507|521|540|0|14||140.0		31|55|86|21|45||240.0		TGTGCCGTGGACATTTAATGGGGAAGCCAAGGAAATCTCATCTTT	45	CAVDI*WGSQGNLIF	:::::::::0:1:14:::::21:-11:45:::
6303	154.0	6.054453915777042E-5	1	1.1548677676406051E-4	TGTGCCGTGACCGACGAGGGCTTTGGGAATGTGCTGCATTGC	NNNNNNNNNNNNNNNNNNNNNNNNNNNNNNNNNNNNNNNNNN	TRAV12-2*00(624.7)		TRAJ35*00(528.7)		551|561|584|0|10||100.0		24|48|79|18|42||240.0		TGTGCCGTGACCGACGAGGGCTTTGGGAATGTGCTGCATTGC	45	CAVTDEGFGNVLHC	:::::::::0:-3:10:::::18:-4:42:::
18109	154.0	6.054453915777042E-5	1	1.1548677676406051E-4	TGTGCAGGTCGCTCAAATTCCGGGTATGCACTCAACTTC	NNNNNNNNNNNNNNNNNNNNNNNNNNNNNNNNNNNNNNN	TRAV27*00(633)		TRAJ41*00(539.8)		552|560|582|0|8||80.0		23|51|82|11|39||280.0		TGTGCAGGTCGCTCAAATTCCGGGTATGCACTCAACTTC	45	CAGRSNSGYALNF	:::::::::0:-2:8:::::11:-3:39:::
18556	154.0	6.054453915777042E-5	1	1.1548677676406051E-4	TGTGCAATGCATGGCTCTAGCAACACAGGCAAACTAATCTTT	NNNNNNNNNNNNNNNNNNNNNNNNNNNNNNNNNNNNNNNNNN	TRAV12-3*00(460.6),TRAV12-2*00(449.6)		TRAJ37*00(609.9)		562|571|595|0|9||90.0;551|556|584|0|5||50.0		18|51|82|9|42|SG27A|301.0		TGTGCAATGCATGGCTCTAGCAACACAGGCAAACTAATCTTT	45	CAMHGSSNTGKLIF	:::::::::0:-4:9:::::9:2:42:::
18644	154.0	6.054453915777042E-5	1	1.1548677676406051E-4	TGTGCAATGAGCGCGAGTACTAGCTATGGAAAGCTGACATTT	NNNNNNNNNNNNNNNNNNNNNNNNNNNNNNNNNNNNNNNNNN	TRAV12-3*00(520.7)		TRAJ52*00(559.4)		562|577|595|0|15||150.0		32|58|89|16|42||260.0		TGTGCAATGAGCGCGAGTACTAGCTATGGAAAGCTGACATTT	45	CAMSASTSYGKLTF	:::::::::0:2:15:::::16:-12:42:::
18730	154.0	6.054453915777042E-5	1	1.1548677676406051E-4	TGTGCAATGAGAGAGCCGGAATCAGGAGGAGGTGCTGACGGACTCACCTTT	NNNNNNNNNNNNNNNNNNNNNNNNNNNNNNNNNNNNNNNNNNNNNNNNNNN	TRAV14/DV4*00(511)		TRAJ45*00(609.8)		517|532|554|0|15||150.0		25|55|86|21|51||300.0		TGTGCAATGAGAGAGCCGGAATCAGGAGGAGGTGCTGACGGACTCACCTTT	45	CAMREPESGGGADGLTF	:::::::::0:-2:15:::::21:-5:51:::
18746	154.0	6.054453915777042E-5	1	1.1548677676406051E-4	TGTGCAATGAGAGAGGCGCAGAATTCTGGGGGTTACCAGAAAGTTACCTTT	NNNNNNNNNNNNNNNNNNNNNNNNNNNNNNNNNNNNNNNNNNNNNNNNNNN	TRAV14/DV4*00(521)		TRAJ13*00(609.2)		517|533|554|0|16||160.0		21|52|83|20|51||310.0		TGTGCAATGAGAGAGGCGCAGAATTCTGGGGGTTACCAGAAAGTTACCTTT	45	CAMREAQNSGGYQKVTF	:::::::::0:-1:16:::::20:-1:51:::
20366	154.0	6.054453915777042E-5	1	1.1548677676406051E-4	TGCATCGTCAGACCCGGACAATTCAGGATACAGCACCCTCACCTTT	NNNNNNNNNNNNNNNNNNNNNNNNNNNNNNNNNNNNNNNNNNNNNN	TRAV26-1*00(610)		TRAJ11*00(579.9)		763|775|799|0|12||120.0		22|49|80|19|46||270.0		TGCATCGTCAGACCCGGACAATTCAGGATACAGCACCCTCACCTTT	45	CIVRPGQF_GYSTLTF	:::::::::0:-4:12:::::19:-2:46:::
2054	153.0	6.015139279960308E-5	1	1.1548677676406051E-4	TGTGCTTTCATGAAGCTAGTATCAAATTCCGGGTATGCACTCAACTTC	NNNNNNNNNNNNNNNNNNNNNNNNNNNNNNNNNNNNNNNNNNNNNNNN	TRAV38-1*00(618)		TRAJ41*00(527.6)		596|612|633|0|16||160.0		24|51|82|21|48||270.0		TGTGCTTTCATGAAGCTAGTATCAAATTCCGGGTATGCACTCAACTTC	45	CAFMKLVSNSGYALNF	:::::::::0:-1:16:::::21:-4:48:::
2180	153.0	6.015139279960308E-5	1	1.1548677676406051E-4	TGTGCTTATATCTCACACCGGTAACCAGTTCTATTTT	NNNNNNNNNNNNNNNNNNNNNNNNNNNNNNNNNNNNN	TRAV38-2/DV8*00(559.8)		TRAJ49*00(529.4)		602|612|638|0|10||100.0		22|45|76|14|37||230.0		TGTGCTTATATCTCACACCGGTAACCAGTTCTATTTT	45	CAYISH_GNQFYF	:::::::::0:-6:10:::::14:-2:37:::
2344	153.0	6.015139279960308E-5	1	1.1548677676406051E-4	TGTGCTCTTGGGGAGCGTCTGGGGGTTACCAGAAAGTTACCTTT	NNNNNNNNNNNNNNNNNNNNNNNNNNNNNNNNNNNNNNNNNNNN	TRDV1*00(669.6)		TRAJ13*00(569.8)		573|587|610|0|14||140.0		25|52|83|17|44||270.0		TGTGCTCTTGGGGAGCGTCTGGGGGTTACCAGAAAGTTACCTTT	45	CALGERL_GYQKVTF	:::::::::0:-3:14:::::17:-5:44:::
3212	153.0	6.015139279960308E-5	1	1.1548677676406051E-4	TGTGCTGTCTCCACCAATGCAGGCAAATCAACCTTT	NNNNNNNNNNNNNNNNNNNNNNNNNNNNNNNNNNNN	TRAV8-6*00(650)		TRAJ27*00(539.5)		448|456|482|0|8||80.0		23|48|79|11|36||250.0		TGTGCTGTCTCCACCAATGCAGGCAAATCAACCTTT	45	CAVSTNAGKSTF	:::::::::0:-6:8:::::11:-3:36:::
3865	153.0	6.015139279960308E-5	1	1.1548677676406051E-4	TGTGCTGTGAGTCCCTCTAGCAACACAGGCAAACTAATCTTT	NNNNNNNNNNNNNNNNNNNNNNNNNNNNNNNNNNNNNNNNNN	TRAV8-4*00(669.8)		TRAJ37*00(560)		476|488|510|0|12||120.0		23|51|82|14|42|SG27A|251.0		TGTGCTGTGAGTCCCTCTAGCAACACAGGCAAACTAATCTTT	45	CAVSPSSNTGKLIF	:::::::::0:-2:12:::::14:-3:42:::
4033	153.0	6.015139279960308E-5	1	1.1548677676406051E-4	TGTGCTGTGAGTGAATCCACGGGCAGGAGAGCACTTACTTTT	NNNNNNNNNNNNNNNNNNNNNNNNNNNNNNNNNNNNNNNNNN	TRAV8-6*00(709.4)		TRAJ5*00(549)		448|462|482|0|14||140.0		24|49|80|17|42||250.0		TGTGCTGTGAGTGAATCCACGGGCAGGAGAGCACTTACTTTT	45	CAVSESTGRRALTF	:::::::::0:0:14:::::17:-4:42:::
4575	153.0	6.015139279960308E-5	1	1.1548677676406051E-4	TGTGCTGGGCCACTTCTCCCCAGACTCATGTTT	NNNNNNNNNNNNNNNNNNNNNNNNNNNNNNNNN	TRAV35*00(489.4)		TRAJ31*00(440)		588|598|620|0|10||100.0		32|46|77|19|33||140.0		TGTGCTGGGCCACTTCTCCCCAGACTCATGTTT	45	CAGPLLPRLMF	:::::::::0:-2:10:::::19:-12:33:::
4631	153.0	6.015139279960308E-5	1	1.1548677676406051E-4	TGTGCTGGGCAGCTGGAATCTCAGGGAGCCCAGAAGCTGGTATTT	NNNNNNNNNNNNNNNNNNNNNNNNNNNNNNNNNNNNNNNNNNNNN	TRAV35*00(988.1)		TRAJ54*00(499.2)		588|603|620|0|15||150.0		24|49|80|20|45||250.0		TGTGCTGGGCAGCTGGAATCTCAGGGAGCCCAGAAGCTGGTATTT	45	CAGQLESQGAQKLVF	:::::::::0:3:15:::::20:-4:45:::
4706	153.0	6.015139279960308E-5	1	1.1548677676406051E-4	TGTGCTGGGGGGTTATAACAATGACATGCGCTTT	NNNNNNNNNNNNNNNNNNNNNNNNNNNNNNNNNN	TRAV35*00(899.9)		TRAJ43*00(499.8)		588|597|620|0|9||90.0		23|43|74|14|34||200.0		TGTGCTGGGGGGTTATAACAATGACATGCGCTTT	45	CAGGL*_NDMRF	:::::::::0:-3:9:::::14:-3:34:::
17739	153.0	6.015139279960308E-5	1	1.1548677676406051E-4	TGTGCAGCAAGTAGGGTCGGCAACACAGGCAAACTAATCTTT	NNNNNNNNNNNNNNNNNNNNNNNNNNNNNNNNNNNNNNNNNN	TRAV13-1*00(609.9)		TRAJ37*00(550)		511|524|544|0|13||130.0		27|51|82|18|42||240.0		TGTGCAGCAAGTAGGGTCGGCAACACAGGCAAACTAATCTTT	45	CAASRVGNTGKLIF	:::::::::0:0:13:::::18:-7:42:::
20333	153.0	6.015139279960308E-5	1	1.1548677676406051E-4	TGCATCGTCGGAGTCGCCGGAGGAAGCCAAGGAAATCTCATCTTT	NNNNNNNNNNNNNNNNNNNNNNNNNNNNNNNNNNNNNNNNNNNNN	TRAV26-1*00(630.6)		TRAJ42*00(570)		763|780|799|0|17|SA772G|141.0		28|55|86|18|45||270.0		TGCATCGTCGGAGTCGCCGGAGGAAGCCAAGGAAATCTCATCTTT	45	CIVGVAGGSQGNLIF	:::::::::0:1:17:::::18:-8:45:::
1674	152.0	5.975824644143574E-5	1	1.1548677676406051E-4	TGTGTGGTGTCCCTCCTCGAGGAGAGATGACAAGATCATCTTT	NNNNNNNNNNNNNNNNNNNNNNNNNNNNNNNNNNNNNNNNNNN	TRAV12-1*00(489.8)		TRAJ30*00(519.6)		539|548|572|0|9||90.0		25|46|77|22|43||210.0		TGTGTGGTGTCCCTCCTCGAGGAGAGATGACAAGATCATCTTT	45	CVVSLLE_RDDKIIF	:::::::::0:-4:9:::::22:-5:43:::
1840	152.0	5.975824644143574E-5	1	1.1548677676406051E-4	TGTGTGGTGAATGCTGGCAACAACCGTAAGCTGATTTGG	NNNNNNNNNNNNNNNNNNNNNNNNNNNNNNNNNNNNNNN	TRAV12-1*00(969)		TRAJ38*00(579.2)		539|549|572|0|10||110.0		22|51|82|10|39||300.0		TGTGTGGTGAATGCTGGCAACAACCGTAAGCTGATTTGG	45	CVVNAGNNRKLIW	:::::::::0:-3:10:::::10:-2:39:::
2591	152.0	5.975824644143574E-5	1	1.1548677676406051E-4	TGTGCTCTGAGTCCACTAAACTTTGGAAATGAGAAATTAACCTTT	NNNNNNNNNNNNNNNNNNNNNNNNNNNNNNNNNNNNNNNNNNNNN	TRAV19*00(729.6)		TRAJ48*00(578.8)		556|568|593|0|12||120.0		25|52|83|18|45||270.0		TGTGCTCTGAGTCCACTAAACTTTGGAAATGAGAAATTAACCTTT	45	CALSPLNFGNEKLTF	:::::::::0:-5:12:::::18:-5:45:::
2603	152.0	5.975824644143574E-5	1	1.1548677676406051E-4	TGTGCTCTGAGTGTAGTATTATGGAGGAAGCCAAGGAAATCTCATCTTT	NNNNNNNNNNNNNNNNNNNNNNNNNNNNNNNNNNNNNNNNNNNNNNNNN	TRAV9-2*00(731)		TRAJ42*00(619.8)		480|493|514|0|13||130.0		23|55|86|17|49||320.0		TGTGCTCTGAGTGTAGTATTATGGAGGAAGCCAAGGAAATCTCATCTTT	45	CALSVVLW_GSQGNLIF	:::::::::0:-1:13:::::17:-3:49:::
2747	152.0	5.975824644143574E-5	1	1.1548677676406051E-4	TGTGCTCTGAGTGAGGCAGGGAACTATGGTCAGAATTTTGTCTTT	NNNNNNNNNNNNNNNNNNNNNNNNNNNNNNNNNNNNNNNNNNNNN	TRAV19*00(779.3)		TRAJ26*00(529.6)		556|573|593|0|17||170.0		25|49|80|21|45||240.0		TGTGCTCTGAGTGAGGCAGGGAACTATGGTCAGAATTTTGTCTTT	45	CALSEAGNYGQNFVF	:::::::::0:0:17:::::21:-5:45:::
3027	152.0	5.975824644143574E-5	1	1.1548677676406051E-4	TGTGCTCTAAAGACACCGGTAACCAGTTCTATTTT	NNNNNNNNNNNNNNNNNNNNNNNNNNNNNNNNNNN	TRAV16*00(509.6)		TRAJ49*00(529.6)		449|459|483|0|10||100.0		22|45|76|12|35||230.0		TGTGCTCTAAAGACACCGGTAACCAGTTCTATTTT	45	CALKTP_NQFYF	:::::::::0:-4:10:::::12:-2:35:::
3119	152.0	5.975824644143574E-5	1	1.1548677676406051E-4	TGTGCTCGCGGGGAGGAAGGAGGAAGCTACATACCTACATTT	NNNNNNNNNNNNNNNNNNNNNNNNNNNNNNNNNNNNNNNNNN	TRAV16*00(479.1)		TRAJ6*00(560)		449|456|483|0|7||70.0		26|51|82|17|42||250.0		TGTGCTCGCGGGGAGGAAGGAGGAAGCTACATACCTACATTT	45	CARGEEGGSYIPTF	:::::::::0:-7:7:::::17:-6:42:::
3810	152.0	5.975824644143574E-5	1	1.1548677676406051E-4	TGTGCTGTGACCTTAAACAATGCCAGACTCATGTTT	NNNNNNNNNNNNNNNNNNNNNNNNNNNNNNNNNNNN	TRAV8-4*00(600.6)		TRAJ31*00(509.2)		476|486|510|0|10||100.0		25|46|77|15|36||210.0		TGTGCTGTGACCTTAAACAATGCCAGACTCATGTTT	45	CAVTLNNARLMF	:::::::::0:-4:10:::::15:-5:36:::
4019	152.0	5.975824644143574E-5	1	1.1548677676406051E-4	TGTGCTGTGAGTGAGGGTGCTGGTGGTACTAGCTATGGAAAGCTGACATTT	NNNNNNNNNNNNNNNNNNNNNNNNNNNNNNNNNNNNNNNNNNNNNNNNNNN	TRAV8-6*00(709.8)		TRAJ52*00(640)		448|462|482|0|14||140.0		24|58|89|17|51||340.0		TGTGCTGTGAGTGAGGGTGCTGGTGGTACTAGCTATGGAAAGCTGACATTT	45	CAVSEGAGGTSYGKLTF	:::::::::0:0:14:::::17:-4:51:::
4105	152.0	5.975824644143574E-5	1	1.1548677676406051E-4	TGTGCTGTGAGCACTCTAATGCTGGTGGTACTAGCTATGGAAAGCTGACATTT	NNNNNNNNNNNNNNNNNNNNNNNNNNNNNNNNNNNNNNNNNNNNNNNNNNNNN	TRAV8-6*00(669.2)		TRAJ52*00(679.6)		448|459|482|0|11||110.0		20|58|89|15|53||380.0		TGTGCTGTGAGCACTCTAATGCTGGTGGTACTAGCTATGGAAAGCTGACATTT	45	CAVSTLMLV_TSYGKLTF	:::::::::0:-3:11:::::15:0:53:::
4125	152.0	5.975824644143574E-5	1	1.1548677676406051E-4	TGTGCTGTGAGGCCTAGATCTAACTTTGGAAATGAGAAATTAACCTTT	NNNNNNNNNNNNNNNNNNNNNNNNNNNNNNNNNNNNNNNNNNNNNNNN	TRAV21*00(509.6)		TRAJ48*00(620.6)		544|559|576|0|15||150.0		19|52|83|15|48|ST20G|311.0		TGTGCTGTGAGGCCTAGATCTAACTTTGGAAATGAGAAATTAACCTTT	45	CAVRPRSNFGNEKLTF	:::::::::0:3:15:::::15:1:48:::
4190	152.0	5.975824644143574E-5	1	1.1548677676406051E-4	TGTGCTGTGAGGAGTATGGTGGTGCTACAAACAAGCTCATCTTT	NNNNNNNNNNNNNNNNNNNNNNNNNNNNNNNNNNNNNNNNNNNN	TRAV21*00(479.6)		TRAJ32*00(599.6)		544|556|576|0|12||120.0		25|55|86|14|44||300.0		TGTGCTGTGAGGAGTATGGTGGTGCTACAAACAAGCTCATCTTT	45	CAVRSMV_ATNKLIF	:::::::::0:0:12:::::14:-5:44:::
4881	152.0	5.975824644143574E-5	1	1.1548677676406051E-4	TGTGCTACGGACGGGGGGGGAGCCCAGAAGCTGGTATTT	NNNNNNNNNNNNNNNNNNNNNNNNNNNNNNNNNNNNNNN	TRAV17*00(929.4)		TRAJ54*00(509.4)		490|503|523|0|13||130.0		27|49|80|17|39||220.0		TGTGCTACGGACGGGGGGGGAGCCCAGAAGCTGGTATTT	45	CATDGGGAQKLVF	:::::::::0:0:13:::::17:-7:39:::
5651	152.0	5.975824644143574E-5	1	1.1548677676406051E-4	TGTGCCTCTCTATACAACTTCAACAAATTTTACTTT	NNNNNNNNNNNNNNNNNNNNNNNNNNNNNNNNNNNN	TRAV24*00(479.8)		TRAJ21*00(569.7)		515|522|545|0|7||70.0		18|44|75|10|36||260.0		TGTGCCTCTCTATACAACTTCAACAAATTTTACTTT	45	CASLYNFNKFYF	:::::::::0:-3:7:::::10:2:36:::
5679	152.0	5.975824644143574E-5	1	1.1548677676406051E-4	TGTGCCTCCCGAGGTCCTAGCAACACAGGCAAACTAATCTTT	NNNNNNNNNNNNNNNNNNNNNNNNNNNNNNNNNNNNNNNNNN	TRAV24*00(969.3)		TRAJ37*00(500.2)		515|522|545|0|7||70.0		25|51|82|16|42|SG27A|231.0		TGTGCCTCCCGAGGTCCTAGCAACACAGGCAAACTAATCTTT	45	CASRGPSNTGKLIF	:::::::::0:-3:7:::::16:-5:42:::
17556	152.0	5.975824644143574E-5	1	1.1548677676406051E-4	TGTGCAGCACGTCATTCCCAGGCTTTCAGAAACTTGTATTT	NNNNNNNNNNNNNNNNNNNNNNNNNNNNNNNNNNNNNNNNN	TRAV13-1*00(950.2)		TRAJ8*00(489.7)		511|523|544|0|12|SA520C|91.0		26|49|80|18|41||230.0		TGTGCAGCACGTCATTCCCAGGCTTTCAGAAACTTGTATTT	45	CAARHSQ_FQKLVF	:::::::::0:-1:12:::::18:-6:41:::
17648	152.0	5.975824644143574E-5	1	1.1548677676406051E-4	TGTGCAGCAAGTTCCGGCACTGCCAGTAAACTCACCTTT	NNNNNNNNNNNNNNNNNNNNNNNNNNNNNNNNNNNNNNN	TRAV13-1*00(599.6)		TRAJ44*00(569.4)		511|523|544|0|12||120.0		26|52|83|13|39||260.0		TGTGCAGCAAGTTCCGGCACTGCCAGTAAACTCACCTTT	45	CAASSGTASKLTF	:::::::::0:-1:12:::::13:-6:39:::
17738	152.0	5.975824644143574E-5	1	1.1548677676406051E-4	TGTGCAGCAAGTAGGCCCACCGGTATGCACTCAACTTC	NNNNNNNNNNNNNNNNNNNNNNNNNNNNNNNNNNNNNN	TRAV13-1*00(609.7)		TRAJ41*00(430)		511|524|544|0|13||130.0		34|51|82|21|38||170.0		TGTGCAGCAAGTAGGCCCACCGGTATGCACTCAACTTC	45	CAASRP_RYALNF	:::::::::0:0:13:::::21:-14:38:::
17754	152.0	5.975824644143574E-5	1	1.1548677676406051E-4	TGTGCAGCAAGTAATGGAAGGTTCTGCAAGGCAACTGACCTTT	NNNNNNNNNNNNNNNNNNNNNNNNNNNNNNNNNNNNNNNNNNN	TRAV13-1*00(609.4)		TRAJ22*00(549.4)		511|524|544|0|13||130.0		28|52|83|19|43||240.0		TGTGCAGCAAGTAATGGAAGGTTCTGCAAGGCAACTGACCTTT	45	CAASNGR_SARQLTF	:::::::::0:0:13:::::19:-8:43:::
18065	152.0	5.975824644143574E-5	1	1.1548677676406051E-4	TGTGCAGCAAGAGGAGGGGGAGGTGCTGACGGACTCACCTTT	NNNNNNNNNNNNNNNNNNNNNNNNNNNNNNNNNNNNNNNNNN	TRAV13-1*00(589.7)		TRAJ45*00(560.8)		511|522|544|0|11||110.0		27|55|86|14|42|SA30G|251.0		TGTGCAGCAAGAGGAGGGGGAGGTGCTGACGGACTCACCTTT	45	CAARGGGGADGLTF	:::::::::0:-2:11:::::14:-7:42:::
18970	152.0	5.975824644143574E-5	1	1.1548677676406051E-4	TGCCTCGTGGCTGCGTACAGCAGTGCTTCCAAGATAATCTTT	NNNNNNNNNNNNNNNNNNNNNNNNNNNNNNNNNNNNNNNNNN	TRAV4*00(968.7)		TRAJ3*00(538.9)		768|781|804|0|13|SG778C|101.0		23|51|82|14|42||280.0		TGCCTCGTGGCTGCGTACAGCAGTGCTTCCAAGATAATCTTT	45	CLVAAYSSASKIIF	:::::::::0:-3:13:::::14:-3:42:::
20443	152.0	5.975824644143574E-5	1	1.1548677676406051E-4	TGCATCGTCAGAGCCCTTTCTGGGGGTTACCAGAAAGTTACCTTT	NNNNNNNNNNNNNNNNNNNNNNNNNNNNNNNNNNNNNNNNNNNNN	TRAV26-1*00(619.8)		TRAJ13*00(579.6)		763|776|799|0|13||130.0		24|52|83|17|45||280.0		TGCATCGTCAGAGCCCTTTCTGGGGGTTACCAGAAAGTTACCTTT	45	CIVRALSGGYQKVTF	:::::::::0:-3:13:::::17:-4:45:::
1477	151.0	5.93651000832684E-5	1	1.1548677676406051E-4	TTCCCGTAAAATAACAATGACATGCGCTTT	NNNNNNNNNNNNNNNNNNNNNNNNNNNNNN	TRAV13-2*00(460)		TRAJ43*00(521)		506|507|539|0|1||10.0		18|43|74|5|30|SC21A|221.0		TTCCCGTAAAATAACAATGACATGCGCTTT	45	FP*NNNDMRF	:::::::::0:-12:1:::::5:2:30:::
1927	151.0	5.93651000832684E-5	1	1.1548677676406051E-4	TGTGTGGTGAACAGTCATTACAATAACAATGACATGCGCTTT	NNNNNNNNNNNNNNNNNNNNNNNNNNNNNNNNNNNNNNNNNN	TRAV12-1*00(529.5)		TRAJ43*00(539.2)		539|552|572|0|13||130.0		19|43|74|18|42||240.0		TGTGTGGTGAACAGTCATTACAATAACAATGACATGCGCTTT	45	CVVNSHYNNNDMRF	:::::::::0:0:13:::::18:1:42:::
2280	151.0	5.93651000832684E-5	1	1.1548677676406051E-4	TGTGCTCTTTCTAACGACTACAAGCTCAGCTTT	NNNNNNNNNNNNNNNNNNNNNNNNNNNNNNNNN	TRAV9-2*00(690.8)		TRAJ20*00(549.7)		480|488|514|0|8||80.0		21|46|77|8|33||250.0		TGTGCTCTTTCTAACGACTACAAGCTCAGCTTT	45	CALSNDYKLSF	:::::::::0:-6:8:::::8:-1:33:::
3029	151.0	5.93651000832684E-5	1	1.1548677676406051E-4	TGTGCTCTAAAATCACCGGTAACCAGTTCTATTTT	NNNNNNNNNNNNNNNNNNNNNNNNNNNNNNNNNNN	TRAV16*00(966.5)		TRAJ49*00(517.8)		449|459|483|0|10||100.0		23|45|76|13|35||220.0		TGTGCTCTAAAATCACCGGTAACCAGTTCTATTTT	45	CALKSP_NQFYF	:::::::::0:-4:10:::::13:-3:35:::
3782	151.0	5.93651000832684E-5	1	1.1548677676406051E-4	TGTGCTGTGATTCTAGGAGGAAGCTACATACCTACATTT	NNNNNNNNNNNNNNNNNNNNNNNNNNNNNNNNNNNNNNN	TRAV8-6*00(669.8)		TRAJ6*00(559.9)		448|458|482|0|10||100.0		26|51|82|14|39||250.0		TGTGCTGTGATTCTAGGAGGAAGCTACATACCTACATTT	45	CAVILGGSYIPTF	:::::::::0:-4:10:::::14:-6:39:::
3908	151.0	5.93651000832684E-5	1	1.1548677676406051E-4	TGTGCTGTGAGTGGTAGATGACAAGATCATCTTT	NNNNNNNNNNNNNNNNNNNNNNNNNNNNNNNNNN	TRAV8-6*00(699.9)		TRAJ30*00(499.6)		448|461|482|0|13||130.0		27|46|77|15|34||190.0		TGTGCTGTGAGTGGTAGATGACAAGATCATCTTT	45	CAVSGR_DKIIF	:::::::::0:-1:13:::::15:-7:34:::
4243	151.0	5.93651000832684E-5	1	1.1548677676406051E-4	TGTGCTGTGAGAGGAGGAGGTGCTGACGGACTCACCTTT	NNNNNNNNNNNNNNNNNNNNNNNNNNNNNNNNNNNNNNN	TRAV8-4*00(640.1)		TRAJ45*00(589.8)		476|487|510|0|11||110.0		27|55|86|11|39||280.0		TGTGCTGTGAGAGGAGGAGGTGCTGACGGACTCACCTTT	45	CAVRGGGADGLTF	:::::::::0:-3:11:::::11:-7:39:::
4407	151.0	5.93651000832684E-5	1	1.1548677676406051E-4	TGTGCTGCCTCGAAGGGTTCTAACGACTACAAGCTCAGCTTT	NNNNNNNNNNNNNNNNNNNNNNNNNNNNNNNNNNNNNNNNNN	TRAV8-6*00(639.6)		TRAJ20*00(559.6)		448|455|482|0|7||70.0		20|46|77|16|42||260.0		TGTGCTGCCTCGAAGGGTTCTAACGACTACAAGCTCAGCTTT	45	CAASKGSNDYKLSF	:::::::::0:-7:7:::::16:0:42:::
4981	151.0	5.93651000832684E-5	1	1.1548677676406051E-4	TGTGCCTTTTGAAGTATGGCCGTAACCAGTTCTATTTT	NNNNNNNNNNNNNNNNNNNNNNNNNNNNNNNNNNNNNN	TRAV24*00(360.7)		TRAJ49*00(469.5)		515|524|545|0|9||90.0		28|45|76|21|38||170.0		TGTGCCTTTTGAAGTATGGCCGTAACCAGTTCTATTTT	45	CAF*SM_RNQFYF	:::::::::0:-1:9:::::21:-8:38:::
5044	151.0	5.93651000832684E-5	1	1.1548677676406051E-4	TGTGCCTTCCTCATGGATAGCAACTATCAGTTAATCTGG	NNNNNNNNNNNNNNNNNNNNNNNNNNNNNNNNNNNNNNN	TRAV24*00(459.8)		TRAJ33*00(570)		515|523|545|0|8||80.0		18|46|77|11|39||280.0		TGTGCCTTCCTCATGGATAGCAACTATCAGTTAATCTGG	45	CAFLMDSNYQLIW	:::::::::0:-2:8:::::11:2:39:::
17447	151.0	5.93651000832684E-5	1	1.1548677676406051E-4	TGTGCAGCTCGACGGATGGAATTATGGTGGTGCTACAAACAAGCTCATCTTT	NNNNNNNNNNNNNNNNNNNNNNNNNNNNNNNNNNNNNNNNNNNNNNNNNNNN	TRAV25*00(529.2)		TRAJ32*00(639.7)		620|627|649|0|7||70.0		21|55|86|18|52||340.0		TGTGCAGCTCGACGGATGGAATTATGGTGGTGCTACAAACAAGCTCATCTTT	45	CAARRMELW_GATNKLIF	:::::::::0:-2:7:::::18:-1:52:::
17453	151.0	5.93651000832684E-5	1	1.1548677676406051E-4	TGTGCAGCTGCAAACTGGGGCAAACAACCTCTTCTTT	NNNNNNNNNNNNNNNNNNNNNNNNNNNNNNNNNNNNN	TRAV13-1*00(558.5)		TRAJ36*00(579.6)		511|519|544|0|8||80.0		21|48|79|10|37||270.0		TGTGCAGCTGCAAACTGGGGCAAACAACCTCTTCTTT	45	CAAANW_ANNLFF	:::::::::0:-5:8:::::10:-1:37:::
17578	151.0	5.93651000832684E-5	1	1.1548677676406051E-4	TGTGCAGCAGGGTGCAGGCAACATGCTCACCTTT	NNNNNNNNNNNNNNNNNNNNNNNNNNNNNNNNNN	TRAV29/DV5*00(539.6)		TRAJ39*00(530)		529|538|562|0|9||90.0		30|52|83|12|34||220.0		TGTGCAGCAGGGTGCAGGCAACATGCTCACCTTT	45	CAAGCR_NMLTF	:::::::::0:-4:9:::::12:-10:34:::
18157	151.0	5.93651000832684E-5	1	1.1548677676406051E-4	TGTGCAGGGCCGCTTATACCAGGGAATGCAGGCAACATGCTCACCTTT	NNNNNNNNNNNNNNNNNNNNNNNNNNNNNNNNNNNNNNNNNNNNNNNN	TRAV25*00(569.6)		TRAJ39*00(549.4)		620|631|649|0|11||110.0		28|52|83|24|48||240.0		TGTGCAGGGCCGCTTATACCAGGGAATGCAGGCAACATGCTCACCTTT	45	CAGPLIPGNAGNMLTF	:::::::::0:2:11:::::24:-8:48:::
18568	151.0	5.93651000832684E-5	1	1.1548677676406051E-4	TGTGCAATGGGGGGGTCGGATAGCAACTATCAGTTAATCTGG	NNNNNNNNNNNNNNNNNNNNNNNNNNNNNNNNNNNNNNNNNN	TRAV12-3*00(489.4)		TRAJ33*00(539.7)		562|571|595|0|9||90.0		21|46|77|17|42||250.0		TGTGCAATGGGGGGGTCGGATAGCAACTATCAGTTAATCTGG	45	CAMGGSDSNYQLIW	:::::::::0:-4:9:::::17:-1:42:::
18689	151.0	5.93651000832684E-5	1	1.1548677676406051E-4	TGTGCAATGAGAGTCGACACGGGCAGGAGAGCACTTACTTTT	NNNNNNNNNNNNNNNNNNNNNNNNNNNNNNNNNNNNNNNNNN	TRAV14/DV4*00(490.5)		TRAJ5*00(569.9)		517|530|554|0|13||130.0		22|49|80|15|42||270.0		TGTGCAATGAGAGTCGACACGGGCAGGAGAGCACTTACTTTT	45	CAMRVDTGRRALTF	:::::::::0:-4:13:::::15:-2:42:::
19017	151.0	5.93651000832684E-5	1	1.1548677676406051E-4	TGCCTCGTGGGTGACGGGGGTGCTGGCAACAACCGTAAGCTGATTTGG	NNNNNNNNNNNNNNNNNNNNNNNNNNNNNNNNNNNNNNNNNNNNNNNN	TRAV4*00(568.7)		TRAJ38*00(579.6)		768|783|804|0|15||150.0		23|51|82|20|48||280.0		TGCCTCGTGGGTGACGGGGGTGCTGGCAACAACCGTAAGCTGATTTGG	45	CLVGDGGAGNNRKLIW	:::::::::0:-1:15:::::20:-3:48:::
19041	151.0	5.93651000832684E-5	1	1.1548677676406051E-4	TGCCTCGTGGGTGAAACTGACAGCTGGGGGAAATTGCAGTTT	NNNNNNNNNNNNNNNNNNNNNNNNNNNNNNNNNNNNNNNNNN	TRAV4*00(559.8)		TRAJ24*00(569.5)		768|782|804|0|14||140.0		24|52|83|14|42||280.0		TGCCTCGTGGGTGAAACTGACAGCTGGGGGAAATTGCAGTTT	45	CLVGETDSWGKLQF	:::::::::0:-2:14:::::14:-4:42:::
20362	151.0	5.93651000832684E-5	1	1.1548677676406051E-4	TGCATCGTCAGACCTTCTTATGGTGGTGCTACAAACAAGCTCATCTTT	NNNNNNNNNNNNNNNNNNNNNNNNNNNNNNNNNNNNNNNNNNNNNNNN	TRAV26-1*00(610)		TRAJ32*00(580.6)		763|775|799|0|12||120.0		24|55|86|17|48||310.0		TGCATCGTCAGACCTTCTTATGGTGGTGCTACAAACAAGCTCATCTTT	45	CIVRPSYGGATNKLIF	:::::::::0:-4:12:::::17:-4:48:::
20401	151.0	5.93651000832684E-5	1	1.1548677676406051E-4	TGCATCGTCAGAGTCGCGATTCGGGAGGAAATGAGAAATTAACCTTT	NNNNNNNNNNNNNNNNNNNNNNNNNNNNNNNNNNNNNNNNNNNNNNN	TRAV26-1*00(681)		TRAJ48*00(517.6)		763|785|799|0|22|SC782T|191.0		31|52|83|26|47||210.0		TGCATCGTCAGAGTCGCGATTCGGGAGGAAATGAGAAATTAACCTTT	45	CIVRVAIR_GNEKLTF	:::::::::0:6:22:::::26:-11:47:::
1542	150.0	5.897195372510106E-5	1	1.1548677676406051E-4	TGTCTTCTAGGGGGGGCTTTCAGAAACTTGTATTT	NNNNNNNNNNNNNNNNNNNNNNNNNNNNNNNNNNN	TRAV23/DV6*00(400)		TRAJ8*00(499.7)		517|520|550|0|3||30.0		28|49|80|14|35||210.0		TGTCTTCTAGGGGGGGCTTTCAGAAACTTGTATTT	45	CLLGGA_QKLVF	:::::::::0:-10:3:::::14:-8:35:::
1647	150.0	5.897195372510106E-5	1	1.1548677676406051E-4	TGTGTGTCCAGCAACTATCAGTTAATCTGG	NNNNNNNNNNNNNNNNNNNNNNNNNNNNNN	TRDV1*00(909.4)		TRAJ33*00(499.8)		573|577|610|0|4||40.0		25|46|77|9|30||210.0		TGTGTGTCCAGCAACTATCAGTTAATCTGG	45	CVSSNYQLIW	:::::::::0:-13:4:::::9:-5:30:::
1725	150.0	5.897195372510106E-5	1	1.1548677676406051E-4	TGTGTGGTGATCAAGGTAGGCTTTGGGAATGTGCTGCATTGC	NNNNNNNNNNNNNNNNNNNNNNNNNNNNNNNNNNNNNNNNNN	TRAV10*00(659.2)		TRAJ35*00(559.9)		575|585|608|0|10||100.0		22|48|79|16|42||260.0		TGTGTGGTGATCAAGGTAGGCTTTGGGAATGTGCTGCATTGC	45	CVVIKVGFGNVLHC	:::::::::0:-3:10:::::16:-2:42:::
1805	150.0	5.897195372510106E-5	1	1.1548677676406051E-4	TGTGTGGTGAGCGCGAAAAGGCTTTGGGAATGTGCTGCATTGC	NNNNNNNNNNNNNNNNNNNNNNNNNNNNNNNNNNNNNNNNNNN	TRAV10*00(647.3)		TRAJ35*00(549.5)		575|590|608|0|15||150.0		23|48|79|18|43||250.0		TGTGTGGTGAGCGCGAAAAGGCTTTGGGAATGTGCTGCATTGC	45	CVVSAKR_FGNVLHC	:::::::::0:2:15:::::18:-3:43:::
1947	150.0	5.897195372510106E-5	1	1.1548677676406051E-4	TGTGTGGTGAAGGGGAACTATCAGTTAATCTGG	NNNNNNNNNNNNNNNNNNNNNNNNNNNNNNNNN	TRAV12-1*00(451.9),TRAV12-2*00(451.9)		TRAJ33*00(470.1)		539|550|572|0|11||110.0;551|562|584|0|11|SC555TSC556G|52.0		28|46|77|15|33||180.0		TGTGTGGTGAAGGGGAACTATCAGTTAATCTGG	45	CVVKGNYQLIW	:::::::::0:-2:11:::::15:-8:33:::
2229	150.0	5.897195372510106E-5	1	1.1548677676406051E-4	TGTGCTTATAGGAGCGCGCCGGAATGCAGGCAACATGCTCACCTTT	NNNNNNNNNNNNNNNNNNNNNNNNNNNNNNNNNNNNNNNNNNNNNN	TRAV38-2/DV8*00(649.9)		TRAJ39*00(550)		602|621|638|0|19||190.0		28|52|83|22|46||240.0		TGTGCTTATAGGAGCGCGCCGGAATGCAGGCAACATGCTCACCTTT	45	CAYRSAPE_AGNMLTF	:::::::::0:3:19:::::22:-8:46:::
3253	150.0	5.897195372510106E-5	1	1.1548677676406051E-4	TGTGCTGTCCAAACCCGCAACACAGGCAAACTAATCTTT	NNNNNNNNNNNNNNNNNNNNNNNNNNNNNNNNNNNNNNN	TRAV8-6*00(649.6)		TRAJ37*00(539.5)		448|456|482|0|8||80.0		28|51|82|16|39||230.0		TGTGCTGTCCAAACCCGCAACACAGGCAAACTAATCTTT	45	CAVQTRNTGKLIF	:::::::::0:-6:8:::::16:-8:39:::
3962	150.0	5.897195372510106E-5	1	1.1548677676406051E-4	TGTGCTGTGAGTGATCGGGGAGGAGGTGCTGACGGACTCACCTTT	NNNNNNNNNNNNNNNNNNNNNNNNNNNNNNNNNNNNNNNNNNNNN	TRAV8-4*00(688.6)		TRAJ45*00(579.2)		476|492|510|0|16||160.0		28|55|86|18|45||270.0		TGTGCTGTGAGTGATCGGGGAGGAGGTGCTGACGGACTCACCTTT	45	CAVSDRGGGADGLTF	:::::::::0:2:16:::::18:-8:45:::
3972	150.0	5.897195372510106E-5	1	1.1548677676406051E-4	TGTGCTGTGAGTGATCAGAACAGGCAGGAACTGCTCTGATCTTT	NNNNNNNNNNNNNNNNNNNNNNNNNNNNNNNNNNNNNNNNNNNN	TRAV8-6*00(740)		TRAJ15*00(549.6)		448|465|482|0|17||170.0		25|49|80|20|44||240.0		TGTGCTGTGAGTGATCAGAACAGGCAGGAACTGCTCTGATCTTT	45	CAVSDQN_AGTALIF	:::::::::0:3:17:::::20:-5:44:::
6034	150.0	5.897195372510106E-5	1	1.1548677676406051E-4	TGTGCCCCCCCCAGGAGGAAGCTACATACCTACATTT	NNNNNNNNNNNNNNNNNNNNNNNNNNNNNNNNNNNNN	TRAV12-3*00(909)		TRAJ6*00(559.9)		562|567|595|0|5||50.0		25|51|82|11|37||260.0		TGTGCCCCCCCCAGGAGGAAGCTACATACCTACATTT	45	CAPPRR_SYIPTF	:::::::::0:-8:5:::::11:-5:37:::
17586	150.0	5.897195372510106E-5	1	1.1548677676406051E-4	TGTGCAGCAGAGGGCGGCACTGCCAGTAAACTCACCTTT	NNNNNNNNNNNNNNNNNNNNNNNNNNNNNNNNNNNNNNN	TRAV13-1*00(570)		TRAJ44*00(559.8)		511|520|544|0|9||90.0		27|52|83|14|39||250.0		TGTGCAGCAGAGGGCGGCACTGCCAGTAAACTCACCTTT	45	CAAEGGTASKLTF	:::::::::0:-4:9:::::14:-7:39:::
1916	149.0	5.857880736693372E-5	1	1.1548677676406051E-4	TGTGTGGTGAACATGAACGGCAATAACAATGACATGCGCTTT	NNNNNNNNNNNNNNNNNNNNNNNNNNNNNNNNNNNNNNNNNN	TRAV12-1*00(981)		TRAJ43*00(479.8)		539|554|572|0|15||150.0		21|43|74|20|42||220.0		TGTGTGGTGAACATGAACGGCAATAACAATGACATGCGCTTT	45	CVVNMNGNNNDMRF	:::::::::0:2:15:::::20:-1:42:::
3874	149.0	5.857880736693372E-5	1	1.1548677676406051E-4	TGTGCTGTGAGTCGCGATAGCAACTATCAGTTAATCTGG	NNNNNNNNNNNNNNNNNNNNNNNNNNNNNNNNNNNNNNN	TRAV1-2*00(669.6)		TRAJ33*00(529)		620|631|654|0|11||110.0		22|46|77|15|39||240.0		TGTGCTGTGAGTCGCGATAGCAACTATCAGTTAATCTGG	45	CAVSRDSNYQLIW	:::::::::0:-3:11:::::15:-2:39:::
3995	149.0	5.857880736693372E-5	1	1.1548677676406051E-4	TGTGCTGTGAGTGATAATACGGGAGGAGGAAACAAACTCACCTTT	NNNNNNNNNNNNNNNNNNNNNNNNNNNNNNNNNNNNNNNNNNNNN	TRAV8-6*00(723.2)		TRAJ10*00(569.6)		448|463|482|0|15||150.0		26|53|84|18|45||270.0		TGTGCTGTGAGTGATAATACGGGAGGAGGAAACAAACTCACCTTT	45	CAVSDNTGGGNKLTF	:::::::::0:1:15:::::18:-6:45:::
4334	149.0	5.857880736693372E-5	1	1.1548677676406051E-4	TGTGCTGTGAACGGGGGTTACCAGAAAGTTACCTTT	NNNNNNNNNNNNNNNNNNNNNNNNNNNNNNNNNNNN	TRAV21*00(490.8)		TRAJ13*00(510.8)		544|554|576|0|10||100.0		28|52|83|12|36||240.0		TGTGCTGTGAACGGGGGTTACCAGAAAGTTACCTTT	45	CAVNGGYQKVTF	:::::::::0:-2:10:::::12:-8:36:::
4521	149.0	5.857880736693372E-5	1	1.1548677676406051E-4	TGTGCTGGCCTAACACCGGTAACCAGTTCTATTTT	NNNNNNNNNNNNNNNNNNNNNNNNNNNNNNNNNNN	TRAV35*00(469.9)		TRAJ49*00(539.9)		588|596|620|0|8||80.0		21|45|76|11|35||240.0		TGTGCTGGCCTAACACCGGTAACCAGTTCTATTTT	45	CAGLTP_NQFYF	:::::::::0:-4:8:::::11:-1:35:::
5672	149.0	5.857880736693372E-5	1	1.1548677676406051E-4	TGTGCCTCCCTAATTTCTGGGGCTGGGAGTTACCAACTCACTTTC	NNNNNNNNNNNNNNNNNNNNNNNNNNNNNNNNNNNNNNNNNNNNN	TRAV24*00(480)		TRAJ28*00(589.8)		515|522|545|0|7||70.0		25|55|86|15|45||300.0		TGTGCCTCCCTAATTTCTGGGGCTGGGAGTTACCAACTCACTTTC	45	CASLISGAGSYQLTF	:::::::::0:-3:7:::::15:-5:45:::
17660	149.0	5.857880736693372E-5	1	1.1548677676406051E-4	TGTGCAGCAAGTCTGGGTTCTAACGACTACAAGCTCAGCTTT	NNNNNNNNNNNNNNNNNNNNNNNNNNNNNNNNNNNNNNNNNN	TRAV29/DV5*00(558.6)		TRAJ20*00(559.8)		529|540|562|0|11||110.0		20|46|77|16|42||260.0		TGTGCAGCAAGTCTGGGTTCTAACGACTACAAGCTCAGCTTT	45	CAASLGSNDYKLSF	:::::::::0:-2:11:::::16:0:42:::
17703	149.0	5.857880736693372E-5	1	1.1548677676406051E-4	TGTGCAGCAAGTATTACCGGCACTGCCAGTAAACTCACCTTT	NNNNNNNNNNNNNNNNNNNNNNNNNNNNNNNNNNNNNNNNNN	TRAV13-1*00(619.3)		TRAJ44*00(589.9)		511|525|544|0|14||140.0		24|52|83|14|42||280.0		TGTGCAGCAAGTATTACCGGCACTGCCAGTAAACTCACCTTT	45	CAASITGTASKLTF	:::::::::0:1:14:::::14:-4:42:::
17792	149.0	5.857880736693372E-5	1	1.1548677676406051E-4	TGTGCAGCAAGCTCGGCCTCTTCAGGAGGAGGTGCTGACGGACTCACCTTT	NNNNNNNNNNNNNNNNNNNNNNNNNNNNNNNNNNNNNNNNNNNNNNNNNNN	TRAV23/DV6*00(490)		TRAJ45*00(619.9)		517|529|550|0|12||120.0		24|55|86|20|51||310.0		TGTGCAGCAAGCTCGGCCTCTTCAGGAGGAGGTGCTGACGGACTCACCTTT	45	CAASSASSGGGADGLTF	:::::::::0:-1:12:::::20:-4:51:::
17901	149.0	5.857880736693372E-5	1	1.1548677676406051E-4	TGTGCAGCAAGCGCGAATGGGGTACTAGCTATGGAAAGCTGACATTT	NNNNNNNNNNNNNNNNNNNNNNNNNNNNNNNNNNNNNNNNNNNNNNN	TRAV29/DV5*00(599.6)		TRAJ52*00(568.9)		529|544|562|0|15||150.0		31|58|89|20|47||270.0		TGTGCAGCAAGCGCGAATGGGGTACTAGCTATGGAAAGCTGACATTT	45	CAASANGV_SYGKLTF	:::::::::0:2:15:::::20:-11:47:::
18177	149.0	5.857880736693372E-5	1	1.1548677676406051E-4	TGTGCAGGGCAGGCGGGGTATAACCAGGGAGGAAAGCTTATCTTC	NNNNNNNNNNNNNNNNNNNNNNNNNNNNNNNNNNNNNNNNNNNNN	TRAV25*00(551.9)		TRAJ23*00(579.2)		620|630|649|0|10||100.0		25|52|83|18|45||270.0		TGTGCAGGGCAGGCGGGGTATAACCAGGGAGGAAAGCTTATCTTC	45	CAGQAGYNQGGKLIF	:::::::::0:1:10:::::18:-5:45:::
18272	149.0	5.857880736693372E-5	1	1.1548677676406051E-4	TGTGCAGGAGCGGGCGGCTTTGGGAATGTGCTGCATTGC	NNNNNNNNNNNNNNNNNNNNNNNNNNNNNNNNNNNNNNN	TRAV27*00(650.2)		TRAJ35*00(539.5)		552|563|582|0|11||110.0		24|48|79|15|39||240.0		TGTGCAGGAGCGGGCGGCTTTGGGAATGTGCTGCATTGC	45	CAGAGGFGNVLHC	:::::::::0:1:11:::::15:-4:39:::
18702	149.0	5.857880736693372E-5	1	1.1548677676406051E-4	TGTGCAATGAGAGGGCTCGACAGAGGCTCAACCCTGGGGAGGCTATACTTT	NNNNNNNNNNNNNNNNNNNNNNNNNNNNNNNNNNNNNNNNNNNNNNNNNNN	TRAV14/DV4*00(860.9)		TRAJ18*00(609.6)		517|530|554|0|13||130.0		21|55|86|17|51||340.0		TGTGCAATGAGAGGGCTCGACAGAGGCTCAACCCTGGGGAGGCTATACTTT	45	CAMRGLDRGSTLGRLYF	:::::::::0:-4:13:::::17:-1:51:::
18751	149.0	5.857880736693372E-5	1	1.1548677676406051E-4	TGTGCAATGAGAGAGGGTCCGGGCCAGGGAGGAAAGCTTATCTTC	NNNNNNNNNNNNNNNNNNNNNNNNNNNNNNNNNNNNNNNNNNNNN	TRAV14/DV4*00(531.4)		TRAJ23*00(491)		517|537|554|0|20|SC534T|171.0		30|52|83|23|45||220.0		TGTGCAATGAGAGAGGGTCCGGGCCAGGGAGGAAAGCTTATCTTC	45	CAMREGPGQGGKLIF	:::::::::0:3:20:::::23:-10:45:::
18832	149.0	5.857880736693372E-5	1	1.1548677676406051E-4	TGTGCAATGAAGGTGGTGCAGGCAAATCAACCTTT	NNNNNNNNNNNNNNNNNNNNNNNNNNNNNNNNNNN	TRAV14/DV4*00(829.6)		TRAJ27*00(479.2)		517|527|554|0|10||100.0		29|48|79|16|35||190.0		TGTGCAATGAAGGTGGTGCAGGCAAATCAACCTTT	45	CAMKVV_GKSTF	:::::::::0:-7:10:::::16:-9:35:::
20156	149.0	5.857880736693372E-5	1	1.1548677676406051E-4	TGCGGCACCCAGCGGGCCGGTAACCAGTTCTATTTT	NNNNNNNNNNNNNNNNNNNNNNNNNNNNNNNNNNNN	TRAV30*00(449.8)		TRAJ49*00(500)		567|575|600|0|8||80.0		25|45|76|16|36||200.0		TGCGGCACCCAGCGGGCCGGTAACCAGTTCTATTTT	45	CGTQRAGNQFYF	:::::::::0:-5:8:::::16:-5:36:::
20279	149.0	5.857880736693372E-5	1	1.1548677676406051E-4	TGCATCCTGAGAGACGGGGGGTATGGTGGTGCTACAAACAAGCTCATCTTT	NNNNNNNNNNNNNNNNNNNNNNNNNNNNNNNNNNNNNNNNNNNNNNNNNNN	TRAV26-2*00(619.6)		TRAJ32*00(528)		791|807|826|0|16||160.0		25|55|86|21|51||300.0		TGCATCCTGAGAGACGGGGGGTATGGTGGTGCTACAAACAAGCTCATCTTT	45	CILRDGGYGGATNKLIF	:::::::::0:1:16:::::21:-5:51:::
1867	148.0	5.818566100876638E-5	1	1.1548677676406051E-4	TGTGTGGTGAACCCGGGGCAGCTGGGGGAAATTGCAGTTT	NNNNNNNNNNNNNNNNNNNNNNNNNNNNNNNNNNNNNNNN	TRAV10*00(659.5)		TRAJ24*00(509.3)		575|585|608|0|10||100.0		30|52|83|18|40||220.0		TGTGTGGTGAACCCGGGGCAGCTGGGGGAAATTGCAGTTT	45	CVVNPGQ_WGKLQF	:::::::::0:-3:10:::::18:-10:40:::
1991	148.0	5.818566100876638E-5	1	1.1548677676406051E-4	TGTGCTTTTTCAGGAGGAGGTGCTGACGGACTCACCTTT	NNNNNNNNNNNNNNNNNNNNNNNNNNNNNNNNNNNNNNN	TRAV8-6*00(629.8)		TRAJ45*00(619.8)		448|454|482|0|6||60.0		24|55|86|8|39||310.0		TGTGCTTTTTCAGGAGGAGGTGCTGACGGACTCACCTTT	45	CAFSGGGADGLTF	:::::::::0:-8:6:::::8:-4:39:::
2633	148.0	5.818566100876638E-5	1	1.1548677676406051E-4	TGTGCTCTGAGTGGGGACGATAATAATGCAGGCAACATGCTCACCTTT	NNNNNNNNNNNNNNNNNNNNNNNNNNNNNNNNNNNNNNNNNNNNNNNN	TRAV19*00(730.6)		TRAJ39*00(599.6)		556|572|593|0|16|SA569G|131.0		23|52|83|19|48||290.0		TGTGCTCTGAGTGGGGACGATAATAATGCAGGCAACATGCTCACCTTT	45	CALSGDDNNAGNMLTF	:::::::::0:-1:16:::::19:-3:48:::
2996	148.0	5.818566100876638E-5	1	1.1548677676406051E-4	TGTGCTCTAAGTAACCAGGGAGGAAAGCTTATCTTC	NNNNNNNNNNNNNNNNNNNNNNNNNNNNNNNNNNNN	TRAV16*00(787.9)		TRAJ23*00(520.4)		449|461|483|0|12||120.0		28|52|83|12|36||250.0		TGTGCTCTAAGTAACCAGGGAGGAAAGCTTATCTTC	45	CALSNQGGKLIF	:::::::::0:-2:12:::::12:-8:36:::
2998	148.0	5.818566100876638E-5	1	1.1548677676406051E-4	TGTGCTCTAAGCGGATAATAATGCAGGCAACATGCTCACCTTT	NNNNNNNNNNNNNNNNNNNNNNNNNNNNNNNNNNNNNNNNNNN	TRAV16*00(521)		TRAJ39*00(599.6)		449|463|483|0|14|ST460C|111.0		23|52|83|14|43||290.0		TGTGCTCTAAGCGGATAATAATGCAGGCAACATGCTCACCTTT	45	CALSG**_AGNMLTF	:::::::::0:0:14:::::14:-3:43:::
3419	148.0	5.818566100876638E-5	1	1.1548677676406051E-4	TGTGCTGTGCGAGAGGGGTAGTGGAGGTAGCAACTATAAACTGACATTT	NNNNNNNNNNNNNNNNNNNNNNNNNNNNNNNNNNNNNNNNNNNNNNNNN	TRAV20*00(509.8)		TRAJ53*00(618.2)		498|508|531|0|10||100.0		24|55|86|18|49||310.0		TGTGCTGTGCGAGAGGGGTAGTGGAGGTAGCAACTATAAACTGACATTT	45	CAVREG*W_GSNYKLTF	:::::::::0:-3:10:::::18:-4:49:::
3505	148.0	5.818566100876638E-5	1	1.1548677676406051E-4	TGTGCTGTGGTAAATTATGGAGGAAGCCAAGGAAATCTCATCTTT	NNNNNNNNNNNNNNNNNNNNNNNNNNNNNNNNNNNNNNNNNNNNN	TRAV36/DV7*00(619.4)		TRAJ42*00(629.6)		500|510|533|0|10||100.0		22|55|86|12|45||330.0		TGTGCTGTGGTAAATTATGGAGGAAGCCAAGGAAATCTCATCTTT	45	CAVVNYGGSQGNLIF	:::::::::0:-3:10:::::12:-2:45:::
3692	148.0	5.818566100876638E-5	1	1.1548677676406051E-4	TGTGCTGTGGAGCGGTCGGGTTCTGCAAGGCAACTGACCTTT	NNNNNNNNNNNNNNNNNNNNNNNNNNNNNNNNNNNNNNNNNN	TRAV22*00(571)		TRAJ22*00(550.5)		526|542|559|0|16|SC540G|141.0		26|52|83|16|42|ST27G|241.0		TGTGCTGTGGAGCGGTCGGGTTCTGCAAGGCAACTGACCTTT	45	CAVERSGSARQLTF	:::::::::0:3:16:::::16:-6:42:::
4658	148.0	5.818566100876638E-5	1	1.1548677676406051E-4	TGTGCTGGGCAGCAATTGACCAATGCAGGCAAATCAACCTTT	NNNNNNNNNNNNNNNNNNNNNNNNNNNNNNNNNNNNNNNNNN	TRAV35*00(519.2)		TRAJ27*00(529.4)		588|601|620|0|13||130.0		24|48|79|18|42||240.0		TGTGCTGGGCAGCAATTGACCAATGCAGGCAAATCAACCTTT	45	CAGQQLTNAGKSTF	:::::::::0:1:13:::::18:-4:42:::
5018	148.0	5.818566100876638E-5	1	1.1548677676406051E-4	TGTGCCTTTACAGAAACAAACTGGTCTTT	NNNNNNNNNNNNNNNNNNNNNNNNNNNNN	TRAV24*00(999.2)		TRAJ47*00(480)		515|525|545|0|10||100.0		29|46|77|12|29||170.0		TGTGCCTTTACAGAAACAAACTGGTCTTT	45	CAFTE_KLVF	:::::::::0:0:10:::::12:-9:29:::
5643	148.0	5.818566100876638E-5	1	1.1548677676406051E-4	TGTGCCTTAGGCCAGGATGCAGGCAACATGCTCACCTTT	NNNNNNNNNNNNNNNNNNNNNNNNNNNNNNNNNNNNNNN	TRAV12-3*00(909.8)		TRAJ39*00(509)		562|567|595|0|5||50.0		29|52|83|16|39||230.0		TGTGCCTTAGGCCAGGATGCAGGCAACATGCTCACCTTT	45	CALGQDAGNMLTF	:::::::::0:-8:5:::::16:-9:39:::
6384	148.0	5.818566100876638E-5	1	1.1548677676406051E-4	TGTGCCGTGAACCCTTAACTGACAGCTGGGGGAAATTGCAGTTT	NNNNNNNNNNNNNNNNNNNNNNNNNNNNNNNNNNNNNNNNNNNN	TRAV12-2*00(979)		TRAJ24*00(457.6)		551|563|584|0|12||120.0		24|52|83|16|44||280.0		TGTGCCGTGAACCCTTAACTGACAGCTGGGGGAAATTGCAGTTT	45	CAVNP*L_SWGKLQF	:::::::::0:-1:12:::::16:-4:44:::
17471	148.0	5.818566100876638E-5	1	1.1548677676406051E-4	TGTGCAGCCTCAGGATACAGCACCCTCACCTTT	NNNNNNNNNNNNNNNNNNNNNNNNNNNNNNNNN	TRAV13-1*00(559.6)		TRAJ11*00(549.5)		511|519|544|0|8||80.0		25|49|80|9|33||240.0		TGTGCAGCCTCAGGATACAGCACCCTCACCTTT	45	CAASGYSTLTF	:::::::::0:-5:8:::::9:-5:33:::
17700	148.0	5.818566100876638E-5	1	1.1548677676406051E-4	TGTGCAGCAAGTGAAAGTTTCCGTGCTGACGGACTCACCTTT	NNNNNNNNNNNNNNNNNNNNNNNNNNNNNNNNNNNNNNNNNN	TRAV13-1*00(599.8)		TRAJ45*00(509.6)		511|523|544|0|12||120.0		35|55|86|22|42||200.0		TGTGCAGCAAGTGAAAGTTTCCGTGCTGACGGACTCACCTTT	45	CAASESFRADGLTF	:::::::::0:-1:12:::::22:-15:42:::
17915	148.0	5.818566100876638E-5	1	1.1548677676406051E-4	TGTGCAGCAAGCGGTGGCTCAGGAACCTACAAATACATCTTT	NNNNNNNNNNNNNNNNNNNNNNNNNNNNNNNNNNNNNNNNNN	TRAV29/DV5*00(579.9)		TRAJ40*00(540)		529|542|562|0|13||130.0		25|50|81|17|42||250.0		TGTGCAGCAAGCGGTGGCTCAGGAACCTACAAATACATCTTT	45	CAASGGSGTYKYIF	:::::::::0:0:13:::::17:-5:42:::
17920	148.0	5.818566100876638E-5	1	1.1548677676406051E-4	TGTGCAGCAAGCGGCGGAACCTCAGGAACCTACAAATACATCTTT	NNNNNNNNNNNNNNNNNNNNNNNNNNNNNNNNNNNNNNNNNNNNN	TRAV29/DV5*00(579.6)		TRAJ40*00(559.6)		529|542|562|0|13||130.0		23|50|81|18|45||270.0		TGTGCAGCAAGCGGCGGAACCTCAGGAACCTACAAATACATCTTT	45	CAASGGTSGTYKYIF	:::::::::0:0:13:::::18:-3:45:::
18788	148.0	5.818566100876638E-5	1	1.1548677676406051E-4	TGTGCAATGAGAGAGGGCGACTGGGAACAACAGACTCGCTTTT	NNNNNNNNNNNNNNNNNNNNNNNNNNNNNNNNNNNNNNNNNNN	TRAV14/DV4*00(540.5)		TRAJ7*00(509.8)		517|535|554|0|18||180.0		26|48|79|21|43||220.0		TGTGCAATGAGAGAGGGCGACTGGGAACAACAGACTCGCTTTT	45	CAMREGD_GNNRLAF	:::::::::0:1:18:::::21:-6:43:::
20273	148.0	5.818566100876638E-5	1	1.1548677676406051E-4	TGCATCCTGAGAGACGTAGGGTCAGAGGTATTT	NNNNNNNNNNNNNNNNNNNNNNNNNNNNNNNNN	TRAV26-2*00(650)		TRAJ54*00(359.4)		791|808|826|0|17||170.0		42|49|80|26|33||70.0		TGCATCCTGAGAGACGTAGGGTCAGAGGTATTT	45	CILRDVGSEVF	:::::::::0:2:17:::::26:-22:33:::
1787	147.0	5.779251465059904E-5	1	1.1548677676406051E-4	TGTGTGGTGAGCGCCAGGGGCGGCACTGCCAGTAAACTCACCTTT	NNNNNNNNNNNNNNNNNNNNNNNNNNNNNNNNNNNNNNNNNNNNN	TRAV10*00(1049)		TRAJ44*00(519.8)		575|589|608|0|14||140.0		27|52|83|20|45||250.0		TGTGTGGTGAGCGCCAGGGGCGGCACTGCCAGTAAACTCACCTTT	45	CVVSARGGTASKLTF	:::::::::0:1:14:::::20:-7:45:::
1865	147.0	5.779251465059904E-5	1	1.1548677676406051E-4	TGTGTGGTGAACCCCTTCGCGGGCTTTCAGAAACTTGTATTT	NNNNNNNNNNNNNNNNNNNNNNNNNNNNNNNNNNNNNNNNNN	TRAV12-1*00(979.4)		TRAJ8*00(459.3)		539|551|572|0|12||120.0		28|49|80|21|42||210.0		TGTGTGGTGAACCCCTTCGCGGGCTTTCAGAAACTTGTATTT	45	CVVNPFAGFQKLVF	:::::::::0:-1:12:::::21:-8:42:::
3260	147.0	5.779251465059904E-5	1	1.1548677676406051E-4	TGTGCTGTCGCATCAGGAGGAAGCTACATACCTACATTT	NNNNNNNNNNNNNNNNNNNNNNNNNNNNNNNNNNNNNNN	TRAV20*00(489.8)		TRAJ6*00(609.4)		498|506|531|0|8||80.0		21|51|82|9|39||300.0		TGTGCTGTCGCATCAGGAGGAAGCTACATACCTACATTT	45	CAVASGGSYIPTF	:::::::::0:-5:8:::::9:-1:39:::
3302	147.0	5.779251465059904E-5	1	1.1548677676406051E-4	TGTGCTGTCAGCCCTCAGGGCGGATCTGAAAAGCTGGTCTTT	NNNNNNNNNNNNNNNNNNNNNNNNNNNNNNNNNNNNNNNNNN	TRAV21*00(471.7)		TRAJ57*00(578.7)		544|559|576|0|15|SG552CSG555C|112.0		25|52|83|15|42||290.0		TGTGCTGTCAGCCCTCAGGGCGGATCTGAAAAGCTGGTCTTT	45	CAVSPQGGSEKLVF	:::::::::0:3:15:::::15:-5:42:::
4035	147.0	5.779251465059904E-5	1	1.1548677676406051E-4	TGTGCTGTGAGTGAATGAACGATACAGCACCCTCACCTTT	NNNNNNNNNNNNNNNNNNNNNNNNNNNNNNNNNNNNNNNN	TRAV8-6*00(713.7)		TRAJ11*00(513)		448|461|482|0|13||140.0		22|49|80|13|40|ST25GSC26ASG28C|203.0		TGTGCTGTGAGTGAATGAACGATACAGCACCCTCACCTTT	45	CAVSE*T_YSTLTF	:::::::::0:-1:13:::::13:-2:40:::
4082	147.0	5.779251465059904E-5	1	1.1548677676406051E-4	TGTGCTGTGAGCCCTAGGCAAGCTCAGCTTT	NNNNNNNNNNNNNNNNNNNNNNNNNNNNNNN	TRAV8-6*00(680)		TRAJ20*00(429.7)		448|459|482|0|11||110.0		33|46|77|18|31||130.0		TGTGCTGTGAGCCCTAGGCAAGCTCAGCTTT	45	CAVSP_GKLSF	:::::::::0:-3:11:::::18:-13:31:::
4286	147.0	5.779251465059904E-5	1	1.1548677676406051E-4	TGTGCTGTGAGAGACATGCGGGTGGTGCTACAAACAAGCTCATCTTT	NNNNNNNNNNNNNNNNNNNNNNNNNNNNNNNNNNNNNNNNNNNNNNN	TRAV3*00(659)		TRAJ32*00(569.7)		437|455|473|0|18||180.0		28|55|86|20|47||270.0		TGTGCTGTGAGAGACATGCGGGTGGTGCTACAAACAAGCTCATCTTT	45	CAVRDMRV_ATNKLIF	:::::::::0:2:18:::::20:-8:47:::
4614	147.0	5.779251465059904E-5	1	1.1548677676406051E-4	TGTGCTGGGCAGCTTCAGGAGGAGGTGCTGACGGACTCACCTTT	NNNNNNNNNNNNNNNNNNNNNNNNNNNNNNNNNNNNNNNNNNNN	TRAV35*00(529)		TRAJ45*00(611.1)		588|602|620|0|14||140.0		25|55|86|14|44||310.0		TGTGCTGGGCAGCTTCAGGAGGAGGTGCTGACGGACTCACCTTT	45	CAGQLQE_GADGLTF	:::::::::0:2:14:::::14:-5:44:::
4764	147.0	5.779251465059904E-5	1	1.1548677676406051E-4	TGTGCTACTTCATACTCTGGGGCTGGGAGTTACCAACTCACTTTC	NNNNNNNNNNNNNNNNNNNNNNNNNNNNNNNNNNNNNNNNNNNNN	TRAV17*00(878.9)		TRAJ28*00(629.7)		490|498|523|0|8||80.0		20|55|86|10|45||350.0		TGTGCTACTTCATACTCTGGGGCTGGGAGTTACCAACTCACTTTC	45	CATSYSGAGSYQLTF	:::::::::0:-5:8:::::10:0:45:::
5987	147.0	5.779251465059904E-5	1	1.1548677676406051E-4	TGTGCCCTAGTACAAACAAGCTCATCTTT	NNNNNNNNNNNNNNNNNNNNNNNNNNNNN	TRAV35*00(439.8)		TRAJ32*00(489.4)		588|593|620|0|5||50.0		36|55|86|10|29||190.0		TGTGCCCTAGTACAAACAAGCTCATCTTT	45	CALVQ_KLIF	:::::::::0:-7:5:::::10:-16:29:::
6124	147.0	5.779251465059904E-5	1	1.1548677676406051E-4	TGTGCCGTTCCCGGTCTTCAGCTGGGGGAAATTGCAGTTT	NNNNNNNNNNNNNNNNNNNNNNNNNNNNNNNNNNNNNNNN	TRAV12-2*00(479.4)		TRAJ24*00(509.3)		551|559|584|0|8||80.0		30|52|83|18|40||220.0		TGTGCCGTTCCCGGTCTTCAGCTGGGGGAAATTGCAGTTT	45	CAVPGLQ_WGKLQF	:::::::::0:-5:8:::::18:-10:40:::
6271	147.0	5.779251465059904E-5	1	1.1548677676406051E-4	TGTGCCGTGATTTAGCGCAGGTATTCAGGAGGAGGTGCTGACGGACTCACCTTT	NNNNNNNNNNNNNNNNNNNNNNNNNNNNNNNNNNNNNNNNNNNNNNNNNNNNNN	TRAV12-2*00(959.8)		TRAJ45*00(611)		551|561|584|0|10||100.0		18|55|86|17|54|ST20G|341.0		TGTGCCGTGATTTAGCGCAGGTATTCAGGAGGAGGTGCTGACGGACTCACCTTT	45	CAVI*RRYSGGGADGLTF	:::::::::0:-3:10:::::17:2:54:::
6378	147.0	5.779251465059904E-5	1	1.1548677676406051E-4	TGTGCCGTGAACCTCAGGAACCTACAAATACATCTTT	NNNNNNNNNNNNNNNNNNNNNNNNNNNNNNNNNNNNN	TRAV12-2*00(519.4)		TRAJ40*00(559.6)		551|562|584|0|11||120.0		24|50|81|11|37||270.0		TGTGCCGTGAACCTCAGGAACCTACAAATACATCTTT	45	CAVNLR_TYKYIF	:::::::::0:-2:11:::::11:-4:37:::
18710	147.0	5.779251465059904E-5	1	1.1548677676406051E-4	TGTGCAATGAGAGATTCTGGTTCTGCAAGGCAACTGACCTTT	NNNNNNNNNNNNNNNNNNNNNNNNNNNNNNNNNNNNNNNNNN	TRAV14/DV4*00(501)		TRAJ22*00(589.6)		517|531|554|0|14||140.0		24|52|83|14|42||280.0		TGTGCAATGAGAGATTCTGGTTCTGCAAGGCAACTGACCTTT	45	CAMRDSGSARQLTF	:::::::::0:-3:14:::::14:-4:42:::
19023	147.0	5.779251465059904E-5	1	1.1548677676406051E-4	TGCCTCGTGGGTGACATTTTAATACGGTGCAGGCAACATGCTCACCTTT	NNNNNNNNNNNNNNNNNNNNNNNNNNNNNNNNNNNNNNNNNNNNNNNNN	TRAV4*00(1039.5)		TRAJ39*00(490)		768|785|804|0|17||170.0		30|52|83|27|49||220.0		TGCCTCGTGGGTGACATTTTAATACGGTGCAGGCAACATGCTCACCTTT	45	CLVGDILI_GAGNMLTF	:::::::::0:1:17:::::27:-10:49:::
19062	147.0	5.779251465059904E-5	1	1.1548677676406051E-4	TGCCTCGTGGACCCAGGAAGCCAAGGAAATCTCATCTTT	NNNNNNNNNNNNNNNNNNNNNNNNNNNNNNNNNNNNNNN	TRAV4*00(969.8)		TRAJ42*00(520)		768|778|804|0|10||100.0		30|55|86|14|39||250.0		TGCCTCGTGGACCCAGGAAGCCAAGGAAATCTCATCTTT	45	CLVDPGSQGNLIF	:::::::::0:-6:10:::::14:-10:39:::
20189	147.0	5.779251465059904E-5	1	1.1548677676406051E-4	TGCATCTCGAGGTAGCAACTATAAACTGACATTT	NNNNNNNNNNNNNNNNNNNNNNNNNNNNNNNNNN	TRAV26-2*00(587.1)		TRAJ53*00(569.8)		791|797|826|0|6||60.0		29|55|86|8|34||260.0		TGCATCTCGAGGTAGCAACTATAAACTGACATTT	45	CISR*Q_YKLTF	:::::::::0:-9:6:::::8:-9:34:::
20323	147.0	5.779251465059904E-5	1	1.1548677676406051E-4	TGCATCGTCCTAAATGCCAGACTCATGTTT	NNNNNNNNNNNNNNNNNNNNNNNNNNNNNN	TRAV26-1*00(579.4)		TRAJ31*00(479.8)		763|772|799|0|9||90.0		28|46|77|12|30||180.0		TGCATCGTCCTAAATGCCAGACTCATGTTT	45	CIVLNARLMF	:::::::::0:-7:9:::::12:-8:30:::
2558	146.0	5.73993682924317E-5	1	1.1548677676406051E-4	TGTGCTCTGACCCCAAACACCGGTAACCAGTTCTATTTT	NNNNNNNNNNNNNNNNNNNNNNNNNNNNNNNNNNNNNNN	TRAV9-2*00(709.4)		TRAJ49*00(539.8)		480|490|514|0|10||100.0		21|45|76|15|39||240.0		TGTGCTCTGACCCCAAACACCGGTAACCAGTTCTATTTT	45	CALTPNTGNQFYF	:::::::::0:-4:10:::::15:-1:39:::
2950	146.0	5.73993682924317E-5	1	1.1548677676406051E-4	TGTGCTCTAATTCCCACCCGCGCAGGCAACATGCTCACCTTT	NNNNNNNNNNNNNNNNNNNNNNNNNNNNNNNNNNNNNNNNNN	TRAV16*00(509)		TRAJ39*00(519.4)		449|459|483|0|10||100.0		31|52|83|21|42||210.0		TGTGCTCTAATTCCCACCCGCGCAGGCAACATGCTCACCTTT	45	CALIPTRAGNMLTF	:::::::::0:-4:10:::::21:-11:42:::
3095	146.0	5.73993682924317E-5	1	1.1548677676406051E-4	TGTGCTCCGCATGCGAGGCCAGAAGCTGCTCTTT	NNNNNNNNNNNNNNNNNNNNNNNNNNNNNNNNNN	TRAV21*00(928.8)		TRAJ16*00(451)		544|550|576|0|6||60.0		31|49|80|16|34||180.0		TGTGCTCCGCATGCGAGGCCAGAAGCTGCTCTTT	45	CAPHAR_QKLLF	:::::::::0:-6:6:::::16:-11:34:::
3507	146.0	5.73993682924317E-5	1	1.1548677676406051E-4	TGTGCTGTGGCTCAGGGCGGATCTGAAAAGCTGGTCTTT	NNNNNNNNNNNNNNNNNNNNNNNNNNNNNNNNNNNNNNN	TRAV21*00(652.2)		TRAJ57*00(583.9)		544|553|576|0|9||90.0		23|52|83|10|39||290.0		TGTGCTGTGGCTCAGGGCGGATCTGAAAAGCTGGTCTTT	45	CAVAQGGSEKLVF	:::::::::0:-3:9:::::10:-3:39:::
3596	146.0	5.73993682924317E-5	1	1.1548677676406051E-4	TGTGCTGTGGGTGAATTGGAAAGCTGCAGGCAACAAGCTAACTTTT	NNNNNNNNNNNNNNNNNNNNNNNNNNNNNNNNNNNNNNNNNNNNNN	TRAV8-3*00(620.5)		TRAJ17*00(569.7)		455|468|489|0|13||130.0		25|52|83|19|46||270.0		TGTGCTGTGGGTGAATTGGAAAGCTGCAGGCAACAAGCTAACTTTT	45	CAVGELES_AGNKLTF	:::::::::0:-1:13:::::19:-5:46:::
4098	146.0	5.73993682924317E-5	1	1.1548677676406051E-4	TGTGCTGTGAGCGGAGGCTCTAGCAACACAGGCAAACTAATCTTT	NNNNNNNNNNNNNNNNNNNNNNNNNNNNNNNNNNNNNNNNNNNNN	TRAV21*00(979.8)		TRAJ37*00(540.6)		544|555|576|0|11||110.0		21|51|82|15|45|SG27A|271.0		TGTGCTGTGAGCGGAGGCTCTAGCAACACAGGCAAACTAATCTTT	45	CAVSGGSSNTGKLIF	:::::::::0:-1:11:::::15:-1:45:::
4391	146.0	5.73993682924317E-5	1	1.1548677676406051E-4	TGTGCTGCTCCCCCTCAGGGCGGATCTGAAAAGCTGGTCTTT	NNNNNNNNNNNNNNNNNNNNNNNNNNNNNNNNNNNNNNNNNN	TRAV21*00(939.4)		TRAJ57*00(549.4)		544|551|576|0|7||70.0		23|52|83|13|42||290.0		TGTGCTGCTCCCCCTCAGGGCGGATCTGAAAAGCTGGTCTTT	45	CAAPPQGGSEKLVF	:::::::::0:-5:7:::::13:-3:42:::
17761	146.0	5.73993682924317E-5	1	1.1548677676406051E-4	TGTGCAGCAAGTAACAGAAACAAACTGGTCTTT	NNNNNNNNNNNNNNNNNNNNNNNNNNNNNNNNN	TRAV13-1*00(988.9)		TRAJ47*00(479.7)		511|524|544|0|13||130.0		29|46|77|16|33||170.0		TGTGCAGCAAGTAACAGAAACAAACTGGTCTTT	45	CAASNRNKLVF	:::::::::0:0:13:::::16:-9:33:::
18790	146.0	5.73993682924317E-5	1	1.1548677676406051E-4	TGTGCAATGAGAGAGGGCACGGTGAGGAGGTGCTGACGGACTCACCTTT	NNNNNNNNNNNNNNNNNNNNNNNNNNNNNNNNNNNNNNNNNNNNNNNNN	TRAV14/DV4*00(540.8)		TRAJ45*00(569.6)		517|535|554|0|18||180.0		29|55|86|23|49||260.0		TGTGCAATGAGAGAGGGCACGGTGAGGAGGTGCTGACGGACTCACCTTT	45	CAMREGTV_GGADGLTF	:::::::::0:1:18:::::23:-9:49:::
1492	145.0	5.700622193426436E-5	1	1.1548677676406051E-4	TCCCTAATGCTGGCAACAACCGTAAGCTGATTTGG	NNNNNNNNNNNNNNNNNNNNNNNNNNNNNNNNNNN	TRAV29/DV5*00(419.9)		TRAJ38*00(609.6)		529|530|562|0|1||10.0		20|51|82|4|35||310.0		TCCCTAATGCTGGCAACAACCGTAAGCTGATTTGG	45	SLMLAT_RKLIW	:::::::::0:-12:1:::::4:0:35:::
2149	145.0	5.700622193426436E-5	1	1.1548677676406051E-4	TGTGCTTGGCCTGCCGTACAATAACAATGACATGCGCTTT	NNNNNNNNNNNNNNNNNNNNNNNNNNNNNNNNNNNNNNNN	TRAV38-2/DV8*00(529.7)		TRAJ43*00(549.8)		602|609|638|0|7||70.0		18|43|74|15|40||250.0		TGTGCTTGGCCTGCCGTACAATAACAATGACATGCGCTTT	45	CAWPAVQ_NNDMRF	:::::::::0:-9:7:::::15:2:40:::
2153	145.0	5.700622193426436E-5	1	1.1548677676406051E-4	TGTGCTTGATTCCGAACACCGGTAACCAGTTCTATTTT	NNNNNNNNNNNNNNNNNNNNNNNNNNNNNNNNNNNNNN	TRAV16*00(929.7)		TRAJ49*00(540)		449|455|483|0|6||60.0		19|45|76|12|38||260.0		TGTGCTTGATTCCGAACACCGGTAACCAGTTCTATTTT	45	CA*FRT_GNQFYF	:::::::::0:-8:6:::::12:1:38:::
3288	145.0	5.700622193426436E-5	1	1.1548677676406051E-4	TGTGCTGTCATAATGCTGGCAACAACCGTAAGCTGATTTGG	NNNNNNNNNNNNNNNNNNNNNNNNNNNNNNNNNNNNNNNNN	TRAV21*00(949)		TRAJ38*00(579.2)		544|552|576|0|8||80.0		19|51|82|9|41||320.0		TGTGCTGTCATAATGCTGGCAACAACCGTAAGCTGATTTGG	45	CAVIMLA_NRKLIW	:::::::::0:-4:8:::::9:1:41:::
3661	145.0	5.700622193426436E-5	1	1.1548677676406051E-4	TGTGCTGTGGATAACTGGGGCAAACAACCTCTTCTTT	NNNNNNNNNNNNNNNNNNNNNNNNNNNNNNNNNNNNN	TRAV2*00(559.4)		TRAJ36*00(560)		519|530|553|0|11||110.0		23|48|79|12|37||250.0		TGTGCTGTGGATAACTGGGGCAAACAACCTCTTCTTT	45	CAVDNW_ANNLFF	:::::::::0:-3:11:::::12:-3:37:::
3769	145.0	5.700622193426436E-5	1	1.1548677676406051E-4	TGTGCTGTGGAAGGAGGAAGCTACATACCTACATTT	NNNNNNNNNNNNNNNNNNNNNNNNNNNNNNNNNNNN	TRAV21*00(449.7)		TRAJ6*00(559.6)		544|553|576|0|9||90.0		26|51|82|11|36||250.0		TGTGCTGTGGAAGGAGGAAGCTACATACCTACATTT	45	CAVEGGSYIPTF	:::::::::0:-3:9:::::11:-6:36:::
4201	145.0	5.700622193426436E-5	1	1.1548677676406051E-4	TGTGCTGTGAGATGCTGGTGGTACTAGCTATGGAAAGCTGACATTT	NNNNNNNNNNNNNNNNNNNNNNNNNNNNNNNNNNNNNNNNNNNNNN	TRAV21*00(470)		TRAJ52*00(650)		544|555|576|0|11||110.0		23|58|89|11|46||350.0		TGTGCTGTGAGATGCTGGTGGTACTAGCTATGGAAAGCTGACATTT	45	CAVRCWWY_SYGKLTF	:::::::::0:-1:11:::::11:-3:46:::
4598	145.0	5.700622193426436E-5	1	1.1548677676406051E-4	TGTGCTGGGCATGCACAATAACAATGACATGCGCTTT	NNNNNNNNNNNNNNNNNNNNNNNNNNNNNNNNNNNNN	TRAV35*00(500)		TRAJ43*00(528.4)		588|599|620|0|11||110.0		17|43|74|11|37|ST19C|231.0		TGTGCTGGGCATGCACAATAACAATGACATGCGCTTT	45	CAGHAQ_NNDMRF	:::::::::0:-1:11:::::11:3:37:::
5016	145.0	5.700622193426436E-5	1	1.1548677676406051E-4	TGTGCCTTTACGGAACGGCACTGCCAGTAAACTCACCTTT	NNNNNNNNNNNNNNNNNNNNNNNNNNNNNNNNNNNNNNNN	TRAV24*00(998.6)		TRAJ44*00(519.6)		515|525|545|0|10||100.0		27|52|83|15|40||250.0		TGTGCCTTTACGGAACGGCACTGCCAGTAAACTCACCTTT	45	CAFTERH_ASKLTF	:::::::::0:0:10:::::15:-7:40:::
6572	145.0	5.700622193426436E-5	1	1.1548677676406051E-4	TGTGCCGATTCAACTGGGGCAAACAACCTCTTCTTT	NNNNNNNNNNNNNNNNNNNNNNNNNNNNNNNNNNNN	TRAV25*00(509.5)		TRAJ36*00(559.5)		620|625|649|0|5||50.0		23|48|79|11|36||250.0		TGTGCCGATTCAACTGGGGCAAACAACCTCTTCTTT	45	CADSTGANNLFF	:::::::::0:-4:5:::::11:-3:36:::
18657	145.0	5.700622193426436E-5	1	1.1548677676406051E-4	TGTGCAATGAGCGGGAAAGTAAAACTATGGTCAGAATTTTGTCTTT	NNNNNNNNNNNNNNNNNNNNNNNNNNNNNNNNNNNNNNNNNNNNNN	TRAV12-3*00(988.1)		TRAJ26*00(489.8)		562|575|595|0|13||130.0		25|49|80|22|46||240.0		TGTGCAATGAGCGGGAAAGTAAAACTATGGTCAGAATTTTGTCTTT	45	CAMSGKVK_YGQNFVF	:::::::::0:0:13:::::22:-5:46:::
18670	145.0	5.700622193426436E-5	1	1.1548677676406051E-4	TGTGCAATGAGGCCAATGGGGAATAACAATGACATGCGCTTT	NNNNNNNNNNNNNNNNNNNNNNNNNNNNNNNNNNNNNNNNNN	TRAV12-3*00(481)		TRAJ43*00(509.7)		562|573|595|0|11||110.0		22|43|74|21|42||210.0		TGTGCAATGAGGCCAATGGGGAATAACAATGACATGCGCTTT	45	CAMRPMGNNNDMRF	:::::::::0:-2:11:::::21:-2:42:::
18982	145.0	5.700622193426436E-5	1	1.1548677676406051E-4	TGCCTCGTGGGTGTCCCATAACACCGACAAGCTCATCTTT	NNNNNNNNNNNNNNNNNNNNNNNNNNNNNNNNNNNNNNNN	TRAV4*00(549.6)		TRAJ34*00(529)		768|781|804|0|13||130.0		24|47|78|17|40||230.0		TGCCTCGTGGGTGTCCCATAACACCGACAAGCTCATCTTT	45	CLVGVP*_TDKLIF	:::::::::0:-3:13:::::17:-4:40:::
20431	145.0	5.700622193426436E-5	1	1.1548677676406051E-4	TGCATCGTCAGAGTCATGGCTCAGGGCGGATCTGAAAAGCTGGTCTTT	NNNNNNNNNNNNNNNNNNNNNNNNNNNNNNNNNNNNNNNNNNNNNNNN	TRAV26-1*00(639.8)		TRAJ57*00(599.2)		763|776|799|0|13||150.0		17|52|83|13|48|ST18CSA21GSA22G|293.0		TGCATCGTCAGAGTCATGGCTCAGGGCGGATCTGAAAAGCTGGTCTTT	45	CIVRVMAQGGSEKLVF	:::::::::0:-3:13:::::13:3:48:::
1495	144.0	5.661307557609702E-5	1	1.1548677676406051E-4	TCCGGGCCTGAGCTTATAACCAGGGAGGAAAGCTTATCTTC	NNNNNNNNNNNNNNNNNNNNNNNNNNNNNNNNNNNNNNNNN	TRAV13-1*00(489.7)		TRAJ23*00(589.6)		511|512|544|0|1||10.0		24|52|83|13|41||280.0		TCCGGGCCTGAGCTTATAACCAGGGAGGAAAGCTTATCTTC	45	SGPELIT_GGKLIF	:::::::::0:-12:1:::::13:-4:41:::
1603	144.0	5.661307557609702E-5	1	1.1548677676406051E-4	TGTGTTGTGAGTGATCTAACGAGTATTCAGGAGGAGGTGCTGACGGACTCACCTTT	NNNNNNNNNNNNNNNNNNNNNNNNNNNNNNNNNNNNNNNNNNNNNNNNNNNNNNNN	TRAV8-2*00(709.4)		TRAJ45*00(649.4)		466|482|500|0|16||160.0		21|55|86|22|56||340.0		TGTGTTGTGAGTGATCTAACGAGTATTCAGGAGGAGGTGCTGACGGACTCACCTTT	45	CVVSDLTSI_GGGADGLTF	:::::::::0:2:16:::::22:-1:56:::
1675	144.0	5.661307557609702E-5	1	1.1548677676406051E-4	TGTGTGGTGTCCCGGGCTAACACCGACAAGCTCATCTTT	NNNNNNNNNNNNNNNNNNNNNNNNNNNNNNNNNNNNNNN	TRAV12-1*00(948.3)		TRAJ34*00(499.9)		539|548|572|0|9||90.0		25|47|78|17|39||220.0		TGTGTGGTGTCCCGGGCTAACACCGACAAGCTCATCTTT	45	CVVSRANTDKLIF	:::::::::0:-4:9:::::17:-5:39:::
1819	144.0	5.661307557609702E-5	1	1.1548677676406051E-4	TGTGTGGTGAGCGAGGGATTCCGGGTATGCACTCAACTTC	NNNNNNNNNNNNNNNNNNNNNNNNNNNNNNNNNNNNNNNN	TRAV10*00(1039.1)		TRAJ41*00(449.8)		575|588|608|0|13||130.0		28|51|82|17|40||230.0		TGTGTGGTGAGCGAGGGATTCCGGGTATGCACTCAACTTC	45	CVVSEGF_GYALNF	:::::::::0:0:13:::::17:-8:40:::
3254	144.0	5.661307557609702E-5	1	1.1548677676406051E-4	TGTGCTGTCGTCTAATGCTGGTGGTACTAGCTATGGAAAGCTGACATTT	NNNNNNNNNNNNNNNNNNNNNNNNNNNNNNNNNNNNNNNNNNNNNNNNN	TRAV36/DV7*00(599.4)		TRAJ52*00(679.4)		500|508|533|0|8||80.0		20|58|89|11|49||380.0		TGTGCTGTCGTCTAATGCTGGTGGTACTAGCTATGGAAAGCTGACATTT	45	CAVV*CWW_TSYGKLTF	:::::::::0:-5:8:::::11:0:49:::
3360	144.0	5.661307557609702E-5	1	1.1548677676406051E-4	TGTGCTGTGTCTGGGGGTTACCAGAAAGTTACCTTT	NNNNNNNNNNNNNNNNNNNNNNNNNNNNNNNNNNNN	TRAV8-6*00(659.8)		TRAJ13*00(539.7)		448|457|482|0|9||90.0		25|52|83|9|36||270.0		TGTGCTGTGTCTGGGGGTTACCAGAAAGTTACCTTT	45	CAVSGGYQKVTF	:::::::::0:-5:9:::::9:-5:36:::
3604	144.0	5.661307557609702E-5	1	1.1548677676406051E-4	TGTGCTGTGGGTAATAATAATGCAGGCAACATGCTCACCTTT	NNNNNNNNNNNNNNNNNNNNNNNNNNNNNNNNNNNNNNNNNN	TRAV8-3*00(567.6)		TRAJ39*00(610)		455|467|489|0|12||120.0		22|52|83|12|42||300.0		TGTGCTGTGGGTAATAATAATGCAGGCAACATGCTCACCTTT	45	CAVGNNNAGNMLTF	:::::::::0:-2:12:::::12:-2:42:::
4318	144.0	5.661307557609702E-5	1	1.1548677676406051E-4	TGTGCTGTGAGAAGGCGACTACAAGCTCAGCTTT	NNNNNNNNNNNNNNNNNNNNNNNNNNNNNNNNNN	TRAV8-6*00(678.8)		TRAJ20*00(489.8)		448|459|482|0|11||110.0		27|46|77|15|34||190.0		TGTGCTGTGAGAAGGCGACTACAAGCTCAGCTTT	45	CAVRRR_YKLSF	:::::::::0:-3:11:::::15:-7:34:::
4633	144.0	5.661307557609702E-5	1	1.1548677676406051E-4	TGTGCTGGGCAGCTGAGGACCGGCACTGCCAGTAAACTCACCTTT	NNNNNNNNNNNNNNNNNNNNNNNNNNNNNNNNNNNNNNNNNNNNN	TRAV35*00(540)		TRAJ44*00(580)		588|603|620|0|15||150.0		25|52|83|18|45||270.0		TGTGCTGGGCAGCTGAGGACCGGCACTGCCAGTAAACTCACCTTT	45	CAGQLRTGTASKLTF	:::::::::0:3:15:::::18:-5:45:::
4899	144.0	5.661307557609702E-5	1	1.1548677676406051E-4	TGTGCTACGGACAAGCAACACAGGCAAACTAATCTTT	NNNNNNNNNNNNNNNNNNNNNNNNNNNNNNNNNNNNN	TRAV17*00(919.7)		TRAJ37*00(539.2)		490|502|523|0|12||120.0		28|51|82|14|37||230.0		TGTGCTACGGACAAGCAACACAGGCAAACTAATCTTT	45	CATDKQ_TGKLIF	:::::::::0:-1:12:::::14:-8:37:::
5034	144.0	5.661307557609702E-5	1	1.1548677676406051E-4	TGTGCCTTCTCCTGGTGAACCGGGTATGCACTCAACTTC	NNNNNNNNNNNNNNNNNNNNNNNNNNNNNNNNNNNNNNN	TRAV24*00(460.4)		TRAJ41*00(459.3)		515|523|545|0|8||80.0		31|51|82|19|39||200.0		TGTGCCTTCTCCTGGTGAACCGGGTATGCACTCAACTTC	45	CAFSW*TGYALNF	:::::::::0:-2:8:::::19:-11:39:::
6140	144.0	5.661307557609702E-5	1	1.1548677676406051E-4	TGTGCCGTCCTCCTGTTCTAACGACTACAAGCTCAGCTTT	NNNNNNNNNNNNNNNNNNNNNNNNNNNNNNNNNNNNNNNN	TRAV12-2*00(450.9),TRAV12-3*00(449.9)		TRAJ20*00(559.8)		551|559|584|0|8||80.0;562|567|595|0|5||50.0		20|46|77|14|40||260.0		TGTGCCGTCCTCCTGTTCTAACGACTACAAGCTCAGCTTT	45	CAVLLF*_DYKLSF	:::::::::0:-5:8:::::14:0:40:::
6566	144.0	5.661307557609702E-5	1	1.1548677676406051E-4	TGTGCCGGAGGGGGGGGCAGGAGAGCACTTACTTTT	NNNNNNNNNNNNNNNNNNNNNNNNNNNNNNNNNNNN	TRAV12-3*00(449.5)		TRAJ5*00(519.5)		562|567|595|0|5||50.0		27|49|80|14|36||220.0		TGTGCCGGAGGGGGGGGCAGGAGAGCACTTACTTTT	45	CAGGGGRRALTF	:::::::::0:-8:5:::::14:-7:36:::
17684	144.0	5.661307557609702E-5	1	1.1548677676406051E-4	TGTGCAGCAAGTGCGGGAGGAGGAAACAAACTCACCTTT	NNNNNNNNNNNNNNNNNNNNNNNNNNNNNNNNNNNNNNN	TRAV13-1*00(599.5)		TRAJ10*00(559.8)		511|523|544|0|12||120.0		27|53|84|13|39||260.0		TGTGCAGCAAGTGCGGGAGGAGGAAACAAACTCACCTTT	45	CAASAGGGNKLTF	:::::::::0:-1:12:::::13:-7:39:::
18638	144.0	5.661307557609702E-5	1	1.1548677676406051E-4	TGTGCAATGAGCGCGGGAAAACAATGCCAGACTCATGTTT	NNNNNNNNNNNNNNNNNNNNNNNNNNNNNNNNNNNNNNNN	TRAV12-3*00(1009.4)		TRAJ31*00(481.1)		562|576|595|0|14||150.0		20|46|77|14|40|SA22GST24A|212.0		TGTGCAATGAGCGCGGGAAAACAATGCCAGACTCATGTTT	45	CAMSAGK_NARLMF	:::::::::0:1:14:::::14:0:40:::
20153	144.0	5.661307557609702E-5	1	1.1548677676406051E-4	TGCGGCCCCCGTAAGCTGCAGGCAACAAGCTAACTTTT	NNNNNNNNNNNNNNNNNNNNNNNNNNNNNNNNNNNNNN	TRAV30*00(429.8)		TRAJ17*00(560)		567|573|600|0|6||60.0		26|52|83|12|38||260.0		TGCGGCCCCCGTAAGCTGCAGGCAACAAGCTAACTTTT	45	CGPRKL_GNKLTF	:::::::::0:-7:6:::::12:-6:38:::
1918	143.0	5.621992921792968E-5	1	1.1548677676406051E-4	TGTGTGGTGAACATAGGGGCAGGCAACAAGCTAACTTTT	NNNNNNNNNNNNNNNNNNNNNNNNNNNNNNNNNNNNNNN	TRAV12-1*00(999.5)		TRAJ17*00(490)		539|553|572|0|14||140.0		31|52|83|18|39||210.0		TGTGTGGTGAACATAGGGGCAGGCAACAAGCTAACTTTT	45	CVVNIGAGNKLTF	:::::::::0:1:14:::::18:-11:39:::
2319	143.0	5.621992921792968E-5	1	1.1548677676406051E-4	TGTGCTCTTGGGGCCCGAATTCTGGGGGTTACCAGAAAGTTACCTTT	NNNNNNNNNNNNNNNNNNNNNNNNNNNNNNNNNNNNNNNNNNNNNNN	TRDV1*00(659.8)		TRAJ13*00(609.2)		573|586|610|0|13||130.0		21|52|83|16|47||310.0		TGTGCTCTTGGGGCCCGAATTCTGGGGGTTACCAGAAAGTTACCTTT	45	CALGARIL_GYQKVTF	:::::::::0:-4:13:::::16:-1:47:::
2335	143.0	5.621992921792968E-5	1	1.1548677676406051E-4	TGTGCTCTTGGGGACCCTGGGGGTGATGACATGGAATATGGAAACAAGCTGGTCTTT	NNNNNNNNNNNNNNNNNNNNNNNNNNNNNNNNNNNNNNNNNNNNNNNNNNNNNNNNN	TRDV1*00(669.2)		TRAJ47*00(560.8)		573|587|610|0|14||140.0		18|46|77|29|57|SA36G|251.0		TGTGCTCTTGGGGACCCTGGGGGTGATGACATGGAATATGGAAACAAGCTGGTCTTT	45	CALGDPGGDDMEYGNKLVF	:::::::::0:-3:14:::::29:2:57:::
2807	143.0	5.621992921792968E-5	1	1.1548677676406051E-4	TGTGCTCTGAGTAAGAACACCGGTAACCAGTTCTATTTT	NNNNNNNNNNNNNNNNNNNNNNNNNNNNNNNNNNNNNNN	TRAV9-2*00(729.7)		TRAJ49*00(548.9)		480|492|514|0|12||120.0		20|45|76|14|39||250.0		TGTGCTCTGAGTAAGAACACCGGTAACCAGTTCTATTTT	45	CALSKNTGNQFYF	:::::::::0:-2:12:::::14:0:39:::
4510	143.0	5.621992921792968E-5	1	1.1548677676406051E-4	TGTGCTGGTCACTTAGCAACTATCAGTTAATCTGG	NNNNNNNNNNNNNNNNNNNNNNNNNNNNNNNNNNN	TRAV21*00(939.5)		TRAJ33*00(509.3)		544|551|576|0|7||70.0		24|46|77|13|35||220.0		TGTGCTGGTCACTTAGCAACTATCAGTTAATCTGG	45	CAGHLA_YQLIW	:::::::::0:-5:7:::::13:-4:35:::
6215	143.0	5.621992921792968E-5	1	1.1548677676406051E-4	TGTGCCGTGGGGCCTAACGACTACAAGCTCAGCTTT	NNNNNNNNNNNNNNNNNNNNNNNNNNNNNNNNNNNN	TRAV12-2*00(512)		TRAJ20*00(533)		551|560|584|0|9||90.0		23|46|77|13|36||230.0		TGTGCCGTGGGGCCTAACGACTACAAGCTCAGCTTT	45	CAVGPNDYKLSF	:::::::::0:-4:9:::::13:-3:36:::
6470	143.0	5.621992921792968E-5	1	1.1548677676406051E-4	TGTGCCGTAGAACCTACCGGCACTGCCAGTAAACTCACCTTT	NNNNNNNNNNNNNNNNNNNNNNNNNNNNNNNNNNNNNNNNNN	TRAV39*00(720.6)		TRAJ44*00(589.4)		507|518|540|0|11|SG515A|81.0		24|52|83|14|42||280.0		TGTGCCGTAGAACCTACCGGCACTGCCAGTAAACTCACCTTT	45	CAVEPTGTASKLTF	:::::::::0:-2:11:::::14:-4:42:::
17616	143.0	5.621992921792968E-5	1	1.1548677676406051E-4	TGTGCAGCAACCTTCGAACACCGGTAACCAGTTCTATTTT	NNNNNNNNNNNNNNNNNNNNNNNNNNNNNNNNNNNNNNNN	TRAV13-1*00(579.8)		TRAJ49*00(569.5)		511|521|544|0|10||100.0		17|45|76|12|40||280.0		TGTGCAGCAACCTTCGAACACCGGTAACCAGTTCTATTTT	45	CAATFEH_GNQFYF	:::::::::0:-3:10:::::12:3:40:::
17753	143.0	5.621992921792968E-5	1	1.1548677676406051E-4	TGTGCAGCAAGTAATCCCTTGGGAGCAGGGAGCCCAGAAGCTGGTATTT	NNNNNNNNNNNNNNNNNNNNNNNNNNNNNNNNNNNNNNNNNNNNNNNNN	TRAV13-1*00(609.3)		TRAJ54*00(529.5)		511|524|544|0|13||130.0		25|49|80|25|49||240.0		TGTGCAGCAAGTAATCCCTTGGGAGCAGGGAGCCCAGAAGCTGGTATTT	45	CAASNPLG_QGAQKLVF	:::::::::0:0:13:::::25:-5:49:::
18581	143.0	5.621992921792968E-5	1	1.1548677676406051E-4	TGTGCAATGACCCTTCAGAAGTCAATTATGGAGGAAGCCAAGGAAATCTCATCTTT	NNNNNNNNNNNNNNNNNNNNNNNNNNNNNNNNNNNNNNNNNNNNNNNNNNNNNNNN	TRAV12-3*00(959.3)		TRAJ42*00(588.9)		562|572|595|0|10||100.0		22|55|86|23|56||330.0		TGTGCAATGACCCTTCAGAAGTCAATTATGGAGGAAGCCAAGGAAATCTCATCTTT	45	CAMTLQKSI_GGSQGNLIF	:::::::::0:-3:10:::::23:-2:56:::
18953	143.0	5.621992921792968E-5	1	1.1548677676406051E-4	TGCCTCTTAGGGGGGAAAGCTGCAGGCAACAAGCTAACTTTT	NNNNNNNNNNNNNNNNNNNNNNNNNNNNNNNNNNNNNNNNNN	TRAV4*00(479.8)		TRAJ17*00(569.6)		768|774|804|0|6||60.0		25|52|83|15|42||270.0		TGCCTCTTAGGGGGGAAAGCTGCAGGCAACAAGCTAACTTTT	45	CLLGGKAAGNKLTF	:::::::::0:-10:6:::::15:-5:42:::
3143	142.0	5.582678285976234E-5	1	1.1548677676406051E-4	TGTGCTGTTTTCCTCAGGAACCTACAAATACATCTTT	NNNNNNNNNNNNNNNNNNNNNNNNNNNNNNNNNNNNN	TRAV21*00(572.3)		TRAJ40*00(549.4)		544|552|576|0|8||80.0		24|50|81|11|37||260.0		TGTGCTGTTTTCCTCAGGAACCTACAAATACATCTTT	45	CAVFLR_TYKYIF	:::::::::0:-4:8:::::11:-4:37:::
3524	142.0	5.582678285976234E-5	1	1.1548677676406051E-4	TGTGCTGTGGCCGACTACAAGCTCAGCTTT	NNNNNNNNNNNNNNNNNNNNNNNNNNNNNN	TRAV2*00(999.8)		TRAJ20*00(489.8)		519|529|553|0|10||100.0		27|46|77|11|30||190.0		TGTGCTGTGGCCGACTACAAGCTCAGCTTT	45	CAVADYKLSF	:::::::::0:-4:10:::::11:-7:30:::
3919	142.0	5.582678285976234E-5	1	1.1548677676406051E-4	TGTGCTGTGAGTGGGGCCTATGGTCAGAATTTTGTCTTT	NNNNNNNNNNNNNNNNNNNNNNNNNNNNNNNNNNNNNNN	TRAV8-4*00(504.3)		TRAJ26*00(509.8)		476|489|510|0|13||130.0		27|49|80|17|39||220.0		TGTGCTGTGAGTGGGGCCTATGGTCAGAATTTTGTCTTT	45	CAVSGAYGQNFVF	:::::::::0:-1:13:::::17:-7:39:::
4371	142.0	5.582678285976234E-5	1	1.1548677676406051E-4	TGTGCTGTAGGCCAAGGCAGTGCTTCCAAGATAATCTTT	NNNNNNNNNNNNNNNNNNNNNNNNNNNNNNNNNNNNNNN	TRAV3*00(559.8)		TRAJ3*00(529.3)		437|445|473|0|8||80.0		28|51|82|16|39||230.0		TGTGCTGTAGGCCAAGGCAGTGCTTCCAAGATAATCTTT	45	CAVGQGSASKIIF	:::::::::0:-8:8:::::16:-8:39:::
4458	142.0	5.582678285976234E-5	1	1.1548677676406051E-4	TGTGCTGCGCCCGGAGGAAGCCAAGGAAATCTCATCTTT	NNNNNNNNNNNNNNNNNNNNNNNNNNNNNNNNNNNNNNN	TRAV20*00(480.8)		TRAJ42*00(570)		498|508|531|0|10|ST505C|71.0		28|55|86|12|39||270.0		TGTGCTGCGCCCGGAGGAAGCCAAGGAAATCTCATCTTT	45	CAAPGGSQGNLIF	:::::::::0:-3:10:::::12:-8:39:::
6222	142.0	5.582678285976234E-5	1	1.1548677676406051E-4	TGTGCCGTGGACTCTCGGTCGGATGACATGCGCTTT	NNNNNNNNNNNNNNNNNNNNNNNNNNNNNNNNNNNN	TRAV39*00(759.6)		TRAJ43*00(439.6)		507|519|540|0|12||120.0		29|43|74|22|36||140.0		TGTGCCGTGGACTCTCGGTCGGATGACATGCGCTTT	45	CAVDSRSDDMRF	:::::::::0:-1:12:::::22:-9:36:::
6527	142.0	5.582678285976234E-5	1	1.1548677676406051E-4	TGTGCCGGTTCAAGGGGTAACCAGTTCTATTTT	NNNNNNNNNNNNNNNNNNNNNNNNNNNNNNNNN	TRAV12-2*00(928)		TRAJ49*00(479)		551|558|584|0|7||70.0		27|45|76|15|33||180.0		TGTGCCGGTTCAAGGGGTAACCAGTTCTATTTT	45	CAGSRGNQFYF	:::::::::0:-6:7:::::15:-7:33:::
17352	142.0	5.582678285976234E-5	1	1.1548677676406051E-4	TGTGCGGAGACCAACCAGGCAGGAACTGCTCTGATCTTT	NNNNNNNNNNNNNNNNNNNNNNNNNNNNNNNNNNNNNNN	TRAV25*00(555.5)		TRAJ15*00(600)		620|625|649|0|5||50.0		20|49|80|10|39||290.0		TGTGCGGAGACCAACCAGGCAGGAACTGCTCTGATCTTT	45	CAETNQAGTALIF	:::::::::0:-4:5:::::10:0:39:::
17823	142.0	5.582678285976234E-5	1	1.1548677676406051E-4	TGTGCAGCAAGCCCCGTCCTATATCTAACTTTGGAAATGAGAAATTAACCTTT	NNNNNNNNNNNNNNNNNNNNNNNNNNNNNNNNNNNNNNNNNNNNNNNNNNNNN	TRAV13-1*00(637.8)		TRAJ48*00(643.5)		511|522|544|0|11||110.0		18|52|83|19|53||340.0		TGTGCAGCAAGCCCCGTCCTATATCTAACTTTGGAAATGAGAAATTAACCTTT	45	CAASPVLYL_FGNEKLTF	:::::::::0:-2:11:::::19:2:53:::
17877	142.0	5.582678285976234E-5	1	1.1548677676406051E-4	TGTGCAGCAAGCGCGCGCTGGTGGTACTAGCTATGGAAAGCTGACATTT	NNNNNNNNNNNNNNNNNNNNNNNNNNNNNNNNNNNNNNNNNNNNNNNNN	TRAV29/DV5*00(569.4)		TRAJ52*00(629.6)		529|545|562|0|16||160.0		25|58|89|16|49||330.0		TGTGCAGCAAGCGCGCGCTGGTGGTACTAGCTATGGAAAGCTGACATTT	45	CAASARWW_TSYGKLTF	:::::::::0:3:16:::::16:-5:49:::
18538	142.0	5.582678285976234E-5	1	1.1548677676406051E-4	TGTGCAATTACGGGAGGGGGTACAGCAGTGCTTCCAAGATAATCTTT	NNNNNNNNNNNNNNNNNNNNNNNNNNNNNNNNNNNNNNNNNNNNNNN	TRAV14/DV4*00(809.9)		TRAJ3*00(609.6)		517|525|554|0|8||80.0		20|51|82|16|47||310.0		TGTGCAATTACGGGAGGGGGTACAGCAGTGCTTCCAAGATAATCTTT	45	CAITGGGT_SASKIIF	:::::::::0:-9:8:::::16:0:47:::
18775	142.0	5.582678285976234E-5	1	1.1548677676406051E-4	TGTGCAATGAGAGAGGGCCCAGGTAGCAACTATAAACTGACATTT	NNNNNNNNNNNNNNNNNNNNNNNNNNNNNNNNNNNNNNNNNNNNN	TRAV14/DV4*00(560.4)		TRAJ53*00(559.8)		517|537|554|0|20||200.0		30|55|86|20|45||250.0		TGTGCAATGAGAGAGGGCCCAGGTAGCAACTATAAACTGACATTT	45	CAMREGPGSNYKLTF	:::::::::0:3:20:::::20:-10:45:::
1480	141.0	5.5433636501595E-5	1	1.1548677676406051E-4	TTCAGGGGCAGGAGGTGCTGACGGACTCACCTTT	NNNNNNNNNNNNNNNNNNNNNNNNNNNNNNNNNN	TRAV41*00(511.8)		TRAJ45*00(559.8)		512|513|544|0|1||10.0		30|55|86|9|34||250.0		TTCAGGGGCAGGAGGTGCTGACGGACTCACCTTT	45	FRGRRC_DGLTF	:::::::::0:-11:1:::::9:-10:34:::
2105	141.0	5.5433636501595E-5	1	1.1548677676406051E-4	TGTGCTTTATACTCTGGGGCTGGGAGTTACCAACTCACTTTC	NNNNNNNNNNNNNNNNNNNNNNNNNNNNNNNNNNNNNNNNNN	TRAV19*00(669.6)		TRAJ28*00(629.8)		556|562|593|0|6||60.0		21|55|86|8|42||340.0		TGTGCTTTATACTCTGGGGCTGGGAGTTACCAACTCACTTTC	45	CALYSGAGSYQLTF	:::::::::0:-11:6:::::8:-1:42:::
2184	141.0	5.5433636501595E-5	1	1.1548677676406051E-4	TGTGCTTATAGTTAATTCAGGGAGCCCAGAAGCTGGTATTT	NNNNNNNNNNNNNNNNNNNNNNNNNNNNNNNNNNNNNNNNN	TRAV38-2/DV8*00(568.6)		TRAJ54*00(578.7)		602|613|638|0|11||110.0		20|49|80|12|41||290.0		TGTGCTTATAGTTAATTCAGGGAGCCCAGAAGCTGGTATTT	45	CAYS*FR_AQKLVF	:::::::::0:-5:11:::::12:0:41:::
3225	141.0	5.5433636501595E-5	1	1.1548677676406051E-4	TGTGCTGTCCTCCAGGGCGGATCTGAAAAGCTGGTCTTT	NNNNNNNNNNNNNNNNNNNNNNNNNNNNNNNNNNNNNNN	TRAV21*00(949.6)		TRAJ57*00(539.6)		544|552|576|0|8||80.0		25|52|83|12|39||270.0		TGTGCTGTCCTCCAGGGCGGATCTGAAAAGCTGGTCTTT	45	CAVLQGGSEKLVF	:::::::::0:-4:8:::::12:-5:39:::
3987	141.0	5.5433636501595E-5	1	1.1548677676406051E-4	TGTGCTGTGAGTGATGGGGGATACAGCACCCTCACCTTT	NNNNNNNNNNNNNNNNNNNNNNNNNNNNNNNNNNNNNNN	TRAV8-6*00(719.8)		TRAJ11*00(520)		448|463|482|0|15||150.0		28|49|80|18|39||210.0		TGTGCTGTGAGTGATGGGGGATACAGCACCCTCACCTTT	45	CAVSDGGYSTLTF	:::::::::0:1:15:::::18:-8:39:::
4050	141.0	5.5433636501595E-5	1	1.1548677676406051E-4	TGTGCTGTGAGTGAAGGAAATAACAATGCCAGACTCATGTTT	NNNNNNNNNNNNNNNNNNNNNNNNNNNNNNNNNNNNNNNNNN	TRAV8-4*00(660.8)		TRAJ31*00(540.1)		476|490|510|0|14||140.0		22|46|77|18|42||240.0		TGTGCTGTGAGTGAAGGAAATAACAATGCCAGACTCATGTTT	45	CAVSEGNNNARLMF	:::::::::0:0:14:::::18:-2:42:::
4232	141.0	5.5433636501595E-5	1	1.1548677676406051E-4	TGTGCTGTGAGAGCCATGGCTCTAGCAACACAGGCAAACTAATCTTT	NNNNNNNNNNNNNNNNNNNNNNNNNNNNNNNNNNNNNNNNNNNNNNN	TRAV3*00(664.9)		TRAJ37*00(417.4)		437|454|473|0|17|SA450C|185.0		21|51|82|17|47|SG27A|354.0		TGTGCTGTGAGAGCCATGGCTCTAGCAACACAGGCAAACTAATCTTT	45	CAVRAMAL_NTGKLIF	:::::::::0:1:17:::::17:-1:47:::
4442	141.0	5.5433636501595E-5	1	1.1548677676406051E-4	TGTGCTGCCATTCTGGGGGTTACCAGAAAGTTACCTTT	NNNNNNNNNNNNNNNNNNNNNNNNNNNNNNNNNNNNNN	TRAV21*00(939.4)		TRAJ13*00(569.8)		544|551|576|0|7||70.0		23|52|83|9|38||290.0		TGTGCTGCCATTCTGGGGGTTACCAGAAAGTTACCTTT	45	CAAILG_YQKVTF	:::::::::0:-5:7:::::9:-3:38:::
4578	141.0	5.5433636501595E-5	1	1.1548677676406051E-4	TGTGCTGGGCCACGAACACCGGTAACCAGTTCTATTTT	NNNNNNNNNNNNNNNNNNNNNNNNNNNNNNNNNNNNNN	TRAV35*00(782.5)		TRAJ49*00(559.6)		588|598|620|0|10||100.0		19|45|76|12|38||260.0		TGTGCTGGGCCACGAACACCGGTAACCAGTTCTATTTT	45	CAGPRT_GNQFYF	:::::::::0:-2:10:::::12:1:38:::
4623	141.0	5.5433636501595E-5	1	1.1548677676406051E-4	TGTGCTGGGCAGCTCCTTAATTCAGGGAGCCCAGAAGCTGGTATTT	NNNNNNNNNNNNNNNNNNNNNNNNNNNNNNNNNNNNNNNNNNNNNN	TRAV35*00(529.8)		TRAJ54*00(579.2)		588|602|620|0|14||140.0		20|49|80|17|46||290.0		TGTGCTGGGCAGCTCCTTAATTCAGGGAGCCCAGAAGCTGGTATTT	45	CAGQLLNS_GAQKLVF	:::::::::0:2:14:::::17:0:46:::
4656	141.0	5.5433636501595E-5	1	1.1548677676406051E-4	TGTGCTGGGCAGCGATCGAAAAGCAGCGGAGACAAGCTGACTTTT	NNNNNNNNNNNNNNNNNNNNNNNNNNNNNNNNNNNNNNNNNNNNN	TRAV35*00(520)		TRAJ46*00(579.9)		588|601|620|0|13||130.0		24|52|83|17|45||280.0		TGTGCTGGGCAGCGATCGAAAAGCAGCGGAGACAAGCTGACTTTT	45	CAGQRSKSSGDKLTF	:::::::::0:1:13:::::17:-4:45:::
6404	141.0	5.5433636501595E-5	1	1.1548677676406051E-4	TGTGCCGTGAACATCGTCTTTT	NNNNNNNNNNNNNNNNNNNNNN	TRAV12-2*00(511)		TRAJ45*00(339.7)		551|565|584|0|14||140.0		52|55|86|19|22||30.0		TGTGCCGTGAACATCGTCTTTT	45	CAVN_SSF	:::::::::0:1:14:::::19:-32:22:::
18471	141.0	5.5433636501595E-5	1	1.1548677676406051E-4	TGTGCAGAGAATCCGGGAGGAGGTGCTGACGGACTCACCTTT	NNNNNNNNNNNNNNNNNNNNNNNNNNNNNNNNNNNNNNNNNN	TRAV13-2*00(569.8)		TRAJ45*00(579.8)		506|518|539|0|12||120.0		28|55|86|15|42||270.0		TGTGCAGAGAATCCGGGAGGAGGTGCTGACGGACTCACCTTT	45	CAENPGGGADGLTF	:::::::::0:-1:12:::::15:-8:42:::
18553	141.0	5.5433636501595E-5	1	1.1548677676406051E-4	TGTGCAATGCCGGTCCCTGCAGGCAACAAGCTAACTTTT	NNNNNNNNNNNNNNNNNNNNNNNNNNNNNNNNNNNNNNN	TRAV14/DV4*00(450.8)		TRAJ17*00(530)		517|526|554|0|9||90.0		29|52|83|16|39||230.0		TGTGCAATGCCGGTCCCTGCAGGCAACAAGCTAACTTTT	45	CAMPVPAGNKLTF	:::::::::0:-8:9:::::16:-9:39:::
19096	141.0	5.5433636501595E-5	1	1.1548677676406051E-4	TGCGCTCCATGCCTTTGTTCTAACGACTACAAGCTCAGCTTT	NNNNNNNNNNNNNNNNNNNNNNNNNNNNNNNNNNNNNNNNNN	TRAV1-1*00(630)		TRAJ20*00(558)		670|676|704|0|6||60.0		20|46|77|16|42||260.0		TGCGCTCCATGCCTTTGTTCTAACGACTACAAGCTCAGCTTT	45	CAPCLCSNDYKLSF	:::::::::0:-8:6:::::16:0:42:::
20482	141.0	5.5433636501595E-5	1	1.1548677676406051E-4	TGCATCGCCATGATTTATAACCAGGGAGGAAAGCTTATCTTC	NNNNNNNNNNNNNNNNNNNNNNNNNNNNNNNNNNNNNNNNNN	TRAV26-1*00(560.8)		TRAJ23*00(648.9)		763|772|799|0|9|ST770C|71.0		19|52|83|9|42||340.0		TGCATCGCCATGATTTATAACCAGGGAGGAAAGCTTATCTTC	45	CIAMIYNQGGKLIF	:::::::::0:-7:9:::::9:1:42:::
1698	140.0	5.504049014342766E-5	1	1.1548677676406051E-4	TGTGTGGTGGTAGGAACACCAATGCAGGCAAATCAACCTTT	NNNNNNNNNNNNNNNNNNNNNNNNNNNNNNNNNNNNNNNNN	TRAV10*00(649.8)		TRAJ27*00(559.6)		575|584|608|0|9||90.0		21|48|79|14|41||270.0		TGTGTGGTGGTAGGAACACCAATGCAGGCAAATCAACCTTT	45	CVVVGTP_AGKSTF	:::::::::0:-4:9:::::14:-1:41:::
1974	140.0	5.504049014342766E-5	1	1.1548677676406051E-4	TGTGTGGCGACCACCGGTAACCAGTTCTATTTT	NNNNNNNNNNNNNNNNNNNNNNNNNNNNNNNNN	TRAV12-1*00(472)		TRAJ49*00(520)		539|549|572|0|10|ST546C|72.0		22|45|76|10|33|SA22C|231.0		TGTGTGGCGACCACCGGTAACCAGTTCTATTTT	45	CVATTGNQFYF	:::::::::0:-3:10:::::10:-2:33:::
2106	140.0	5.504049014342766E-5	1	1.1548677676406051E-4	TGTGCTTTACCCCCTCAGGAACCTACAAATACATCTTT	NNNNNNNNNNNNNNNNNNNNNNNNNNNNNNNNNNNNNN	TRAV21*00(348)		TRAJ40*00(549.8)		544|550|576|0|6||60.0		24|50|81|12|38||260.0		TGTGCTTTACCCCCTCAGGAACCTACAAATACATCTTT	45	CALPPQ_TYKYIF	:::::::::0:-6:6:::::12:-4:38:::
2174	140.0	5.504049014342766E-5	1	1.1548677676406051E-4	TGTGCTTATGGGTACTGGAGCCAATAGTAAGCTGACATTT	NNNNNNNNNNNNNNNNNNNNNNNNNNNNNNNNNNNNNNNN	TRAV38-2/DV8*00(550.6)		TRAJ56*00(590)		602|614|638|0|12|SA611G|91.0		23|51|82|12|40||280.0		TGTGCTTATGGGTACTGGAGCCAATAGTAAGCTGACATTT	45	CAYGYWS_NSKLTF	:::::::::0:-4:12:::::12:-3:40:::
2805	140.0	5.504049014342766E-5	1	1.1548677676406051E-4	TGTGCTCTGAGTAACGGACTCTGGGGCTGGGAGTTACCAACTCACTTTC	NNNNNNNNNNNNNNNNNNNNNNNNNNNNNNNNNNNNNNNNNNNNNNNNN	TRAV19*00(730)		TRAJ28*00(609.4)		556|568|593|0|12||120.0		23|55|86|17|49||320.0		TGTGCTCTGAGTAACGGACTCTGGGGCTGGGAGTTACCAACTCACTTTC	45	CALSNGLW_AGSYQLTF	:::::::::0:-5:12:::::17:-3:49:::
4615	140.0	5.504049014342766E-5	1	1.1548677676406051E-4	TGTGCTGGGCAGCTTGCGGCAGACTCATGTTT	NNNNNNNNNNNNNNNNNNNNNNNNNNNNNNNN	TRAV35*00(529.8)		TRAJ31*00(429.7)		588|602|620|0|14||140.0		33|46|77|19|32||130.0		TGTGCTGGGCAGCTTGCGGCAGACTCATGTTT	45	CAGQL_GRLMF	:::::::::0:2:14:::::19:-13:32:::
6385	140.0	5.504049014342766E-5	1	1.1548677676406051E-4	TGTGCCGTGAACCCCTTACCAGACTCATGTTT	NNNNNNNNNNNNNNNNNNNNNNNNNNNNNNNN	TRAV8-1*00(579.5)		TRAJ31*00(439.2)		474|485|508|0|11||110.0		32|46|77|18|32||140.0		TGTGCCGTGAACCCCTTACCAGACTCATGTTT	45	CAVNP_TRLMF	:::::::::0:-3:11:::::18:-12:32:::
17848	140.0	5.504049014342766E-5	1	1.1548677676406051E-4	TGTGCAGCAAGCGTGGGCTCTAGCAACACAGGCAAACTAATCTTT	NNNNNNNNNNNNNNNNNNNNNNNNNNNNNNNNNNNNNNNNNNNNN	TRAV29/DV5*00(540)		TRAJ37*00(580.8)		529|542|562|0|13||130.0		21|51|82|15|45|SG27A|271.0		TGTGCAGCAAGCGTGGGCTCTAGCAACACAGGCAAACTAATCTTT	45	CAASVGSSNTGKLIF	:::::::::0:0:13:::::15:-1:45:::
18061	140.0	5.504049014342766E-5	1	1.1548677676406051E-4	TGTGCAGCAAGAGCAGAGATGACAAGATCATCTTT	NNNNNNNNNNNNNNNNNNNNNNNNNNNNNNNNNNN	TRAV13-1*00(589.6)		TRAJ30*00(531)		511|520|544|0|9||110.0		20|46|77|9|35|ST20ASA23G|222.0		TGTGCAGCAAGAGCAGAGATGACAAGATCATCTTT	45	CAARAE_DKIIF	:::::::::0:-4:9:::::9:0:35:::
18268	140.0	5.504049014342766E-5	1	1.1548677676406051E-4	TGTGCAGGAGCCGGGCAGGCAGGAACTGCTCTGATCTTT	NNNNNNNNNNNNNNNNNNNNNNNNNNNNNNNNNNNNNNN	TRAV27*00(651.9)		TRAJ15*00(550)		552|563|582|0|11||110.0		25|49|80|15|39||240.0		TGTGCAGGAGCCGGGCAGGCAGGAACTGCTCTGATCTTT	45	CAGAGQAGTALIF	:::::::::0:1:11:::::15:-5:39:::
18696	140.0	5.504049014342766E-5	1	1.1548677676406051E-4	TGTGCAATGAGAGCTCAAACTGGGGCAAACAACCTCTTCTTT	NNNNNNNNNNNNNNNNNNNNNNNNNNNNNNNNNNNNNNNNNN	TRAV14/DV4*00(490.4)		TRAJ36*00(589.4)		517|530|554|0|13||130.0		20|48|79|14|42||280.0		TGTGCAATGAGAGCTCAAACTGGGGCAAACAACCTCTTCTTT	45	CAMRAQTGANNLFF	:::::::::0:-4:13:::::14:0:42:::
18767	140.0	5.504049014342766E-5	1	1.1548677676406051E-4	TGTGCAATGAGAGAGGGCCTGGATGCTGGCAACAACCGTAAGCTGATTTGG	NNNNNNNNNNNNNNNNNNNNNNNNNNNNNNNNNNNNNNNNNNNNNNNNNNN	TRAV14/DV4*00(490.6)		TRAJ38*00(590)		517|536|554|0|19||190.0		22|51|82|22|51||290.0		TGTGCAATGAGAGAGGGCCTGGATGCTGGCAACAACCGTAAGCTGATTTGG	45	CAMREGLDAGNNRKLIW	:::::::::0:2:19:::::22:-2:51:::
20458	140.0	5.504049014342766E-5	1	1.1548677676406051E-4	TGCATCGTCAGAGACCCGGTGAGGCACTATCAGTTAATCTGG	NNNNNNNNNNNNNNNNNNNNNNNNNNNNNNNNNNNNNNNNNN	TRAV26-1*00(619.8)		TRAJ33*00(459.8)		763|776|799|0|13||130.0		29|46|77|25|42||170.0		TGCATCGTCAGAGACCCGGTGAGGCACTATCAGTTAATCTGG	45	CIVRDPVRHYQLIW	:::::::::0:-3:13:::::25:-9:42:::
20486	140.0	5.504049014342766E-5	1	1.1548677676406051E-4	TGCATCGGTCCATGATCAAAGCTGCAGGCAACAAGCTAACTTTT	NNNNNNNNNNNNNNNNNNNNNNNNNNNNNNNNNNNNNNNNNNNN	TRAV26-2*00(830)		TRAJ17*00(620)		791|797|826|0|6||60.0		18|52|83|10|44||340.0		TGCATCGGTCCATGATCAAAGCTGCAGGCAACAAGCTAACTTTT	45	CIGP*SK_AGNKLTF	:::::::::0:-9:6:::::10:2:44:::
1929	139.0	5.464734378526032E-5	1	1.1548677676406051E-4	TGTGTGGTGAACAGCAGGGGGAGAGGTGCTGACGGACTCACCTTT	NNNNNNNNNNNNNNNNNNNNNNNNNNNNNNNNNNNNNNNNNNNNN	TRAV12-1*00(529.8)		TRAJ45*00(539.8)		539|552|572|0|13||130.0		32|55|86|22|45||230.0		TGTGTGGTGAACAGCAGGGGGAGAGGTGCTGACGGACTCACCTTT	45	CVVNSRGRGADGLTF	:::::::::0:0:13:::::22:-12:45:::
3453	139.0	5.464734378526032E-5	1	1.1548677676406051E-4	TGTGCTGTGCAGGCACGAGACTACAAGCTCAGCTTT	NNNNNNNNNNNNNNNNNNNNNNNNNNNNNNNNNNNN	TRAV20*00(549.9)		TRAJ20*00(479.6)		498|512|531|0|14||140.0		28|46|77|18|36||180.0		TGTGCTGTGCAGGCACGAGACTACAAGCTCAGCTTT	45	CAVQARDYKLSF	:::::::::0:1:14:::::18:-8:36:::
3730	139.0	5.464734378526032E-5	1	1.1548677676406051E-4	TGTGCTGTGGAGGATCGAAATATCTAACTTTGGAAATGAGAAATTAACCTTT	NNNNNNNNNNNNNNNNNNNNNNNNNNNNNNNNNNNNNNNNNNNNNNNNNNNN	TRAV2*00(609.2)		TRAJ48*00(640.1)		519|535|553|0|16||160.0		16|52|83|16|52|ST18A|331.0		TGTGCTGTGGAGGATCGAAATATCTAACTTTGGAAATGAGAAATTAACCTTT	45	CAVEDRNI*_FGNEKLTF	:::::::::0:2:16:::::16:4:52:::
4675	139.0	5.464734378526032E-5	1	1.1548677676406051E-4	TGTGCTGGGCAGATATATCAACAAATTTTACTTT	NNNNNNNNNNNNNNNNNNNNNNNNNNNNNNNNNN	TRAV35*00(591.6)		TRAJ21*00(479.4)		588|600|620|0|12||120.0		27|44|75|17|34||170.0		TGTGCTGGGCAGATATATCAACAAATTTTACTTT	45	CAGQIY_NKFYF	:::::::::0:0:12:::::17:-7:34:::
18269	139.0	5.464734378526032E-5	1	1.1548677676406051E-4	TGTGCAGGAGCGTGGGGATAGCAACTATCAGTTAATCTGG	NNNNNNNNNNNNNNNNNNNNNNNNNNNNNNNNNNNNNNNN	TRAV27*00(623.8)		TRAJ33*00(539.8)		552|563|582|0|11||110.0		21|46|77|15|40||250.0		TGTGCAGGAGCGTGGGGATAGCAACTATCAGTTAATCTGG	45	CAGAWG*_NYQLIW	:::::::::0:1:11:::::15:-1:40:::
18317	139.0	5.464734378526032E-5	1	1.1548677676406051E-4	TGTGCAGGAAGTGGGGGAGGTAGCAACTATAAACTGACATTT	NNNNNNNNNNNNNNNNNNNNNNNNNNNNNNNNNNNNNNNNNN	TRAV27*00(631.3)		TRAJ53*00(579.6)		552|561|582|0|9||90.0		28|55|86|15|42||270.0		TGTGCAGGAAGTGGGGGAGGTAGCAACTATAAACTGACATTT	45	CAGSGGGSNYKLTF	:::::::::0:-1:9:::::15:-8:42:::
19048	139.0	5.464734378526032E-5	1	1.1548677676406051E-4	TGCCTCGTGGGCCCTCCGATCCTAGGCAACATGCTCACCTTT	NNNNNNNNNNNNNNNNNNNNNNNNNNNNNNNNNNNNNNNNNN	TRAV4*00(979.4)		TRAJ39*00(459.5)		768|779|804|0|11||110.0		33|52|83|23|42||190.0		TGCCTCGTGGGCCCTCCGATCCTAGGCAACATGCTCACCTTT	45	CLVGPPILGNMLTF	:::::::::0:-5:11:::::23:-13:42:::
21327	139.0	5.464734378526032E-5	1	1.1548677676406051E-4	TGGCTGGCTCTAGCAACACAGGCAAACTAATCTTT	NNNNNNNNNNNNNNNNNNNNNNNNNNNNNNNNNNN	TRAV25*00(462.7)		TRAJ37*00(590.5)		620|622|649|0|2||20.0		20|51|82|4|35|SG27A|281.0		TGGCTGGCTCTAGCAACACAGGCAAACTAATCTTT	45	WLALAT_GKLIF	:::::::::0:-7:2:::::4:0:35:::
1711	138.0	5.425419742709298E-5	1	1.1548677676406051E-4	TGTGTGGTGATTTCGATACTGGAGGCTTCAAAACTATCTTT	NNNNNNNNNNNNNNNNNNNNNNNNNNNNNNNNNNNNNNNNN	TRAV12-1*00(499.4)		TRAJ9*00(559.2)		539|549|572|0|10||100.0		24|50|81|15|41||260.0		TGTGTGGTGATTTCGATACTGGAGGCTTCAAAACTATCTTT	45	CVVISIL_GFKTIF	:::::::::0:-3:10:::::15:-4:41:::
2775	138.0	5.425419742709298E-5	1	1.1548677676406051E-4	TGTGCTCTGAGTGAGAACCTGTATAGCAACTATCAGTTAATCTGG	NNNNNNNNNNNNNNNNNNNNNNNNNNNNNNNNNNNNNNNNNNNNN	TRAV19*00(759.1)		TRAJ33*00(521)		556|571|593|0|15||150.0		20|46|77|19|45|SG22T|231.0		TGTGCTCTGAGTGAGAACCTGTATAGCAACTATCAGTTAATCTGG	45	CALSENLYSNYQLIW	:::::::::0:-2:15:::::19:0:45:::
4071	138.0	5.425419742709298E-5	1	1.1548677676406051E-4	TGTGCTGTGAGCTTTCTCTAACTTTGGAAATGAGAAATTAACCTTT	NNNNNNNNNNNNNNNNNNNNNNNNNNNNNNNNNNNNNNNNNNNNNN	TRAV8-4*00(657.9)		TRAJ48*00(599.8)		476|487|510|0|11||110.0		22|52|83|16|46||300.0		TGTGCTGTGAGCTTTCTCTAACTTTGGAAATGAGAAATTAACCTTT	45	CAVSFL*L_GNEKLTF	:::::::::0:-3:11:::::16:-2:46:::
4385	138.0	5.425419742709298E-5	1	1.1548677676406051E-4	TGTGCTGCTTTGAAGACGCTCTGATCTTT	NNNNNNNNNNNNNNNNNNNNNNNNNNNNN	TRAV8-4*00(596.9)		TRAJ15*00(430)		476|483|510|0|7||70.0		37|49|80|17|29||120.0		TGTGCTGCTTTGAAGACGCTCTGATCTTT	45	CAALK_ALIF	:::::::::0:-7:7:::::17:-17:29:::
4677	138.0	5.425419742709298E-5	1	1.1548677676406051E-4	TGTGCTGGGCAGACCCAGGGAGCCCAGAAGCTGGTATTT	NNNNNNNNNNNNNNNNNNNNNNNNNNNNNNNNNNNNNNN	TRAV35*00(509.5)		TRAJ54*00(528.7)		588|600|620|0|12||120.0		25|49|80|15|39||240.0		TGTGCTGGGCAGACCCAGGGAGCCCAGAAGCTGGTATTT	45	CAGQTQGAQKLVF	:::::::::0:0:12:::::15:-5:39:::
17325	138.0	5.425419742709298E-5	1	1.1548677676406051E-4	TGTGCGCTAAAAGGCTCAACCCTGGGGAGGCTATACTTT	NNNNNNNNNNNNNNNNNNNNNNNNNNNNNNNNNNNNNNN	TRAV14/DV4*00(410.8)		TRAJ18*00(589.6)		517|522|554|0|5||50.0		27|55|86|11|39||280.0		TGTGCGCTAAAAGGCTCAACCCTGGGGAGGCTATACTTT	45	CALKGSTLGRLYF	:::::::::0:-12:5:::::11:-7:39:::
17510	138.0	5.425419742709298E-5	1	1.1548677676406051E-4	TGTGCAGCGCTCAATTCAGGAGGAGGTGCTTACGGACTCACCTTT	NNNNNNNNNNNNNNNNNNNNNNNNNNNNNNNNNNNNNNNNNNNNN	TRAV13-2*00(519.9)		TRAJ45*00(600.6)		506|513|539|0|7||70.0		23|55|86|13|45|SG40T|291.0		TGTGCAGCGCTCAATTCAGGAGGAGGTGCTTACGGACTCACCTTT	45	CAALNSGGGAYGLTF	:::::::::0:-6:7:::::13:-3:45:::
17746	138.0	5.425419742709298E-5	1	1.1548677676406051E-4	TGTGCAGCAAGTAGACTGGGGTTACCAGAAAGTTACCTTT	NNNNNNNNNNNNNNNNNNNNNNNNNNNNNNNNNNNNNNNN	TRAV13-1*00(620.2)		TRAJ13*00(500.1)		511|528|544|0|17|ST524G|141.0		29|52|83|17|40||230.0		TGTGCAGCAAGTAGACTGGGGTTACCAGAAAGTTACCTTT	45	CAASRLG_YQKVTF	:::::::::0:4:17:::::17:-9:40:::
18624	138.0	5.425419742709298E-5	1	1.1548677676406051E-4	TGTGCAATGAGCGCCTAAGGCAATGACATGCGCTTT	NNNNNNNNNNNNNNNNNNNNNNNNNNNNNNNNNNNN	TRAV12-3*00(569.6)		TRAJ43*00(458.4)		562|576|595|0|14||140.0		27|43|74|20|36||160.0		TGTGCAATGAGCGCCTAAGGCAATGACATGCGCTTT	45	CAMSA*GNDMRF	:::::::::0:1:14:::::20:-7:36:::
18671	138.0	5.425419742709298E-5	1	1.1548677676406051E-4	TGTGCAATGAGGGTTTGGCTCAGGAACCTACAAATACATCTTT	NNNNNNNNNNNNNNNNNNNNNNNNNNNNNNNNNNNNNNNNNNN	TRAV14/DV4*00(470.8)		TRAJ40*00(510.8)		517|528|554|0|11||110.0		25|50|81|18|43||250.0		TGTGCAATGAGGGTTTGGCTCAGGAACCTACAAATACATCTTT	45	CAMRVWL_GTYKYIF	:::::::::0:-6:11:::::18:-5:43:::
18765	138.0	5.425419742709298E-5	1	1.1548677676406051E-4	TGTGCAATGAGAGAGGGCCTGTTCGCCGGGCCGGGGCTGGGAGTTACCAACTCACTTTC	NNNNNNNNNNNNNNNNNNNNNNNNNNNNNNNNNNNNNNNNNNNNNNNNNNNNNNNNNNN	TRAV14/DV4*00(919.5)		TRAJ28*00(520)		517|536|554|0|19||190.0		28|55|86|32|59||270.0		TGTGCAATGAGAGAGGGCCTGTTCGCCGGGCCGGGGCTGGGAGTTACCAACTCACTTTC	45	CAMREGLFAG_GAGSYQLTF	:::::::::0:2:19:::::32:-8:59:::
19027	138.0	5.425419742709298E-5	1	1.1548677676406051E-4	TGCCTCGTGGGTGACATGGGGGCTGCAGGCAACAAGCTAACTTTT	NNNNNNNNNNNNNNNNNNNNNNNNNNNNNNNNNNNNNNNNNNNNN	TRAV4*00(1050)		TRAJ17*00(499.9)		768|786|804|0|18||180.0		28|52|83|21|45||240.0		TGCCTCGTGGGTGACATGGGGGCTGCAGGCAACAAGCTAACTTTT	45	CLVGDMGAAGNKLTF	:::::::::0:2:18:::::21:-8:45:::
19064	138.0	5.425419742709298E-5	1	1.1548677676406051E-4	TGCCTCGTGGAATGGATATAAATGACAAGATCATCTTT	NNNNNNNNNNNNNNNNNNNNNNNNNNNNNNNNNNNNNN	TRAV4*00(969.4)		TRAJ30*00(450)		768|778|804|0|10||100.0		29|46|77|21|38||170.0		TGCCTCGTGGAATGGATATAAATGACAAGATCATCTTT	45	CLVEWI_NDKIIF	:::::::::0:-6:10:::::21:-9:38:::
20164	138.0	5.425419742709298E-5	1	1.1548677676406051E-4	TGCGGCACAGCGATTTATAACCAGGGAGGAAAGCTTATCTTC	NNNNNNNNNNNNNNNNNNNNNNNNNNNNNNNNNNNNNNNNNN	TRAV30*00(481.1)		TRAJ23*00(619.7)		567|580|600|0|13|SA577C|111.0		23|52|83|13|42||310.0		TGCGGCACAGCGATTTATAACCAGGGAGGAAAGCTTATCTTC	45	CGTAIYNQGGKLIF	:::::::::0:0:13:::::13:-3:42:::
20210	138.0	5.425419742709298E-5	1	1.1548677676406051E-4	TGCATCCTGACAAGGAACCAGGGAGGAAAGCTTATCTTC	NNNNNNNNNNNNNNNNNNNNNNNNNNNNNNNNNNNNNNN	TRAV26-2*00(579.9)		TRAJ23*00(549.8)		791|801|826|0|10||100.0		28|52|83|15|39||240.0		TGCATCCTGACAAGGAACCAGGGAGGAAAGCTTATCTTC	45	CILTRNQGGKLIF	:::::::::0:-5:10:::::15:-8:39:::
1539	137.0	5.386105106892563E-5	1	1.1548677676406051E-4	TGTCTTCTGGGAGAGGAGGCAACTATCAGTTAATCTGG	NNNNNNNNNNNNNNNNNNNNNNNNNNNNNNNNNNNNNN	TRAV40*00(919.6)		TRAJ33*00(489.2)		436|450|470|0|14||140.0		26|46|77|18|38||200.0		TGTCTTCTGGGAGAGGAGGCAACTATCAGTTAATCTGG	45	CLLGEE_NYQLIW	:::::::::0:0:14:::::18:-6:38:::
1852	137.0	5.386105106892563E-5	1	1.1548677676406051E-4	TGTGTGGTGAACTGAGGTAGCAACTATAAACTGACATTT	NNNNNNNNNNNNNNNNNNNNNNNNNNNNNNNNNNNNNNN	TRAV12-1*00(462),TRAV12-2*00(462)		TRAJ53*00(569.6)		539|551|572|0|12||120.0;551|563|584|0|12|SC555TSC556G|62.0		29|55|86|13|39||260.0		TGTGTGGTGAACTGAGGTAGCAACTATAAACTGACATTT	45	CVVN*GSNYKLTF	:::::::::0:-1:12:::::13:-9:39:::
2374	137.0	5.386105106892563E-5	1	1.1548677676406051E-4	TGTGCTCTTGGGGAACTGAATGCAGGCAACATGCTCACCTTT	NNNNNNNNNNNNNNNNNNNNNNNNNNNNNNNNNNNNNNNNNN	TRDV1*00(1039.1)		TRAJ39*00(509.6)		573|590|610|0|17||170.0		28|52|83|18|42||240.0		TGTGCTCTTGGGGAACTGAATGCAGGCAACATGCTCACCTTT	45	CALGELNAGNMLTF	:::::::::0:0:17:::::18:-8:42:::
2837	137.0	5.386105106892563E-5	1	1.1548677676406051E-4	TGTGCTCTGAGGGGTCCATGGGACAAGCTCATCTTT	NNNNNNNNNNNNNNNNNNNNNNNNNNNNNNNNNNNN	TRAV19*00(719.4)		TRAJ32*00(439.7)		556|567|593|0|11||110.0		41|55|86|22|36||140.0		TGTGCTCTGAGGGGTCCATGGGACAAGCTCATCTTT	45	CALRGPWDKLIF	:::::::::0:-6:11:::::22:-21:36:::
3097	137.0	5.386105106892563E-5	1	1.1548677676406051E-4	TGTGCTCCGGTCTGGGGGTCCCCTCAGGGCGGATCTGAAAAGCTGGTCTTT	NNNNNNNNNNNNNNNNNNNNNNNNNNNNNNNNNNNNNNNNNNNNNNNNNNN	TRAV17*00(870.6)		TRAJ57*00(549.8)		490|500|523|0|10|SA496C|71.0		23|52|83|22|51||290.0		TGTGCTCCGGTCTGGGGGTCCCCTCAGGGCGGATCTGAAAAGCTGGTCTTT	45	CAPVWGSPQGGSEKLVF	:::::::::0:-3:10:::::22:-3:51:::
17462	137.0	5.386105106892563E-5	1	1.1548677676406051E-4	TGTGCAGCTAATCCAGGGGAGCAACTATCAGTTAATCTGG	NNNNNNNNNNNNNNNNNNNNNNNNNNNNNNNNNNNNNNNN	TRAV13-1*00(559.6)		TRAJ33*00(499.8)		511|519|544|0|8||80.0		25|46|77|19|40||210.0		TGTGCAGCTAATCCAGGGGAGCAACTATCAGTTAATCTGG	45	CAANPGE_NYQLIW	:::::::::0:-5:8:::::19:-5:40:::
17713	137.0	5.386105106892563E-5	1	1.1548677676406051E-4	TGTGCAGCAAGTATGGATGGCCAGAAGCTGCTCTTT	NNNNNNNNNNNNNNNNNNNNNNNNNNNNNNNNNNNN	TRAV13-1*00(619.9)		TRAJ16*00(480.8)		511|525|544|0|14||140.0		28|49|80|15|36||210.0		TGTGCAGCAAGTATGGATGGCCAGAAGCTGCTCTTT	45	CAASMDGQKLLF	:::::::::0:1:14:::::15:-8:36:::
18344	137.0	5.386105106892563E-5	1	1.1548677676406051E-4	TGTGCAGAGTCCTACTATGACAAGATCATCTTT	NNNNNNNNNNNNNNNNNNNNNNNNNNNNNNNNN	TRAV5*00(449.9)		TRAJ30*00(480)		523|532|556|0|9||90.0		29|46|77|16|33||170.0		TGTGCAGAGTCCTACTATGACAAGATCATCTTT	45	CAESYYDKIIF	:::::::::0:-4:9:::::16:-9:33:::
18544	137.0	5.386105106892563E-5	1	1.1548677676406051E-4	TGTGCAATCAACCGCTTCGGGGTTACCAGAAAGTTACCTTT	NNNNNNNNNNNNNNNNNNNNNNNNNNNNNNNNNNNNNNNNN	TRAV14/DV4*00(809.9)		TRAJ13*00(500.8)		517|525|554|0|8||80.0		29|52|83|18|41||230.0		TGTGCAATCAACCGCTTCGGGGTTACCAGAAAGTTACCTTT	45	CAINRFG_YQKVTF	:::::::::0:-9:8:::::18:-9:41:::
18639	137.0	5.386105106892563E-5	1	1.1548677676406051E-4	TGTGCAATGAGCGCGGACACAGGCTTTCAGAAACTTGTATTT	NNNNNNNNNNNNNNNNNNNNNNNNNNNNNNNNNNNNNNNNNN	TRAV12-3*00(545.8)		TRAJ8*00(547.1)		562|577|595|0|15||150.0		23|49|80|16|42||260.0		TGTGCAATGAGCGCGGACACAGGCTTTCAGAAACTTGTATTT	45	CAMSADTGFQKLVF	:::::::::0:2:15:::::16:-3:42:::
18768	137.0	5.386105106892563E-5	1	1.1548677676406051E-4	TGTGCAATGAGAGAGGGCCTACCCAAATTCCGGGTATGCACTCAACTTC	NNNNNNNNNNNNNNNNNNNNNNNNNNNNNNNNNNNNNNNNNNNNNNNNN	TRAV14/DV4*00(550.4)		TRAJ41*00(520.4)		517|536|554|0|19||190.0		22|51|82|20|49|ST24C|261.0		TGTGCAATGAGAGAGGGCCTACCCAAATTCCGGGTATGCACTCAACTTC	45	CAMREGLP_NSGYALNF	:::::::::0:2:19:::::20:-2:49:::
18809	137.0	5.386105106892563E-5	1	1.1548677676406051E-4	TGTGCAATGAGAGAGGATTTATAACCAGGGAGGAAAGCTTATCTTC	NNNNNNNNNNNNNNNNNNNNNNNNNNNNNNNNNNNNNNNNNNNNNN	TRAV14/DV4*00(521)		TRAJ23*00(580.6)		517|533|554|0|16||160.0		22|52|83|16|46||310.0		TGTGCAATGAGAGAGGATTTATAACCAGGGAGGAAAGCTTATCTTC	45	CAMREDL*_QGGKLIF	:::::::::0:-1:16:::::16:-2:46:::
18811	137.0	5.386105106892563E-5	1	1.1548677676406051E-4	TGTGCAATGAGAGAGGATTATGAGGTAGCAACTATAAACTGACATTT	NNNNNNNNNNNNNNNNNNNNNNNNNNNNNNNNNNNNNNNNNNNNNNN	TRAV14/DV4*00(520.4)		TRAJ53*00(569.5)		517|533|554|0|16||160.0		29|55|86|21|47||260.0		TGTGCAATGAGAGAGGATTATGAGGTAGCAACTATAAACTGACATTT	45	CAMREDYE_SNYKLTF	:::::::::0:-1:16:::::21:-9:47:::
19053	137.0	5.386105106892563E-5	1	1.1548677676406051E-4	TGCCTCGTGGGGTTTTGAACAGAGATGACAAGATCATCTTT	NNNNNNNNNNNNNNNNNNNNNNNNNNNNNNNNNNNNNNNNN	TRAV4*00(980)		TRAJ30*00(529.8)		768|779|804|0|11||110.0		20|46|77|15|41||260.0		TGCCTCGTGGGGTTTTGAACAGAGATGACAAGATCATCTTT	45	CLVGF*T_DDKIIF	:::::::::0:-5:11:::::15:0:41:::
20432	137.0	5.386105106892563E-5	1	1.1548677676406051E-4	TGCATCGTCAGAGTCAATAATGCAGGCAACATGCTCACCTTT	NNNNNNNNNNNNNNNNNNNNNNNNNNNNNNNNNNNNNNNNNN	TRAV26-1*00(639.2)		TRAJ39*00(579.8)		763|778|799|0|15||150.0		25|52|83|15|42||270.0		TGCATCGTCAGAGTCAATAATGCAGGCAACATGCTCACCTTT	45	CIVRVNNAGNMLTF	:::::::::0:-1:15:::::15:-5:42:::
2450	136.0	5.346790471075829E-5	1	1.1548677676406051E-4	TGTGCTCTCTCCCTATCTTCAGGAGGAGGTGCTGACGGACTCACCTTT	NNNNNNNNNNNNNNNNNNNNNNNNNNNNNNNNNNNNNNNNNNNNNNNN	TRAV16*00(949.6)		TRAJ45*00(579.8)		449|457|483|0|8||80.0		24|55|86|17|48||310.0		TGTGCTCTCTCCCTATCTTCAGGAGGAGGTGCTGACGGACTCACCTTT	45	CALSLSSGGGADGLTF	:::::::::0:-6:8:::::17:-4:48:::
2456	136.0	5.346790471075829E-5	1	1.1548677676406051E-4	TGTGCTCTCCTCACGGGGGGCAACAAGCTAACTTTT	NNNNNNNNNNNNNNNNNNNNNNNNNNNNNNNNNNNN	TRAV16*00(949.6)		TRAJ17*00(478.9)		449|457|483|0|8||80.0		34|52|83|18|36||180.0		TGTGCTCTCCTCACGGGGGGCAACAAGCTAACTTTT	45	CALLTGGNKLTF	:::::::::0:-6:8:::::18:-14:36:::
4211	136.0	5.346790471075829E-5	1	1.1548677676406051E-4	TGTGCTGTGAGACCCGGGGGACTATAACACCAATGCAGGCAAATCAACCTTT	NNNNNNNNNNNNNNNNNNNNNNNNNNNNNNNNNNNNNNNNNNNNNNNNNNNN	TRAV3*00(599.7)		TRAJ27*00(589.8)		437|449|473|0|12||120.0		18|48|79|22|52||300.0		TGTGCTGTGAGACCCGGGGGACTATAACACCAATGCAGGCAAATCAACCTTT	45	CAVRPGGL*_TNAGKSTF	:::::::::0:-4:12:::::22:2:52:::
4564	136.0	5.346790471075829E-5	1	1.1548677676406051E-4	TGTGCTGGGCTAACTGGGGCAAACAACCTCTTCTTT	NNNNNNNNNNNNNNNNNNNNNNNNNNNNNNNNNNNN	TRAV21*00(429.6)		TRAJ36*00(559.9)		544|551|576|0|7||70.0		23|48|79|11|36||250.0		TGTGCTGGGCTAACTGGGGCAAACAACCTCTTCTTT	45	CAGLTGANNLFF	:::::::::0:-5:7:::::11:-3:36:::
5687	136.0	5.346790471075829E-5	1	1.1548677676406051E-4	TGTGCCTCCGCTTCGGACAGCTGGGGGAAATTGCAGTTT	NNNNNNNNNNNNNNNNNNNNNNNNNNNNNNNNNNNNNNN	TRAV24*00(450.8)		TRAJ24*00(529.4)		515|522|545|0|7||70.0		28|52|83|15|39||240.0		TGTGCCTCCGCTTCGGACAGCTGGGGGAAATTGCAGTTT	45	CASASDSWGKLQF	:::::::::0:-3:7:::::15:-8:39:::
6458	136.0	5.346790471075829E-5	1	1.1548677676406051E-4	TGTGCCGTGAAAACCCTGGGGCAAACAACCTCTTCTTT	NNNNNNNNNNNNNNNNNNNNNNNNNNNNNNNNNNNNNN	TRAV8-1*00(579.4)		TRAJ36*00(539.7)		474|485|508|0|11||110.0		25|48|79|15|38||230.0		TGTGCCGTGAAAACCCTGGGGCAAACAACCTCTTCTTT	45	CAVKTL_ANNLFF	:::::::::0:-3:11:::::15:-5:38:::
17948	136.0	5.346790471075829E-5	1	1.1548677676406051E-4	TGTGCAGCAAGCGATGGAGGTAGCAACTATAAACTGACATTT	NNNNNNNNNNNNNNNNNNNNNNNNNNNNNNNNNNNNNNNNNN	TRAV29/DV5*00(540)		TRAJ53*00(590)		529|542|562|0|13||130.0		27|55|86|14|42||280.0		TGTGCAGCAAGCGATGGAGGTAGCAACTATAAACTGACATTT	45	CAASDGGSNYKLTF	:::::::::0:0:13:::::14:-7:42:::
18914	136.0	5.346790471075829E-5	1	1.1548677676406051E-4	TGTGGAGCAGAGGTTTAGTAATGCAGGCAACATGCTCACCTTT	NNNNNNNNNNNNNNNNNNNNNNNNNNNNNNNNNNNNNNNNNNN	TRAV34*00(592.1)		TRAJ39*00(560.5)		603|614|636|0|11||110.0		24|52|83|15|43|SA26G|251.0		TGTGGAGCAGAGGTTTAGTAATGCAGGCAACATGCTCACCTTT	45	CGAEV**_AGNMLTF	:::::::::0:-2:11:::::15:-4:43:::
20286	136.0	5.346790471075829E-5	1	1.1548677676406051E-4	TGCATCCTGAGAGACAGGCTTCCTTTTCAGGAACCTACAAATACATCTTT	NNNNNNNNNNNNNNNNNNNNNNNNNNNNNNNNNNNNNNNNNNNNNNNNNN	TRAV26-2*00(629.6)		TRAJ40*00(528.9)		791|806|826|0|15||150.0		26|50|81|26|50||240.0		TGCATCCTGAGAGACAGGCTTCCTTTTCAGGAACCTACAAATACATCTTT	45	CILRDRLP_SGTYKYIF	:::::::::0:0:15:::::26:-6:50:::
20314	136.0	5.346790471075829E-5	1	1.1548677676406051E-4	TGCATCCAACAGTCCAGGGCAACATGCTCACCTTT	NNNNNNNNNNNNNNNNNNNNNNNNNNNNNNNNNNN	TRAV26-2*00(549.9)		TRAJ39*00(489.6)		791|798|826|0|7||70.0		34|52|83|17|35||180.0		TGCATCCAACAGTCCAGGGCAACATGCTCACCTTT	45	CIQQSR_NMLTF	:::::::::0:-8:7:::::17:-14:35:::
20500	136.0	5.346790471075829E-5	1	1.1548677676406051E-4	TGCACCGTTTATGCTGGCAACAACCGTAAGCTGATTTGG	NNNNNNNNNNNNNNNNNNNNNNNNNNNNNNNNNNNNNNN	TRAV26-1*00(539.5)		TRAJ38*00(588.9)		763|771|799|0|8|ST767C|51.0		22|51|82|10|39||290.0		TGCACCGTTTATGCTGGCAACAACCGTAAGCTGATTTGG	45	CTVYAGNNRKLIW	:::::::::0:-8:8:::::10:-2:39:::
1694	135.0	5.307475835259095E-5	1	1.1548677676406051E-4	TGTGTGGTGGTGGATCTCACCGGTAACCAGTTCTATTTT	NNNNNNNNNNNNNNNNNNNNNNNNNNNNNNNNNNNNNNN	TRAV12-1*00(605.9)		TRAJ49*00(515)		539|548|572|0|9||90.0		23|45|76|17|39||220.0		TGTGTGGTGGTGGATCTCACCGGTAACCAGTTCTATTTT	45	CVVVDLTGNQFYF	:::::::::0:-4:9:::::17:-3:39:::
1771	135.0	5.307475835259095E-5	1	1.1548677676406051E-4	TGTGTGGTGAGCCCTGTACAGCAGTGCTTCCAAGATAATCTTT	NNNNNNNNNNNNNNNNNNNNNNNNNNNNNNNNNNNNNNNNNNN	TRAV10*00(679.7)		TRAJ3*00(579.1)		575|587|608|0|12||120.0		23|51|82|15|43||280.0		TGTGTGGTGAGCCCTGTACAGCAGTGCTTCCAAGATAATCTTT	45	CVVSPVQ_SASKIIF	:::::::::0:-1:12:::::15:-3:43:::
3217	135.0	5.307475835259095E-5	1	1.1548677676406051E-4	TGTGCTGTCTGGAACACCGACAAGCTCATCTTT	NNNNNNNNNNNNNNNNNNNNNNNNNNNNNNNNN	TRAV21*00(439.8)		TRAJ34*00(510)		544|552|576|0|8||80.0		26|47|78|12|33||210.0		TGTGCTGTCTGGAACACCGACAAGCTCATCTTT	45	CAVWNTDKLIF	:::::::::0:-4:8:::::12:-6:33:::
3278	135.0	5.307475835259095E-5	1	1.1548677676406051E-4	TGTGCTGTCGATAACTCAGGGCGGATCTGAAAAGCTGGTCTTT	NNNNNNNNNNNNNNNNNNNNNNNNNNNNNNNNNNNNNNNNNNN	TRAV21*00(439.7)		TRAJ57*00(639.8)		544|552|576|0|8||80.0		19|52|83|10|43||330.0		TGTGCTGTCGATAACTCAGGGCGGATCTGAAAAGCTGGTCTTT	45	CAVDNSG_GSEKLVF	:::::::::0:-4:8:::::10:1:43:::
4206	135.0	5.307475835259095E-5	1	1.1548677676406051E-4	TGTGCTGTGAGACTTAACGACTACAAGCTCAGCTTT	NNNNNNNNNNNNNNNNNNNNNNNNNNNNNNNNNNNN	TRAV8-6*00(679.7)		TRAJ20*00(519.8)		448|459|482|0|11||110.0		24|46|77|14|36||220.0		TGTGCTGTGAGACTTAACGACTACAAGCTCAGCTTT	45	CAVRLNDYKLSF	:::::::::0:-3:11:::::14:-4:36:::
4702	135.0	5.307475835259095E-5	1	1.1548677676406051E-4	TGTGCTGGGGGCTTGTGTTCAGGGAGCCCAGAAGCTGGTATTT	NNNNNNNNNNNNNNNNNNNNNNNNNNNNNNNNNNNNNNNNNNN	TRAV21*00(940)		TRAJ54*00(509.8)		544|551|576|0|7||70.0		23|49|80|17|43||260.0		TGTGCTGGGGGCTTGTGTTCAGGGAGCCCAGAAGCTGGTATTT	45	CAGGLCS_GAQKLVF	:::::::::0:-5:7:::::17:-3:43:::
6397	135.0	5.307475835259095E-5	1	1.1548677676406051E-4	TGTGCCGTGAACGGTGTACCGGCACTGCCAGTAAACTCACCTTT	NNNNNNNNNNNNNNNNNNNNNNNNNNNNNNNNNNNNNNNNNNNN	TRAV12-2*00(979.5)		TRAJ44*00(549.8)		551|563|584|0|12||120.0		24|52|83|16|44||280.0		TGTGCCGTGAACGGTGTACCGGCACTGCCAGTAAACTCACCTTT	45	CAVNGVP_TASKLTF	:::::::::0:-1:12:::::16:-4:44:::
17473	135.0	5.307475835259095E-5	1	1.1548677676406051E-4	TGTGCAGCCTGTCATATGGGAACAACAGACTCGCTTTT	NNNNNNNNNNNNNNNNNNNNNNNNNNNNNNNNNNNNNN	TRAV13-1*00(559.7)		TRAJ7*00(521.4)		511|519|544|0|8||80.0		24|48|79|14|38||240.0		TGTGCAGCCTGTCATATGGGAACAACAGACTCGCTTTT	45	CAACHM_NNRLAF	:::::::::0:-5:8:::::14:-4:38:::
18098	135.0	5.307475835259095E-5	1	1.1548677676406051E-4	TGTGCAGGTTCAGGAGGAGGTGCTGACGGACTCACCTTT	NNNNNNNNNNNNNNNNNNNNNNNNNNNNNNNNNNNNNNN	TRAV13-1*00(549.4)		TRAJ45*00(619.6)		511|518|544|0|7||70.0		24|55|86|8|39||310.0		TGTGCAGGTTCAGGAGGAGGTGCTGACGGACTCACCTTT	45	CAGSGGGADGLTF	:::::::::0:-6:7:::::8:-4:39:::
18893	135.0	5.307475835259095E-5	1	1.1548677676406051E-4	TGTGGAGCTCTCCTTACCGGTAACCAGTTCTATTTT	NNNNNNNNNNNNNNNNNNNNNNNNNNNNNNNNNNNN	TRAV34*00(469.9)		TRAJ49*00(510)		603|611|636|0|8||80.0		24|45|76|15|36||210.0		TGTGGAGCTCTCCTTACCGGTAACCAGTTCTATTTT	45	CGALLTGNQFYF	:::::::::0:-5:8:::::15:-4:36:::
18966	135.0	5.307475835259095E-5	1	1.1548677676406051E-4	TGCCTCGTGGTGTTTGGGGGATAGCAGCTATAAATTGATCTTC	NNNNNNNNNNNNNNNNNNNNNNNNNNNNNNNNNNNNNNNNNNN	TRAV4*00(970)		TRAJ12*00(417.6)		768|778|804|0|10||100.0		24|49|80|18|43||250.0		TGCCTCGTGGTGTTTGGGGGATAGCAGCTATAAATTGATCTTC	45	CLVVFGG_SSYKLIF	:::::::::0:-6:10:::::18:-4:43:::
18990	135.0	5.307475835259095E-5	1	1.1548677676406051E-4	TGCCTCGTGGGTGGCTGGGCTCAGGAACCTACAAATACATCTTT	NNNNNNNNNNNNNNNNNNNNNNNNNNNNNNNNNNNNNNNNNNNN	TRAV4*00(549.8)		TRAJ40*00(539.8)		768|781|804|0|13||130.0		25|50|81|19|44||250.0		TGCCTCGTGGGTGGCTGGGCTCAGGAACCTACAAATACATCTTT	45	CLVGGWA_GTYKYIF	:::::::::0:-3:13:::::19:-5:44:::
20469	135.0	5.307475835259095E-5	1	1.1548677676406051E-4	TGCATCGTGGGGGCGCAATATGGAAACAAGCTGGTCTTT	NNNNNNNNNNNNNNNNNNNNNNNNNNNNNNNNNNNNNNN	TRAV26-1*00(569.8)		TRAJ47*00(510.5)		763|771|799|0|8||80.0		23|46|77|16|39|SA36G|201.0		TGCATCGTGGGGGCGCAATATGGAAACAAGCTGGTCTTT	45	CIVGAQYGNKLVF	:::::::::0:-8:8:::::16:-3:39:::
2721	134.0	5.268161199442361E-5	1	1.1548677676406051E-4	TGTGCTCTGAGTGAGGCGTATGGTGGTGCTACAAACAAGCTCATCTTT	NNNNNNNNNNNNNNNNNNNNNNNNNNNNNNNNNNNNNNNNNNNNNNNN	TRAV19*00(789.4)		TRAJ32*00(599.6)		556|574|593|0|18||180.0		25|55|86|18|48||300.0		TGTGCTCTGAGTGAGGCGTATGGTGGTGCTACAAACAAGCTCATCTTT	45	CALSEAYGGATNKLIF	:::::::::0:1:18:::::18:-5:48:::
2878	134.0	5.268161199442361E-5	1	1.1548677676406051E-4	TGTGCTCTGAACTATGGTCAGAATTTTGTCTTT	NNNNNNNNNNNNNNNNNNNNNNNNNNNNNNNNN	TRAV9-2*00(709.8)		TRAJ26*00(529.2)		480|490|514|0|10||100.0		26|49|80|10|33||240.0		TGTGCTCTGAACTATGGTCAGAATTTTGTCTTT	45	CALNYGQNFVF	:::::::::0:-4:10:::::10:-6:33:::
3365	134.0	5.268161199442361E-5	1	1.1548677676406051E-4	TGTGCTGTGTCCGGAGGTAGCAACTATAAACTGACATTT	NNNNNNNNNNNNNNNNNNNNNNNNNNNNNNNNNNNNNNN	TRAV21*00(959.6)		TRAJ53*00(539.8)		544|553|576|0|9||90.0		28|55|86|12|39||270.0		TGTGCTGTGTCCGGAGGTAGCAACTATAAACTGACATTT	45	CAVSGGSNYKLTF	:::::::::0:-3:9:::::12:-8:39:::
3445	134.0	5.268161199442361E-5	1	1.1548677676406051E-4	TGTGCTGTGCAGGCGGGGAATGCAGGCAACATGCTCACCTTT	NNNNNNNNNNNNNNNNNNNNNNNNNNNNNNNNNNNNNNNNNN	TRAV20*00(549.6)		TRAJ39*00(549.6)		498|512|531|0|14||140.0		28|52|83|18|42||240.0		TGTGCTGTGCAGGCGGGGAATGCAGGCAACATGCTCACCTTT	45	CAVQAGNAGNMLTF	:::::::::0:1:14:::::18:-8:42:::
3520	134.0	5.268161199442361E-5	1	1.1548677676406051E-4	TGTGCTGTGGCCCCTAACAGAGATGACAAGATCATCTTT	NNNNNNNNNNNNNNNNNNNNNNNNNNNNNNNNNNNNNNN	TRAV36/DV7*00(618.9)		TRAJ30*00(549.3)		500|510|533|0|10||100.0		22|46|77|15|39||240.0		TGTGCTGTGGCCCCTAACAGAGATGACAAGATCATCTTT	45	CAVAPNRDDKIIF	:::::::::0:-3:10:::::15:-2:39:::
3601	134.0	5.268161199442361E-5	1	1.1548677676406051E-4	TGTGCTGTGGGTATCGACCCTGCCCTTTCAGGAGGAGGTGCTGACGGACTCACCTTT	NNNNNNNNNNNNNNNNNNNNNNNNNNNNNNNNNNNNNNNNNNNNNNNNNNNNNNNNN	TRAV8-3*00(611)		TRAJ45*00(620)		455|467|489|0|12||120.0		24|55|86|26|57||310.0		TGTGCTGTGGGTATCGACCCTGCCCTTTCAGGAGGAGGTGCTGACGGACTCACCTTT	45	CAVGIDPALSGGGADGLTF	:::::::::0:-2:12:::::26:-4:57:::
3785	134.0	5.268161199442361E-5	1	1.1548677676406051E-4	TGTGCTGTGATTAAAGACTATGGTCAGAATTTTGTCTTT	NNNNNNNNNNNNNNNNNNNNNNNNNNNNNNNNNNNNNNN	TRAV8-6*00(669.8)		TRAJ26*00(519.9)		448|458|482|0|10||100.0		26|49|80|16|39||230.0		TGTGCTGTGATTAAAGACTATGGTCAGAATTTTGTCTTT	45	CAVIKDYGQNFVF	:::::::::0:-4:10:::::16:-6:39:::
4004	134.0	5.268161199442361E-5	1	1.1548677676406051E-4	TGTGCTGTGAGTGACTGGAACAATGCCAGACTCATGTTT	NNNNNNNNNNNNNNNNNNNNNNNNNNNNNNNNNNNNNNN	TRAV8-4*00(670.1)		TRAJ31*00(509.6)		476|490|510|0|14||140.0		25|46|77|18|39||210.0		TGTGCTGTGAGTGACTGGAACAATGCCAGACTCATGTTT	45	CAVSDWNNARLMF	:::::::::0:0:14:::::18:-5:39:::
4169	134.0	5.268161199442361E-5	1	1.1548677676406051E-4	TGTGCTGTGAGGGGGGGGAGGAAAGCTTATCTTC	NNNNNNNNNNNNNNNNNNNNNNNNNNNNNNNNNN	TRAV8-6*00(679.1)		TRAJ23*00(460.9)		448|459|482|0|11||110.0		33|52|83|15|34||190.0		TGTGCTGTGAGGGGGGGGAGGAAAGCTTATCTTC	45	CAVRGG_GKLIF	:::::::::0:-3:11:::::15:-13:34:::
4746	134.0	5.268161199442361E-5	1	1.1548677676406051E-4	TGTGCTGAGTCGGGCGACTACAAGCTCAGCTTT	NNNNNNNNNNNNNNNNNNNNNNNNNNNNNNNNN	TRAV3*00(549.9)		TRAJ20*00(489.8)		437|444|473|0|7||70.0		27|46|77|14|33||190.0		TGTGCTGAGTCGGGCGACTACAAGCTCAGCTTT	45	CAESGDYKLSF	:::::::::0:-9:7:::::14:-7:33:::
6118	134.0	5.268161199442361E-5	1	1.1548677676406051E-4	TGTGCCGTTTGATTCAGGAGGAGGTGCTGACGGACTCACCTTT	NNNNNNNNNNNNNNNNNNNNNNNNNNNNNNNNNNNNNNNNNNN	TRAV12-2*00(939.4)		TRAJ45*00(589.4)		551|559|584|0|8||80.0		23|55|86|11|43||320.0		TGTGCCGTTTGATTCAGGAGGAGGTGCTGACGGACTCACCTTT	45	CAV*FRR_GADGLTF	:::::::::0:-5:8:::::11:-3:43:::
17426	134.0	5.268161199442361E-5	1	1.1548677676406051E-4	TGTGCAGTGCCACTATAACCAGGGAGGAAAGCTTATCTTC	NNNNNNNNNNNNNNNNNNNNNNNNNNNNNNNNNNNNNNNN	TRAV14/DV4*00(791)		TRAJ23*00(580)		517|526|554|0|9|SA523G|61.0		25|52|83|13|40||270.0		TGTGCAGTGCCACTATAACCAGGGAGGAAAGCTTATCTTC	45	CAVPL*P_GGKLIF	:::::::::0:-8:9:::::13:-5:40:::
17923	134.0	5.268161199442361E-5	1	1.1548677676406051E-4	TGTGCAGCAAGCGGGCCTATGGGTGGTGCTACAAACAAGCTCATCTTT	NNNNNNNNNNNNNNNNNNNNNNNNNNNNNNNNNNNNNNNNNNNNNNNN	TRAV23/DV6*00(391),TRAV24*00(386.9)		TRAJ32*00(569.8)		517|529|550|0|12||120.0;515|520|545|0|5||50.0		28|55|86|21|48||270.0		TGTGCAGCAAGCGGGCCTATGGGTGGTGCTACAAACAAGCTCATCTTT	45	CAASGPMGGATNKLIF	:::::::::0:-1:12:::::21:-8:48:::
18150	134.0	5.268161199442361E-5	1	1.1548677676406051E-4	TGTGCAGGGCCTTCGAACACCGGTAACCAGTTCTATTTT	NNNNNNNNNNNNNNNNNNNNNNNNNNNNNNNNNNNNNNN	TRAV25*00(570)		TRAJ49*00(579.4)		620|631|649|0|11||110.0		17|45|76|11|39||280.0		TGTGCAGGGCCTTCGAACACCGGTAACCAGTTCTATTTT	45	CAGPSNTGNQFYF	:::::::::0:2:11:::::11:3:39:::
18763	134.0	5.268161199442361E-5	1	1.1548677676406051E-4	TGTGCAATGAGAGAGGGCTGGGATCAGGGAGCCCAGAAGCTGGTATTT	NNNNNNNNNNNNNNNNNNNNNNNNNNNNNNNNNNNNNNNNNNNNNNNN	TRAV14/DV4*00(910.6)		TRAJ54*00(539.8)		517|535|554|0|18||180.0		24|49|80|23|48||250.0		TGTGCAATGAGAGAGGGCTGGGATCAGGGAGCCCAGAAGCTGGTATTT	45	CAMREGWDQGAQKLVF	:::::::::0:1:18:::::23:-4:48:::
20289	134.0	5.268161199442361E-5	1	1.1548677676406051E-4	TGCATCCTGAGAGAATATAGAAACAAACTGGTCTTT	NNNNNNNNNNNNNNNNNNNNNNNNNNNNNNNNNNNN	TRAV26-2*00(909.6)		TRAJ47*00(520.6)		791|804|826|0|13||140.0		23|46|77|13|36|SG28A|211.0		TGCATCCTGAGAGAATATAGAAACAAACTGGTCTTT	45	CILREYRNKLVF	:::::::::0:-2:13:::::13:-3:36:::
21366	134.0	5.268161199442361E-5	1	1.1548677676406051E-4	CCCCCCCGGGCATGCGCTTT	NNNNNNNNNNNNNNNNNNNN	TRAV35*00(389.9)		TRAJ43*00(398.8)		588|588|620|0|0||0.0		33|43|74|10|20||100.0		CCCCCCCGGGCATGCGCTTT	45	PPR_MRF	:::::::::0:-12:0:::::10:-13:20:::
2999	133.0	5.228846563625627E-5	1	1.1548677676406051E-4	TGTGCTCTAAGGTTCGTCAGCGGTAACCAGTTCTATTTT	NNNNNNNNNNNNNNNNNNNNNNNNNNNNNNNNNNNNNNN	TRAV16*00(519.8)		TRAJ49*00(490.1)		449|460|483|0|11||110.0		23|45|76|17|39|SC25G|191.0		TGTGCTCTAAGGTTCGTCAGCGGTAACCAGTTCTATTTT	45	CALRFVSGNQFYF	:::::::::0:-3:11:::::17:-3:39:::
3568	133.0	5.228846563625627E-5	1	1.1548677676406051E-4	TGTGCTGTGGGTGCGCTGCGGGGAGGAGGAAACAAACTCACCTTT	NNNNNNNNNNNNNNNNNNNNNNNNNNNNNNNNNNNNNNNNNNNNN	TRAV8-3*00(650.6)		TRAJ10*00(549.8)		455|471|489|0|16||160.0		28|53|84|20|45||250.0		TGTGCTGTGGGTGCGCTGCGGGGAGGAGGAAACAAACTCACCTTT	45	CAVGALRGGGNKLTF	:::::::::0:2:16:::::20:-8:45:::
3702	133.0	5.228846563625627E-5	1	1.1548677676406051E-4	TGTGCTGTGGAGGTCACCGACAAGCTCATCTTT	NNNNNNNNNNNNNNNNNNNNNNNNNNNNNNNNN	TRAV41*00(759.5)		TRAJ34*00(489.4)		512|520|544|0|8||80.0		28|47|78|14|33||190.0		TGTGCTGTGGAGGTCACCGACAAGCTCATCTTT	45	CAVEVTDKLIF	:::::::::0:-4:8:::::14:-8:33:::
4018	133.0	5.228846563625627E-5	1	1.1548677676406051E-4	TGTGCTGTGAGTGAGGGTCAGGGAGCCCAGAAGCTGGTATTT	NNNNNNNNNNNNNNNNNNNNNNNNNNNNNNNNNNNNNNNNNN	TRAV8-6*00(709.8)		TRAJ54*00(540.4)		448|462|482|0|14||140.0		24|49|80|17|42||250.0		TGTGCTGTGAGTGAGGGTCAGGGAGCCCAGAAGCTGGTATTT	45	CAVSEGQGAQKLVF	:::::::::0:0:14:::::17:-4:42:::
4253	133.0	5.228846563625627E-5	1	1.1548677676406051E-4	TGTGCTGTGAGAGATCAAGTAAGCAGAGGCTCAACCCTGGGGAGGCTATACTTT	NNNNNNNNNNNNNNNNNNNNNNNNNNNNNNNNNNNNNNNNNNNNNNNNNNNNNN	TRAV1-2*00(719.8)		TRAJ18*00(619.6)		620|636|654|0|16||160.0		24|55|86|23|54||310.0		TGTGCTGTGAGAGATCAAGTAAGCAGAGGCTCAACCCTGGGGAGGCTATACTTT	45	CAVRDQVSRGSTLGRLYF	:::::::::0:2:16:::::23:-4:54:::
4511	133.0	5.228846563625627E-5	1	1.1548677676406051E-4	TGTGCTGGTATAATGCAGGCAACATGCTCACCTTT	NNNNNNNNNNNNNNNNNNNNNNNNNNNNNNNNNNN	TRAV21*00(429.8)		TRAJ39*00(569.6)		544|551|576|0|7||70.0		26|52|83|9|35||260.0		TGTGCTGGTATAATGCAGGCAACATGCTCACCTTT	45	CAGIMQ_NMLTF	:::::::::0:-5:7:::::9:-6:35:::
5045	133.0	5.228846563625627E-5	1	1.1548677676406051E-4	TGTGCCTTCCTATCAGGAGGAAGCTACATACCTACATTT	NNNNNNNNNNNNNNNNNNNNNNNNNNNNNNNNNNNNNNN	TRAV12-2*00(919.4)		TRAJ6*00(559.8)		551|557|584|0|6||60.0		23|51|82|11|39||280.0		TGTGCCTTCCTATCAGGAGGAAGCTACATACCTACATTT	45	CAFLSGGSYIPTF	:::::::::0:-7:6:::::11:-3:39:::
6375	133.0	5.228846563625627E-5	1	1.1548677676406051E-4	TGTGCCGTGAACTATGGTCAGAATTTTGTCTTT	NNNNNNNNNNNNNNNNNNNNNNNNNNNNNNNNN	TRAV12-1*00(461.8),TRAV12-2*00(461.8)		TRAJ26*00(529.8)		539|550|572|0|11|ST543CSG544C|62.0;551|563|584|0|12||120.0		27|49|80|11|33||240.0		TGTGCCGTGAACTATGGTCAGAATTTTGTCTTT	45	CAVNYGQNFVF	:::::::::0:-2:11:::::11:-7:33:::
6401	133.0	5.228846563625627E-5	1	1.1548677676406051E-4	TGTGCCGTGAACGGACCCCCTGGCAGGAGGAGGTGCTGACGGACTCACCTTT	NNNNNNNNNNNNNNNNNNNNNNNNNNNNNNNNNNNNNNNNNNNNNNNNNNNN	TRAV12-2*00(519.7)		TRAJ45*00(599.8)		551|563|584|0|12||120.0		26|55|86|23|52||290.0		TGTGCCGTGAACGGACCCCCTGGCAGGAGGAGGTGCTGACGGACTCACCTTT	45	CAVNGPPGR_GGADGLTF	:::::::::0:-1:12:::::23:-6:52:::
17396	133.0	5.228846563625627E-5	1	1.1548677676406051E-4	TGTGCACACAGGAACCTACAAATACATCTTT	NNNNNNNNNNNNNNNNNNNNNNNNNNNNNNN	TRAV16*00(459.8)		TRAJ40*00(519.4)		449|454|483|0|5||50.0		27|50|81|8|31||230.0		TGTGCACACAGGAACCTACAAATACATCTTT	45	CAHRN_YKYIF	:::::::::0:-9:5:::::8:-7:31:::
18289	133.0	5.228846563625627E-5	1	1.1548677676406051E-4	TGTGCAGGAGGAGGAGGCTCAACCCTGGGGAGGCTATACTTT	NNNNNNNNNNNNNNNNNNNNNNNNNNNNNNNNNNNNNNNNNN	TRAV13-1*00(547.7)		TRAJ18*00(598.2)		511|518|544|0|7||70.0		26|55|86|13|42||290.0		TGTGCAGGAGGAGGAGGCTCAACCCTGGGGAGGCTATACTTT	45	CAGGGGSTLGRLYF	:::::::::0:-6:7:::::13:-6:42:::
18699	133.0	5.228846563625627E-5	1	1.1548677676406051E-4	TGTGCAATGAGAGCGAGGGGTGGTGCTACAAACAAGCTCATCTTT	NNNNNNNNNNNNNNNNNNNNNNNNNNNNNNNNNNNNNNNNNNNNN	TRAV14/DV4*00(491)		TRAJ32*00(570)		517|530|554|0|13||130.0		28|55|86|18|45||270.0		TGTGCAATGAGAGCGAGGGGTGGTGCTACAAACAAGCTCATCTTT	45	CAMRARGGATNKLIF	:::::::::0:-4:13:::::18:-8:45:::
20238	133.0	5.228846563625627E-5	1	1.1548677676406051E-4	TGCATCCTGAGAGTCCCTGGGTCCCTTTAACTGGGGCAAACAACCTCTTCTTT	NNNNNNNNNNNNNNNNNNNNNNNNNNNNNNNNNNNNNNNNNNNNNNNNNNNNN	TRAV26-2*00(899.7)		TRAJ36*00(519.8)		791|804|826|0|13||130.0		23|48|79|28|53||250.0		TGCATCCTGAGAGTCCCTGGGTCCCTTTAACTGGGGCAAACAACCTCTTCTTT	45	CILRVPGSL_TGANNLFF	:::::::::0:-2:13:::::28:-3:53:::
689	132.0	5.189531927808893E-5	2	2.3097355352812103E-4	TGTGCTGTAGGAAGCAACTATCAGTTAATCTGG	[[[[[[[[[[[[[[[[[[[[[[[[[[[[[[[[[	TRAV2*00(754.2)		TRAJ33*00(499.2)		519|527|553|0|8||80.0		25|46|77|12|33||210.0		TGTGCTGTAGGAAGCAACTATCAGTTAATCTGG	58	CAVGSNYQLIW	:::::::::0:-6:8:::::12:-5:33:::
3345	132.0	5.189531927808893E-5	1	1.1548677676406051E-4	TGTGCTGTCAAAATTCCGTATTCAGGAGGAGGTGCTGACGGACTCACCTTT	NNNNNNNNNNNNNNNNNNNNNNNNNNNNNNNNNNNNNNNNNNNNNNNNNNN	TRAV41*00(602)		TRAJ45*00(577.4)		512|522|544|0|10||100.0		21|55|86|17|51||340.0		TGTGCTGTCAAAATTCCGTATTCAGGAGGAGGTGCTGACGGACTCACCTTT	45	CAVKIPYSGGGADGLTF	:::::::::0:-2:10:::::17:-1:51:::
3800	132.0	5.189531927808893E-5	1	1.1548677676406051E-4	TGTGCTGTGATAGGGTCAGGGGATAGCAACTATCAGTTAATCTGG	NNNNNNNNNNNNNNNNNNNNNNNNNNNNNNNNNNNNNNNNNNNNN	TRAV8-6*00(669.8)		TRAJ33*00(538.5)		448|458|482|0|10||100.0		21|46|77|20|45||250.0		TGTGCTGTGATAGGGTCAGGGGATAGCAACTATCAGTTAATCTGG	45	CAVIGSGDSNYQLIW	:::::::::0:-4:10:::::20:-1:45:::
3832	132.0	5.189531927808893E-5	1	1.1548677676406051E-4	TGTGCTGTGACCAAAGCTGCAGGCAACAAGCTAACTTTT	NNNNNNNNNNNNNNNNNNNNNNNNNNNNNNNNNNNNNNN	TRAV1-2*00(660)		TRAJ17*00(591)		620|629|654|0|9||100.0		22|52|83|9|39|ST23C|291.0		TGTGCTGTGACCAAAGCTGCAGGCAACAAGCTAACTTTT	45	CAVTKAAGNKLTF	:::::::::0:-5:9:::::9:-2:39:::
4052	132.0	5.189531927808893E-5	1	1.1548677676406051E-4	TGTGCTGTGAGTGAAATTCCGGCATGTCCGGCACTGCCAGTAAACTCACCTTT	NNNNNNNNNNNNNNNNNNNNNNNNNNNNNNNNNNNNNNNNNNNNNNNNNNNNN	TRAV8-4*00(689.3)		TRAJ44*00(570)		476|490|510|0|14||140.0		26|52|83|27|53||260.0		TGTGCTGTGAGTGAAATTCCGGCATGTCCGGCACTGCCAGTAAACTCACCTTT	45	CAVSEIPAC_GTASKLTF	:::::::::0:0:14:::::27:-6:53:::
4555	132.0	5.189531927808893E-5	1	1.1548677676406051E-4	TGTGCTGGGCTCGTAGCAACTATCAGTTAATCTGG	NNNNNNNNNNNNNNNNNNNNNNNNNNNNNNNNNNN	TRAV35*00(565)		TRAJ33*00(510)		588|598|620|0|10||100.0		24|46|77|13|35||220.0		TGTGCTGGGCTCGTAGCAACTATCAGTTAATCTGG	45	CAGLVA_YQLIW	:::::::::0:-2:10:::::13:-4:35:::
4826	132.0	5.189531927808893E-5	1	1.1548677676406051E-4	TGTGCTACGGATTCGGTATAACACCAATGCAGGCAAATCAACCTTT	NNNNNNNNNNNNNNNNNNNNNNNNNNNNNNNNNNNNNNNNNNNNNN	TRAV17*00(909.6)		TRAJ27*00(570)		490|501|523|0|11||110.0		18|48|79|16|46||300.0		TGTGCTACGGATTCGGTATAACACCAATGCAGGCAAATCAACCTTT	45	CATDSV*H_NAGKSTF	:::::::::0:-2:11:::::16:2:46:::
17574	132.0	5.189531927808893E-5	1	1.1548677676406051E-4	TGTGCAGCAGCAGGAGGAGGTGCTGACGGACTCACCTTT	NNNNNNNNNNNNNNNNNNNNNNNNNNNNNNNNNNNNNNN	TRAV13-1*00(950)		TRAJ45*00(570)		511|520|544|0|9||90.0		26|55|86|10|39||290.0		TGTGCAGCAGCAGGAGGAGGTGCTGACGGACTCACCTTT	45	CAAAGGGADGLTF	:::::::::0:-4:9:::::10:-6:39:::
17597	132.0	5.189531927808893E-5	1	1.1548677676406051E-4	TGTGCAGCAATCACTCAGGAACCTACAAATACATCTTT	NNNNNNNNNNNNNNNNNNNNNNNNNNNNNNNNNNNNNN	TRAV13-1*00(579.4)		TRAJ40*00(539.7)		511|521|544|0|10||100.0		25|50|81|13|38||250.0		TGTGCAGCAATCACTCAGGAACCTACAAATACATCTTT	45	CAAITQ_TYKYIF	:::::::::0:-3:10:::::13:-5:38:::
1770	131.0	5.150217291992159E-5	1	1.1548677676406051E-4	TGTGTGGTGAGCCTCCCATAACTGACAGCTGGGGGAAATTGCAGTTT	NNNNNNNNNNNNNNNNNNNNNNNNNNNNNNNNNNNNNNNNNNNNNNN	TRAV10*00(679.8)		TRAJ24*00(569.2)		575|587|608|0|12||120.0		24|52|83|19|47||280.0		TGTGTGGTGAGCCTCCCATAACTGACAGCTGGGGGAAATTGCAGTTT	45	CVVSLP*L_SWGKLQF	:::::::::0:-1:12:::::19:-4:47:::
1868	131.0	5.150217291992159E-5	1	1.1548677676406051E-4	TGTGTGGTGAACCCAGCAGTGCTTCCAAGATAATCTTT	NNNNNNNNNNNNNNNNNNNNNNNNNNNNNNNNNNNNNN	TRAV10*00(1009.9)		TRAJ3*00(509.8)		575|585|608|0|10||100.0		26|51|82|13|38||250.0		TGTGTGGTGAACCCAGCAGTGCTTCCAAGATAATCTTT	45	CVVNPA_ASKIIF	:::::::::0:-3:10:::::13:-6:38:::
3667	131.0	5.150217291992159E-5	1	1.1548677676406051E-4	TGTGCTGTGGACCTACAATAACAATGACATGCGCTTT	NNNNNNNNNNNNNNNNNNNNNNNNNNNNNNNNNNNNN	TRAV41*00(582)		TRAJ43*00(539.3)		512|520|544|0|8||80.0		19|43|74|13|37||240.0		TGTGCTGTGGACCTACAATAACAATGACATGCGCTTT	45	CAVDLQ_NNDMRF	:::::::::0:-4:8:::::13:1:37:::
4224	131.0	5.150217291992159E-5	1	1.1548677676406051E-4	TGTGCTGTGAGAGTGAGGACGGGCAGGAGAGCACTTACTTTT	NNNNNNNNNNNNNNNNNNNNNNNNNNNNNNNNNNNNNNNNNN	TRAV3*00(610)		TRAJ5*00(540)		437|450|473|0|13||130.0		25|49|80|18|42||240.0		TGTGCTGTGAGAGTGAGGACGGGCAGGAGAGCACTTACTTTT	45	CAVRVRTGRRALTF	:::::::::0:-3:13:::::18:-5:42:::
6187	131.0	5.150217291992159E-5	1	1.1548677676406051E-4	TGTGCCGTGGTTGGCACCGACAAGCTCATCTTT	NNNNNNNNNNNNNNNNNNNNNNNNNNNNNNNNN	TRAV12-2*00(460.8),TRAV12-3*00(449.8)		TRAJ34*00(489.8)		551|560|584|0|9||90.0;562|567|595|0|5||50.0		28|47|78|14|33||190.0		TGTGCCGTGGTTGGCACCGACAAGCTCATCTTT	45	CAVVGTDKLIF	:::::::::0:-4:9:::::14:-8:33:::
6279	131.0	5.150217291992159E-5	1	1.1548677676406051E-4	TGTGCCGTGATCCCCACAGAAGGAACCTACAAATACATCTTT	NNNNNNNNNNNNNNNNNNNNNNNNNNNNNNNNNNNNNNNNNN	TRAV12-2*00(499.8)		TRAJ40*00(509.8)		551|561|584|0|10||100.0		28|50|81|20|42||220.0		TGTGCCGTGATCCCCACAGAAGGAACCTACAAATACATCTTT	45	CAVIPTEGTYKYIF	:::::::::0:-3:10:::::20:-8:42:::
6434	131.0	5.150217291992159E-5	1	1.1548677676406051E-4	TGTGCCGTGAAGGCGGGAGGAGGAAACAAACTCACCTTT	NNNNNNNNNNNNNNNNNNNNNNNNNNNNNNNNNNNNNNN	TRAV12-2*00(408.3)		TRAJ10*00(559.8)		551|562|584|0|11||110.0		27|53|84|13|39||260.0		TGTGCCGTGAAGGCGGGAGGAGGAAACAAACTCACCTTT	45	CAVKAGGGNKLTF	:::::::::0:-2:11:::::13:-7:39:::
17585	131.0	5.150217291992159E-5	1	1.1548677676406051E-4	TGTGCAGCAGAGTTGGCCAACTGGAGCCAATAGTAAGCTGACATTT	NNNNNNNNNNNNNNNNNNNNNNNNNNNNNNNNNNNNNNNNNNNNNN	TRAV13-1*00(570)		TRAJ56*00(579.7)		511|520|544|0|9||90.0		24|51|82|19|46||270.0		TGTGCAGCAGAGTTGGCCAACTGGAGCCAATAGTAAGCTGACATTT	45	CAAELANW_ANSKLTF	:::::::::0:-4:9:::::19:-4:46:::
17639	131.0	5.150217291992159E-5	1	1.1548677676406051E-4	TGTGCAGCAACGCGGGGAGGAAAGCTTATCTTC	NNNNNNNNNNNNNNNNNNNNNNNNNNNNNNNNN	TRAV13-1*00(580)		TRAJ23*00(499.8)		511|521|544|0|10||100.0		33|52|83|14|33||190.0		TGTGCAGCAACGCGGGGAGGAAAGCTTATCTTC	45	CAATRGGKLIF	:::::::::0:-3:10:::::14:-13:33:::
18314	131.0	5.150217291992159E-5	1	1.1548677676406051E-4	TGTGCAGGAATAGTGGAGGTAGCAACTATAAACTGACATTT	NNNNNNNNNNNNNNNNNNNNNNNNNNNNNNNNNNNNNNNNN	TRAV25*00(539.2)		TRAJ53*00(649)		620|628|649|0|8||80.0		22|55|86|8|41||340.0		TGTGCAGGAATAGTGGAGGTAGCAACTATAAACTGACATTT	45	CAGIVEV_NYKLTF	:::::::::0:-1:8:::::8:-2:41:::
18764	131.0	5.150217291992159E-5	1	1.1548677676406051E-4	TGTGCAATGAGAGAGGGCCTTTGGGTTTGGAAATGAGAAATTAACCTTT	NNNNNNNNNNNNNNNNNNNNNNNNNNNNNNNNNNNNNNNNNNNNNNNNN	TRAV14/DV4*00(550.8)		TRAJ48*00(549.6)		517|536|554|0|19||190.0		28|52|83|25|49||240.0		TGTGCAATGAGAGAGGGCCTTTGGGTTTGGAAATGAGAAATTAACCTTT	45	CAMREGLW_FGNEKLTF	:::::::::0:2:19:::::25:-8:49:::
18858	131.0	5.150217291992159E-5	1	1.1548677676406051E-4	TGTGCAAATCCAGGCTTTCAGAAACTTGTATTT	NNNNNNNNNNNNNNNNNNNNNNNNNNNNNNNNN	TRAV14/DV4*00(430.8)		TRAJ8*00(518.3)		517|524|554|0|7||70.0		26|49|80|10|33||230.0		TGTGCAAATCCAGGCTTTCAGAAACTTGTATTT	45	CANPGFQKLVF	:::::::::0:-10:7:::::10:-6:33:::
19097	131.0	5.150217291992159E-5	1	1.1548677676406051E-4	TGCGCTCATCTTATAACACCGACAAGCTCATCTTT	NNNNNNNNNNNNNNNNNNNNNNNNNNNNNNNNNNN	TRAV1-1*00(630.5)		TRAJ34*00(579.9)		670|676|704|0|6||60.0		19|47|78|7|35||280.0		TGCGCTCATCTTATAACACCGACAAGCTCATCTTT	45	CAHLIT_DKLIF	:::::::::0:-8:6:::::7:1:35:::
1598	130.0	5.110902656175425E-5	1	1.1548677676406051E-4	TGTGTTGTGAGTGGGGGCCCCCCCCCGGGACAACTGACAGCTGGGGGAAATTGCAGTTT	NNNNNNNNNNNNNNNNNNNNNNNNNNNNNNNNNNNNNNNNNNNNNNNNNNNNNNNNNNN	TRAV8-2*00(645.7)		TRAJ24*00(599.1)		466|479|500|0|13||130.0		21|52|83|28|59||310.0		TGTGTTGTGAGTGGGGGCCCCCCCCCGGGACAACTGACAGCTGGGGGAAATTGCAGTTT	45	CVVSGGPPPG_TDSWGKLQF	:::::::::0:-1:13:::::28:-1:59:::
1630	130.0	5.110902656175425E-5	1	1.1548677676406051E-4	TGTGTCTTAGATCCCAATGCAGGCAAATCAACCTTT	NNNNNNNNNNNNNNNNNNNNNNNNNNNNNNNNNNNN	TRAV24*00(461)		TRAJ27*00(519.8)		515|523|545|0|8|SC519T|51.0		25|48|79|13|36||230.0		TGTGTCTTAGATCCCAATGCAGGCAAATCAACCTTT	45	CVLDPNAGKSTF	:::::::::0:-2:8:::::13:-5:36:::
1830	130.0	5.110902656175425E-5	1	1.1548677676406051E-4	TGTGTGGTGAGGAGGAGGAGGTGCTGACGGACTCACCTTT	NNNNNNNNNNNNNNNNNNNNNNNNNNNNNNNNNNNNNNNN	TRAV12-1*00(500)		TRAJ45*00(512.9)		539|549|572|0|10||100.0		27|55|86|12|40||280.0		TGTGTGGTGAGGAGGAGGAGGTGCTGACGGACTCACCTTT	45	CVVRRRR_ADGLTF	:::::::::0:-3:10:::::12:-7:40:::
2287	130.0	5.110902656175425E-5	1	1.1548677676406051E-4	TGTGCTCTTCTTCTTTTTATAACCAGGGAGGAAAGCTTATCTTC	NNNNNNNNNNNNNNNNNNNNNNNNNNNNNNNNNNNNNNNNNNNN	TRAV6*00(392.1)		TRAJ23*00(598.6)		535|543|568|0|8||80.0		23|52|83|15|44||290.0		TGTGCTCTTCTTCTTTTTATAACCAGGGAGGAAAGCTTATCTTC	45	CALLLFI_QGGKLIF	:::::::::0:-5:8:::::15:-3:44:::
2465	130.0	5.110902656175425E-5	1	1.1548677676406051E-4	TGTGCTCTCCGGGCTGGGAGTTACCAACTCACTTTC	NNNNNNNNNNNNNNNNNNNNNNNNNNNNNNNNNNNN	TRAV9-2*00(689.8)		TRAJ28*00(549.6)		480|488|514|0|8||80.0		29|55|86|10|36||260.0		TGTGCTCTCCGGGCTGGGAGTTACCAACTCACTTTC	45	CALRAGSYQLTF	:::::::::0:-6:8:::::10:-9:36:::
2552	130.0	5.110902656175425E-5	1	1.1548677676406051E-4	TGTGCTCTGACTAGTGGAGGTAGCAACTATAAACTGACATTT	NNNNNNNNNNNNNNNNNNNNNNNNNNNNNNNNNNNNNNNNNN	TRAV19*00(709.8)		TRAJ53*00(620.7)		556|565|593|0|9||100.0		22|55|86|9|42|SA23C|311.0		TGTGCTCTGACTAGTGGAGGTAGCAACTATAAACTGACATTT	45	CALTSGGSNYKLTF	:::::::::0:-8:9:::::9:-2:42:::
3166	130.0	5.110902656175425E-5	1	1.1548677676406051E-4	TGTGCTGTTCCCCAAACTGGAGGCTTCAAAACTATCTTT	NNNNNNNNNNNNNNNNNNNNNNNNNNNNNNNNNNNNNNN	TRAV21*00(440)		TRAJ9*00(539.6)		544|552|576|0|8||80.0		26|50|81|15|39||240.0		TGTGCTGTTCCCCAAACTGGAGGCTTCAAAACTATCTTT	45	CAVPQTGGFKTIF	:::::::::0:-4:8:::::15:-6:39:::
3333	130.0	5.110902656175425E-5	1	1.1548677676406051E-4	TGTGCTGTCAGAGACACCGGTAACCAGTTCTATTTT	NNNNNNNNNNNNNNNNNNNNNNNNNNNNNNNNNNNN	TRAV41*00(621.3)		TRAJ49*00(457.5)		512|524|544|0|12||120.0		22|45|76|13|36||230.0		TGTGCTGTCAGAGACACCGGTAACCAGTTCTATTTT	45	CAVRDTGNQFYF	:::::::::0:0:12:::::13:-2:36:::
3535	130.0	5.110902656175425E-5	1	1.1548677676406051E-4	TGTGCTGTGGCAGCTGCAGGCAACAAGCTAACTTTT	NNNNNNNNNNNNNNNNNNNNNNNNNNNNNNNNNNNN	TRAV21*00(449.8)		TRAJ17*00(550)		544|553|576|0|9||90.0		27|52|83|11|36||250.0		TGTGCTGTGGCAGCTGCAGGCAACAAGCTAACTTTT	45	CAVAAAGNKLTF	:::::::::0:-3:9:::::11:-7:36:::
3933	130.0	5.110902656175425E-5	1	1.1548677676406051E-4	TGTGCTGTGAGTGATTCAGGAGGAGGTGCTGACGGACTCACCTTT	NNNNNNNNNNNNNNNNNNNNNNNNNNNNNNNNNNNNNNNNNNNNN	TRAV8-4*00(691.1)		TRAJ45*00(630)		476|490|510|0|14||150.0		24|55|86|14|45||320.0		TGTGCTGTGAGTGATTCAGGAGGAGGTGCTGACGGACTCACCTTT	45	CAVSDSGGGADGLTF	:::::::::0:0:14:::::14:-4:45:::
4149	130.0	5.110902656175425E-5	1	1.1548677676406051E-4	TGTGCTGTGAGGCACGAAGGGTCTAGCAACACAGGCAAACTAATCTTT	NNNNNNNNNNNNNNNNNNNNNNNNNNNNNNNNNNNNNNNNNNNNNNNN	TRAV21*00(489.8)		TRAJ37*00(552)		544|557|576|0|13||130.0		21|51|82|18|48|SC23GSG27A|242.0		TGTGCTGTGAGGCACGAAGGGTCTAGCAACACAGGCAAACTAATCTTT	45	CAVRHEGSSNTGKLIF	:::::::::0:1:13:::::18:-1:48:::
4236	130.0	5.110902656175425E-5	1	1.1548677676406051E-4	TGTGCTGTGAGAGGCCGGCTCAGGGTGGAGGCTTCAAAACTATCTTT	NNNNNNNNNNNNNNNNNNNNNNNNNNNNNNNNNNNNNNNNNNNNNNN	TRAV3*00(609.8)		TRAJ9*00(519.6)		437|450|473|0|13||130.0		28|50|81|25|47||220.0		TGTGCTGTGAGAGGCCGGCTCAGGGTGGAGGCTTCAAAACTATCTTT	45	CAVRGRLR_GGFKTIF	:::::::::0:-3:13:::::25:-8:47:::
4294	130.0	5.110902656175425E-5	1	1.1548677676406051E-4	TGTGCTGTGAGAGACACGGGCAGGAGAGCACTTACTTTT	NNNNNNNNNNNNNNNNNNNNNNNNNNNNNNNNNNNNNNN	TRAV3*00(638.9)		TRAJ5*00(559.7)		437|451|473|0|14||160.0		24|49|80|14|39||270.0		TGTGCTGTGAGAGACACGGGCAGGAGAGCACTTACTTTT	45	CAVRDTGRRALTF	:::::::::0:-2:14:::::14:-4:39:::
4481	130.0	5.110902656175425E-5	1	1.1548677676406051E-4	TGTGCTGCACCCTCCCATAATTAGCAGGCAACATGCTCACCTTT	NNNNNNNNNNNNNNNNNNNNNNNNNNNNNNNNNNNNNNNNNNNN	TRAV8-5*00(601.7)		TRAJ39*00(519.6)		1528|1537|1562|0|9||90.0		31|52|83|23|44||210.0		TGTGCTGCACCCTCCCATAATTAGCAGGCAACATGCTCACCTTT	45	CAAPSHN_AGNMLTF	:::::::::0:-5:9:::::23:-11:44:::
4992	130.0	5.110902656175425E-5	1	1.1548677676406051E-4	TGTGCCTTTCCGGTAACCAGTTCTATTTT	NNNNNNNNNNNNNNNNNNNNNNNNNNNNN	TRAV24*00(988.9)		TRAJ49*00(499.6)		515|524|545|0|9||90.0		25|45|76|9|29||200.0		TGTGCCTTTCCGGTAACCAGTTCTATTTT	45	CAFPV_QFYF	:::::::::0:-1:9:::::9:-5:29:::
6067	130.0	5.110902656175425E-5	1	1.1548677676406051E-4	TGTGCCCCGAAGCTAACTGCCAGTAAACTCACCTTT	NNNNNNNNNNNNNNNNNNNNNNNNNNNNNNNNNNNN	TRAV24*00(958.9)		TRAJ44*00(479.9)		515|521|545|0|6||60.0		31|52|83|15|36||210.0		TGTGCCCCGAAGCTAACTGCCAGTAAACTCACCTTT	45	CAPKLTASKLTF	:::::::::0:-4:6:::::15:-11:36:::
6542	130.0	5.110902656175425E-5	1	1.1548677676406051E-4	TGTGCCGGCGACAACACGGGCAGGAGAGCACTTACTTTT	NNNNNNNNNNNNNNNNNNNNNNNNNNNNNNNNNNNNNNN	TRAV12-2*00(929.7)		TRAJ5*00(539.8)		551|558|584|0|7||70.0		23|49|80|13|39||260.0		TGTGCCGGCGACAACACGGGCAGGAGAGCACTTACTTTT	45	CAGDNTGRRALTF	:::::::::0:-6:7:::::13:-3:39:::
17495	130.0	5.110902656175425E-5	1	1.1548677676406051E-4	TGTGCAGCCGCCATCAACCAGGCAGGAACTGCTCTGATCTTT	NNNNNNNNNNNNNNNNNNNNNNNNNNNNNNNNNNNNNNNNNN	TRAV23/DV6*00(449.9)		TRAJ15*00(590)		517|525|550|0|8||80.0		21|49|80|14|42||280.0		TGTGCAGCCGCCATCAACCAGGCAGGAACTGCTCTGATCTTT	45	CAAAINQAGTALIF	:::::::::0:-5:8:::::14:-1:42:::
17566	130.0	5.110902656175425E-5	1	1.1548677676406051E-4	TGTGCAGCAGTGTCAGGATACAGCACCCTCACCTTT	NNNNNNNNNNNNNNNNNNNNNNNNNNNNNNNNNNNN	TRAV13-1*00(569.6)		TRAJ11*00(550)		511|520|544|0|9||90.0		25|49|80|12|36||240.0		TGTGCAGCAGTGTCAGGATACAGCACCCTCACCTTT	45	CAAVSGYSTLTF	:::::::::0:-4:9:::::12:-5:36:::
17645	130.0	5.110902656175425E-5	1	1.1548677676406051E-4	TGTGCAGCAAGTTTTCCCCGGAATAGCAACTATCAGTTAATCTGG	NNNNNNNNNNNNNNNNNNNNNNNNNNNNNNNNNNNNNNNNNNNNN	TRAV13-1*00(599.1)		TRAJ33*00(519.8)		511|523|544|0|12||120.0		23|46|77|22|45||230.0		TGTGCAGCAAGTTTTCCCCGGAATAGCAACTATCAGTTAATCTGG	45	CAASFPRNSNYQLIW	:::::::::0:-1:12:::::22:-3:45:::
17679	130.0	5.110902656175425E-5	1	1.1548677676406051E-4	TGTGCAGCAAGTCAGACAACACCGACAAGCTCATCTTT	NNNNNNNNNNNNNNNNNNNNNNNNNNNNNNNNNNNNNN	TRAV13-1*00(599.8)		TRAJ34*00(509.6)		511|523|544|0|12||120.0		26|47|78|17|38||210.0		TGTGCAGCAAGTCAGACAACACCGACAAGCTCATCTTT	45	CAASQT_TDKLIF	:::::::::0:-1:12:::::17:-6:38:::
17717	130.0	5.110902656175425E-5	1	1.1548677676406051E-4	TGTGCAGCAAGTATATCAGATGGCCAGAAGCTGCTCTTT	NNNNNNNNNNNNNNNNNNNNNNNNNNNNNNNNNNNNNNN	TRAV13-1*00(629.8)		TRAJ16*00(511)		511|526|544|0|15||150.0		25|49|80|15|39||240.0		TGTGCAGCAAGTATATCAGATGGCCAGAAGCTGCTCTTT	45	CAASISDGQKLLF	:::::::::0:2:15:::::15:-5:39:::
18084	130.0	5.110902656175425E-5	1	1.1548677676406051E-4	TGTGCAGCAAAGCATGACATGCGCTTT	NNNNNNNNNNNNNNNNNNNNNNNNNNN	TRAV13-1*00(579.6)		TRAJ43*00(440)		511|521|544|0|10||100.0		29|43|74|13|27||140.0		TGTGCAGCAAAGCATGACATGCGCTTT	45	CAAKHDMRF	:::::::::0:-3:10:::::13:-9:27:::
18549	130.0	5.110902656175425E-5	1	1.1548677676406051E-4	TGTGCAATGTGCAGGATCAGGAACCTACAAATACATCTTT	NNNNNNNNNNNNNNNNNNNNNNNNNNNNNNNNNNNNNNNN	TRAV12-3*00(461.3),TRAV12-2*00(449.3)		TRAJ40*00(529.3)		562|574|595|0|12|SA571T|91.0;551|556|584|0|5||50.0		26|50|81|16|40||240.0		TGTGCAATGTGCAGGATCAGGAACCTACAAATACATCTTT	45	CAMCRIR_TYKYIF	:::::::::0:-1:12:::::16:-6:40:::
18761	130.0	5.110902656175425E-5	1	1.1548677676406051E-4	TGTGCAATGAGAGAGGGCTGGGGTTCTGCAAGGCAACTGACCTTT	NNNNNNNNNNNNNNNNNNNNNNNNNNNNNNNNNNNNNNNNNNNNN	TRAV14/DV4*00(910)		TRAJ22*00(549.8)		517|535|554|0|18||180.0		28|52|83|21|45||240.0		TGTGCAATGAGAGAGGGCTGGGGTTCTGCAAGGCAACTGACCTTT	45	CAMREGWGSARQLTF	:::::::::0:1:18:::::21:-8:45:::
18852	130.0	5.110902656175425E-5	1	1.1548677676406051E-4	TGTGCAACGAAACGGGGACATGGAATATAGAAACAAACTGGTCTTT	NNNNNNNNNNNNNNNNNNNNNNNNNNNNNNNNNNNNNNNNNNNNNN	TRAV12-2*00(450),TRAV12-3*00(442)		TRAJ47*00(560.7)		551|556|584|0|5||50.0;562|572|595|0|10|ST569C|71.0		18|46|77|18|46|SG28A|251.0		TGTGCAACGAAACGGGGACATGGAATATAGAAACAAACTGGTCTTT	45	CATKRGHG_YRNKLVF	:::::::::0:-8:5:::::18:2:46:::
1964	129.0	5.071588020358691E-5	1	1.1548677676406051E-4	TGTGTGGCTCCTCGCCCTATCGAACTGCTCTGATCTTT	NNNNNNNNNNNNNNNNNNNNNNNNNNNNNNNNNNNNNN	TRAV12-1*00(469.6)		TRAJ15*00(480)		539|546|572|0|7||70.0		32|49|80|21|38||170.0		TGTGTGGCTCCTCGCCCTATCGAACTGCTCTGATCTTT	45	CVAPRP_RTALIF	:::::::::0:-6:7:::::21:-12:38:::
2001	129.0	5.071588020358691E-5	1	1.1548677676406051E-4	TGTGCTTTTATACAACTTCAACAAATTTTACTTT	NNNNNNNNNNNNNNNNNNNNNNNNNNNNNNNNNN	TRAV3*00(540)		TRAJ21*00(570.6)		437|443|473|0|6||60.0		16|44|75|6|34|SG17T|261.0		TGTGCTTTTATACAACTTCAACAAATTTTACTTT	45	CAFIQL_NKFYF	:::::::::0:-10:6:::::6:4:34:::
4196	129.0	5.071588020358691E-5	1	1.1548677676406051E-4	TGTGCTGTGAGGAATGGTGCTACAAACAAGCTCATCTTT	NNNNNNNNNNNNNNNNNNNNNNNNNNNNNNNNNNNNNNN	TRAV8-6*00(679.8)		TRAJ32*00(550)		448|459|482|0|11||110.0		30|55|86|14|39||250.0		TGTGCTGTGAGGAATGGTGCTACAAACAAGCTCATCTTT	45	CAVRNGATNKLIF	:::::::::0:-3:11:::::14:-10:39:::
5012	129.0	5.071588020358691E-5	1	1.1548677676406051E-4	TGTGCCTTTATAAATTCCGGGTATGCACTCAACTTC	NNNNNNNNNNNNNNNNNNNNNNNNNNNNNNNNNNNN	TRAV24*00(1039.6)		TRAJ41*00(509.5)		515|528|545|0|13||140.0		28|51|82|13|36||250.0		TGTGCCTTTATAAATTCCGGGTATGCACTCAACTTC	45	CAFINSGYALNF	:::::::::0:3:13:::::13:-8:36:::
6443	129.0	5.071588020358691E-5	1	1.1548677676406051E-4	TGTGCCGTGAAGGACCGAAACACCGACAAGCTCATCTTT	NNNNNNNNNNNNNNNNNNNNNNNNNNNNNNNNNNNNNNN	TRAV12-2*00(510)		TRAJ34*00(509.4)		551|562|584|0|11||110.0		26|47|78|18|39||210.0		TGTGCCGTGAAGGACCGAAACACCGACAAGCTCATCTTT	45	CAVKDRNTDKLIF	:::::::::0:-2:11:::::18:-6:39:::
6543	129.0	5.071588020358691E-5	1	1.1548677676406051E-4	TGTGCCGGGTTTTTTTCAGGGAGCCCAGAAGCTGGTATTT	NNNNNNNNNNNNNNNNNNNNNNNNNNNNNNNNNNNNNNNN	TRAV25*00(503.3)		TRAJ54*00(549.1)		620|629|649|0|9|SA625C|61.0		23|49|80|14|40||260.0		TGTGCCGGGTTTTTTTCAGGGAGCCCAGAAGCTGGTATTT	45	CAGFFSG_AQKLVF	:::::::::0:0:9:::::14:-3:40:::
17363	129.0	5.071588020358691E-5	1	1.1548677676406051E-4	TGTGCATTCCTAACTGGGGCAAACAACCTCTTCTTT	NNNNNNNNNNNNNNNNNNNNNNNNNNNNNNNNNNNN	TRAV12-2*00(449.8)		TRAJ36*00(558.9)		551|556|584|0|5||50.0		23|48|79|11|36||250.0		TGTGCATTCCTAACTGGGGCAAACAACCTCTTCTTT	45	CAFLTGANNLFF	:::::::::0:-8:5:::::11:-3:36:::
17610	129.0	5.071588020358691E-5	1	1.1548677676406051E-4	TGTGCAGCAACTCTCCCGGAGGGCCCTGCTGGCAACAACCGTAAGCTGATTTGG	NNNNNNNNNNNNNNNNNNNNNNNNNNNNNNNNNNNNNNNNNNNNNNNNNNNNNN	TRAV13-1*00(580)		TRAJ38*00(579.1)		511|521|544|0|10||100.0		23|51|82|26|54||280.0		TGTGCAGCAACTCTCCCGGAGGGCCCTGCTGGCAACAACCGTAAGCTGATTTGG	45	CAATLPEGPAGNNRKLIW	:::::::::0:-3:10:::::26:-3:54:::
18000	129.0	5.071588020358691E-5	1	1.1548677676406051E-4	TGTGCAGCAAGCACGAGGCCGATGACATGCGCTTT	NNNNNNNNNNNNNNNNNNNNNNNNNNNNNNNNNNN	TRAV23/DV6*00(499.6)		TRAJ43*00(439.8)		517|530|550|0|13||130.0		29|43|74|21|35||140.0		TGTGCAGCAAGCACGAGGCCGATGACATGCGCTTT	45	CAASTR_DDMRF	:::::::::0:0:13:::::21:-9:35:::
18370	129.0	5.071588020358691E-5	1	1.1548677676406051E-4	TGTGCAGAGGGCCTTTTTGGGAATGTGCTGCATTGC	NNNNNNNNNNNNNNNNNNNNNNNNNNNNNNNNNNNN	TRAV13-2*00(540)		TRAJ35*00(519.6)		506|515|539|0|9||90.0		27|48|79|15|36||210.0		TGTGCAGAGGGCCTTTTTGGGAATGTGCTGCATTGC	45	CAEGLFGNVLHC	:::::::::0:-4:9:::::15:-7:36:::
18394	129.0	5.071588020358691E-5	1	1.1548677676406051E-4	TGTGCAGAGATAAGGGGAAATAATAATGCAGGCAACATGCTCACCTTT	NNNNNNNNNNNNNNNNNNNNNNNNNNNNNNNNNNNNNNNNNNNNNNNN	TRAV5*00(460)		TRAJ39*00(609.6)		523|533|556|0|10||100.0		22|52|83|18|48||300.0		TGTGCAGAGATAAGGGGAAATAATAATGCAGGCAACATGCTCACCTTT	45	CAEIRGNNNAGNMLTF	:::::::::0:-3:10:::::18:-2:48:::
18625	129.0	5.071588020358691E-5	1	1.1548677676406051E-4	TGTGCAATGAGCGCCCCGTCAGGAGGAAGCTACATACCTACATTT	NNNNNNNNNNNNNNNNNNNNNNNNNNNNNNNNNNNNNNNNNNNNN	TRAV12-3*00(540)		TRAJ6*00(578.7)		562|576|595|0|14||140.0		24|51|82|18|45||270.0		TGTGCAATGAGCGCCCCGTCAGGAGGAAGCTACATACCTACATTT	45	CAMSAPSGGSYIPTF	:::::::::0:1:14:::::18:-4:45:::
1754	128.0	5.032273384541957E-5	1	1.1548677676406051E-4	TGTGTGGTGACACCTAACGACTACAAGCTCAGCTTT	NNNNNNNNNNNNNNNNNNNNNNNNNNNNNNNNNNNN	TRAV12-1*00(499.9)		TRAJ20*00(532.9)		539|549|572|0|10||100.0		23|46|77|13|36||230.0		TGTGTGGTGACACCTAACGACTACAAGCTCAGCTTT	45	CVVTPNDYKLSF	:::::::::0:-3:10:::::13:-3:36:::
2982	128.0	5.032273384541957E-5	1	1.1548677676406051E-4	TGTGCTCTAAGTGGCCACTTCAACAAATTTTACTTT	NNNNNNNNNNNNNNNNNNNNNNNNNNNNNNNNNNNN	TRAV16*00(1068.6)		TRAJ21*00(489.7)		449|467|483|0|18||200.0		26|44|75|18|36||200.0		TGTGCTCTAAGTGGCCACTTCAACAAATTTTACTTT	45	CALSGHFNKFYF	:::::::::0:4:18:::::18:-6:36:::
3857	128.0	5.032273384541957E-5	1	1.1548677676406051E-4	TGTGCTGTGAGTCTTCAATGAACACAGGCTTTCAGAAACTTGTATTT	NNNNNNNNNNNNNNNNNNNNNNNNNNNNNNNNNNNNNNNNNNNNNNN	TRAV3*00(589.8)		TRAJ8*00(589.8)		437|448|473|0|11||110.0		19|49|80|17|47||300.0		TGTGCTGTGAGTCTTCAATGAACACAGGCTTTCAGAAACTTGTATTT	45	CAVSLQ*T_GFQKLVF	:::::::::0:-5:11:::::17:1:47:::
4031	128.0	5.032273384541957E-5	1	1.1548677676406051E-4	TGTGCTGTGAGTGAGAACACCGGTAACCAGTTCTATTTT	NNNNNNNNNNNNNNNNNNNNNNNNNNNNNNNNNNNNNNN	TRAV8-4*00(660.2)		TRAJ49*00(549.3)		476|490|510|0|14||140.0		20|45|76|14|39||250.0		TGTGCTGTGAGTGAGAACACCGGTAACCAGTTCTATTTT	45	CAVSENTGNQFYF	:::::::::0:0:14:::::14:0:39:::
6060	128.0	5.032273384541957E-5	1	1.1548677676406051E-4	TGTGCCCCGGGAATATAGAAACAAACTGGTCTTT	NNNNNNNNNNNNNNNNNNNNNNNNNNNNNNNNNN	TRAV24*00(332.4)		TRAJ47*00(523.4)		515|521|545|0|6||60.0		21|46|77|9|34|SG28A|221.0		TGTGCCCCGGGAATATAGAAACAAACTGGTCTTT	45	CAPGI*_NKLVF	:::::::::0:-4:6:::::9:-1:34:::
6151	128.0	5.032273384541957E-5	1	1.1548677676406051E-4	TGTGCCGTCGACAGAGGCTCAACCCTGGGGAGGCTATACTTT	NNNNNNNNNNNNNNNNNNNNNNNNNNNNNNNNNNNNNNNNNN	TRAV12-2*00(479.8)		TRAJ18*00(649.5)		551|559|584|0|8||80.0		21|55|86|8|42||340.0		TGTGCCGTCGACAGAGGCTCAACCCTGGGGAGGCTATACTTT	45	CAVDRGSTLGRLYF	:::::::::0:-5:8:::::8:-1:42:::
6256	128.0	5.032273384541957E-5	1	1.1548677676406051E-4	TGTGCCGTGGACAAGGCCTAGCAACACAGGCAAACTAATCTTT	NNNNNNNNNNNNNNNNNNNNNNNNNNNNNNNNNNNNNNNNNNN	TRAV39*00(769.4)		TRAJ37*00(541)		507|520|540|0|13||130.0		25|51|82|17|43|SG27A|231.0		TGTGCCGTGGACAAGGCCTAGCAACACAGGCAAACTAATCTTT	45	CAVDKA*_NTGKLIF	:::::::::0:0:13:::::17:-5:43:::
17702	128.0	5.032273384541957E-5	1	1.1548677676406051E-4	TGTGCAGCAAGTATTTCAGATGGCCAGAAGCTGCTCTTT	NNNNNNNNNNNNNNNNNNNNNNNNNNNNNNNNNNNNNNN	TRAV13-1*00(619.8)		TRAJ16*00(531.1)		511|525|544|0|14||140.0		24|49|80|14|39||260.0		TGTGCAGCAAGTATTTCAGATGGCCAGAAGCTGCTCTTT	45	CAASISDGQKLLF	:::::::::0:1:14:::::14:-4:39:::
18097	128.0	5.032273384541957E-5	1	1.1548677676406051E-4	TGTGCAGGTTCCATGCTGGCAACAACCGTAAGCTGATTTGG	NNNNNNNNNNNNNNNNNNNNNNNNNNNNNNNNNNNNNNNNN	TRAV12-2*00(418.3)		TRAJ38*00(586.7)		551|556|584|0|5||50.0		22|51|82|12|41||290.0		TGTGCAGGTTCCATGCTGGCAACAACCGTAAGCTGATTTGG	45	CAGSMLA_NRKLIW	:::::::::0:-8:5:::::12:-2:41:::
18705	128.0	5.032273384541957E-5	1	1.1548677676406051E-4	TGTGCAATGAGAGGGCCCCAGGAATGCTGGCAACAACCGTAAGCTGATTTGG	NNNNNNNNNNNNNNNNNNNNNNNNNNNNNNNNNNNNNNNNNNNNNNNNNNNN	TRAV14/DV4*00(490.7)		TRAJ38*00(599.1)		517|530|554|0|13||130.0		21|51|82|22|52||300.0		TGTGCAATGAGAGGGCCCCAGGAATGCTGGCAACAACCGTAAGCTGATTTGG	45	CAMRGPQEC_GNNRKLIW	:::::::::0:-4:13:::::22:-1:52:::
19072	128.0	5.032273384541957E-5	1	1.1548677676406051E-4	TGCCTCGGGGCGGGGTAACACCGACAAGCTCATCTTT	NNNNNNNNNNNNNNNNNNNNNNNNNNNNNNNNNNNNN	TRAV4*00(941)		TRAJ34*00(509.9)		768|778|804|0|10|ST775G|71.0		25|47|78|15|37||220.0		TGCCTCGGGGCGGGGTAACACCGACAAGCTCATCTTT	45	CLGAG*_TDKLIF	:::::::::0:-6:10:::::15:-5:37:::
19104	128.0	5.032273384541957E-5	1	1.1548677676406051E-4	TGCGCTGTCGAGCAGAATAACAATGCCAGACTCATGTTT	NNNNNNNNNNNNNNNNNNNNNNNNNNNNNNNNNNNNNNN	TRAV1-1*00(650.6)		TRAJ31*00(549.8)		670|678|704|0|8||80.0		21|46|77|14|39||250.0		TGCGCTGTCGAGCAGAATAACAATGCCAGACTCATGTTT	45	CAVEQNNNARLMF	:::::::::0:-6:8:::::14:-1:39:::
1820	127.0	4.992958748725223E-5	1	1.1548677676406051E-4	TGTGTGGTGAGCGAGGATTAGGCAGAGGCTCAACCCTGGGGAGGCTATACTTT	NNNNNNNNNNNNNNNNNNNNNNNNNNNNNNNNNNNNNNNNNNNNNNNNNNNNN	TRAV10*00(1039.3)		TRAJ18*00(579.2)		575|588|608|0|13||130.0		24|55|86|22|53||310.0		TGTGTGGTGAGCGAGGATTAGGCAGAGGCTCAACCCTGGGGAGGCTATACTTT	45	CVVSED*AE_STLGRLYF	:::::::::0:0:13:::::22:-4:53:::
1957	127.0	4.992958748725223E-5	1	1.1548677676406051E-4	TGTGTGGTACCGCCCGGGATCACGGGAGGAGGAAACAAACTCACCTTT	NNNNNNNNNNNNNNNNNNNNNNNNNNNNNNNNNNNNNNNNNNNNNNNN	TRAV10*00(639.2)		TRAJ10*00(589.2)		575|583|608|0|8||80.0		24|53|84|19|48||290.0		TGTGTGGTACCGCCCGGGATCACGGGAGGAGGAAACAAACTCACCTTT	45	CVVPPGITGGGNKLTF	:::::::::0:-5:8:::::19:-4:48:::
1973	127.0	4.992958748725223E-5	1	1.1548677676406051E-4	TGTGTGGCGCTTCAATGCAGGCAAATCAACCTTT	NNNNNNNNNNNNNNNNNNNNNNNNNNNNNNNNNN	TRAV12-3*00(440.1)		TRAJ27*00(509.8)		562|566|595|0|4||40.0		26|48|79|12|34||220.0		TGTGTGGCGCTTCAATGCAGGCAAATCAACCTTT	45	CVALQC_GKSTF	:::::::::0:-9:4:::::12:-6:34:::
2983	127.0	4.992958748725223E-5	1	1.1548677676406051E-4	TGTGCTCTAAGTGGCCAGAGGGGAGCCCAGAAGCTGGTATTT	NNNNNNNNNNNNNNNNNNNNNNNNNNNNNNNNNNNNNNNNNN	TRAV16*00(1039.2)		TRAJ54*00(397.8)		449|466|483|0|17||170.0		27|49|80|20|42||220.0		TGTGCTCTAAGTGGCCAGAGGGGAGCCCAGAAGCTGGTATTT	45	CALSGQRGAQKLVF	:::::::::0:3:17:::::20:-7:42:::
3704	127.0	4.992958748725223E-5	1	1.1548677676406051E-4	TGTGCTGTGGAGGTAACTATGGTCAGAATTTTGTCTTT	NNNNNNNNNNNNNNNNNNNNNNNNNNNNNNNNNNNNNN	TRAV2*00(579.8)		TRAJ26*00(539.1)		519|532|553|0|13||130.0		24|49|80|13|38||250.0		TGTGCTGTGGAGGTAACTATGGTCAGAATTTTGTCTTT	45	CAVEVT_GQNFVF	:::::::::0:-1:13:::::13:-4:38:::
3764	127.0	4.992958748725223E-5	1	1.1548677676406051E-4	TGTGCTGTGGAAGTAAGGCAACAGACTCGCTTTT	NNNNNNNNNNNNNNNNNNNNNNNNNNNNNNNNNN	TRAV21*00(831.5)		TRAJ7*00(450)		544|553|576|0|9||90.0		32|48|79|18|34||160.0		TGTGCTGTGGAAGTAAGGCAACAGACTCGCTTTT	45	CAVEVR_NRLAF	:::::::::0:-3:9:::::18:-12:34:::
4069	127.0	4.992958748725223E-5	1	1.1548677676406051E-4	TGTGCTGTGAGTAAAGCTGCAGGCAACAAGCTAACTTTT	NNNNNNNNNNNNNNNNNNNNNNNNNNNNNNNNNNNNNNN	TRAV8-4*00(636.1)		TRAJ17*00(569.8)		476|488|510|0|12||120.0		25|52|83|12|39||270.0		TGTGCTGTGAGTAAAGCTGCAGGCAACAAGCTAACTTTT	45	CAVSKAAGNKLTF	:::::::::0:-2:12:::::12:-5:39:::
4373	127.0	4.992958748725223E-5	1	1.1548677676406051E-4	TGTGCTGTAGACTGGAGCCAATAGTAAGCTGACATTT	NNNNNNNNNNNNNNNNNNNNNNNNNNNNNNNNNNNNN	TRAV8-6*00(650)		TRAJ56*00(580.5)		448|456|482|0|8||80.0		22|51|82|8|37|ST23G|271.0		TGTGCTGTAGACTGGAGCCAATAGTAAGCTGACATTT	45	CAVDWS_NSKLTF	:::::::::0:-6:8:::::8:-2:37:::
6195	127.0	4.992958748725223E-5	1	1.1548677676406051E-4	TGTGCCGTGGCCTCTTCTGGTTCTGCAAGGCAACTGACCTTT	NNNNNNNNNNNNNNNNNNNNNNNNNNNNNNNNNNNNNNNNNN	TRAV12-2*00(489.1)		TRAJ22*00(609.5)		551|560|584|0|9||90.0		22|52|83|12|42||300.0		TGTGCCGTGGCCTCTTCTGGTTCTGCAAGGCAACTGACCTTT	45	CAVASSGSARQLTF	:::::::::0:-4:9:::::12:-2:42:::
6439	127.0	4.992958748725223E-5	1	1.1548677676406051E-4	TGTGCCGTGAAGGGCAGCAGTGCTTCCAAGATAATCTTT	NNNNNNNNNNNNNNNNNNNNNNNNNNNNNNNNNNNNNNN	TRAV12-2*00(509.5)		TRAJ3*00(549.5)		551|562|584|0|11||110.0		26|51|82|14|39||250.0		TGTGCCGTGAAGGGCAGCAGTGCTTCCAAGATAATCTTT	45	CAVKGSSASKIIF	:::::::::0:-2:11:::::14:-6:39:::
17534	127.0	4.992958748725223E-5	1	1.1548677676406051E-4	TGTGCAGCATCCACACCAATGCAGGCAAATCAACCTTT	NNNNNNNNNNNNNNNNNNNNNNNNNNNNNNNNNNNNNN	TRAV13-1*00(569.8)		TRAJ27*00(549.8)		511|520|544|0|9||90.0		22|48|79|12|38||260.0		TGTGCAGCATCCACACCAATGCAGGCAAATCAACCTTT	45	CAASTP_AGKSTF	:::::::::0:-4:9:::::12:-2:38:::
17654	127.0	4.992958748725223E-5	1	1.1548677676406051E-4	TGTGCAGCAAGTTGGGGAGGAGGTGCTGACGGACTCACCTTT	NNNNNNNNNNNNNNNNNNNNNNNNNNNNNNNNNNNNNNNNNN	TRAV13-1*00(599.7)		TRAJ45*00(579.5)		511|523|544|0|12||120.0		28|55|86|15|42||270.0		TGTGCAGCAAGTTGGGGAGGAGGTGCTGACGGACTCACCTTT	45	CAASWGGGADGLTF	:::::::::0:-1:12:::::15:-8:42:::
17773	127.0	4.992958748725223E-5	1	1.1548677676406051E-4	TGTGCAGCAAGTAAAGGCACCTCAGGAACCTACAAATACATCTTT	NNNNNNNNNNNNNNNNNNNNNNNNNNNNNNNNNNNNNNNNNNNNN	TRAV13-1*00(610)		TRAJ40*00(559.8)		511|524|544|0|13||130.0		23|50|81|18|45||270.0		TGTGCAGCAAGTAAAGGCACCTCAGGAACCTACAAATACATCTTT	45	CAASKGTSGTYKYIF	:::::::::0:0:13:::::18:-3:45:::
1563	126.0	4.953644112908489E-5	1	1.1548677676406051E-4	TGTGTTTGGGCTGGCAACAACCGTAAGCTGATTTGG	NNNNNNNNNNNNNNNNNNNNNNNNNNNNNNNNNNNN	TRAV29/DV5*00(449.9)		TRAJ38*00(569.8)		529|533|562|0|4||40.0		24|51|82|9|36||270.0		TGTGTTTGGGCTGGCAACAACCGTAAGCTGATTTGG	45	CVWAGNNRKLIW	:::::::::0:-9:4:::::9:-4:36:::
1709	126.0	4.953644112908489E-5	1	1.1548677676406051E-4	TGTGTGGTGGACAACCAGGGAGGAAAGCTTATCTTC	NNNNNNNNNNNNNNNNNNNNNNNNNNNNNNNNNNNN	TRAV12-1*00(500.8)		TRAJ23*00(549.8)		539|552|572|0|13|SA548G|101.0		29|52|83|13|36||240.0		TGTGTGGTGGACAACCAGGGAGGAAAGCTTATCTTC	45	CVVDNQGGKLIF	:::::::::0:0:13:::::13:-9:36:::
1741	126.0	4.953644112908489E-5	1	1.1548677676406051E-4	TGTGTGGTGACCGTTTCACGGGAGGAGGAAACAAACTCACCTTT	NNNNNNNNNNNNNNNNNNNNNNNNNNNNNNNNNNNNNNNNNNNN	TRAV10*00(658.7)		TRAJ10*00(588.7)		575|588|608|0|13|SG585C|101.0		24|53|84|15|44||290.0		TGTGTGGTGACCGTTTCACGGGAGGAGGAAACAAACTCACCTTT	45	CVVTVSR_GGNKLTF	:::::::::0:0:13:::::15:-4:44:::
2095	126.0	4.953644112908489E-5	1	1.1548677676406051E-4	TGTGCTTTCAAGCCCGGCACTGCCAGTAAACTCACCTTT	NNNNNNNNNNNNNNNNNNNNNNNNNNNNNNNNNNNNNNN	TRAV20*00(469.8)		TRAJ44*00(569.5)		498|504|531|0|6||60.0		26|52|83|13|39||260.0		TGTGCTTTCAAGCCCGGCACTGCCAGTAAACTCACCTTT	45	CAFKPGTASKLTF	:::::::::0:-7:6:::::13:-6:39:::
3500	126.0	4.953644112908489E-5	1	1.1548677676406051E-4	TGTGCTGTGGTGAATTATGGTGGTGCTACAAACAAGCTCATCTTT	NNNNNNNNNNNNNNNNNNNNNNNNNNNNNNNNNNNNNNNNNNNNN	TRAV8-6*00(660)		TRAJ32*00(649.8)		448|457|482|0|9||90.0		20|55|86|10|45||350.0		TGTGCTGTGGTGAATTATGGTGGTGCTACAAACAAGCTCATCTTT	45	CAVVNYGGATNKLIF	:::::::::0:-5:9:::::10:0:45:::
3616	126.0	4.953644112908489E-5	1	1.1548677676406051E-4	TGTGCTGTGGGCGGTAATAATGCAGGCAACATGCTCACCTTT	NNNNNNNNNNNNNNNNNNNNNNNNNNNNNNNNNNNNNNNNNN	TRAV8-3*00(551.9)		TRAJ39*00(589.8)		455|466|489|0|11||110.0		24|52|83|14|42||280.0		TGTGCTGTGGGCGGTAATAATGCAGGCAACATGCTCACCTTT	45	CAVGGNNAGNMLTF	:::::::::0:-3:11:::::14:-4:42:::
3824	126.0	4.953644112908489E-5	1	1.1548677676406051E-4	TGTGCTGTGACCGCGAGGTCTAACTTTGGAAATGAGAAATTAACCTTT	NNNNNNNNNNNNNNNNNNNNNNNNNNNNNNNNNNNNNNNNNNNNNNNN	TRAV8-4*00(600.8)		TRAJ48*00(609.1)		476|486|510|0|10||100.0		22|52|83|18|48||300.0		TGTGCTGTGACCGCGAGGTCTAACTTTGGAAATGAGAAATTAACCTTT	45	CAVTARSNFGNEKLTF	:::::::::0:-4:10:::::18:-2:48:::
3875	126.0	4.953644112908489E-5	1	1.1548677676406051E-4	TGTGCTGTGAGTCGCACTGGGGCAAACAACCTCTTCTTT	NNNNNNNNNNNNNNNNNNNNNNNNNNNNNNNNNNNNNNN	TRAV8-6*00(689.5)		TRAJ36*00(549.5)		448|460|482|0|12||120.0		24|48|79|15|39||240.0		TGTGCTGTGAGTCGCACTGGGGCAAACAACCTCTTCTTT	45	CAVSRTGANNLFF	:::::::::0:-2:12:::::15:-4:39:::
4212	126.0	4.953644112908489E-5	1	1.1548677676406051E-4	TGTGCTGTGAGACCGGATAGCAACTATCAGTTAATCTGG	NNNNNNNNNNNNNNNNNNNNNNNNNNNNNNNNNNNNNNN	TRAV3*00(600)		TRAJ33*00(539.5)		437|449|473|0|12||120.0		21|46|77|14|39||250.0		TGTGCTGTGAGACCGGATAGCAACTATCAGTTAATCTGG	45	CAVRPDSNYQLIW	:::::::::0:-4:12:::::14:-1:39:::
4214	126.0	4.953644112908489E-5	1	1.1548677676406051E-4	TGTGCTGTGAGACGGATGGATAGCAGCTATAAATTGATCTTC	NNNNNNNNNNNNNNNNNNNNNNNNNNNNNNNNNNNNNNNNNN	TRAV8-6*00(679.8)		TRAJ12*00(576.4)		448|459|482|0|11||110.0		19|49|80|12|42||300.0		TGTGCTGTGAGACGGATGGATAGCAGCTATAAATTGATCTTC	45	CAVRRMDSSYKLIF	:::::::::0:-3:11:::::12:1:42:::
4247	126.0	4.953644112908489E-5	1	1.1548677676406051E-4	TGTGCTGTGAGAGATTCGGCCTTGGGCTGGCAACAACCGTAAGCTGATTTGG	NNNNNNNNNNNNNNNNNNNNNNNNNNNNNNNNNNNNNNNNNNNNNNNNNNNN	TRAV1-2*00(699.5)		TRAJ38*00(569.8)		620|635|654|0|15||150.0		24|51|82|25|52||270.0		TGTGCTGTGAGAGATTCGGCCTTGGGCTGGCAACAACCGTAAGCTGATTTGG	45	CAVRDSALG_GNNRKLIW	:::::::::0:1:15:::::25:-4:52:::
4278	126.0	4.953644112908489E-5	1	1.1548677676406051E-4	TGTGCTGTGAGAGACGCATACTCTGGGGCTGGGAGTTACCAACTCACTTTC	NNNNNNNNNNNNNNNNNNNNNNNNNNNNNNNNNNNNNNNNNNNNNNNNNNN	TRAV3*00(629.4)		TRAJ28*00(649.4)		437|452|473|0|15||150.0		19|55|86|15|51||360.0		TGTGCTGTGAGAGACGCATACTCTGGGGCTGGGAGTTACCAACTCACTTTC	45	CAVRDAYSGAGSYQLTF	:::::::::0:-1:15:::::15:1:51:::
4355	126.0	4.953644112908489E-5	1	1.1548677676406051E-4	TGTGCTGTGAAAGTGGCTGACAGCTGGGGGAAATTGCAGTTT	NNNNNNNNNNNNNNNNNNNNNNNNNNNNNNNNNNNNNNNNNN	TRAV20*00(500)		TRAJ24*00(477.5)		498|507|531|0|9||90.0		26|52|83|16|42||260.0		TGTGCTGTGAAAGTGGCTGACAGCTGGGGGAAATTGCAGTTT	45	CAVKVADSWGKLQF	:::::::::0:-4:9:::::16:-6:42:::
17825	126.0	4.953644112908489E-5	1	1.1548677676406051E-4	TGTGCAGCAAGCCCCGGCAACAAGCTAACTTTT	NNNNNNNNNNNNNNNNNNNNNNNNNNNNNNNNN	TRAV23/DV6*00(489.1)		TRAJ17*00(479.8)		517|529|550|0|12||120.0		34|52|83|15|33||180.0		TGTGCAGCAAGCCCCGGCAACAAGCTAACTTTT	45	CAASPGNKLTF	:::::::::0:-1:12:::::15:-14:33:::
18045	126.0	4.953644112908489E-5	1	1.1548677676406051E-4	TGTGCAGCAAGGGGTCTAGGAGGAGGTGCTGACGGACTCACCTTT	NNNNNNNNNNNNNNNNNNNNNNNNNNNNNNNNNNNNNNNNNNNNN	TRAV13-1*00(589.5)		TRAJ45*00(589.3)		511|522|544|0|11||110.0		27|55|86|17|45||280.0		TGTGCAGCAAGGGGTCTAGGAGGAGGTGCTGACGGACTCACCTTT	45	CAARGLGGGADGLTF	:::::::::0:-2:11:::::17:-7:45:::
18106	126.0	4.953644112908489E-5	1	1.1548677676406051E-4	TGTGCAGGTCCTATCTTATAATGCAGGCAACATGCTCACCTTT	NNNNNNNNNNNNNNNNNNNNNNNNNNNNNNNNNNNNNNNNNNN	TRAV25*00(532.8)		TRAJ39*00(569.8)		620|631|649|0|11|SG628T|81.0		26|52|83|17|43||260.0		TGTGCAGGTCCTATCTTATAATGCAGGCAACATGCTCACCTTT	45	CAGPIL*_AGNMLTF	:::::::::0:2:11:::::17:-6:43:::
18279	126.0	4.953644112908489E-5	1	1.1548677676406051E-4	TGTGCAGGAGCAAAAATTCAGGGAGCCCAGAAGCTGGTATTT	NNNNNNNNNNNNNNNNNNNNNNNNNNNNNNNNNNNNNNNNNN	TRAV27*00(651.9)		TRAJ54*00(569.3)		552|563|582|0|11||110.0		21|49|80|14|42||280.0		TGTGCAGGAGCAAAAATTCAGGGAGCCCAGAAGCTGGTATTT	45	CAGAKIQGAQKLVF	:::::::::0:1:11:::::14:-1:42:::
1556	125.0	4.914329477091755E-5	1	1.1548677676406051E-4	TGTCCGACGGGGGTACTTGACATGCGCTTT	NNNNNNNNNNNNNNNNNNNNNNNNNNNNNN	TRAV38-2/DV8*00(489.8)		TRAJ43*00(429.8)		602|605|638|0|3||30.0		30|43|74|17|30||130.0		TGTCCGACGGGGGTACTTGACATGCGCTTT	45	CPTGVLDMRF	:::::::::0:-13:3:::::17:-10:30:::
2196	125.0	4.914329477091755E-5	1	1.1548677676406051E-4	TGTGCTTATAGGGGCCCCCAGGGCGGATCTGAAAAGCTGGTATTT	NNNNNNNNNNNNNNNNNNNNNNNNNNNNNNNNNNNNNNNNNNNNN	TRAV38-2/DV8*00(580.8)		TRAJ57*00(540.8)		602|617|638|0|15|SA614G|121.0		25|52|83|18|45|SC48A|241.0		TGTGCTTATAGGGGCCCCCAGGGCGGATCTGAAAAGCTGGTATTT	45	CAYRGPQGGSEKLVF	:::::::::0:-1:15:::::18:-5:45:::
2940	125.0	4.914329477091755E-5	1	1.1548677676406051E-4	TGTGCTCTAGACATCATCTAGCAACACAGGCAAACTAATCTTT	NNNNNNNNNNNNNNNNNNNNNNNNNNNNNNNNNNNNNNNNNNN	TRAV6*00(510)		TRAJ37*00(550.5)		535|549|568|0|14||140.0		24|51|82|16|43|SG27A|241.0		TGTGCTCTAGACATCATCTAGCAACACAGGCAAACTAATCTTT	45	CALDII*_NTGKLIF	:::::::::0:1:14:::::16:-4:43:::
3008	125.0	4.914329477091755E-5	1	1.1548677676406051E-4	TGTGCTCTAAGGACTGACAGCTGGGGGAAATTGCAGTTT	NNNNNNNNNNNNNNNNNNNNNNNNNNNNNNNNNNNNNNN	TRAV16*00(519.5)		TRAJ24*00(559.5)		449|460|483|0|11||110.0		25|52|83|12|39||270.0		TGTGCTCTAAGGACTGACAGCTGGGGGAAATTGCAGTTT	45	CALRTDSWGKLQF	:::::::::0:-3:11:::::12:-5:39:::
3493	125.0	4.914329477091755E-5	1	1.1548677676406051E-4	TGTGCTGTGGTCCCACCGAGCAATGCTTCCAAGATAATCTTT	NNNNNNNNNNNNNNNNNNNNNNNNNNNNNNNNNNNNNNNNNN	TRAV8-6*00(659.7)		TRAJ3*00(510.7)		448|457|482|0|9||90.0		27|51|82|18|42|SG31A|211.0		TGTGCTGTGGTCCCACCGAGCAATGCTTCCAAGATAATCTTT	45	CAVVPPSNASKIIF	:::::::::0:-5:9:::::18:-7:42:::
3581	125.0	4.914329477091755E-5	1	1.1548677676406051E-4	TGTGCTGTGGGTGCAGGGGAATTATGGAGGAAGCCAAGGAAATCTCATCTTT	NNNNNNNNNNNNNNNNNNNNNNNNNNNNNNNNNNNNNNNNNNNNNNNNNNNN	TRAV8-3*00(659.8)		TRAJ42*00(639.2)		455|469|489|0|14||140.0		21|55|86|18|52||340.0		TGTGCTGTGGGTGCAGGGGAATTATGGAGGAAGCCAAGGAAATCTCATCTTT	45	CAVGAGELW_GSQGNLIF	:::::::::0:0:14:::::18:-1:52:::
5985	125.0	4.914329477091755E-5	1	1.1548677676406051E-4	TGTGCCCTGAAAAGGGTGGCCAGAAGCTGCTCTTT	NNNNNNNNNNNNNNNNNNNNNNNNNNNNNNNNNNN	TRAV12-2*00(452),TRAV12-3*00(450)		TRAJ16*00(461)		551|562|584|0|11|SG557C|81.0;562|567|595|0|5||50.0		30|49|80|16|35||190.0		TGTGCCCTGAAAAGGGTGGCCAGAAGCTGCTCTTT	45	CALKRV_QKLLF	:::::::::0:-2:11:::::16:-10:35:::
6114	125.0	4.914329477091755E-5	1	1.1548677676406051E-4	TGTGCCGTTTTTAGAAGGGCGAGGAGGAAACAAACTCACCTTT	NNNNNNNNNNNNNNNNNNNNNNNNNNNNNNNNNNNNNNNNNNN	TRAV12-2*00(521.3)		TRAJ10*00(523.5)		551|559|584|0|8||80.0		30|53|84|20|43||230.0		TGTGCCGTTTTTAGAAGGGCGAGGAGGAAACAAACTCACCTTT	45	CAVFRRA_GGNKLTF	:::::::::0:-5:8:::::20:-10:43:::
18602	125.0	4.914329477091755E-5	1	1.1548677676406051E-4	TGTGCAATGAGCTATGCATGAGAACGGGGGAGCCCAGAAGCTGGTATTT	NNNNNNNNNNNNNNNNNNNNNNNNNNNNNNNNNNNNNNNNNNNNNNNNN	TRAV12-3*00(491)		TRAJ54*00(437.2)		562|574|595|0|12||120.0		27|49|80|27|49||220.0		TGTGCAATGAGCTATGCATGAGAACGGGGGAGCCCAGAAGCTGGTATTT	45	CAMSYA*E_GGAQKLVF	:::::::::0:-1:12:::::27:-7:49:::
18707	125.0	4.914329477091755E-5	1	1.1548677676406051E-4	TGTGCAATGAGAGGGCCGAACAGAGATGACAAGATCATCTTT	NNNNNNNNNNNNNNNNNNNNNNNNNNNNNNNNNNNNNNNNNN	TRAV14/DV4*00(490.8)		TRAJ30*00(559.3)		517|530|554|0|13||130.0		21|46|77|17|42||250.0		TGTGCAATGAGAGGGCCGAACAGAGATGACAAGATCATCTTT	45	CAMRGPNRDDKIIF	:::::::::0:-4:13:::::17:-1:42:::
18815	125.0	4.914329477091755E-5	1	1.1548677676406051E-4	TGTGCAATGAGAGAGGACACGGGAGGAGGAAACAAACTCACCTTT	NNNNNNNNNNNNNNNNNNNNNNNNNNNNNNNNNNNNNNNNNNNNN	TRAV14/DV4*00(520.1)		TRAJ10*00(579.7)		517|533|554|0|16||160.0		25|53|84|17|45||280.0		TGTGCAATGAGAGAGGACACGGGAGGAGGAAACAAACTCACCTTT	45	CAMREDTGGGNKLTF	:::::::::0:-1:16:::::17:-5:45:::
21371	125.0	4.914329477091755E-5	1	1.1548677676406051E-4	CGTTCAGATGGCCAGAAGCTGCTCTTT	NNNNNNNNNNNNNNNNNNNNNNNNNNN	TRAV12-2*00(400.8)		TRAJ16*00(520.5)		551|554|584|0|3|ST551C|1.0		25|49|80|3|27||250.0		CGTTCAGATGGCCAGAAGCTGCTCTTT	45	RSDGQKLLF	:::::::::0:-10:3:::::3:-5:27:::
3707	124.0	4.875014841275021E-5	1	1.1548677676406051E-4	TGTGCTGTGGAGGCTGGGGCTGGGAGTTACCAACTCACTTTC	NNNNNNNNNNNNNNNNNNNNNNNNNNNNNNNNNNNNNNNNNN	TRAV2*00(579.8)		TRAJ28*00(579.5)		519|532|553|0|13||130.0		26|55|86|13|42||290.0		TGTGCTGTGGAGGCTGGGGCTGGGAGTTACCAACTCACTTTC	45	CAVEAGAGSYQLTF	:::::::::0:-1:13:::::13:-6:42:::
4092	124.0	4.875014841275021E-5	1	1.1548677676406051E-4	TGTGCTGTGAGCCAAGATGGCCAGAAGCTGCTCTTT	NNNNNNNNNNNNNNNNNNNNNNNNNNNNNNNNNNNN	TRAV21*00(473.8)		TRAJ16*00(490.3)		544|555|576|0|11||110.0		27|49|80|14|36||220.0		TGTGCTGTGAGCCAAGATGGCCAGAAGCTGCTCTTT	45	CAVSQDGQKLLF	:::::::::0:-1:11:::::14:-7:36:::
4096	124.0	4.875014841275021E-5	1	1.1548677676406051E-4	TGTGCTGTGAGCGGGGGTGAATAACAATGCCAGACTCATGTTT	NNNNNNNNNNNNNNNNNNNNNNNNNNNNNNNNNNNNNNNNNNN	TRAV8-4*00(630.3)		TRAJ31*00(549.5)		476|487|510|0|11||110.0		21|46|77|18|43||250.0		TGTGCTGTGAGCGGGGGTGAATAACAATGCCAGACTCATGTTT	45	CAVSGGE_NNARLMF	:::::::::0:-3:11:::::18:-1:43:::
4476	124.0	4.875014841275021E-5	1	1.1548677676406051E-4	TGTGCTGCGAACTCGGGTGCAAACAAACTGGTCTTT	NNNNNNNNNNNNNNNNNNNNNNNNNNNNNNNNNNNN	TRAV8-4*00(591.8)		TRAJ47*00(470.8)		476|486|510|0|10|ST483C|71.0		27|46|77|17|36|SG29C|161.0		TGTGCTGCGAACTCGGGTGCAAACAAACTGGTCTTT	45	CAANSGANKLVF	:::::::::0:-4:10:::::17:-7:36:::
5692	124.0	4.875014841275021E-5	1	1.1548677676406051E-4	TGTGCCTCCGGGACAATGCTGGCAACAACCGTAAGCTGATTTGG	NNNNNNNNNNNNNNNNNNNNNNNNNNNNNNNNNNNNNNNNNNNN	TRAV23/DV6*00(361.7)		TRAJ38*00(599.8)		517|522|550|0|5||50.0		21|51|82|14|44||300.0		TGTGCCTCCGGGACAATGCTGGCAACAACCGTAAGCTGATTTGG	45	CASGTML_NNRKLIW	:::::::::0:-8:5:::::14:-1:44:::
6227	124.0	4.875014841275021E-5	1	1.1548677676406051E-4	TGTGCCGTGGACCGCTCGCCCGGGGACACCGACAAGCTCATCTTT	NNNNNNNNNNNNNNNNNNNNNNNNNNNNNNNNNNNNNNNNNNNNN	TRAV39*00(759.8)		TRAJ34*00(499.5)		507|519|540|0|12||120.0		27|47|78|25|45||200.0		TGTGCCGTGGACCGCTCGCCCGGGGACACCGACAAGCTCATCTTT	45	CAVDRSPGDTDKLIF	:::::::::0:-1:12:::::25:-7:45:::
18836	124.0	4.875014841275021E-5	1	1.1548677676406051E-4	TGTGCAATGAAGAAAATAAGTGGGGCAAACAACCTCTTCTTT	NNNNNNNNNNNNNNNNNNNNNNNNNNNNNNNNNNNNNNNNNN	TRAV12-3*00(959.5)		TRAJ36*00(489.8)		562|572|595|0|10||100.0		23|48|79|17|42|SC25G|221.0		TGTGCAATGAAGAAAATAAGTGGGGCAAACAACCTCTTCTTT	45	CAMKKISGANNLFF	:::::::::0:-3:10:::::17:-3:42:::
19073	124.0	4.875014841275021E-5	1	1.1548677676406051E-4	TGCCTGTTAAAGGGGCAAACAACCTCTTCTTT	NNNNNNNNNNNNNNNNNNNNNNNNNNNNNNNN	TRAV4*00(919.5)		TRAJ36*00(519.8)		768|773|804|0|5||50.0		27|48|79|11|32||210.0		TGCCTGTTAAAGGGGCAAACAACCTCTTCTTT	45	CLLKG_NNLFF	:::::::::0:-11:5:::::11:-7:32:::
19090	124.0	4.875014841275021E-5	1	1.1548677676406051E-4	TGCGCTTCTTCCCCACACGAATGACAAGATCATCTTT	NNNNNNNNNNNNNNNNNNNNNNNNNNNNNNNNNNNNN	TRAV1-1*00(630.5)		TRAJ30*00(479.5)		670|676|704|0|6||60.0		29|46|77|20|37||170.0		TGCGCTTCTTCCCCACACGAATGACAAGATCATCTTT	45	CASSPH_NDKIIF	:::::::::0:-8:6:::::20:-9:37:::
20204	124.0	4.875014841275021E-5	1	1.1548677676406051E-4	TGCATCCTGGGAAGTTTCGAACACCGGTAACCAGTTCTATTTT	NNNNNNNNNNNNNNNNNNNNNNNNNNNNNNNNNNNNNNNNNNN	TRAV26-2*00(571)		TRAJ49*00(580)		791|803|826|0|12|SA800G|91.0		17|45|76|15|43||280.0		TGCATCCTGGGAAGTTTCGAACACCGGTAACCAGTTCTATTTT	45	CILGSFE_TGNQFYF	:::::::::0:-3:12:::::15:3:43:::
20348	124.0	4.875014841275021E-5	1	1.1548677676406051E-4	TGCATCGTCAGCGCTGGTGGTACTAGCTATGGAAAGCTGACATTT	NNNNNNNNNNNNNNNNNNNNNNNNNNNNNNNNNNNNNNNNNNNNN	TRAV26-1*00(599)		TRAJ52*00(629.7)		763|774|799|0|11||110.0		25|58|89|12|45||330.0		TGCATCGTCAGCGCTGGTGGTACTAGCTATGGAAAGCTGACATTT	45	CIVSAGGTSYGKLTF	:::::::::0:-5:11:::::12:-5:45:::
20356	124.0	4.875014841275021E-5	1	1.1548677676406051E-4	TGCATCGTCAGGGGACTCATGGAATATAGAAACAAACTGGTCTTT	NNNNNNNNNNNNNNNNNNNNNNNNNNNNNNNNNNNNNNNNNNNNN	TRAV26-1*00(599.5)		TRAJ47*00(488.6)		763|774|799|0|11||110.0		18|46|77|17|45|SG28A|251.0		TGCATCGTCAGGGGACTCATGGAATATAGAAACAAACTGGTCTTT	45	CIVRGLMEYRNKLVF	:::::::::0:-5:11:::::17:2:45:::
20466	124.0	4.875014841275021E-5	1	1.1548677676406051E-4	TGCATCGTCAACTATGCCAGACTCATGTTT	NNNNNNNNNNNNNNNNNNNNNNNNNNNNNN	TRAV26-1*00(589.8)		TRAJ31*00(479.6)		763|773|799|0|10||100.0		26|46|77|10|30|SA28T|181.0		TGCATCGTCAACTATGCCAGACTCATGTTT	45	CIVNYARLMF	:::::::::0:-6:10:::::10:-6:30:::
1646	123.0	4.835700205458287E-5	1	1.1548677676406051E-4	TGTGTGTTATTAAAGTACAGCAGTGCTTCCAAGATAATCTTT	NNNNNNNNNNNNNNNNNNNNNNNNNNNNNNNNNNNNNNNNNN	TRAV12-3*00(440)		TRAJ3*00(580)		562|566|595|0|4||40.0		23|51|82|14|42||280.0		TGTGTGTTATTAAAGTACAGCAGTGCTTCCAAGATAATCTTT	45	CVLLKYSSASKIIF	:::::::::0:-9:4:::::14:-3:42:::
1797	123.0	4.835700205458287E-5	1	1.1548677676406051E-4	TGTGTGGTGAGCGCGGAGGCTTTGGGAATGTGCTGCATTGC	NNNNNNNNNNNNNNNNNNNNNNNNNNNNNNNNNNNNNNNNN	TRAV10*00(709.8)		TRAJ35*00(550)		575|590|608|0|15||150.0		23|48|79|16|41||250.0		TGTGTGGTGAGCGCGGAGGCTTTGGGAATGTGCTGCATTGC	45	CVVSAEA_GNVLHC	:::::::::0:2:15:::::16:-3:41:::
1898	123.0	4.835700205458287E-5	1	1.1548677676406051E-4	TGTGTGGTGAACGGGGGAGGAAACAAGCTGGTCTTT	NNNNNNNNNNNNNNNNNNNNNNNNNNNNNNNNNNNN	TRAV12-1*00(519.8)		TRAJ47*00(461)		539|551|572|0|12||120.0		28|46|77|18|36|SA36G|151.0		TGTGTGGTGAACGGGGGAGGAAACAAGCTGGTCTTT	45	CVVNGGGNKLVF	:::::::::0:-1:12:::::18:-8:36:::
2366	123.0	4.835700205458287E-5	1	1.1548677676406051E-4	TGTGCTCTTGGGGAACTCTGGCGCACCGGTAACCAGTTCTATTTT	NNNNNNNNNNNNNNNNNNNNNNNNNNNNNNNNNNNNNNNNNNNNN	TRDV1*00(1039.3)		TRAJ49*00(479.8)		573|590|610|0|17||170.0		23|45|76|23|45||220.0		TGTGCTCTTGGGGAACTCTGGCGCACCGGTAACCAGTTCTATTTT	45	CALGELWRTGNQFYF	:::::::::0:0:17:::::23:-3:45:::
2916	123.0	4.835700205458287E-5	1	1.1548677676406051E-4	TGTGCTCTAGCCCGCGGGAGTGGGAACAACAGACTCGCTTTT	NNNNNNNNNNNNNNNNNNNNNNNNNNNNNNNNNNNNNNNNNN	TRAV6*00(469.8)		TRAJ7*00(509.8)		535|545|568|0|10||100.0		26|48|79|20|42||220.0		TGTGCTCTAGCCCGCGGGAGTGGGAACAACAGACTCGCTTTT	45	CALARGSGNNRLAF	:::::::::0:-3:10:::::20:-6:42:::
2989	123.0	4.835700205458287E-5	1	1.1548677676406051E-4	TGTGCTCTAAGTGATAGGAACAGGCTTTCAGAAACTTGTATTT	NNNNNNNNNNNNNNNNNNNNNNNNNNNNNNNNNNNNNNNNNNN	TRAV16*00(539.8)		TRAJ8*00(529.8)		449|462|483|0|13||130.0		25|49|80|19|43||240.0		TGTGCTCTAAGTGATAGGAACAGGCTTTCAGAAACTTGTATTT	45	CALSDRN_GFQKLVF	:::::::::0:-1:13:::::19:-5:43:::
3157	123.0	4.835700205458287E-5	1	1.1548677676406051E-4	TGTGCTGTTTATGCTGGCAACAACCGTAAGCTGATTTGG	NNNNNNNNNNNNNNNNNNNNNNNNNNNNNNNNNNNNNNN	TRAV1-2*00(640)		TRAJ38*00(589.8)		620|628|654|0|8||80.0		22|51|82|10|39||290.0		TGTGCTGTTTATGCTGGCAACAACCGTAAGCTGATTTGG	45	CAVYAGNNRKLIW	:::::::::0:-6:8:::::10:-2:39:::
6205	123.0	4.835700205458287E-5	1	1.1548677676406051E-4	TGTGCCGTGGCGCCTTCTTTATAACCAGGGAGGAAAGCTTATCTTC	NNNNNNNNNNNNNNNNNNNNNNNNNNNNNNNNNNNNNNNNNNNNNN	TRAV12-2*00(948.3)		TRAJ23*00(557.9)		551|560|584|0|9||90.0		23|52|83|17|46||290.0		TGTGCCGTGGCGCCTTCTTTATAACCAGGGAGGAAAGCTTATCTTC	45	CAVAPSL*_QGGKLIF	:::::::::0:-4:9:::::17:-3:46:::
18492	123.0	4.835700205458287E-5	1	1.1548677676406051E-4	TGTGCAGAGAATACCTATTCCGGGTATGCACTCAACTTC	NNNNNNNNNNNNNNNNNNNNNNNNNNNNNNNNNNNNNNN	TRAV13-2*00(579.8)		TRAJ41*00(489.8)		506|519|539|0|13||130.0		28|51|82|16|39||230.0		TGTGCAGAGAATACCTATTCCGGGTATGCACTCAACTTC	45	CAENTYSGYALNF	:::::::::0:0:13:::::16:-8:39:::
18715	123.0	4.835700205458287E-5	1	1.1548677676406051E-4	TGTGCAATGAGAGACTTTCAGGGCGGATCTGAAAAGCTGGTCTTT	NNNNNNNNNNNNNNNNNNNNNNNNNNNNNNNNNNNNNNNNNNNNN	TRAV14/DV4*00(500.8)		TRAJ57*00(580)		517|531|554|0|14||140.0		24|52|83|17|45||280.0		TGTGCAATGAGAGACTTTCAGGGCGGATCTGAAAAGCTGGTCTTT	45	CAMRDFQGGSEKLVF	:::::::::0:-3:14:::::17:-4:45:::
18726	123.0	4.835700205458287E-5	1	1.1548677676406051E-4	TGTGCAATGAGAGAGTGCCTACACCAATGCAGGCAAATCAACCTTT	NNNNNNNNNNNNNNNNNNNNNNNNNNNNNNNNNNNNNNNNNNNNNN	TRAV14/DV4*00(522)		TRAJ27*00(549.9)		517|536|554|0|19|SG532T|161.0		22|48|79|20|46||260.0		TGTGCAATGAGAGAGTGCCTACACCAATGCAGGCAAATCAACCTTT	45	CAMRECLH_NAGKSTF	:::::::::0:2:19:::::20:-2:46:::
18755	123.0	4.835700205458287E-5	1	1.1548677676406051E-4	TGTGCAATGAGAGAGGGTAGGTCGATTTATAACCAGGGAGGAAAGCTTATCTTC	NNNNNNNNNNNNNNNNNNNNNNNNNNNNNNNNNNNNNNNNNNNNNNNNNNNNNN	TRAV14/DV4*00(530.4)		TRAJ23*00(580.8)		517|534|554|0|17||170.0		21|52|83|23|54||310.0		TGTGCAATGAGAGAGGGTAGGTCGATTTATAACCAGGGAGGAAAGCTTATCTTC	45	CAMREGRSIYNQGGKLIF	:::::::::0:0:17:::::23:-1:54:::
18820	123.0	4.835700205458287E-5	1	1.1548677676406051E-4	TGTGCAATGAGAGAGATCCCGGGCAACTGACCTTT	NNNNNNNNNNNNNNNNNNNNNNNNNNNNNNNNNNN	TRAV14/DV4*00(510.5)		TRAJ22*00(450)		517|532|554|0|15||150.0		38|52|83|21|35||140.0		TGTGCAATGAGAGAGATCCCGGGCAACTGACCTTT	45	CAMREI_GQLTF	:::::::::0:-2:15:::::21:-18:35:::
20395	123.0	4.835700205458287E-5	1	1.1548677676406051E-4	TGCATCGTCAGAGTCGCGTAGTGGAGGTAGCAACTATAAACTGACATTT	NNNNNNNNNNNNNNNNNNNNNNNNNNNNNNNNNNNNNNNNNNNNNNNNN	TRAV26-1*00(669.7)		TRAJ53*00(612)		763|781|799|0|18||180.0		24|55|86|18|49||310.0		TGCATCGTCAGAGTCGCGTAGTGGAGGTAGCAACTATAAACTGACATTT	45	CIVRVA*W_GSNYKLTF	:::::::::0:2:18:::::18:-4:49:::
20478	123.0	4.835700205458287E-5	1	1.1548677676406051E-4	TGCATCGCCCCATAATGCAGGCAACATGCTCACCTTT	NNNNNNNNNNNNNNNNNNNNNNNNNNNNNNNNNNNNN	TRAV26-1*00(560)		TRAJ39*00(570)		763|770|799|0|7||70.0		26|52|83|11|37||260.0		TGCATCGCCCCATAATGCAGGCAACATGCTCACCTTT	45	CIAP*C_GNMLTF	:::::::::0:-9:7:::::11:-6:37:::
1806	122.0	4.796385569641553E-5	1	1.1548677676406051E-4	TGTGTGGTGAGCGCATATGCAGGCAACATGCTCACCTTT	NNNNNNNNNNNNNNNNNNNNNNNNNNNNNNNNNNNNNNN	TRAV10*00(699)		TRAJ39*00(539.8)		575|589|608|0|14||140.0		29|52|83|16|39||230.0		TGTGTGGTGAGCGCATATGCAGGCAACATGCTCACCTTT	45	CVVSAYAGNMLTF	:::::::::0:1:14:::::16:-9:39:::
1829	122.0	4.796385569641553E-5	1	1.1548677676406051E-4	TGTGTGGTGAGGGGAAGGGATGCAGGCAACATGCTCACCTTT	NNNNNNNNNNNNNNNNNNNNNNNNNNNNNNNNNNNNNNNNNN	TRAV12-3*00(439.8)		TRAJ39*00(539.3)		562|566|595|0|4||40.0		29|52|83|19|42||230.0		TGTGTGGTGAGGGGAAGGGATGCAGGCAACATGCTCACCTTT	45	CVVRGRDAGNMLTF	:::::::::0:-9:4:::::19:-9:42:::
2956	122.0	4.796385569641553E-5	1	1.1548677676406051E-4	TGTGCTCTAATGGTGGGGGTTACCAGAAAGTTACCTTT	NNNNNNNNNNNNNNNNNNNNNNNNNNNNNNNNNNNNNN	TRAV16*00(509)		TRAJ13*00(550)		449|459|483|0|10||100.0		27|52|83|13|38||250.0		TGTGCTCTAATGGTGGGGGTTACCAGAAAGTTACCTTT	45	CALMVG_YQKVTF	:::::::::0:-4:10:::::13:-7:38:::
2995	122.0	4.796385569641553E-5	1	1.1548677676406051E-4	TGTGCTCTAAGTAGAATTCAGGGAGCCCAGAAGCTGGTATTT	NNNNNNNNNNNNNNNNNNNNNNNNNNNNNNNNNNNNNNNNNN	TRAV16*00(529.3)		TRAJ54*00(570.4)		449|459|483|0|10||120.0		17|49|80|10|42|ST17GST20G|282.0		TGTGCTCTAAGTAGAATTCAGGGAGCCCAGAAGCTGGTATTT	45	CALSRIQGAQKLVF	:::::::::0:-4:10:::::10:3:42:::
3564	122.0	4.796385569641553E-5	1	1.1548677676406051E-4	TGTGCTGTGGGTGCCGAATCAGGATACAGCACCCTCACCTTT	NNNNNNNNNNNNNNNNNNNNNNNNNNNNNNNNNNNNNNNNNN	TRAV8-3*00(659.6)		TRAJ11*00(549.5)		455|469|489|0|14||140.0		25|49|80|18|42||240.0		TGTGCTGTGGGTGCCGAATCAGGATACAGCACCCTCACCTTT	45	CAVGAESGYSTLTF	:::::::::0:0:14:::::18:-5:42:::
4885	122.0	4.796385569641553E-5	1	1.1548677676406051E-4	TGTGCTACGGACGATCAGGGTTACCAGAAAGTTACCTTT	NNNNNNNNNNNNNNNNNNNNNNNNNNNNNNNNNNNNNNN	TRAV17*00(929.1)		TRAJ13*00(490.9)		490|503|523|0|13||130.0		30|52|83|17|39||220.0		TGTGCTACGGACGATCAGGGTTACCAGAAAGTTACCTTT	45	CATDDQGYQKVTF	:::::::::0:0:13:::::17:-10:39:::
6321	122.0	4.796385569641553E-5	1	1.1548677676406051E-4	TGTGCCGTGAGGGGCACCAATGCAGGCAAATCAACCTTT	NNNNNNNNNNNNNNNNNNNNNNNNNNNNNNNNNNNNNNN	TRAV12-2*00(490.2)		TRAJ27*00(539.7)		551|561|584|0|10||100.0		23|48|79|14|39||250.0		TGTGCCGTGAGGGGCACCAATGCAGGCAAATCAACCTTT	45	CAVRGTNAGKSTF	:::::::::0:-3:10:::::14:-3:39:::
17996	122.0	4.796385569641553E-5	1	1.1548677676406051E-4	TGTGCAGCAAGCACGGAATTCAGGGAGCCCAGAAGCTGGTATTT	NNNNNNNNNNNNNNNNNNNNNNNNNNNNNNNNNNNNNNNNNNNN	TRAV23/DV6*00(499.8)		TRAJ54*00(569.8)		517|530|550|0|13||130.0		21|49|80|16|44||280.0		TGTGCAGCAAGCACGGAATTCAGGGAGCCCAGAAGCTGGTATTT	45	CAASTEF_GAQKLVF	:::::::::0:0:13:::::16:-1:44:::
1548	121.0	4.757070933824819E-5	1	1.1548677676406051E-4	TGTCTCCCCCCAGAAGGGAGCCCAGAAGCTGGTATTT	NNNNNNNNNNNNNNNNNNNNNNNNNNNNNNNNNNNNN	TRAV40*00(829.8)		TRAJ54*00(519.5)		436|441|470|0|5||50.0		26|49|80|14|37||230.0		TGTCTCCCCCCAGAAGGGAGCCCAGAAGCTGGTATTT	45	CLPPEG_AQKLVF	:::::::::0:-9:5:::::14:-6:37:::
1676	121.0	4.757070933824819E-5	1	1.1548677676406051E-4	TGTGTGGTGTCCGGCAACACAGGCAAACTAATCTTT	NNNNNNNNNNNNNNNNNNNNNNNNNNNNNNNNNNNN	TRAV12-1*00(948.2)		TRAJ37*00(550.5)		539|548|572|0|9||90.0		24|51|82|9|36|ST26C|241.0		TGTGTGGTGTCCGGCAACACAGGCAAACTAATCTTT	45	CVVSGNTGKLIF	:::::::::0:-4:9:::::9:-4:36:::
1997	121.0	4.757070933824819E-5	1	1.1548677676406051E-4	TGTGCTTTTGCAAAGCCCGGGGTAACCAGGGAGGAAAGCTTATCTTC	NNNNNNNNNNNNNNNNNNNNNNNNNNNNNNNNNNNNNNNNNNNNNNN	TRAV24*00(443)		TRAJ23*00(449)		515|530|545|0|15|SC520TSA524GST525C|63.0		27|52|83|22|47||250.0		TGTGCTTTTGCAAAGCCCGGGGTAACCAGGGAGGAAAGCTTATCTTC	45	CAFAKPGV_QGGKLIF	:::::::::0:5:15:::::22:-7:47:::
2594	121.0	4.757070933824819E-5	1	1.1548677676406051E-4	TGTGCTCTGAGTCCAAACTGGGGCAAACAACCTCTTCTTT	NNNNNNNNNNNNNNNNNNNNNNNNNNNNNNNNNNNNNNNN	TRAV9-2*00(730.2)		TRAJ36*00(578.8)		480|492|514|0|12||120.0		21|48|79|13|40||270.0		TGTGCTCTGAGTCCAAACTGGGGCAAACAACCTCTTCTTT	45	CALSPNW_ANNLFF	:::::::::0:-2:12:::::13:-1:40:::
3361	121.0	4.757070933824819E-5	1	1.1548677676406051E-4	TGTGCTGTGTCTAGACAGGGAGGAAAGCTTATCTTC	NNNNNNNNNNNNNNNNNNNNNNNNNNNNNNNNNNNN	TRAV20*00(499.8)		TRAJ23*00(480.8)		498|507|531|0|9||90.0		31|52|83|15|36||210.0		TGTGCTGTGTCTAGACAGGGAGGAAAGCTTATCTTC	45	CAVSRQGGKLIF	:::::::::0:-4:9:::::15:-11:36:::
3684	121.0	4.757070933824819E-5	1	1.1548677676406051E-4	TGTGCTGTGGAGTCCCCCGCCGGGGGGAGGTGCTGACGGACTCACCTTT	NNNNNNNNNNNNNNNNNNNNNNNNNNNNNNNNNNNNNNNNNNNNNNNNN	TRAV2*00(568.6)		TRAJ45*00(551)		519|531|553|0|12||120.0		28|55|86|22|49|SA30G|241.0		TGTGCTGTGGAGTCCCCCGCCGGGGGGAGGTGCTGACGGACTCACCTTT	45	CAVESPAG_GGADGLTF	:::::::::0:-2:12:::::22:-8:49:::
3988	121.0	4.757070933824819E-5	1	1.1548677676406051E-4	TGTGCTGTGAGTGATGGGGATAACAATGACATGCGCTTT	NNNNNNNNNNNNNNNNNNNNNNNNNNNNNNNNNNNNNNN	TRAV8-6*00(719.3)		TRAJ43*00(500)		448|463|482|0|15||150.0		23|43|74|19|39||200.0		TGTGCTGTGAGTGATGGGGATAACAATGACATGCGCTTT	45	CAVSDGDNNDMRF	:::::::::0:1:15:::::19:-3:39:::
4162	121.0	4.757070933824819E-5	1	1.1548677676406051E-4	TGTGCTGTGAGGGGCTCTCTGGGGCTGGGAGTTACCAACTCACTTTC	NNNNNNNNNNNNNNNNNNNNNNNNNNNNNNNNNNNNNNNNNNNNNNN	TRAV3*00(589)		TRAJ28*00(599.8)		437|448|473|0|11||110.0		24|55|86|16|47||310.0		TGTGCTGTGAGGGGCTCTCTGGGGCTGGGAGTTACCAACTCACTTTC	45	CAVRGSLG_GSYQLTF	:::::::::0:-5:11:::::16:-4:47:::
5002	121.0	4.757070933824819E-5	1	1.1548677676406051E-4	TGTGCCTTTGGGCGTGACTCAAATTCCGGGTATGCACTCAACTTC	NNNNNNNNNNNNNNNNNNNNNNNNNNNNNNNNNNNNNNNNNNNNN	TRAV24*00(499.8)		TRAJ41*00(549.8)		515|524|545|0|9||90.0		22|51|82|16|45||290.0		TGTGCCTTTGGGCGTGACTCAAATTCCGGGTATGCACTCAACTTC	45	CAFGRDSNSGYALNF	:::::::::0:-1:9:::::16:-2:45:::
6161	121.0	4.757070933824819E-5	1	1.1548677676406051E-4	TGTGCCGTGTTCAGCAGTGCTTCCAAGATAATCTTT	NNNNNNNNNNNNNNNNNNNNNNNNNNNNNNNNNNNN	TRAV12-2*00(456.5),TRAV12-3*00(449.4)		TRAJ3*00(550.8)		551|560|584|0|9||90.0;562|567|595|0|5||50.0		24|51|82|9|36|SA25T|251.0		TGTGCCGTGTTCAGCAGTGCTTCCAAGATAATCTTT	45	CAVFSSASKIIF	:::::::::0:-4:9:::::9:-4:36:::
6320	121.0	4.757070933824819E-5	1	1.1548677676406051E-4	TGTGCCGTGAGGGTCGCAACGACTACAAGCTCAGCTTT	NNNNNNNNNNNNNNNNNNNNNNNNNNNNNNNNNNNNNN	TRAV12-2*00(469.7)		TRAJ20*00(510)		551|561|584|0|10||100.0		25|46|77|17|38||210.0		TGTGCCGTGAGGGTCGCAACGACTACAAGCTCAGCTTT	45	CAVRVA_DYKLSF	:::::::::0:-3:10:::::17:-5:38:::
6421	121.0	4.757070933824819E-5	1	1.1548677676406051E-4	TGTGCCGTGAACAACCAGGGAGGAAAGCTTATCTTC	NNNNNNNNNNNNNNNNNNNNNNNNNNNNNNNNNNNN	TRAV12-2*00(529.5)		TRAJ23*00(549.8)		551|564|584|0|13||130.0		29|52|83|13|36||240.0		TGTGCCGTGAACAACCAGGGAGGAAAGCTTATCTTC	45	CAVNNQGGKLIF	:::::::::0:0:13:::::13:-9:36:::
17762	121.0	4.757070933824819E-5	1	1.1548677676406051E-4	TGTGCAGCAAGTAAGCAGAGAAACAAACTGGTCTTT	NNNNNNNNNNNNNNNNNNNNNNNNNNNNNNNNNNNN	TRAV13-1*00(609.3)		TRAJ47*00(479.4)		511|524|544|0|13||130.0		29|46|77|19|36||170.0		TGTGCAGCAAGTAAGCAGAGAAACAAACTGGTCTTT	45	CAASKQRNKLVF	:::::::::0:0:13:::::19:-9:36:::
18628	121.0	4.757070933824819E-5	1	1.1548677676406051E-4	TGTGCAATGAGCGCCGAGGTACTGGAGGCTTCAAAACTATCTTT	NNNNNNNNNNNNNNNNNNNNNNNNNNNNNNNNNNNNNNNNNNNN	TRAV12-3*00(452.5),TRAV12-1*00(439.5)		TRAJ9*00(550)		562|576|595|0|14||140.0;539|543|572|0|4||40.0		25|50|81|19|44||250.0		TGTGCAATGAGCGCCGAGGTACTGGAGGCTTCAAAACTATCTTT	45	CAMSAEV_GGFKTIF	:::::::::0:1:14:::::19:-5:44:::
18770	121.0	4.757070933824819E-5	1	1.1548677676406051E-4	TGTGCAATGAGAGAGGGCCCTTTAGGCGACTACAAGCTCAGCTTT	NNNNNNNNNNNNNNNNNNNNNNNNNNNNNNNNNNNNNNNNNNNNN	TRAV14/DV4*00(570.5)		TRAJ20*00(489.8)		517|538|554|0|21||210.0		27|46|77|26|45||190.0		TGTGCAATGAGAGAGGGCCCTTTAGGCGACTACAAGCTCAGCTTT	45	CAMREGPLGDYKLSF	:::::::::0:4:21:::::26:-7:45:::
18773	121.0	4.757070933824819E-5	1	1.1548677676406051E-4	TGTGCAATGAGAGAGGGCCCGGTAATGCAGGCAACATGCTCACCTTT	NNNNNNNNNNNNNNNNNNNNNNNNNNNNNNNNNNNNNNNNNNNNNNN	TRAV14/DV4*00(560.8)		TRAJ39*00(560)		517|537|554|0|20||200.0		27|52|83|22|47||250.0		TGTGCAATGAGAGAGGGCCCGGTAATGCAGGCAACATGCTCACCTTT	45	CAMREGPV_AGNMLTF	:::::::::0:3:20:::::22:-7:47:::
18862	121.0	4.757070933824819E-5	1	1.1548677676406051E-4	TGTGCAAAGTACAACTTCAACAAATTTTACTTT	NNNNNNNNNNNNNNNNNNNNNNNNNNNNNNNNN	TRAV25*00(519.6)		TRAJ21*00(549.8)		620|626|649|0|6||60.0		20|44|75|9|33||240.0		TGTGCAAAGTACAACTTCAACAAATTTTACTTT	45	CAKYNFNKFYF	:::::::::0:-3:6:::::9:0:33:::
18955	121.0	4.757070933824819E-5	1	1.1548677676406051E-4	TGCCTCCTTTATAACCAGGGAGGAAAGCTTATCTTC	NNNNNNNNNNNNNNNNNNNNNNNNNNNNNNNNNNNN	TRAV4*00(480)		TRAJ23*00(560.8)		768|774|804|0|6||60.0		23|52|83|7|36||290.0		TGCCTCCTTTATAACCAGGGAGGAAAGCTTATCTTC	45	CLLYNQGGKLIF	:::::::::0:-10:6:::::7:-3:36:::
20487	121.0	4.757070933824819E-5	1	1.1548677676406051E-4	TGCATCGGGTCGACAATGACATGCGCTTT	NNNNNNNNNNNNNNNNNNNNNNNNNNNNN	TRAV26-2*00(539.3)		TRAJ43*00(470)		791|797|826|0|6||60.0		26|43|74|12|29||170.0		TGCATCGGGTCGACAATGACATGCGCTTT	45	CIGST_DMRF	:::::::::0:-9:6:::::12:-6:29:::
2899	120.0	4.717756298008085E-5	1	1.1548677676406051E-4	TGTGCTCTACCAACCGCCTCCTTAACAATGACATGCGCTTT	NNNNNNNNNNNNNNNNNNNNNNNNNNNNNNNNNNNNNNNNN	TRAV16*00(500)		TRAJ43*00(489.6)		449|458|483|0|9||90.0		24|43|74|22|41||190.0		TGTGCTCTACCAACCGCCTCCTTAACAATGACATGCGCTTT	45	CALPTAS_NNDMRF	:::::::::0:-5:9:::::22:-4:41:::
2953	120.0	4.717756298008085E-5	1	1.1548677676406051E-4	TGTGCTCTAATCCCTCAAATTCCGGGTATGCACTCAACTTC	NNNNNNNNNNNNNNNNNNNNNNNNNNNNNNNNNNNNNNNNN	TRAV16*00(969)		TRAJ41*00(529.6)		449|459|483|0|10||100.0		23|51|82|13|41||280.0		TGTGCTCTAATCCCTCAAATTCCGGGTATGCACTCAACTTC	45	CALIPQI_GYALNF	:::::::::0:-4:10:::::13:-3:41:::
3007	120.0	4.717756298008085E-5	1	1.1548677676406051E-4	TGTGCTCTAAGGGGGCGTCAAACTGGGGCAAACAACCTCTTCTTT	NNNNNNNNNNNNNNNNNNNNNNNNNNNNNNNNNNNNNNNNNNNNN	TRAV16*00(448.8)		TRAJ36*00(589.8)		449|463|483|0|14|ST460G|111.0		20|48|79|17|45||280.0		TGTGCTCTAAGGGGGCGTCAAACTGGGGCAAACAACCTCTTCTTT	45	CALRGRQTGANNLFF	:::::::::0:0:14:::::17:0:45:::
3390	120.0	4.717756298008085E-5	1	1.1548677676406051E-4	TGTGCTGTGCCTTCAGGAGGAGGTGCTGACGGACTCACCTTT	NNNNNNNNNNNNNNNNNNNNNNNNNNNNNNNNNNNNNNNNNN	TRAV21*00(450)		TRAJ45*00(619.6)		544|553|576|0|9||90.0		24|55|86|11|42||310.0		TGTGCTGTGCCTTCAGGAGGAGGTGCTGACGGACTCACCTTT	45	CAVPSGGGADGLTF	:::::::::0:-3:9:::::11:-4:42:::
3479	120.0	4.717756298008085E-5	1	1.1548677676406051E-4	TGTGCTGTGCAAGACAGAGGCTCAACCCTGGGGAGGCTATACTTT	NNNNNNNNNNNNNNNNNNNNNNNNNNNNNNNNNNNNNNNNNNNNN	TRAV21*00(449.8)		TRAJ18*00(639.3)		544|553|576|0|9||90.0		22|55|86|12|45||330.0		TGTGCTGTGCAAGACAGAGGCTCAACCCTGGGGAGGCTATACTTT	45	CAVQDRGSTLGRLYF	:::::::::0:-3:9:::::12:-2:45:::
3734	120.0	4.717756298008085E-5	1	1.1548677676406051E-4	TGTGCTGTGGAGGATGGGTCTAACTTTGGAAATGAGAAATTAACCTTT	NNNNNNNNNNNNNNNNNNNNNNNNNNNNNNNNNNNNNNNNNNNNNNNN	TRAV2*00(1049.5)		TRAJ48*00(569.5)		519|534|553|0|15||150.0		22|52|83|18|48||300.0		TGTGCTGTGGAGGATGGGTCTAACTTTGGAAATGAGAAATTAACCTTT	45	CAVEDGSNFGNEKLTF	:::::::::0:1:15:::::18:-2:48:::
6214	120.0	4.717756298008085E-5	1	1.1548677676406051E-4	TGTGCCGTGGGGTTATGGTGGTGCTACAAACAAGCTCATCTTT	NNNNNNNNNNNNNNNNNNNNNNNNNNNNNNNNNNNNNNNNNNN	TRAV12-2*00(489.5)		TRAJ32*00(609)		551|560|584|0|9||90.0		24|55|86|12|43||310.0		TGTGCCGTGGGGTTATGGTGGTGCTACAAACAAGCTCATCTTT	45	CAVGLWW_ATNKLIF	:::::::::0:-4:9:::::12:-4:43:::
6388	120.0	4.717756298008085E-5	1	1.1548677676406051E-4	TGTGCCGTGAACCGTGAATTATGGAGGAAGCCAAGGAAATCTCATCTTT	NNNNNNNNNNNNNNNNNNNNNNNNNNNNNNNNNNNNNNNNNNNNNNNNN	TRAV12-2*00(519.8)		TRAJ42*00(649.8)		551|563|584|0|12||120.0		20|55|86|14|49||350.0		TGTGCCGTGAACCGTGAATTATGGAGGAAGCCAAGGAAATCTCATCTTT	45	CAVNRELW_GSQGNLIF	:::::::::0:-1:12:::::14:0:49:::
18067	120.0	4.717756298008085E-5	1	1.1548677676406051E-4	TGTGCAGCAAGAGAGAACCTTATCTAACTTTGGAAATGAGAAATTAACCTTT	NNNNNNNNNNNNNNNNNNNNNNNNNNNNNNNNNNNNNNNNNNNNNNNNNNNN	TRAV13-1*00(969.8)		TRAJ48*00(589.4)		511|522|544|0|11||110.0		20|52|83|20|52||320.0		TGTGCAGCAAGAGAGAACCTTATCTAACTTTGGAAATGAGAAATTAACCTTT	45	CAARENLI*_FGNEKLTF	:::::::::0:-2:11:::::20:0:52:::
18118	120.0	4.717756298008085E-5	1	1.1548677676406051E-4	TGTGCAGGCCTCTTTGGGAATGTGCTGCATTGC	NNNNNNNNNNNNNNNNNNNNNNNNNNNNNNNNN	TRAV25*00(531.5)		TRAJ35*00(530)		620|628|649|0|8||80.0		26|48|79|11|33||220.0		TGTGCAGGCCTCTTTGGGAATGTGCTGCATTGC	45	CAGLFGNVLHC	:::::::::0:-1:8:::::11:-6:33:::
3082	119.0	4.678441662191351E-5	1	1.1548677676406051E-4	TGTGCTCCCAGGGAGGAAAGCTTATCTTC	NNNNNNNNNNNNNNNNNNNNNNNNNNNNN	TRAV41*00(561.8)		TRAJ23*00(529.8)		512|518|544|0|6||60.0		30|52|83|7|29||220.0		TGTGCTCCCAGGGAGGAAAGCTTATCTTC	45	CAPRE_KLIF	:::::::::0:-6:6:::::7:-10:29:::
3238	119.0	4.678441662191351E-5	1	1.1548677676406051E-4	TGTGCTGTCCCATTCAGGAGGAGGTGCTGACGGACTCACCTTT	NNNNNNNNNNNNNNNNNNNNNNNNNNNNNNNNNNNNNNNNNNN	TRAV2*00(979.6)		TRAJ45*00(589.6)		519|527|553|0|8||80.0		23|55|86|11|43||320.0		TGTGCTGTCCCATTCAGGAGGAGGTGCTGACGGACTCACCTTT	45	CAVPFRR_GADGLTF	:::::::::0:-6:8:::::11:-3:43:::
4153	119.0	4.678441662191351E-5	1	1.1548677676406051E-4	TGTGCTGTGAGGGTTCCCATGGATAGCAACTATCAGTTAATCTGG	NNNNNNNNNNNNNNNNNNNNNNNNNNNNNNNNNNNNNNNNNNNNN	TRAV3*00(588.4)		TRAJ33*00(579.5)		437|448|473|0|11||110.0		17|46|77|16|45||290.0		TGTGCTGTGAGGGTTCCCATGGATAGCAACTATCAGTTAATCTGG	45	CAVRVPMDSNYQLIW	:::::::::0:-5:11:::::16:3:45:::
4472	119.0	4.678441662191351E-5	1	1.1548677676406051E-4	TGTGCTGCGACTATATAATGCTGGCAACAACCGTAAGCTGATTTGG	NNNNNNNNNNNNNNNNNNNNNNNNNNNNNNNNNNNNNNNNNNNNNN	TRAV22*00(500.2)		TRAJ38*00(628)		526|533|559|0|7||70.0		18|51|82|13|46||330.0		TGTGCTGCGACTATATAATGCTGGCAACAACCGTAAGCTGATTTGG	45	CAATI*CW_NNRKLIW	:::::::::0:-6:7:::::13:2:46:::
4868	119.0	4.678441662191351E-5	1	1.1548677676406051E-4	TGTGCTACGGACGCGAGGTCAGATGGCCAGAAGCTGCTCTTT	NNNNNNNNNNNNNNNNNNNNNNNNNNNNNNNNNNNNNNNNNN	TRAV17*00(948.8)		TRAJ16*00(511.1)		490|505|523|0|15||150.0		25|49|80|18|42||240.0		TGTGCTACGGACGCGAGGTCAGATGGCCAGAAGCTGCTCTTT	45	CATDARSDGQKLLF	:::::::::0:2:15:::::18:-5:42:::
4996	119.0	4.678441662191351E-5	1	1.1548677676406051E-4	TGTGCCTTTCATACGGATGACAAGATCATCTTT	NNNNNNNNNNNNNNNNNNNNNNNNNNNNNNNNN	TRAV24*00(470.8)		TRAJ30*00(489.8)		515|524|545|0|9||90.0		28|46|77|15|33||180.0		TGTGCCTTTCATACGGATGACAAGATCATCTTT	45	CAFHTDDKIIF	:::::::::0:-1:9:::::15:-8:33:::
5995	119.0	4.678441662191351E-5	1	1.1548677676406051E-4	TGTGCCCCTTATCCCCTACCGACAAGCTCATCTTT	NNNNNNNNNNNNNNNNNNNNNNNNNNNNNNNNNNN	TRAV21*00(610.7)		TRAJ34*00(480.1)		544|549|576|0|5||50.0		29|47|78|17|35||180.0		TGTGCCCCTTATCCCCTACCGACAAGCTCATCTTT	45	CAPYPL_DKLIF	:::::::::0:-7:5:::::17:-9:35:::
6148	119.0	4.678441662191351E-5	1	1.1548677676406051E-4	TGTGCCGTCCACGTTCTAACGACTACAAGCTCAGCTTT	NNNNNNNNNNNNNNNNNNNNNNNNNNNNNNNNNNNNNN	TRAV12-2*00(939.5)		TRAJ20*00(569.8)		551|559|584|0|8||80.0		18|46|77|10|38||280.0		TGTGCCGTCCACGTTCTAACGACTACAAGCTCAGCTTT	45	CAVHVL_DYKLSF	:::::::::0:-5:8:::::10:2:38:::
6440	119.0	4.678441662191351E-5	1	1.1548677676406051E-4	TGTGCCGTGAAGGGGTCGAGTGGAGGTAGCAACTATAAACTGACATTT	NNNNNNNNNNNNNNNNNNNNNNNNNNNNNNNNNNNNNNNNNNNNNNNN	TRAV12-2*00(509.3)		TRAJ53*00(609.5)		551|562|584|0|11||110.0		25|55|86|18|48||300.0		TGTGCCGTGAAGGGGTCGAGTGGAGGTAGCAACTATAAACTGACATTT	45	CAVKGSSGGSNYKLTF	:::::::::0:-2:11:::::18:-5:48:::
17312	119.0	4.678441662191351E-5	1	1.1548677676406051E-4	TGTGCGTTTCGGGAGGAGGGAACCTACAAATACATCTTT	NNNNNNNNNNNNNNNNNNNNNNNNNNNNNNNNNNNNNNN	TRAV24*00(441.8)		TRAJ40*00(499.8)		515|524|545|0|9|SC520G|61.0		29|50|81|18|39||210.0		TGTGCGTTTCGGGAGGAGGGAACCTACAAATACATCTTT	45	CAFREEGTYKYIF	:::::::::0:-1:9:::::18:-9:39:::
17671	119.0	4.678441662191351E-5	1	1.1548677676406051E-4	TGTGCAGCAAGTCGGCCGTAATGGAATATGGAAACAAGCTGGTCTTT	NNNNNNNNNNNNNNNNNNNNNNNNNNNNNNNNNNNNNNNNNNNNNNN	TRAV23/DV6*00(479)		TRAJ47*00(550)		517|528|550|0|11||110.0		19|46|77|20|47|SA36G|241.0		TGTGCAGCAAGTCGGCCGTAATGGAATATGGAAACAAGCTGGTCTTT	45	CAASRP*W_YGNKLVF	:::::::::0:-2:11:::::20:1:47:::
18575	119.0	4.678441662191351E-5	1	1.1548677676406051E-4	TGTGCAATGGGAGCACCCTCACCTTT	NNNNNNNNNNNNNNNNNNNNNNNNNN	TRAV12-3*00(460.5),TRAV12-2*00(449.5)		TRAJ11*00(459)		562|571|595|0|9||90.0;551|556|584|0|5||50.0		34|49|80|11|26||150.0		TGTGCAATGGGAGCACCCTCACCTTT	45	CAMG_TLTF	:::::::::0:-4:9:::::11:-14:26:::
1672	118.0	4.639127026374617E-5	1	1.1548677676406051E-4	TGTGTGGTGTTAATTCCGGGTATGCACTCAACTTC	NNNNNNNNNNNNNNNNNNNNNNNNNNNNNNNNNNN	TRAV12-1*00(490)		TRAJ41*00(499.8)		539|548|572|0|9||90.0		27|51|82|11|35||240.0		TGTGTGGTGTTAATTCCGGGTATGCACTCAACTTC	45	CVVLIP_YALNF	:::::::::0:-4:9:::::11:-7:35:::
2255	118.0	4.639127026374617E-5	1	1.1548677676406051E-4	TGTGCTTATAGGAACTCCTTCAGGAGGAGGTGCTGACGGACTCACCTTT	NNNNNNNNNNNNNNNNNNNNNNNNNNNNNNNNNNNNNNNNNNNNNNNNN	TRAV38-2/DV8*00(590)		TRAJ45*00(619.8)		602|615|638|0|13||130.0		24|55|86|18|49||310.0		TGTGCTTATAGGAACTCCTTCAGGAGGAGGTGCTGACGGACTCACCTTT	45	CAYRNSFR_GGADGLTF	:::::::::0:-3:13:::::18:-4:49:::
4641	118.0	4.639127026374617E-5	1	1.1548677676406051E-4	TGTGCTGGGCAGCTAAACAATAACAATGACATGCGCTTT	NNNNNNNNNNNNNNNNNNNNNNNNNNNNNNNNNNNNNNN	TRAV35*00(530)		TRAJ43*00(529.3)		588|602|620|0|14||140.0		20|43|74|16|39||230.0		TGTGCTGGGCAGCTAAACAATAACAATGACATGCGCTTT	45	CAGQLNNNNDMRF	:::::::::0:2:14:::::16:0:39:::
17492	118.0	4.639127026374617E-5	1	1.1548677676406051E-4	TGTGCAGCCCAAACTCCTCTGGGGGTTACCAGAAAGTTACCTTT	NNNNNNNNNNNNNNNNNNNNNNNNNNNNNNNNNNNNNNNNNNNN	TRAV13-1*00(940)		TRAJ13*00(529.8)		511|519|544|0|8||80.0		25|52|83|17|44||270.0		TGTGCAGCCCAAACTCCTCTGGGGGTTACCAGAAAGTTACCTTT	45	CAAQTPL_GYQKVTF	:::::::::0:-5:8:::::17:-5:44:::
18627	118.0	4.639127026374617E-5	1	1.1548677676406051E-4	TGTGCAATGAGCGCCGGGAGCAACTATCAGTTAATCTGG	NNNNNNNNNNNNNNNNNNNNNNNNNNNNNNNNNNNNNNN	TRAV12-3*00(509.8)		TRAJ33*00(500)		562|576|595|0|14||140.0		25|46|77|18|39||210.0		TGTGCAATGAGCGCCGGGAGCAACTATCAGTTAATCTGG	45	CAMSAGSNYQLIW	:::::::::0:1:14:::::18:-5:39:::
18692	118.0	4.639127026374617E-5	1	1.1548677676406051E-4	TGTGCAATGAGAGTACGCGGTATAGGAGAAATTAACCTTT	NNNNNNNNNNNNNNNNNNNNNNNNNNNNNNNNNNNNNNNN	TRAV14/DV4*00(860)		TRAJ48*00(459.7)		517|530|554|0|13||130.0		37|52|83|25|40||150.0		TGTGCAATGAGAGTACGCGGTATAGGAGAAATTAACCTTT	45	CAMRVRG_*EKLTF	:::::::::0:-4:13:::::25:-17:40:::
18989	118.0	4.639127026374617E-5	1	1.1548677676406051E-4	TGCCTCGTGGGTGCCCCTAGGTTTACCGGCACTGCCAGTAAACTCACCTTT	NNNNNNNNNNNNNNNNNNNNNNNNNNNNNNNNNNNNNNNNNNNNNNNNNNN	TRAV4*00(549.3)		TRAJ44*00(589.8)		768|781|804|0|13||130.0		24|52|83|23|51||280.0		TGCCTCGTGGGTGCCCCTAGGTTTACCGGCACTGCCAGTAAACTCACCTTT	45	CLVGAPRFTGTASKLTF	:::::::::0:-3:13:::::23:-4:51:::
1762	117.0	4.599812390557883E-5	1	1.1548677676406051E-4	TGTGTGGTGAGCTTACAATAACAATGACATGCGCTTT	NNNNNNNNNNNNNNNNNNNNNNNNNNNNNNNNNNNNN	TRAV12-1*00(442),TRAV12-2*00(442)		TRAJ43*00(539.8)		539|549|572|0|10||100.0;551|561|584|0|10|SC555TSC556G|42.0		19|43|74|13|37||240.0		TGTGTGGTGAGCTTACAATAACAATGACATGCGCTTT	45	CVVSLQ_NNDMRF	:::::::::0:-3:10:::::13:1:37:::
2964	117.0	4.599812390557883E-5	1	1.1548677676406051E-4	TGTGCTCTAACCCGGTATAACACCGACAAGCTCATCTTT	NNNNNNNNNNNNNNNNNNNNNNNNNNNNNNNNNNNNNNN	TRAV16*00(509.8)		TRAJ34*00(540)		449|459|483|0|10||100.0		23|47|78|15|39||240.0		TGTGCTCTAACCCGGTATAACACCGACAAGCTCATCTTT	45	CALTRYNTDKLIF	:::::::::0:-4:10:::::15:-3:39:::
3374	117.0	4.599812390557883E-5	1	1.1548677676406051E-4	TGTGCTGTGTATTAAGAGCTGGTCTTT	NNNNNNNNNNNNNNNNNNNNNNNNNNN	TRAV21*00(450)		TRAJ57*00(410.8)		544|553|576|0|9||90.0		38|52|83|13|27|SA40G|111.0		TGTGCTGTGTATTAAGAGCTGGTCTTT	45	CAVY*ELVF	:::::::::0:-3:9:::::13:-18:27:::
3830	117.0	4.599812390557883E-5	1	1.1548677676406051E-4	TGTGCTGTGACCACATCAGGAGGAAGCTACATACCTACATTT	NNNNNNNNNNNNNNNNNNNNNNNNNNNNNNNNNNNNNNNNNN	TRAV8-6*00(670)		TRAJ6*00(598.6)		448|458|482|0|10||100.0		22|51|82|13|42||290.0		TGTGCTGTGACCACATCAGGAGGAAGCTACATACCTACATTT	45	CAVTTSGGSYIPTF	:::::::::0:-4:10:::::13:-2:42:::
4298	117.0	4.599812390557883E-5	1	1.1548677676406051E-4	TGTGCTGTGAGAGACAGACATACTCTGGGGCTGGGAGTTACCAACTCACTTTC	NNNNNNNNNNNNNNNNNNNNNNNNNNNNNNNNNNNNNNNNNNNNNNNNNNNNN	TRAV3*00(638.4)		TRAJ28*00(638.8)		437|453|473|0|16||160.0		20|55|86|18|53||350.0		TGTGCTGTGAGAGACAGACATACTCTGGGGCTGGGAGTTACCAACTCACTTTC	45	CAVRDRHTL_AGSYQLTF	:::::::::0:0:16:::::18:0:53:::
4467	117.0	4.599812390557883E-5	1	1.1548677676406051E-4	TGTGCTGCGGGGGGGAACAACAGACTCGCTTTT	NNNNNNNNNNNNNNNNNNNNNNNNNNNNNNNNN	TRAV8-3*00(600.8)		TRAJ7*00(500)		455|466|489|0|11|ST462C|81.0		27|48|79|12|33||210.0		TGTGCTGCGGGGGGGAACAACAGACTCGCTTTT	45	CAAGGNNRLAF	:::::::::0:-3:11:::::12:-7:33:::
4649	117.0	4.599812390557883E-5	1	1.1548677676406051E-4	TGTGCTGGGCAGCCGGAATATAGAAACAAACTGGTCTTT	NNNNNNNNNNNNNNNNNNNNNNNNNNNNNNNNNNNNNNN	TRAV35*00(537.5)		TRAJ47*00(529.6)		588|601|620|0|13||130.0		21|46|77|14|39|SG28A|221.0		TGTGCTGGGCAGCCGGAATATAGAAACAAACTGGTCTTT	45	CAGQPEYRNKLVF	:::::::::0:1:13:::::14:-1:39:::
5972	117.0	4.599812390557883E-5	1	1.1548677676406051E-4	TGTGCCCTCTCTCCTCAGGAACCTACAAATACATCTTT	NNNNNNNNNNNNNNNNNNNNNNNNNNNNNNNNNNNNNN	TRAV24*00(441)		TRAJ40*00(549.5)		515|521|545|0|6||60.0		24|50|81|12|38||260.0		TGTGCCCTCTCTCCTCAGGAACCTACAAATACATCTTT	45	CALSPQ_TYKYIF	:::::::::0:-4:6:::::12:-4:38:::
6272	117.0	4.599812390557883E-5	1	1.1548677676406051E-4	TGTGCCGTGATTCGCTCTAGCAACACAGGCAAACTAATCTTT	NNNNNNNNNNNNNNNNNNNNNNNNNNNNNNNNNNNNNNNNNN	TRAV12-2*00(959.7)		TRAJ37*00(520.3)		551|561|584|0|10||100.0		22|51|82|13|42|SG27A|261.0		TGTGCCGTGATTCGCTCTAGCAACACAGGCAAACTAATCTTT	45	CAVIRSSNTGKLIF	:::::::::0:-3:10:::::13:-2:42:::
18545	117.0	4.599812390557883E-5	1	1.1548677676406051E-4	TGTGCAATGTCTCTAAACAATGCCAGACTCATGTTT	NNNNNNNNNNNNNNNNNNNNNNNNNNNNNNNNNNNN	TRAV12-3*00(489.3)		TRAJ31*00(509.1)		562|571|595|0|9||90.0		25|46|77|15|36||210.0		TGTGCAATGTCTCTAAACAATGCCAGACTCATGTTT	45	CAMSLNNARLMF	:::::::::0:-4:9:::::15:-5:36:::
21352	117.0	4.599812390557883E-5	1	1.1548677676406051E-4	TAGCGGGAGGTGCTGACGGACTCACCTTT	NNNNNNNNNNNNNNNNNNNNNNNNNNNNN	TRAV13-1*00(460.8)		TRAJ45*00(549.4)		511|512|544|0|1||10.0		31|55|86|5|29||240.0		TAGCGGGAGGTGCTGACGGACTCACCTTT	45	*REVL_GLTF	:::::::::0:-12:1:::::5:-11:29:::
1665	116.0	4.5604977547411486E-5	1	1.1548677676406051E-4	TGTGTGGTCCTCGAATTCAGGATACAGCACCCTCACCTTT	NNNNNNNNNNNNNNNNNNNNNNNNNNNNNNNNNNNNNNNN	TRAV12-2*00(420.5)		TRAJ11*00(587.5)		551|555|584|0|4||40.0		21|49|80|12|40||280.0		TGTGTGGTCCTCGAATTCAGGATACAGCACCCTCACCTTT	45	CVVLEFR_YSTLTF	:::::::::0:-9:4:::::12:-1:40:::
1837	116.0	4.5604977547411486E-5	1	1.1548677676406051E-4	TGTGTGGTGAATCCCCGCGTAAATTGATCTTC	NNNNNNNNNNNNNNNNNNNNNNNNNNNNNNNN	TRAV12-1*00(968.8)		TRAJ12*00(409.3)		539|550|572|0|11||110.0		36|49|80|19|32||130.0		TGTGTGGTGAATCCCCGCGTAAATTGATCTTC	45	CVVNP_RKLIF	:::::::::0:-2:11:::::19:-16:32:::
2407	116.0	4.5604977547411486E-5	1	1.1548677676406051E-4	TGTGCTCTTGGGGAACAAGGAAACACCGACAAGCTCATCTTT	NNNNNNNNNNNNNNNNNNNNNNNNNNNNNNNNNNNNNNNNNN	TRDV1*00(686.2)		TRAJ34*00(509.1)		573|592|610|0|19|ST589A|161.0		26|47|78|21|42||210.0		TGTGCTCTTGGGGAACAAGGAAACACCGACAAGCTCATCTTT	45	CALGEQGNTDKLIF	:::::::::0:2:19:::::21:-6:42:::
2458	116.0	4.5604977547411486E-5	1	1.1548677676406051E-4	TGTGCTCTCCCTTGGGGACAGGGAGGAAAGCTTATCTTC	NNNNNNNNNNNNNNNNNNNNNNNNNNNNNNNNNNNNNNN	TRAV16*00(489.9)		TRAJ23*00(481)		449|457|483|0|8||80.0		31|52|83|18|39||210.0		TGTGCTCTCCCTTGGGGACAGGGAGGAAAGCTTATCTTC	45	CALPWGQGGKLIF	:::::::::0:-6:8:::::18:-11:39:::
18170	116.0	4.5604977547411486E-5	1	1.1548677676406051E-4	TGTGCAGGGCGGCACACCAATGCAGGCAAATCAACCTTT	NNNNNNNNNNNNNNNNNNNNNNNNNNNNNNNNNNNNNNN	TRAV25*00(551.3)		TRAJ27*00(549.3)		620|630|649|0|10||100.0		22|48|79|13|39||260.0		TGTGCAGGGCGGCACACCAATGCAGGCAAATCAACCTTT	45	CAGRHTNAGKSTF	:::::::::0:1:10:::::13:-2:39:::
4262	115.0	4.5211831189244146E-5	1	1.1548677676406051E-4	TGTGCTGTGAGAGATACACCAATGCAGGCAAATCAACCTTT	NNNNNNNNNNNNNNNNNNNNNNNNNNNNNNNNNNNNNNNNN	TRAV3*00(619.7)		TRAJ27*00(550)		437|451|473|0|14||140.0		22|48|79|15|41||260.0		TGTGCTGTGAGAGATACACCAATGCAGGCAAATCAACCTTT	45	CAVRDTP_AGKSTF	:::::::::0:-2:14:::::15:-2:41:::
4691	115.0	4.5211831189244146E-5	1	1.1548677676406051E-4	TGTGCTGGGCAAGGGGAAGCCAAGGAAATCTCATCTTT	NNNNNNNNNNNNNNNNNNNNNNNNNNNNNNNNNNNNNN	TRAV35*00(500)		TRAJ42*00(540)		588|599|620|0|11||110.0		31|55|86|14|38||240.0		TGTGCTGGGCAAGGGGAAGCCAAGGAAATCTCATCTTT	45	CAGQGE_QGNLIF	:::::::::0:-1:11:::::14:-11:38:::
6147	115.0	4.5211831189244146E-5	1	1.1548677676406051E-4	TGTGCCGTCCACCCCAGGGATGACAAGATCATCTTT	NNNNNNNNNNNNNNNNNNNNNNNNNNNNNNNNNNNN	TRAV12-2*00(910.2)		TRAJ30*00(500.9)		551|559|584|0|8||80.0		24|46|77|14|36|SA27G|191.0		TGTGCCGTCCACCCCAGGGATGACAAGATCATCTTT	45	CAVHPRDDKIIF	:::::::::0:-5:8:::::14:-4:36:::
6305	115.0	4.5211831189244146E-5	1	1.1548677676406051E-4	TGTGCCGTGACCAACCAGGGAGGAAAGCTTATCTTC	NNNNNNNNNNNNNNNNNNNNNNNNNNNNNNNNNNNN	TRAV12-2*00(959.7)		TRAJ23*00(510.5)		551|564|584|0|13|SA561C|101.0		29|52|83|13|36||240.0		TGTGCCGTGACCAACCAGGGAGGAAAGCTTATCTTC	45	CAVTNQGGKLIF	:::::::::0:0:13:::::13:-9:36:::
6394	115.0	4.5211831189244146E-5	1	1.1548677676406051E-4	TGTGCCGTGAACGCCTGGGGCTGGGAGTTACCAACTCACTTTC	NNNNNNNNNNNNNNNNNNNNNNNNNNNNNNNNNNNNNNNNNNN	TRAV12-2*00(520.1)		TRAJ28*00(579.3)		551|563|584|0|12||120.0		26|55|86|14|43||290.0		TGTGCCGTGAACGCCTGGGGCTGGGAGTTACCAACTCACTTTC	45	CAVNAWG_GSYQLTF	:::::::::0:-1:12:::::14:-6:43:::
17488	115.0	4.5211831189244146E-5	1	1.1548677676406051E-4	TGTGCAGCCCGTGCTGGTGGTACTAGCTATGGAAAGCTGACATTT	NNNNNNNNNNNNNNNNNNNNNNNNNNNNNNNNNNNNNNNNNNNNN	TRAV29/DV5*00(489.4)		TRAJ52*00(638.7)		529|537|562|0|8||80.0		24|58|89|11|45||340.0		TGTGCAGCCCGTGCTGGTGGTACTAGCTATGGAAAGCTGACATTT	45	CAARAGGTSYGKLTF	:::::::::0:-5:8:::::11:-4:45:::
19051	115.0	4.5211831189244146E-5	1	1.1548677676406051E-4	TGCCTCGTGGGCCGGATGGATAGCAGCTATAAATTGATCTTC	NNNNNNNNNNNNNNNNNNNNNNNNNNNNNNNNNNNNNNNNNN	TRAV4*00(483.8)		TRAJ12*00(580)		768|779|804|0|11||110.0		18|49|80|11|42||310.0		TGCCTCGTGGGCCGGATGGATAGCAGCTATAAATTGATCTTC	45	CLVGRMDSSYKLIF	:::::::::0:-5:11:::::11:2:42:::
21390	115.0	4.5211831189244146E-5	1	1.1548677676406051E-4	AGTTCAGGGAGCCCAGAAGCTGGTATTT	NNNNNNNNNNNNNNNNNNNNNNNNNNNN	TRAV22*00(431)		TRAJ54*00(549.5)		526|529|559|0|3|ST526A|1.0		24|49|80|3|28||260.0		AGTTCAGGGAGCCCAGAAGCTGGTATTT	45	SSGSP_KLVF	:::::::::0:-10:3:::::3:-4:28:::
1914	114.0	4.4818684831076806E-5	1	1.1548677676406051E-4	TGTGTGGTGAACATGGATGCAGGCAACATGCTCACCTTT	NNNNNNNNNNNNNNNNNNNNNNNNNNNNNNNNNNNNNNN	TRAV12-1*00(548.5)		TRAJ39*00(500.4)		539|554|572|0|15||150.0		29|52|83|16|39||230.0		TGTGTGGTGAACATGGATGCAGGCAACATGCTCACCTTT	45	CVVNMDAGNMLTF	:::::::::0:2:15:::::16:-9:39:::
1994	114.0	4.4818684831076806E-5	1	1.1548677676406051E-4	TGTGCTTTTCCTAATGCAGGCAACATGCTCACCTTT	NNNNNNNNNNNNNNNNNNNNNNNNNNNNNNNNNNNN	TRAV38-1*00(539.4)		TRAJ39*00(559.6)		596|604|633|0|8||80.0		27|52|83|11|36||250.0		TGTGCTTTTCCTAATGCAGGCAACATGCTCACCTTT	45	CAFPNAGNMLTF	:::::::::0:-9:8:::::11:-7:36:::
2811	114.0	4.4818684831076806E-5	1	1.1548677676406051E-4	TGTGCTCTGAGCTAAATAATGCAGGCAACATGCTCACCTTT	NNNNNNNNNNNNNNNNNNNNNNNNNNNNNNNNNNNNNNNNN	TRAV19*00(719)		TRAJ39*00(579)		556|567|593|0|11||110.0		25|52|83|14|41||270.0		TGTGCTCTGAGCTAAATAATGCAGGCAACATGCTCACCTTT	45	CALS*IM_GNMLTF	:::::::::0:-6:11:::::14:-5:41:::
3462	114.0	4.4818684831076806E-5	1	1.1548677676406051E-4	TGTGCTGTGCAGGATTATGCTGGCAACAACCGTAAGCTGATTTGG	NNNNNNNNNNNNNNNNNNNNNNNNNNNNNNNNNNNNNNNNNNNNN	TRAV20*00(539.1)		TRAJ38*00(590.7)		498|511|531|0|13||130.0		19|51|82|13|45|SA21T|291.0		TGTGCTGTGCAGGATTATGCTGGCAACAACCGTAAGCTGATTTGG	45	CAVQDYAGNNRKLIW	:::::::::0:0:13:::::13:1:45:::
3615	114.0	4.4818684831076806E-5	1	1.1548677676406051E-4	TGTGCTGTGGGCGCAGGGGTTAGAGGCTCAACCCTGGGGAGGCTATACTTT	NNNNNNNNNNNNNNNNNNNNNNNNNNNNNNNNNNNNNNNNNNNNNNNNNNN	TRAV8-3*00(630.6)		TRAJ18*00(609.7)		455|469|489|0|14|ST466C|111.0		25|55|86|21|51||300.0		TGTGCTGTGGGCGCAGGGGTTAGAGGCTCAACCCTGGGGAGGCTATACTTT	45	CAVGAGVRGSTLGRLYF	:::::::::0:0:14:::::21:-5:51:::
4974	114.0	4.4818684831076806E-5	1	1.1548677676406051E-4	TGTGCCTTTTTTGATAGCAACTATCAGTTAATCTGG	NNNNNNNNNNNNNNNNNNNNNNNNNNNNNNNNNNNN	TRAV24*00(499.7)		TRAJ33*00(530)		515|524|545|0|9||90.0		22|46|77|12|36||240.0		TGTGCCTTTTTTGATAGCAACTATCAGTTAATCTGG	45	CAFFDSNYQLIW	:::::::::0:-1:9:::::12:-2:36:::
5988	114.0	4.4818684831076806E-5	1	1.1548677676406051E-4	TGTGCCCTAGGGGGCACTGCCAGTAAACTCACCTTT	NNNNNNNNNNNNNNNNNNNNNNNNNNNNNNNNNNNN	TRAV29/DV5*00(499.5)		TRAJ44*00(550)		529|534|562|0|5||50.0		28|52|83|12|36||240.0		TGTGCCCTAGGGGGCACTGCCAGTAAACTCACCTTT	45	CALGGTASKLTF	:::::::::0:-8:5:::::12:-8:36:::
17781	114.0	4.4818684831076806E-5	1	1.1548677676406051E-4	TGTGCAGCAAGCTTCGCCCCGTCCCAATAACAATGACATGCGCTTT	NNNNNNNNNNNNNNNNNNNNNNNNNNNNNNNNNNNNNNNNNNNNNN	TRAV29/DV5*00(569.7)		TRAJ43*00(519.7)		529|541|562|0|12||120.0		21|43|74|24|46||220.0		TGTGCAGCAAGCTTCGCCCCGTCCCAATAACAATGACATGCGCTTT	45	CAASFAPS_NNNDMRF	:::::::::0:-1:12:::::24:-1:46:::
18555	114.0	4.4818684831076806E-5	1	1.1548677676406051E-4	TGTGCAATGCGCAGGTATGAACAGAGATGACAAGATCATCTTT	NNNNNNNNNNNNNNNNNNNNNNNNNNNNNNNNNNNNNNNNNNN	TRAV12-3*00(457.4),TRAV12-2*00(449.5)		TRAJ30*00(579)		562|574|595|0|12|SA571C|91.0;551|556|584|0|5||50.0		19|46|77|16|43||270.0		TGTGCAATGCGCAGGTATGAACAGAGATGACAAGATCATCTTT	45	CAMRRYE_RDDKIIF	:::::::::0:-1:12:::::16:1:43:::
19002	114.0	4.4818684831076806E-5	1	1.1548677676406051E-4	TGCCTCGTGGGTGACCTCGACTACAAGCTCAGCTTT	NNNNNNNNNNNNNNNNNNNNNNNNNNNNNNNNNNNN	TRAV4*00(570)		TRAJ20*00(489.5)		768|783|804|0|15||150.0		27|46|77|17|36||190.0		TGCCTCGTGGGTGACCTCGACTACAAGCTCAGCTTT	45	CLVGDLDYKLSF	:::::::::0:-1:15:::::17:-7:36:::
19087	114.0	4.4818684831076806E-5	1	1.1548677676406051E-4	TGCGTTTTTTTAGGGTGGTACTAGCTATGGAAAGCTGACATTT	NNNNNNNNNNNNNNNNNNNNNNNNNNNNNNNNNNNNNNNNNNN	TRAV12-1*00(420.7)		TRAJ52*00(599.7)		539|544|572|0|5|ST541C|21.0		28|58|89|13|43||300.0		TGCGTTTTTTTAGGGTGGTACTAGCTATGGAAAGCTGACATTT	45	CVFLGWY_SYGKLTF	:::::::::0:-8:5:::::13:-8:43:::
20459	114.0	4.4818684831076806E-5	1	1.1548677676406051E-4	TGCATCGTCAGAGACGATAGCAACTATCAGTTAATCTGG	NNNNNNNNNNNNNNNNNNNNNNNNNNNNNNNNNNNNNNN	TRAV26-1*00(619.7)		TRAJ33*00(529.7)		763|779|799|0|16|ST776A|131.0		23|46|77|16|39||240.0		TGCATCGTCAGAGACGATAGCAACTATCAGTTAATCTGG	45	CIVRDDSNYQLIW	:::::::::0:0:16:::::16:-3:39:::
1751	113.0	4.4425538472909466E-5	1	1.1548677676406051E-4	TGTGTGGTGACGGGGGGGGCACTCAAATTCCGGGTATGCACTCAACTTC	NNNNNNNNNNNNNNNNNNNNNNNNNNNNNNNNNNNNNNNNNNNNNNNNN	TRAV12-1*00(959.7)		TRAJ41*00(518.9)		539|549|572|0|10||100.0		22|51|82|20|49||290.0		TGTGTGGTGACGGGGGGGGCACTCAAATTCCGGGTATGCACTCAACTTC	45	CVVTGGAL_NSGYALNF	:::::::::0:-3:10:::::20:-2:49:::
3044	113.0	4.4425538472909466E-5	1	1.1548677676406051E-4	TGTGCTCCTGGGTACAGCAATGCTTCCAAGATAATCTTT	NNNNNNNNNNNNNNNNNNNNNNNNNNNNNNNNNNNNNNN	TRAV13-1*00(529.4)		TRAJ3*00(571.5)		511|514|544|0|3||50.0		15|51|82|3|39|SA15GSC17TSG20TSG31A|274.0		TGTGCTCCTGGGTACAGCAATGCTTCCAAGATAATCTTT	45	CAPGYSNASKIIF	:::::::::0:-10:3:::::3:5:39:::
4450	113.0	4.4425538472909466E-5	1	1.1548677676406051E-4	TGTGCTGCCAATCATTCAGGAGGAGGTGCTGACGGACTCACCTTT	NNNNNNNNNNNNNNNNNNNNNNNNNNNNNNNNNNNNNNNNNNNNN	TRAV41*00(562.9)		TRAJ45*00(630)		512|522|544|0|10|ST519C|71.0		23|55|86|13|45||320.0		TGTGCTGCCAATCATTCAGGAGGAGGTGCTGACGGACTCACCTTT	45	CAANHSGGGADGLTF	:::::::::0:-2:10:::::13:-3:45:::
6455	113.0	4.4425538472909466E-5	1	1.1548677676406051E-4	TGTGCCGTGAAAGC	NNNNNNNNNNNNNN	TRAV39*00(729.5)		TRAJ44*00(309.7)		507|516|540|0|9||90.0		52|52|83|14|14||0.0		TGTGCCGTGAAAGC	45	CA_ES	:::::::::0:-4:9:::::14:-32:14:::
17907	113.0	4.4425538472909466E-5	1	1.1548677676406051E-4	TGTGCAGCAAGCGCAGGTGGTGGTACTAGCTATGGAAAGCTGACATTT	NNNNNNNNNNNNNNNNNNNNNNNNNNNNNNNNNNNNNNNNNNNNNNNN	TRAV29/DV5*00(589.2)		TRAJ52*00(609.6)		529|543|562|0|14||140.0		27|58|89|17|48||310.0		TGTGCAGCAAGCGCAGGTGGTGGTACTAGCTATGGAAAGCTGACATTT	45	CAASAGGGTSYGKLTF	:::::::::0:1:14:::::17:-7:48:::
18523	113.0	4.4425538472909466E-5	1	1.1548677676406051E-4	TGTGCAGAGAAAGTAGCCAATGCAGGCAACATGCTCACCTTT	NNNNNNNNNNNNNNNNNNNNNNNNNNNNNNNNNNNNNNNNNN	TRAV13-2*00(559.7)		TRAJ39*00(550)		506|517|539|0|11||110.0		28|52|83|18|42||240.0		TGTGCAGAGAAAGTAGCCAATGCAGGCAACATGCTCACCTTT	45	CAEKVANAGNMLTF	:::::::::0:-2:11:::::18:-8:42:::
18608	113.0	4.4425538472909466E-5	1	1.1548677676406051E-4	TGTGCAATGAGCCCTAATGCTGGTGGTACTAGCTATGGAAAGCTGACATTT	NNNNNNNNNNNNNNNNNNNNNNNNNNNNNNNNNNNNNNNNNNNNNNNNNNN	TRAV12-3*00(490.7)		TRAJ52*00(679.5)		562|574|595|0|12||120.0		20|58|89|13|51||380.0		TGTGCAATGAGCCCTAATGCTGGTGGTACTAGCTATGGAAAGCTGACATTT	45	CAMSPNAGGTSYGKLTF	:::::::::0:-1:12:::::13:0:51:::
18731	113.0	4.4425538472909466E-5	1	1.1548677676406051E-4	TGTGCAATGAGAGAGCCGAATGCTGGCAACAACCGTAAGCTGATTTGG	NNNNNNNNNNNNNNNNNNNNNNNNNNNNNNNNNNNNNNNNNNNNNNNN	TRAV14/DV4*00(510.5)		TRAJ38*00(599)		517|532|554|0|15||150.0		21|51|82|18|48||300.0		TGTGCAATGAGAGAGCCGAATGCTGGCAACAACCGTAAGCTGATTTGG	45	CAMREPNAGNNRKLIW	:::::::::0:-2:15:::::18:-1:48:::
18835	113.0	4.4425538472909466E-5	1	1.1548677676406051E-4	TGTGCAATGAAGAGGGGAAATGAGAAATTAACCTTT	NNNNNNNNNNNNNNNNNNNNNNNNNNNNNNNNNNNN	TRAV12-3*00(499.7)		TRAJ48*00(519.7)		562|572|595|0|10||100.0		31|52|83|15|36||210.0		TGTGCAATGAAGAGGGGAAATGAGAAATTAACCTTT	45	CAMKRGNEKLTF	:::::::::0:-3:10:::::15:-11:36:::
18922	113.0	4.4425538472909466E-5	1	1.1548677676406051E-4	TGTGAGCAGGCGGTATCGGGATAACTATGGTCAGAATTTTGTCTTT	NNNNNNNNNNNNNNNNNNNNNNNNNNNNNNNNNNNNNNNNNNNNNN	TRAV35*00(429.7)		TRAJ26*00(609.7)		588|592|620|0|4||40.0		19|49|80|16|46||300.0		TGTGAGCAGGCGGTATCGGGATAACTATGGTCAGAATTTTGTCTTT	45	CEQAVSG*_YGQNFVF	:::::::::0:-8:4:::::16:1:46:::
2585	112.0	4.4032392114742126E-5	1	1.1548677676406051E-4	TGTGCTCTGAGTCTATCCAACTCTGGGGGTTACCAGAAAGTTACCTTT	NNNNNNNNNNNNNNNNNNNNNNNNNNNNNNNNNNNNNNNNNNNNNNNN	TRAV9-2*00(688.7)		TRAJ13*00(570.7)		480|492|514|0|12||120.0		22|52|83|18|48|ST24C|271.0		TGTGCTCTGAGTCTATCCAACTCTGGGGGTTACCAGAAAGTTACCTTT	45	CALSLSNSGGYQKVTF	:::::::::0:-2:12:::::18:-2:48:::
2671	112.0	4.4032392114742126E-5	1	1.1548677676406051E-4	TGTGCTCTGAGTGATGGAACAATAACAATGACATGCGCTTT	NNNNNNNNNNNNNNNNNNNNNNNNNNNNNNNNNNNNNNNNN	TRAV19*00(749.7)		TRAJ43*00(529.2)		556|570|593|0|14||140.0		20|43|74|18|41||230.0		TGTGCTCTGAGTGATGGAACAATAACAATGACATGCGCTTT	45	CALSDGT_NNDMRF	:::::::::0:-3:14:::::18:0:41:::
2862	112.0	4.4032392114742126E-5	1	1.1548677676406051E-4	TGTGCTCTGAGAGGGCAATGCCAGACTCATGTTT	NNNNNNNNNNNNNNNNNNNNNNNNNNNNNNNNNN	TRAV9-2*00(719.5)		TRAJ31*00(490)		480|491|514|0|11||110.0		27|46|77|15|34||190.0		TGTGCTCTGAGAGGGCAATGCCAGACTCATGTTT	45	CALRGQ_ARLMF	:::::::::0:-3:11:::::15:-7:34:::
4518	112.0	4.4032392114742126E-5	1	1.1548677676406051E-4	TGTGCTGGCTACCGGTAACCAGTTCTATTTT	NNNNNNNNNNNNNNNNNNNNNNNNNNNNNNN	TRAV35*00(470)		TRAJ49*00(509)		588|596|620|0|8||80.0		24|45|76|10|31||210.0		TGTGCTGGCTACCGGTAACCAGTTCTATTTT	45	CAGYR_NQFYF	:::::::::0:-4:8:::::10:-4:31:::
5062	112.0	4.4032392114742126E-5	1	1.1548677676406051E-4	TGTGCCTTCAAACGGGGTACAGCAATGCTTCCAAGATAATCTTT	NNNNNNNNNNNNNNNNNNNNNNNNNNNNNNNNNNNNNNNNNNNN	TRAV24*00(460.5)		TRAJ3*00(590.5)		515|523|545|0|8||80.0		19|51|82|12|44|SG31A|291.0		TGTGCCTTCAAACGGGGTACAGCAATGCTTCCAAGATAATCTTT	45	CAFKRGT_NASKIIF	:::::::::0:-2:8:::::12:1:44:::
5671	112.0	4.4032392114742126E-5	1	1.1548677676406051E-4	TGTGCCTCCCTCGAACACCGGTAACCAGTTCTATTTT	NNNNNNNNNNNNNNNNNNNNNNNNNNNNNNNNNNNNN	TRAV24*00(450.3)		TRAJ49*00(569.7)		515|522|545|0|7||70.0		18|45|76|10|37||270.0		TGTGCCTCCCTCGAACACCGGTAACCAGTTCTATTTT	45	CASLEH_GNQFYF	:::::::::0:-3:7:::::10:2:37:::
6143	112.0	4.4032392114742126E-5	1	1.1548677676406051E-4	TGTGCCGTCCCGGATAACACCGACAAGCTCATCTTT	NNNNNNNNNNNNNNNNNNNNNNNNNNNNNNNNNNNN	TRAV39*00(718.7)		TRAJ34*00(529)		507|515|540|0|8||80.0		24|47|78|13|36||230.0		TGTGCCGTCCCGGATAACACCGACAAGCTCATCTTT	45	CAVPDNTDKLIF	:::::::::0:-5:8:::::13:-4:36:::
17475	112.0	4.4032392114742126E-5	1	1.1548677676406051E-4	TGTGCAGCCTATAATGCAGGCAACATGCTCACCTTT	NNNNNNNNNNNNNNNNNNNNNNNNNNNNNNNNNNNN	TRAV13-1*00(560)		TRAJ39*00(540)		511|519|544|0|8||80.0		26|52|83|10|36||260.0		TGTGCAGCCTATAATGCAGGCAACATGCTCACCTTT	45	CAAYNAGNMLTF	:::::::::0:-5:8:::::10:-6:36:::
18091	112.0	4.4032392114742126E-5	1	1.1548677676406051E-4	TGTGCAGCAAAAGCCGCGCAATACAACTTCAACAAATTTTACTTT	NNNNNNNNNNNNNNNNNNNNNNNNNNNNNNNNNNNNNNNNNNNNN	TRAV13-1*00(579.3)		TRAJ21*00(558.5)		511|521|544|0|10||100.0		19|44|75|20|45||250.0		TGTGCAGCAAAAGCCGCGCAATACAACTTCAACAAATTTTACTTT	45	CAAKAAQYNFNKFYF	:::::::::0:-3:10:::::20:1:45:::
18798	112.0	4.4032392114742126E-5	1	1.1548677676406051E-4	TGTGCAATGAGAGAGGGGCTTAATGCTGGTGGTACTAGCTATGGAAAGCTGACATTT	NNNNNNNNNNNNNNNNNNNNNNNNNNNNNNNNNNNNNNNNNNNNNNNNNNNNNNNNN	TRAV14/DV4*00(530.7)		TRAJ52*00(669.5)		517|534|554|0|17||170.0		21|58|89|20|57||370.0		TGTGCAATGAGAGAGGGGCTTAATGCTGGTGGTACTAGCTATGGAAAGCTGACATTT	45	CAMREGLNAGGTSYGKLTF	:::::::::0:0:17:::::20:-1:57:::
18863	112.0	4.4032392114742126E-5	1	1.1548677676406051E-4	TGTGCAAAAGGGGTGGTGCTACAAACAAGCTCATCTTT	NNNNNNNNNNNNNNNNNNNNNNNNNNNNNNNNNNNNNN	TRAV12-2*00(449.7),TRAV12-3*00(440.7)		TRAJ32*00(570)		551|556|584|0|5||50.0;562|569|595|0|7||70.0		28|55|86|11|38||270.0		TGTGCAAAAGGGGTGGTGCTACAAACAAGCTCATCTTT	45	CAKGVV_TNKLIF	:::::::::0:-8:5:::::11:-8:38:::
21350	112.0	4.4032392114742126E-5	1	1.1548677676406051E-4	TACGACACAGGCAAACTAATCTTT	NNNNNNNNNNNNNNNNNNNNNNNN	TRAV1-2*00(540.7)		TRAJ37*00(510)		620|621|654|0|1||10.0		31|51|82|4|24||200.0		TACGACACAGGCAAACTAATCTTT	45	YDTGKLIF	:::::::::0:-13:1:::::4:-11:24:::
1498	111.0	4.3639245756574786E-5	1	1.1548677676406051E-4	TCGGCATGGACACGGGCAGGAGAGCACTTACTTTT	NNNNNNNNNNNNNNNNNNNNNNNNNNNNNNNNNNN	TRAV12-1*00(409.7)		TRAJ5*00(608.3)		539|540|572|0|1||10.0		18|49|80|4|35||310.0		TCGGCATGGACACGGGCAGGAGAGCACTTACTTTT	45	SAWTRA_RALTF	:::::::::0:-12:1:::::4:2:35:::
3818	111.0	4.3639245756574786E-5	1	1.1548677676406051E-4	TGTGCTGTGACCCCTCAACAAATTTTACTTT	NNNNNNNNNNNNNNNNNNNNNNNNNNNNNNN	TRAV8-6*00(669.5)		TRAJ21*00(480)		448|458|482|0|10||100.0		27|44|75|14|31||170.0		TGTGCTGTGACCCCTCAACAAATTTTACTTT	45	CAVTP_NKFYF	:::::::::0:-4:10:::::14:-7:31:::
4405	111.0	4.3639245756574786E-5	1	1.1548677676406051E-4	TGTGCTGCCTCCACAGGGGCAGGAGAGCACTTACTTTT	NNNNNNNNNNNNNNNNNNNNNNNNNNNNNNNNNNNNNN	TRAV8-6*00(640)		TRAJ5*00(530.7)		448|455|482|0|7||70.0		23|49|80|12|38|SC26G|231.0		TGTGCTGCCTCCACAGGGGCAGGAGAGCACTTACTTTT	45	CAASTG_RRALTF	:::::::::0:-7:7:::::12:-3:38:::
4552	111.0	4.3639245756574786E-5	1	1.1548677676406051E-4	TGTGCTGGGCTCTCTAGCAACACAGGCAAACTAATCTTT	NNNNNNNNNNNNNNNNNNNNNNNNNNNNNNNNNNNNNNN	TRAV8-3*00(516.7)		TRAJ37*00(561)		455|462|489|0|7||70.0		23|51|82|11|39|SG27A|251.0		TGTGCTGGGCTCTCTAGCAACACAGGCAAACTAATCTTT	45	CAGLSSNTGKLIF	:::::::::0:-7:7:::::11:-3:39:::
4781	111.0	4.3639245756574786E-5	1	1.1548677676406051E-4	TGTGCTACGTCCAAAGCTACAGGCAACAAGCTAACTTTT	NNNNNNNNNNNNNNNNNNNNNNNNNNNNNNNNNNNNNNN	TRAV17*00(889.5)		TRAJ17*00(550.7)		490|499|523|0|9||90.0		24|52|83|11|39|SG31A|251.0		TGTGCTACGTCCAAAGCTACAGGCAACAAGCTAACTTTT	45	CATSKATGNKLTF	:::::::::0:-4:9:::::11:-4:39:::
4982	111.0	4.3639245756574786E-5	1	1.1548677676406051E-4	TGTGCCTTTTGAAATGAGAAATTAACCTTT	NNNNNNNNNNNNNNNNNNNNNNNNNNNNNN	TRAV24*00(356.6)		TRAJ48*00(528.8)		515|522|545|0|7||90.0		29|52|83|7|30|SG31T|221.0		TGTGCCTTTTGAAATGAGAAATTAACCTTT	45	CAF*NEKLTF	:::::::::0:-3:7:::::7:-9:30:::
6200	111.0	4.3639245756574786E-5	1	1.1548677676406051E-4	TGTGCCGTGGCCGCTTCCCGGAGCAACTATCAGTTAATCTGG	NNNNNNNNNNNNNNNNNNNNNNNNNNNNNNNNNNNNNNNNNN	TRAV39*00(740)		TRAJ33*00(498.5)		507|517|540|0|10||100.0		25|46|77|21|42||210.0		TGTGCCGTGGCCGCTTCCCGGAGCAACTATCAGTTAATCTGG	45	CAVAASRSNYQLIW	:::::::::0:-3:10:::::21:-5:42:::
17523	111.0	4.3639245756574786E-5	1	1.1548677676406051E-4	TGTGCAGCGACTTCGAGGGTAACTTCAACAAATTTTACTTT	NNNNNNNNNNNNNNNNNNNNNNNNNNNNNNNNNNNNNNNNN	TRAV13-1*00(559.7)		TRAJ21*00(519.7)		511|519|544|0|8||80.0		23|44|75|20|41||210.0		TGTGCAGCGACTTCGAGGGTAACTTCAACAAATTTTACTTT	45	CAATSRV_FNKFYF	:::::::::0:-5:8:::::20:-3:41:::
18053	111.0	4.3639245756574786E-5	1	1.1548677676406051E-4	TGTGCAGCAAGGACGGAATATAGAAACAAACTGGTCTTT	NNNNNNNNNNNNNNNNNNNNNNNNNNNNNNNNNNNNNNN	TRAV13-1*00(589.3)		TRAJ47*00(530)		511|522|544|0|11||110.0		21|46|77|14|39|SG28A|221.0		TGTGCAGCAAGGACGGAATATAGAAACAAACTGGTCTTT	45	CAARTEYRNKLVF	:::::::::0:-2:11:::::14:-1:39:::
18164	111.0	4.3639245756574786E-5	1	1.1548677676406051E-4	TGTGCAGGGCCGAACACCGGTAACCAGTTCTATTTT	NNNNNNNNNNNNNNNNNNNNNNNNNNNNNNNNNNNN	TRAV25*00(569.8)		TRAJ49*00(559.2)		620|631|649|0|11||110.0		20|45|76|11|36||260.0		TGTGCAGGGCCGAACACCGGTAACCAGTTCTATTTT	45	CAGPNTGNQFYF	:::::::::0:2:11:::::11:0:36:::
18414	111.0	4.3639245756574786E-5	1	1.1548677676406051E-4	TGTGCAGAGACAGCCCCAGATGGCCAGAAGCTGCTCTTT	NNNNNNNNNNNNNNNNNNNNNNNNNNNNNNNNNNNNNNN	TRAV13-2*00(549.7)		TRAJ16*00(500.7)		506|516|539|0|10||100.0		26|49|80|16|39||230.0		TGTGCAGAGACAGCCCCAGATGGCCAGAAGCTGCTCTTT	45	CAETAPDGQKLLF	:::::::::0:-3:10:::::16:-6:39:::
18750	111.0	4.3639245756574786E-5	1	1.1548677676406051E-4	TGTGCAATGAGAGAGGGTTAATTCTGGGGGTTACCAGAAAGTTACCTTT	NNNNNNNNNNNNNNNNNNNNNNNNNNNNNNNNNNNNNNNNNNNNNNNNN	TRAV14/DV4*00(531.1)		TRAJ13*00(600)		517|534|554|0|17||170.0		22|52|83|19|49||300.0		TGTGCAATGAGAGAGGGTTAATTCTGGGGGTTACCAGAAAGTTACCTTT	45	CAMREG*F_GGYQKVTF	:::::::::0:0:17:::::19:-2:49:::
18802	111.0	4.3639245756574786E-5	1	1.1548677676406051E-4	TGTGCAATGAGAGAGGGGGACATGCGCTTT	NNNNNNNNNNNNNNNNNNNNNNNNNNNNNN	TRAV14/DV4*00(531)		TRAJ43*00(419.7)		517|534|554|0|17||170.0		31|43|74|18|30||120.0		TGTGCAATGAGAGAGGGGGACATGCGCTTT	45	CAMREGDMRF	:::::::::0:0:17:::::18:-11:30:::
20325	111.0	4.3639245756574786E-5	1	1.1548677676406051E-4	TGCATCGTCCCTGCAGCAAATCAACCTTT	NNNNNNNNNNNNNNNNNNNNNNNNNNNNN	TRAV26-1*00(579.7)		TRAJ27*00(429.7)		763|772|799|0|9||90.0		34|48|79|15|29||140.0		TGCATCGTCCCTGCAGCAAATCAACCTTT	45	CIVPA_KSTF	:::::::::0:-7:9:::::15:-14:29:::
1743	110.0	4.3246099398407445E-5	1	1.1548677676406051E-4	TGTGTGGTGACCGGCCTAAATACTGGAGGCTTCAAAACTATCTTT	NNNNNNNNNNNNNNNNNNNNNNNNNNNNNNNNNNNNNNNNNNNNN	TRAV12-1*00(500.1)		TRAJ9*00(579.7)		539|549|572|0|10||100.0		22|50|81|17|45||280.0		TGTGTGGTGACCGGCCTAAATACTGGAGGCTTCAAAACTATCTTT	45	CVVTGLNTGGFKTIF	:::::::::0:-3:10:::::17:-2:45:::
3080	110.0	4.3246099398407445E-5	1	1.1548677676406051E-4	TGTGCTCCCACCAACAGGAGGAGGTGCTGACGGACTCACCTTT	NNNNNNNNNNNNNNNNNNNNNNNNNNNNNNNNNNNNNNNNNNN	TRAV16*00(939.7)		TRAJ45*00(559.7)		449|456|483|0|7||70.0		26|55|86|14|43||290.0		TGTGCTCCCACCAACAGGAGGAGGTGCTGACGGACTCACCTTT	45	CAPTNRR_GADGLTF	:::::::::0:-7:7:::::14:-6:43:::
3395	110.0	4.3246099398407445E-5	1	1.1548677676406051E-4	TGTGCTGTGCCCACCGGTAACCAGTTCTATTTT	NNNNNNNNNNNNNNNNNNNNNNNNNNNNNNNNN	TRAV21*00(450)		TRAJ49*00(519.7)		544|553|576|0|9||90.0		23|45|76|11|33||220.0		TGTGCTGTGCCCACCGGTAACCAGTTCTATTTT	45	CAVPTGNQFYF	:::::::::0:-3:9:::::11:-3:33:::
3826	110.0	4.3246099398407445E-5	1	1.1548677676406051E-4	TGTGCTGTGACCGGAGCCGATCAAAGCTGCAGGCAACAAGCTAACTTTT	NNNNNNNNNNNNNNNNNNNNNNNNNNNNNNNNNNNNNNNNNNNNNNNNN	TRAV8-4*00(649.7)		TRAJ17*00(610)		476|486|510|0|10||100.0		21|52|83|18|49||310.0		TGTGCTGTGACCGGAGCCGATCAAAGCTGCAGGCAACAAGCTAACTTTT	45	CAVTGADQ_AAGNKLTF	:::::::::0:-4:10:::::18:-1:49:::
4037	110.0	4.3246099398407445E-5	1	1.1548677676406051E-4	TGTGCTGTGAGTGAACCCCGCTTAATGCGCTTT	NNNNNNNNNNNNNNNNNNNNNNNNNNNNNNNNN	TRAV8-6*00(709.1)		TRAJ43*00(388.9)		448|462|482|0|14||140.0		34|43|74|24|33||90.0		TGTGCTGTGAGTGAACCCCGCTTAATGCGCTTT	45	CAVSEPRLMRF	:::::::::0:0:14:::::24:-14:33:::
4041	110.0	4.3246099398407445E-5	1	1.1548677676406051E-4	TGTGCTGTGAGTGAAGTATTAGGAACCTACAAATACATCTTT	NNNNNNNNNNNNNNNNNNNNNNNNNNNNNNNNNNNNNNNNNN	TRAV8-6*00(710)		TRAJ40*00(509.5)		448|462|482|0|14||140.0		28|50|81|20|42||220.0		TGTGCTGTGAGTGAAGTATTAGGAACCTACAAATACATCTTT	45	CAVSEVLGTYKYIF	:::::::::0:0:14:::::20:-8:42:::
4237	110.0	4.3246099398407445E-5	1	1.1548677676406051E-4	TGTGCTGTGAGAGGCACAGGCTTTCAGAAACTTGTATTT	NNNNNNNNNNNNNNNNNNNNNNNNNNNNNNNNNNNNNNN	TRAV3*00(610.2)		TRAJ8*00(539.6)		437|452|473|0|15|SA450G|131.0		25|49|80|15|39||250.0		TGTGCTGTGAGAGGCACAGGCTTTCAGAAACTTGTATTT	45	CAVRGTGFQKLVF	:::::::::0:-1:15:::::15:-5:39:::
4378	110.0	4.3246099398407445E-5	1	1.1548677676406051E-4	TGTGCTGTAATATGAACAGAGATGACAAGATCATCTTT	NNNNNNNNNNNNNNNNNNNNNNNNNNNNNNNNNNNNNN	TRAV2*00(529.2)		TRAJ30*00(579.5)		519|527|553|0|8||80.0		19|46|77|11|38||270.0		TGTGCTGTAATATGAACAGAGATGACAAGATCATCTTT	45	CAVI*T_DDKIIF	:::::::::0:-6:8:::::11:1:38:::
4579	110.0	4.3246099398407445E-5	1	1.1548677676406051E-4	TGTGCTGGGCCAGGAAACAATGCCAGACTCATGTTT	NNNNNNNNNNNNNNNNNNNNNNNNNNNNNNNNNNNN	TRAV35*00(757.6)		TRAJ31*00(509.7)		588|598|620|0|10||100.0		25|46|77|15|36||210.0		TGTGCTGGGCCAGGAAACAATGCCAGACTCATGTTT	45	CAGPGNNARLMF	:::::::::0:-2:10:::::15:-5:36:::
4794	110.0	4.3246099398407445E-5	1	1.1548677676406051E-4	TGTGCTACGGTCGACGCCCCCTTTGGGGGAAAGCTTATCTTC	NNNNNNNNNNNNNNNNNNNNNNNNNNNNNNNNNNNNNNNNNN	TRAV17*00(899.5)		TRAJ23*00(460.5)		490|503|523|0|13|SA500T|101.0		34|52|83|24|42|SA36G|151.0		TGTGCTACGGTCGACGCCCCCTTTGGGGGAAAGCTTATCTTC	45	CATVDAPFGGKLIF	:::::::::0:0:13:::::24:-14:42:::
5038	110.0	4.3246099398407445E-5	1	1.1548677676406051E-4	TGTGCCTTCTACCAGGCAGGAACTGCTCTGATCTTT	NNNNNNNNNNNNNNNNNNNNNNNNNNNNNNNNNNNN	TRAV23/DV6*00(361.3)		TRAJ15*00(568.8)		517|522|550|0|5||50.0		23|49|80|10|36||260.0		TGTGCCTTCTACCAGGCAGGAACTGCTCTGATCTTT	45	CAFYQAGTALIF	:::::::::0:-8:5:::::10:-3:36:::
6146	110.0	4.3246099398407445E-5	1	1.1548677676406051E-4	TGTGCCGTCCGAAAAGCTGCAGGCAACAAGCTAACTTTT	NNNNNNNNNNNNNNNNNNNNNNNNNNNNNNNNNNNNNNN	TRAV12-1*00(440)		TRAJ17*00(569.5)		539|543|572|0|4||40.0		25|52|83|12|39||270.0		TGTGCCGTCCGAAAAGCTGCAGGCAACAAGCTAACTTTT	45	CAVRKAAGNKLTF	:::::::::0:-9:4:::::12:-5:39:::
17411	110.0	4.3246099398407445E-5	1	1.1548677676406051E-4	TGTGCAGTCTTGTGGAATATAGAAACAAACTGGTCTTT	NNNNNNNNNNNNNNNNNNNNNNNNNNNNNNNNNNNNNN	TRAV5*00(429.9)		TRAJ47*00(540.7)		523|530|556|0|7||70.0		20|46|77|12|38|SG28A|231.0		TGTGCAGTCTTGTGGAATATAGAAACAAACTGGTCTTT	45	CAVLWN_RNKLVF	:::::::::0:-6:7:::::12:0:38:::
17644	110.0	4.3246099398407445E-5	1	1.1548677676406051E-4	TGTGCAGCAACAACTAATGGACACGGGCAGGAGAGCACTTACTTTT	NNNNNNNNNNNNNNNNNNNNNNNNNNNNNNNNNNNNNNNNNNNNNN	TRAV13-1*00(579.7)		TRAJ5*00(599.2)		511|521|544|0|10||100.0		19|49|80|16|46||300.0		TGTGCAGCAACAACTAATGGACACGGGCAGGAGAGCACTTACTTTT	45	CAATTNGH_GRRALTF	:::::::::0:-3:10:::::16:1:46:::
17796	110.0	4.3246099398407445E-5	1	1.1548677676406051E-4	TGTGCAGCAAGCTATCTCTTTTTATGGAGGAAGCCAAGGAAATCTCATCTTT	NNNNNNNNNNNNNNNNNNNNNNNNNNNNNNNNNNNNNNNNNNNNNNNNNNNN	TRAV29/DV5*00(569.2)		TRAJ42*00(608.9)		529|541|562|0|12||120.0		24|55|86|21|52||310.0		TGTGCAGCAAGCTATCTCTTTTTATGGAGGAAGCCAAGGAAATCTCATCTTT	45	CAASYLFLW_GSQGNLIF	:::::::::0:-1:12:::::21:-4:52:::
17968	110.0	4.3246099398407445E-5	1	1.1548677676406051E-4	TGTGCAGCAAGCGAACATAGCAACTATCAGTTAATCTGG	NNNNNNNNNNNNNNNNNNNNNNNNNNNNNNNNNNNNNNN	TRAV29/DV5*00(539.5)		TRAJ33*00(519.5)		529|542|562|0|13||130.0		23|46|77|16|39||230.0		TGTGCAGCAAGCGAACATAGCAACTATCAGTTAATCTGG	45	CAASEHSNYQLIW	:::::::::0:0:13:::::16:-3:39:::
18103	110.0	4.3246099398407445E-5	1	1.1548677676406051E-4	TGTGCAGGTCTGTATTCAGGAGGAGGTGCTGACGGACTCACCTTT	NNNNNNNNNNNNNNNNNNNNNNNNNNNNNNNNNNNNNNNNNNNNN	TRAV25*00(540)		TRAJ45*00(660)		620|628|649|0|8||80.0		20|55|86|10|45||350.0		TGTGCAGGTCTGTATTCAGGAGGAGGTGCTGACGGACTCACCTTT	45	CAGLYSGGGADGLTF	:::::::::0:-1:8:::::10:0:45:::
18295	110.0	4.3246099398407445E-5	1	1.1548677676406051E-4	TGTGCAGGAGACAAAGCTGCAGGCAACAAGCTAACTTTT	NNNNNNNNNNNNNNNNNNNNNNNNNNNNNNNNNNNNNNN	TRAV27*00(642)		TRAJ17*00(579.5)		552|562|582|0|10||100.0		24|52|83|11|39||280.0		TGTGCAGGAGACAAAGCTGCAGGCAACAAGCTAACTTTT	45	CAGDKAAGNKLTF	:::::::::0:0:10:::::11:-4:39:::
18421	110.0	4.3246099398407445E-5	1	1.1548677676406051E-4	TGTGCAGAGAGTGTTACAGGCAAACTAATCTTT	NNNNNNNNNNNNNNNNNNNNNNNNNNNNNNNNN	TRAV5*00(479.7)		TRAJ37*00(488.2)		523|535|556|0|12||120.0		33|51|82|15|33||180.0		TGTGCAGAGAGTGTTACAGGCAAACTAATCTTT	45	CAESVTGKLIF	:::::::::0:-1:12:::::15:-13:33:::
18531	110.0	4.3246099398407445E-5	1	1.1548677676406051E-4	TGTGCAGAAATATATGGAGGAAGCCAAGGAAATCTCATCTTT	NNNNNNNNNNNNNNNNNNNNNNNNNNNNNNNNNNNNNNNNNN	TRAV13-1*00(550.5)		TRAJ42*00(600)		511|521|544|0|10|SC518A|71.0		25|55|86|12|42||300.0		TGTGCAGAAATATATGGAGGAAGCCAAGGAAATCTCATCTTT	45	CAEIYGGSQGNLIF	:::::::::0:-3:10:::::12:-5:42:::
20490	110.0	4.3246099398407445E-5	1	1.1548677676406051E-4	TGCATCGGGGACCGTGCTGGCAACAACCGTAAGCTGATTTGG	NNNNNNNNNNNNNNNNNNNNNNNNNNNNNNNNNNNNNNNNNN	TRAV26-1*00(559.3)		TRAJ38*00(579.7)		763|770|799|0|7||70.0		23|51|82|14|42||280.0		TGCATCGGGGACCGTGCTGGCAACAACCGTAAGCTGATTTGG	45	CIGDRAGNNRKLIW	:::::::::0:-9:7:::::14:-3:42:::
1644	109.0	4.2852953040240105E-5	1	1.1548677676406051E-4	TGTGTGTTCCCCCTTACTCAGTTAATCTGG	NNNNNNNNNNNNNNNNNNNNNNNNNNNNNN	TRAV10*00(619.2)		TRAJ33*00(419.2)		575|581|608|0|6||60.0		33|46|77|17|30||130.0		TGTGTGTTCCCCCTTACTCAGTTAATCTGG	45	CVFPLTQLIW	:::::::::0:-7:6:::::17:-13:30:::
1758	109.0	4.2852953040240105E-5	1	1.1548677676406051E-4	TGTGTGGTGAGTCCTGGTGCTGCATTGC	NNNNNNNNNNNNNNNNNNNNNNNNNNNN	TRAV10*00(670)		TRAJ35*00(419.5)		575|586|608|0|11||110.0		36|48|79|16|28||120.0		TGTGTGGTGAGTCCTGGTGCTGCATTGC	45	CVVSP_VLHC	:::::::::0:-2:11:::::16:-16:28:::
3301	109.0	4.2852953040240105E-5	1	1.1548677676406051E-4	TGTGCTGTCAGTGACACCGGTAACCAGTTCTATTTT	NNNNNNNNNNNNNNNNNNNNNNNNNNNNNNNNNNNN	TRAV41*00(612)		TRAJ49*00(528.8)		512|523|544|0|11||110.0		22|45|76|13|36||230.0		TGTGCTGTCAGTGACACCGGTAACCAGTTCTATTTT	45	CAVSDTGNQFYF	:::::::::0:-1:11:::::13:-2:36:::
3414	109.0	4.2852953040240105E-5	1	1.1548677676406051E-4	TGTGCTGTGCGGGGGTAACAATGACATGCGCTTT	NNNNNNNNNNNNNNNNNNNNNNNNNNNNNNNNNN	TRAV21*00(960.5)		TRAJ43*00(490)		544|556|576|0|12|SA553C|91.0		24|43|74|15|34||190.0		TGTGCTGTGCGGGGGTAACAATGACATGCGCTTT	45	CAVRG*_NDMRF	:::::::::0:0:12:::::15:-4:34:::
4056	109.0	4.2852953040240105E-5	1	1.1548677676406051E-4	TGTGCTGTGAGTGAAAATGCAGGCAAATCAACCTTT	NNNNNNNNNNNNNNNNNNNNNNNNNNNNNNNNNNNN	TRAV8-4*00(639.3)		TRAJ27*00(500)		476|490|510|0|14||140.0		27|48|79|15|36||210.0		TGTGCTGTGAGTGAAAATGCAGGCAAATCAACCTTT	45	CAVSENAGKSTF	:::::::::0:0:14:::::15:-7:36:::
4102	109.0	4.2852953040240105E-5	1	1.1548677676406051E-4	TGTGCTGTGAGCGAAGCGGGTTACCAGAAAGTTACCTTT	NNNNNNNNNNNNNNNNNNNNNNNNNNNNNNNNNNNNNNN	TRAV8-6*00(680.7)		TRAJ13*00(520)		448|462|482|0|14|ST459C|111.0		30|52|83|17|39||220.0		TGTGCTGTGAGCGAAGCGGGTTACCAGAAAGTTACCTTT	45	CAVSEAGYQKVTF	:::::::::0:0:14:::::17:-10:39:::
6370	109.0	4.2852953040240105E-5	1	1.1548677676406051E-4	TGTGCCGTGAATAATGCAGGCAACATGCTCACCTTT	NNNNNNNNNNNNNNNNNNNNNNNNNNNNNNNNNNNN	TRAV12-2*00(970)		TRAJ39*00(579.6)		551|561|584|0|10||110.0		26|52|83|10|36||270.0		TGTGCCGTGAATAATGCAGGCAACATGCTCACCTTT	45	CAVNNAGNMLTF	:::::::::0:-3:10:::::10:-6:36:::
17726	109.0	4.2852953040240105E-5	1	1.1548677676406051E-4	TGTGCAGCAAGTACGGGTAATGCAGGCAACATGCTCACCTTT	NNNNNNNNNNNNNNNNNNNNNNNNNNNNNNNNNNNNNNNNNN	TRAV13-1*00(609.7)		TRAJ39*00(559.5)		511|524|544|0|13||130.0		27|52|83|17|42||250.0		TGTGCAGCAAGTACGGGTAATGCAGGCAACATGCTCACCTTT	45	CAASTGNAGNMLTF	:::::::::0:0:13:::::17:-7:42:::
17893	109.0	4.2852953040240105E-5	1	1.1548677676406051E-4	TGTGCAGCAAGCGCGATCACTGACAGCTGGGGGAAATTGCAGTTT	NNNNNNNNNNNNNNNNNNNNNNNNNNNNNNNNNNNNNNNNNNNNN	TRAV29/DV5*00(559.9)		TRAJ24*00(560)		529|544|562|0|15||150.0		25|52|83|18|45||270.0		TGTGCAGCAAGCGCGATCACTGACAGCTGGGGGAAATTGCAGTTT	45	CAASAITDSWGKLQF	:::::::::0:2:15:::::18:-5:45:::
17895	109.0	4.2852953040240105E-5	1	1.1548677676406051E-4	TGTGCAGCAAGCGCGACGGTTCTGCAAGGCAACTGACCTTT	NNNNNNNNNNNNNNNNNNNNNNNNNNNNNNNNNNNNNNNNN	TRAV29/DV5*00(599.2)		TRAJ22*00(549.9)		529|544|562|0|15||150.0		28|52|83|17|41||240.0		TGTGCAGCAAGCGCGACGGTTCTGCAAGGCAACTGACCTTT	45	CAASATV_ARQLTF	:::::::::0:2:15:::::17:-8:41:::
18342	109.0	4.2852953040240105E-5	1	1.1548677676406051E-4	TGTGCAGAGTCTCCATCTGGTGGCTACAATAAGCTGATTTTT	NNNNNNNNNNNNNNNNNNNNNNNNNNNNNNNNNNNNNNNNNN	TRAV13-2*00(540)		TRAJ4*00(435)		506|515|539|0|9||90.0		25|52|83|15|42||270.0		TGTGCAGAGTCTCCATCTGGTGGCTACAATAAGCTGATTTTT	45	CAESPSGGYNKLIF	:::::::::0:-4:9:::::15:-5:42:::
20452	109.0	4.2852953040240105E-5	1	1.1548677676406051E-4	TGCATCGTCAGAGGGGACCGAGGAAAGCTTATCTTC	NNNNNNNNNNNNNNNNNNNNNNNNNNNNNNNNNNNN	TRAV26-1*00(618.9)		TRAJ23*00(440.7)		763|776|799|0|13||130.0		35|52|83|19|36||170.0		TGCATCGTCAGAGGGGACCGAGGAAAGCTTATCTTC	45	CIVRGDRGKLIF	:::::::::0:-3:13:::::19:-15:36:::
1742	108.0	4.2459806682072765E-5	1	1.1548677676406051E-4	TGTGTGGTGACCGCTGGCTCTAGCAACACAGGCAAACTAATCTTT	NNNNNNNNNNNNNNNNNNNNNNNNNNNNNNNNNNNNNNNNNNNNN	TRAV10*00(670.3)		TRAJ37*00(589.9)		575|589|608|0|14|SG585C|111.0		20|51|82|14|45|SG27A|281.0		TGTGTGGTGACCGCTGGCTCTAGCAACACAGGCAAACTAATCTTT	45	CVVTAGSSNTGKLIF	:::::::::0:1:14:::::14:0:45:::
1877	108.0	4.2459806682072765E-5	1	1.1548677676406051E-4	TGTGTGGTGAACCGAAACAATGCCAGACTCATGTTT	NNNNNNNNNNNNNNNNNNNNNNNNNNNNNNNNNNNN	TRAV12-1*00(520)		TRAJ31*00(510)		539|551|572|0|12||120.0		25|46|77|15|36||210.0		TGTGTGGTGAACCGAAACAATGCCAGACTCATGTTT	45	CVVNRNNARLMF	:::::::::0:-1:12:::::15:-5:36:::
2436	108.0	4.2459806682072765E-5	1	1.1548677676406051E-4	TGTGCTCTTGATAACTATGGTCAGAATTTTGTCTTT	NNNNNNNNNNNNNNNNNNNNNNNNNNNNNNNNNNNN	TRAV19*00(689.5)		TRAJ26*00(569.7)		556|564|593|0|8||80.0		22|49|80|9|36||270.0		TGTGCTCTTGATAACTATGGTCAGAATTTTGTCTTT	45	CALDNYGQNFVF	:::::::::0:-9:8:::::9:-2:36:::
3001	108.0	4.2459806682072765E-5	1	1.1548677676406051E-4	TGTGCTCTAAGGCTAACTTTGGAAATGAGAAATTAACCTTT	NNNNNNNNNNNNNNNNNNNNNNNNNNNNNNNNNNNNNNNNN	TRAV16*00(979.5)		TRAJ48*00(560)		449|460|483|0|11||110.0		23|52|83|12|41||290.0		TGTGCTCTAAGGCTAACTTTGGAAATGAGAAATTAACCTTT	45	CALRLTL_NEKLTF	:::::::::0:-3:11:::::12:-3:41:::
3019	108.0	4.2459806682072765E-5	1	1.1548677676406051E-4	TGTGCTCTAAACAATAACCAGGGAGGAAAGCTTATCTTC	NNNNNNNNNNNNNNNNNNNNNNNNNNNNNNNNNNNNNNN	TRAV16*00(508.7)		TRAJ23*00(569.2)		449|459|483|0|10||100.0		26|52|83|13|39||260.0		TGTGCTCTAAACAATAACCAGGGAGGAAAGCTTATCTTC	45	CALNNNQGGKLIF	:::::::::0:-4:10:::::13:-6:39:::
5966	108.0	4.2459806682072765E-5	1	1.1548677676406051E-4	TGTGCCCTTGACGGACTCACCTTT	NNNNNNNNNNNNNNNNNNNNNNNN	TRAV13-1*00(529.7)		TRAJ45*00(469.8)		511|516|544|0|5||50.0		39|55|86|8|24||160.0		TGTGCCCTTGACGGACTCACCTTT	45	CALDGLTF	:::::::::0:-8:5:::::8:-19:24:::
6125	108.0	4.2459806682072765E-5	1	1.1548677676406051E-4	TGTGCCGTTCCCATATTCAGATGGCCAGAAGCTGCTCTTT	NNNNNNNNNNNNNNNNNNNNNNNNNNNNNNNNNNNNNNNN	TRAV12-2*00(940)		TRAJ16*00(490.3)		551|559|584|0|8||80.0		24|49|80|15|40||250.0		TGTGCCGTTCCCATATTCAGATGGCCAGAAGCTGCTCTTT	45	CAVPIFR_GQKLLF	:::::::::0:-5:8:::::15:-4:40:::
6213	108.0	4.2459806682072765E-5	1	1.1548677676406051E-4	TGTGCCGTGGGCACAGGCTTTCAGAAACTTGTATTT	NNNNNNNNNNNNNNNNNNNNNNNNNNNNNNNNNNNN	TRAV12-2*00(461),TRAV12-3*00(450)		TRAJ8*00(539.6)		551|560|584|0|9||90.0;562|567|595|0|5||50.0		24|49|80|11|36||250.0		TGTGCCGTGGGCACAGGCTTTCAGAAACTTGTATTT	45	CAVGTGFQKLVF	:::::::::0:-4:9:::::11:-4:36:::
6283	108.0	4.2459806682072765E-5	1	1.1548677676406051E-4	TGTGCCGTGATCGGGGGTTACCAGAAAGTTACCTTT	NNNNNNNNNNNNNNNNNNNNNNNNNNNNNNNNNNNN	TRAV12-2*00(500)		TRAJ13*00(540)		551|561|584|0|10||100.0		28|52|83|12|36||240.0		TGTGCCGTGATCGGGGGTTACCAGAAAGTTACCTTT	45	CAVIGGYQKVTF	:::::::::0:-3:10:::::12:-8:36:::
18014	108.0	4.2459806682072765E-5	1	1.1548677676406051E-4	TGTGCAGCAAGCAGGAGTGGGAACAACAGACTCGCTTTT	NNNNNNNNNNNNNNNNNNNNNNNNNNNNNNNNNNNNNNN	TRAV23/DV6*00(381.7),TRAV21*00(377.2)		TRAJ7*00(508.9)		517|530|550|0|13||130.0;544|549|576|0|5||50.0		26|48|79|17|39||220.0		TGTGCAGCAAGCAGGAGTGGGAACAACAGACTCGCTTTT	45	CAASRSGNNRLAF	:::::::::0:0:13:::::17:-6:39:::
18642	108.0	4.2459806682072765E-5	1	1.1548677676406051E-4	TGTGCAATGAGCGCGACCGAGGAATATAGAAACAAACTGGTCTTT	NNNNNNNNNNNNNNNNNNNNNNNNNNNNNNNNNNNNNNNNNNNNN	TRAV12-3*00(521)		TRAJ47*00(531)		562|577|595|0|15||150.0		21|46|77|20|45|SG28A|221.0		TGTGCAATGAGCGCGACCGAGGAATATAGAAACAAACTGGTCTTT	45	CAMSATEEYRNKLVF	:::::::::0:2:15:::::20:-1:45:::
18745	108.0	4.2459806682072765E-5	1	1.1548677676406051E-4	TGTGCAATGAGAGAGGCGCTCTATGGGAACAACAGACTCGCTTTT	NNNNNNNNNNNNNNNNNNNNNNNNNNNNNNNNNNNNNNNNNNNNN	TRAV14/DV4*00(520.4)		TRAJ7*00(539.5)		517|533|554|0|16||160.0		23|48|79|20|45||250.0		TGTGCAATGAGAGAGGCGCTCTATGGGAACAACAGACTCGCTTTT	45	CAMREALYGNNRLAF	:::::::::0:-1:16:::::20:-3:45:::
20261	108.0	4.2459806682072765E-5	1	1.1548677676406051E-4	TGCATCCTGAGAGACCTCAAACAAACTGGTCTTT	NNNNNNNNNNNNNNNNNNNNNNNNNNNNNNNNNN	TRAV26-2*00(631)		TRAJ47*00(469.8)		791|809|826|0|18|SG806C|151.0		30|46|77|18|34||160.0		TGCATCCTGAGAGACCTCAAACAAACTGGTCTTT	45	CILRDL_NKLVF	:::::::::0:3:18:::::18:-10:34:::
21357	108.0	4.2459806682072765E-5	1	1.1548677676406051E-4	CTTTTGAAACCTAATGCTGGCAACAACCGTAAGCTGATTTGG	NNNNNNNNNNNNNNNNNNNNNNNNNNNNNNNNNNNNNNNNNN	TRAV14/DV4*00(361)		TRAJ38*00(609.3)		517|517|554|0|0||0.0		20|51|82|11|42||310.0		CTTTTGAAACCTAATGCTGGCAACAACCGTAAGCTGATTTGG	45	LLKPNAGNNRKLIW	:::::::::0:-17:0:::::11:0:42:::
1686	107.0	4.206666032390542E-5	1	1.1548677676406051E-4	TGTGTGGTGCCACAACTGACAGCTGGGGGAAATTGCAGTTT	NNNNNNNNNNNNNNNNNNNNNNNNNNNNNNNNNNNNNNNNN	TRAV12-1*00(490)		TRAJ24*00(561)		539|548|572|0|9||90.0		22|52|83|11|41||300.0		TGTGTGGTGCCACAACTGACAGCTGGGGGAAATTGCAGTTT	45	CVVPQLT_WGKLQF	:::::::::0:-4:9:::::11:-2:41:::
2359	107.0	4.206666032390542E-5	1	1.1548677676406051E-4	TGTGCTCTTGGGGAACTTTAAAGGCGATGCAGGCAACATGCTCACCTTT	NNNNNNNNNNNNNNNNNNNNNNNNNNNNNNNNNNNNNNNNNNNNNNNNN	TRDV1*00(700)		TRAJ39*00(540)		573|590|610|0|17||170.0		29|52|83|26|49||230.0		TGTGCTCTTGGGGAACTTTAAAGGCGATGCAGGCAACATGCTCACCTTT	45	CALGEL*R_DAGNMLTF	:::::::::0:0:17:::::26:-9:49:::
2890	107.0	4.206666032390542E-5	1	1.1548677676406051E-4	TGTGCTCTATTAAATAATGCAGGCAACATGCTCACCTTT	NNNNNNNNNNNNNNNNNNNNNNNNNNNNNNNNNNNNNNN	TRAV16*00(500)		TRAJ39*00(579.5)		449|458|483|0|9||90.0		25|52|83|12|39||270.0		TGTGCTCTATTAAATAATGCAGGCAACATGCTCACCTTT	45	CALLNNAGNMLTF	:::::::::0:-5:9:::::12:-5:39:::
4621	107.0	4.206666032390542E-5	1	1.1548677676406051E-4	TGTGCTGGGCAGCTTAGGGGCTCTAGCAACACAGGCAAACTAATCTTT	NNNNNNNNNNNNNNNNNNNNNNNNNNNNNNNNNNNNNNNNNNNNNNNN	TRAV35*00(975.8)		TRAJ37*00(540.5)		588|602|620|0|14||140.0		21|51|82|18|48|SG27A|271.0		TGTGCTGGGCAGCTTAGGGGCTCTAGCAACACAGGCAAACTAATCTTT	45	CAGQLRGSSNTGKLIF	:::::::::0:2:14:::::18:-1:48:::
5003	107.0	4.206666032390542E-5	1	1.1548677676406051E-4	TGTGCCTTTGGGAGGCACAGGCAAACTAATCTTT	NNNNNNNNNNNNNNNNNNNNNNNNNNNNNNNNNN	TRAV24*00(470.7)		TRAJ37*00(499.3)		515|524|545|0|9||90.0		32|51|82|15|34||190.0		TGTGCCTTTGGGAGGCACAGGCAAACTAATCTTT	45	CAFGRH_GKLIF	:::::::::0:-1:9:::::15:-12:34:::
5019	107.0	4.206666032390542E-5	1	1.1548677676406051E-4	TGTGCCTTTACAATGCAGGCAAATCAACCTTT	NNNNNNNNNNNNNNNNNNNNNNNNNNNNNNNN	TRAV24*00(482)		TRAJ27*00(510)		515|527|545|0|12|ST525C|101.0		28|48|79|12|32||220.0		TGTGCCTTTACAATGCAGGCAAATCAACCTTT	45	CAFTM_GKSTF	:::::::::0:2:12:::::12:-8:32:::
5600	107.0	4.206666032390542E-5	1	1.1548677676406051E-4	TGTGCCTTGTATTCAGGAGGAGGTGCTGACGGACTCACCTTT	NNNNNNNNNNNNNNNNNNNNNNNNNNNNNNNNNNNNNNNNNN	TRAV24*00(490.1)		TRAJ45*00(658.2)		515|523|545|0|8||80.0		21|55|86|8|42||350.0		TGTGCCTTGTATTCAGGAGGAGGTGCTGACGGACTCACCTTT	45	CALYSGGGADGLTF	:::::::::0:-2:8:::::8:-1:42:::
6218	107.0	4.206666032390542E-5	1	1.1548677676406051E-4	TGTGCCGTGGGGGAAGAGGGAGCCCAGAAGCTGGTATTT	NNNNNNNNNNNNNNNNNNNNNNNNNNNNNNNNNNNNNNN	TRAV39*00(739.7)		TRAJ54*00(518.6)		507|517|540|0|10||100.0		26|49|80|16|39||230.0		TGTGCCGTGGGGGAAGAGGGAGCCCAGAAGCTGGTATTT	45	CAVGEEGAQKLVF	:::::::::0:-3:10:::::16:-6:39:::
6437	107.0	4.206666032390542E-5	1	1.1548677676406051E-4	TGTGCCGTGAAGGGTCGGGGCAAACAACCTCTTCTTT	NNNNNNNNNNNNNNNNNNNNNNNNNNNNNNNNNNNNN	TRAV12-2*00(509.8)		TRAJ36*00(519.1)		551|562|584|0|11||110.0		27|48|79|16|37||210.0		TGTGCCGTGAAGGGTCGGGGCAAACAACCTCTTCTTT	45	CAVKGR_ANNLFF	:::::::::0:-2:11:::::16:-7:37:::
17365	107.0	4.206666032390542E-5	1	1.1548677676406051E-4	TGTGCATCTGATATAACCAGGGAGGAAAGCTTATCTTC	NNNNNNNNNNNNNNNNNNNNNNNNNNNNNNNNNNNNNN	TRAV21*00(919.5)		TRAJ23*00(520.2)		544|549|576|0|5||50.0		25|52|83|11|38||270.0		TGTGCATCTGATATAACCAGGGAGGAAAGCTTATCTTC	45	CASDIT_GGKLIF	:::::::::0:-7:5:::::11:-5:38:::
18255	107.0	4.206666032390542E-5	1	1.1548677676406051E-4	TGTGCAGGAGCTGAAACTCTGGGGCTGGGAGTTACCAACTCACTTTC	NNNNNNNNNNNNNNNNNNNNNNNNNNNNNNNNNNNNNNNNNNNNNNN	TRAV27*00(646.4)		TRAJ28*00(607.8)		552|564|582|0|12||120.0		23|55|86|15|47||320.0		TGTGCAGGAGCTGAAACTCTGGGGCTGGGAGTTACCAACTCACTTTC	45	CAGAETLG_GSYQLTF	:::::::::0:2:12:::::15:-3:47:::
18988	107.0	4.206666032390542E-5	1	1.1548677676406051E-4	TGCCTCGTGGGTGCCCCTCCTCGGCAACTGACCTTT	NNNNNNNNNNNNNNNNNNNNNNNNNNNNNNNNNNNN	TRAV4*00(550)		TRAJ22*00(449.5)		768|781|804|0|13||130.0		38|52|83|22|36||140.0		TGCCTCGTGGGTGCCCCTCCTCGGCAACTGACCTTT	45	CLVGAPPRQLTF	:::::::::0:-3:13:::::22:-18:36:::
1559	106.0	4.167351396573808E-5	1	1.1548677676406051E-4	TGTCAGCCTAGCAACTATCAGTTAATCTGG	NNNNNNNNNNNNNNNNNNNNNNNNNNNNNN	TRAV41*00(531.7)		TRAJ33*00(509.9)		512|515|544|0|3||30.0		24|46|77|8|30||220.0		TGTCAGCCTAGCAACTATCAGTTAATCTGG	45	CQPSNYQLIW	:::::::::0:-9:3:::::8:-4:30:::
1967	106.0	4.167351396573808E-5	1	1.1548677676406051E-4	TGTGTGGCCCCTCCTTCAGGAACCTACAAATACATCTTT	NNNNNNNNNNNNNNNNNNNNNNNNNNNNNNNNNNNNNNN	TRAV12-1*00(929.2)		TRAJ40*00(519.1)		539|546|572|0|7||70.0		26|50|81|15|39||240.0		TGTGTGGCCCCTCCTTCAGGAACCTACAAATACATCTTT	45	CVAPPSGTYKYIF	:::::::::0:-6:7:::::15:-6:39:::
3781	106.0	4.167351396573808E-5	1	1.1548677676406051E-4	TGTGCTGTGATTTCCTTCTTCTAACGACTACAAGCTCAGCTTT	NNNNNNNNNNNNNNNNNNNNNNNNNNNNNNNNNNNNNNNNNNN	TRAV21*00(459.7)		TRAJ20*00(550)		544|554|576|0|10||100.0		21|46|77|18|43||250.0		TGTGCTGTGATTTCCTTCTTCTAACGACTACAAGCTCAGCTTT	45	CAVISFF_NDYKLSF	:::::::::0:-2:10:::::18:-1:43:::
3791	106.0	4.167351396573808E-5	1	1.1548677676406051E-4	TGTGCTGTGATCGCTTATACCGGCACTGCCAGTAAACTCACCTTT	NNNNNNNNNNNNNNNNNNNNNNNNNNNNNNNNNNNNNNNNNNNNN	TRAV8-4*00(649.5)		TRAJ44*00(598.1)		476|486|510|0|10||100.0		23|52|83|16|45||290.0		TGTGCTGTGATCGCTTATACCGGCACTGCCAGTAAACTCACCTTT	45	CAVIAYTGTASKLTF	:::::::::0:-4:10:::::16:-3:45:::
4499	106.0	4.167351396573808E-5	1	1.1548677676406051E-4	TGTGCTGCAGGGGAAAATTCCGGGTATGCACTCAACTTC	NNNNNNNNNNNNNNNNNNNNNNNNNNNNNNNNNNNNNNN	TRAV8-3*00(589.7)		TRAJ41*00(509.3)		455|462|489|0|7||70.0		26|51|82|14|39||250.0		TGTGCTGCAGGGGAAAATTCCGGGTATGCACTCAACTTC	45	CAAGENSGYALNF	:::::::::0:-7:7:::::14:-6:39:::
4654	106.0	4.167351396573808E-5	1	1.1548677676406051E-4	TGTGCTGGGCAGCGGCTCGGGGGAGCCCAGAAGCTGGTATTT	NNNNNNNNNNNNNNNNNNNNNNNNNNNNNNNNNNNNNNNNNN	TRAV35*00(520.8)		TRAJ54*00(508.6)		588|604|620|0|16|ST601G|131.0		27|49|80|20|42||220.0		TGTGCTGGGCAGCGGCTCGGGGGAGCCCAGAAGCTGGTATTT	45	CAGQRLGGAQKLVF	:::::::::0:4:16:::::20:-7:42:::
17507	106.0	4.167351396573808E-5	1	1.1548677676406051E-4	TGTGCAGCCAAAAAAAGCGAACACCGGTAACCAGTTCTATTTT	NNNNNNNNNNNNNNNNNNNNNNNNNNNNNNNNNNNNNNNNNNN	TRAV13-1*00(939.3)		TRAJ49*00(519.7)		511|519|544|0|8||80.0		19|45|76|17|43||260.0		TGTGCAGCCAAAAAAAGCGAACACCGGTAACCAGTTCTATTTT	45	CAAKKSE_TGNQFYF	:::::::::0:-5:8:::::17:1:43:::
18298	106.0	4.167351396573808E-5	1	1.1548677676406051E-4	TGTGCAGGAGAGGCACCGGTAACCAGTTCTATTTT	NNNNNNNNNNNNNNNNNNNNNNNNNNNNNNNNNNN	TRAV27*00(641.3)		TRAJ49*00(520)		552|562|582|0|10||100.0		23|45|76|13|35||220.0		TGTGCAGGAGAGGCACCGGTAACCAGTTCTATTTT	45	CAGEAP_NQFYF	:::::::::0:0:10:::::13:-3:35:::
18881	106.0	4.167351396573808E-5	1	1.1548677676406051E-4	TGTGGCACAGAGCGGGACGCAGGCAACATGCTCACCTTT	NNNNNNNNNNNNNNNNNNNNNNNNNNNNNNNNNNNNNNN	TRAV30*00(428.6)		TRAJ39*00(519.7)		567|579|600|0|12|SC569T|91.0		31|52|83|18|39||210.0		TGTGGCACAGAGCGGGACGCAGGCAACATGCTCACCTTT	45	CGTERDAGNMLTF	:::::::::0:-1:12:::::18:-11:39:::
1657	105.0	4.128036760757074E-5	1	1.1548677676406051E-4	TGTGTGGTTCCCTACAGCTGGGGGAAATTGCAGTTT	NNNNNNNNNNNNNNNNNNNNNNNNNNNNNNNNNNNN	TRAV12-1*00(480)		TRAJ24*00(520)		539|547|572|0|8||80.0		29|52|83|13|36||230.0		TGTGTGGTTCCCTACAGCTGGGGGAAATTGCAGTTT	45	CVVPYSWGKLQF	:::::::::0:-5:8:::::13:-9:36:::
1945	105.0	4.128036760757074E-5	1	1.1548677676406051E-4	TGTGTGGTGAAGGCAGCAATGCTTCCAAGATAATCTTT	NNNNNNNNNNNNNNNNNNNNNNNNNNNNNNNNNNNNNN	TRAV12-1*00(509.6)		TRAJ3*00(520.7)		539|550|572|0|11||110.0		26|51|82|13|38|SG31A|221.0		TGTGTGGTGAAGGCAGCAATGCTTCCAAGATAATCTTT	45	CVVKAA_ASKIIF	:::::::::0:-2:11:::::13:-6:38:::
2133	105.0	4.128036760757074E-5	1	1.1548677676406051E-4	TGTGCTTCCATACCGGCACTGCCAGTAAACTCACCTTT	NNNNNNNNNNNNNNNNNNNNNNNNNNNNNNNNNNNNNN	TRAV41*00(562)		TRAJ44*00(600)		512|518|544|0|6||60.0		23|52|83|9|38||290.0		TGTGCTTCCATACCGGCACTGCCAGTAAACTCACCTTT	45	CASIPA_ASKLTF	:::::::::0:-6:6:::::9:-3:38:::
3644	105.0	4.128036760757074E-5	1	1.1548677676406051E-4	TGTGCTGTGGGGGAAAATAATGCAGGCAACATGCTCACCTTT	NNNNNNNNNNNNNNNNNNNNNNNNNNNNNNNNNNNNNNNNNN	TRAV8-3*00(551)		TRAJ39*00(579.7)		455|466|489|0|11||110.0		25|52|83|15|42||270.0		TGTGCTGTGGGGGAAAATAATGCAGGCAACATGCTCACCTTT	45	CAVGENNAGNMLTF	:::::::::0:-3:11:::::15:-5:42:::
3820	105.0	4.128036760757074E-5	1	1.1548677676406051E-4	TGTGCTGTGACCCGAACCGGCACTGCCAGTAAACTCACCTTT	NNNNNNNNNNNNNNNNNNNNNNNNNNNNNNNNNNNNNNNNNN	TRAV8-4*00(649.4)		TRAJ44*00(557)		476|486|510|0|10||100.0		25|52|83|15|42||270.0		TGTGCTGTGACCCGAACCGGCACTGCCAGTAAACTCACCTTT	45	CAVTRTGTASKLTF	:::::::::0:-4:10:::::15:-5:42:::
4413	105.0	4.128036760757074E-5	1	1.1548677676406051E-4	TGTGCTGCCTACCGGCACTGCCAGTAAACTCACCTTT	NNNNNNNNNNNNNNNNNNNNNNNNNNNNNNNNNNNNN	TRAV41*00(571.5)		TRAJ44*00(589.4)		512|519|544|0|7||70.0		24|52|83|9|37||280.0		TGTGCTGCCTACCGGCACTGCCAGTAAACTCACCTTT	45	CAAYRH_ASKLTF	:::::::::0:-5:7:::::9:-4:37:::
6355	105.0	4.128036760757074E-5	1	1.1548677676406051E-4	TGTGCCGTGAATGCGAAATACCGGCACTGCCAGTAAACTCACCTTT	NNNNNNNNNNNNNNNNNNNNNNNNNNNNNNNNNNNNNNNNNNNNNN	TRAV8-1*00(583.7)		TRAJ44*00(530.6)		474|495|508|0|21|SC489AST491ASC493ASA494C|154.0		27|52|83|21|46||310.0		TGTGCCGTGAATGCGAAATACCGGCACTGCCAGTAAACTCACCTTT	45	CAVNAKYR_TASKLTF	:::::::::0:7:21:::::21:-7:46:::
17451	105.0	4.128036760757074E-5	1	1.1548677676406051E-4	TGTGCAGCTGTCAAATATTCTGGGGGTTACCAGAAAGTTACCTTT	NNNNNNNNNNNNNNNNNNNNNNNNNNNNNNNNNNNNNNNNNNNNN	TRAV13-1*00(560)		TRAJ13*00(590)		511|519|544|0|8||80.0		23|52|83|16|45||290.0		TGTGCAGCTGTCAAATATTCTGGGGGTTACCAGAAAGTTACCTTT	45	CAAVKYSGGYQKVTF	:::::::::0:-5:8:::::16:-3:45:::
20470	105.0	4.128036760757074E-5	1	1.1548677676406051E-4	TGCATCGTAGAGAACACCGGTAACCAGTTCTATTTT	NNNNNNNNNNNNNNNNNNNNNNNNNNNNNNNNNNNN	TRAV26-1*00(569.3)		TRAJ49*00(549.1)		763|771|799|0|8||80.0		20|45|76|11|36||250.0		TGCATCGTAGAGAACACCGGTAACCAGTTCTATTTT	45	CIVENTGNQFYF	:::::::::0:-8:8:::::11:0:36:::
1517	104.0	4.08872212494034E-5	1	1.1548677676406051E-4	TGTTGCAGAGGCTCAACCCTGGGGAGGCTATACTTT	NNNNNNNNNNNNNNNNNNNNNNNNNNNNNNNNNNNN	TRAV12-1*00(429.3)		TRAJ18*00(620)		539|542|572|0|3||30.0		24|55|86|5|36||310.0		TGTTGCAGAGGCTCAACCCTGGGGAGGCTATACTTT	45	CCRGSTLGRLYF	:::::::::0:-10:3:::::5:-4:36:::
4300	104.0	4.08872212494034E-5	1	1.1548677676406051E-4	TGTGCTGTGAGAGACAACAATGACATGCGCTTT	NNNNNNNNNNNNNNNNNNNNNNNNNNNNNNNNN	TRAV3*00(640)		TRAJ43*00(480)		437|453|473|0|16||160.0		26|43|74|16|33||180.0		TGTGCTGTGAGAGACAACAATGACATGCGCTTT	45	CAVRDNNDMRF	:::::::::0:0:16:::::16:-6:33:::
6333	104.0	4.08872212494034E-5	1	1.1548677676406051E-4	TGTGCCGTGAGAGACTCAAATTCCGGGTATGCACTCAACTTA	NNNNNNNNNNNNNNNNNNNNNNNNNNNNNNNNNNNNNNNNNN	TRAV12-2*00(947.3)		TRAJ41*00(509.2)		551|561|584|0|10||100.0		22|51|82|13|42|SC50A|261.0		TGTGCCGTGAGAGACTCAAATTCCGGGTATGCACTCAACTTA	45	CAVRDSNSGYALNL	:::::::::0:-3:10:::::13:-2:42:::
2525	103.0	4.049407489123606E-5	1	1.1548677676406051E-4	TGTGCTCTGATTCTAACTACCGGTAACCAGTTCTATTTT	NNNNNNNNNNNNNNNNNNNNNNNNNNNNNNNNNNNNNNN	TRAV9-2*00(709.4)		TRAJ49*00(508.9)		480|490|514|0|10||100.0		24|45|76|18|39||210.0		TGTGCTCTGATTCTAACTACCGGTAACCAGTTCTATTTT	45	CALILTTGNQFYF	:::::::::0:-4:10:::::18:-4:39:::
3017	103.0	4.049407489123606E-5	1	1.1548677676406051E-4	TGTGCTCTAAATAGTGGAGGTAGCAACTATAAACTGACATTT	NNNNNNNNNNNNNNNNNNNNNNNNNNNNNNNNNNNNNNNNNN	TRAV16*00(509.7)		TRAJ53*00(639.7)		449|459|483|0|10||100.0		23|55|86|10|42||330.0		TGTGCTCTAAATAGTGGAGGTAGCAACTATAAACTGACATTT	45	CALNSGGSNYKLTF	:::::::::0:-4:10:::::10:-3:42:::
3589	103.0	4.049407489123606E-5	1	1.1548677676406051E-4	TGTGCTGTGGGTGGAATCAATTCCGGGTATGCACTCAACTTC	NNNNNNNNNNNNNNNNNNNNNNNNNNNNNNNNNNNNNNNNNN	TRAV8-3*00(649.5)		TRAJ41*00(470.6)		455|468|489|0|13||130.0		27|51|82|18|42||240.0		TGTGCTGTGGGTGGAATCAATTCCGGGTATGCACTCAACTTC	45	CAVGGINSGYALNF	:::::::::0:-1:13:::::18:-7:42:::
4486	103.0	4.049407489123606E-5	1	1.1548677676406051E-4	TGTGCTGCAGTGATGAACAGAGATGACAAGATCATCTTT	NNNNNNNNNNNNNNNNNNNNNNNNNNNNNNNNNNNNNNN	TRAV8-5*00(591)		TRAJ30*00(579.2)		1528|1538|1562|0|10||100.0		19|46|77|12|39||270.0		TGTGCTGCAGTGATGAACAGAGATGACAAGATCATCTTT	45	CAAVMNRDDKIIF	:::::::::0:-4:10:::::12:1:39:::
6132	103.0	4.049407489123606E-5	1	1.1548677676406051E-4	TGTGCCGTTGAATATAACACCGACAAGCTCATCTTT	NNNNNNNNNNNNNNNNNNNNNNNNNNNNNNNNNNNN	TRAV12-2*00(938)		TRAJ34*00(539.2)		551|559|584|0|8||80.0		23|47|78|12|36||240.0		TGTGCCGTTGAATATAACACCGACAAGCTCATCTTT	45	CAVEYNTDKLIF	:::::::::0:-5:8:::::12:-3:36:::
6135	103.0	4.049407489123606E-5	1	1.1548677676406051E-4	TGTGCCGTTAACAATGCCAGACTCATGTTT	NNNNNNNNNNNNNNNNNNNNNNNNNNNNNN	TRAV12-2*00(956.2)		TRAJ31*00(499.7)		551|562|584|0|11|SG559T|101.0		27|46|77|11|30||220.0		TGTGCCGTTAACAATGCCAGACTCATGTTT	45	CAVNNARLMF	:::::::::0:-2:11:::::11:-7:30:::
6577	103.0	4.049407489123606E-5	1	1.1548677676406051E-4	TGTGCCGAGGCCTGGTTCTGCAAGGCAACTGACCTTT	NNNNNNNNNNNNNNNNNNNNNNNNNNNNNNNNNNNNN	TRAV12-3*00(450),TRAV12-2*00(441)		TRAJ22*00(569.4)		562|567|595|0|5||50.0;551|558|584|0|7||70.0		26|52|83|11|37||260.0		TGTGCCGAGGCCTGGTTCTGCAAGGCAACTGACCTTT	45	CAEAWF_ARQLTF	:::::::::0:-8:5:::::11:-6:37:::
18630	103.0	4.049407489123606E-5	1	1.1548677676406051E-4	TGTGCAATGAGCGCCATACTCACGGGAGGAGGAAACAAACTCACCTTT	NNNNNNNNNNNNNNNNNNNNNNNNNNNNNNNNNNNNNNNNNNNNNNNN	TRAV12-3*00(510.4)		TRAJ10*00(629.6)		562|576|595|0|14||140.0		20|53|84|15|48||330.0		TGTGCAATGAGCGCCATACTCACGGGAGGAGGAAACAAACTCACCTTT	45	CAMSAILTGGGNKLTF	:::::::::0:1:14:::::15:0:48:::
3176	102.0	4.010092853306872E-5	1	1.1548677676406051E-4	TGTGCTGTTGTGCATTTTGGAGGTAGCAACTATAAACTGACATTT	NNNNNNNNNNNNNNNNNNNNNNNNNNNNNNNNNNNNNNNNNNNNN	TRAV8-6*00(649.1)		TRAJ53*00(588.8)		448|456|482|0|8||80.0		27|55|86|17|45||280.0		TGTGCTGTTGTGCATTTTGGAGGTAGCAACTATAAACTGACATTT	45	CAVVHFGGSNYKLTF	:::::::::0:-6:8:::::17:-7:45:::
3651	102.0	4.010092853306872E-5	1	1.1548677676406051E-4	TGTGCTGTGGGATCGGCTGACAGCTGGGGGAAATTGCAGTTT	NNNNNNNNNNNNNNNNNNNNNNNNNNNNNNNNNNNNNNNNNN	TRAV22*00(530)		TRAJ24*00(549.3)		526|536|559|0|10||100.0		26|52|83|16|42||260.0		TGTGCTGTGGGATCGGCTGACAGCTGGGGGAAATTGCAGTTT	45	CAVGSADSWGKLQF	:::::::::0:-3:10:::::16:-6:42:::
4142	102.0	4.010092853306872E-5	1	1.1548677676406051E-4	TGTGCTGTGAGGCCACAGGGCGGATCTGAAAAGCTGGTCTTT	NNNNNNNNNNNNNNNNNNNNNNNNNNNNNNNNNNNNNNNNNN	TRAV21*00(501)		TRAJ57*00(569.7)		544|560|576|0|16|ST558A|141.0		26|52|83|16|42||270.0		TGTGCTGTGAGGCCACAGGGCGGATCTGAAAAGCTGGTCTTT	45	CAVRPQGGSEKLVF	:::::::::0:4:16:::::16:-6:42:::
18006	102.0	4.010092853306872E-5	1	1.1548677676406051E-4	TGTGCAGCAAGCAGCAGGGCGGATCTGAAAAGCTGGTCTTT	NNNNNNNNNNNNNNNNNNNNNNNNNNNNNNNNNNNNNNNNN	TRAV29/DV5*00(569.7)		TRAJ57*00(569.7)		529|541|562|0|12||120.0		25|52|83|14|41||270.0		TGTGCAGCAAGCAGCAGGGCGGATCTGAAAAGCTGGTCTTT	45	CAASSRA_SEKLVF	:::::::::0:-1:12:::::14:-5:41:::
18031	102.0	4.010092853306872E-5	1	1.1548677676406051E-4	TGTGCAGCAAGCAAAACCGGCACTGCCAGTAAACTCACCTTT	NNNNNNNNNNNNNNNNNNNNNNNNNNNNNNNNNNNNNNNNNN	TRAV23/DV6*00(470.4)		TRAJ44*00(581)		517|530|550|0|13||130.0		23|52|83|13|42|ST24A|271.0		TGTGCAGCAAGCAAAACCGGCACTGCCAGTAAACTCACCTTT	45	CAASKTGTASKLTF	:::::::::0:0:13:::::13:-3:42:::
20334	102.0	4.010092853306872E-5	1	1.1548677676406051E-4	TGCATCGTCGATGTGGGCACGGGCAGGAGAGCACTTACTTTT	NNNNNNNNNNNNNNNNNNNNNNNNNNNNNNNNNNNNNNNNNN	TRAV26-1*00(579.7)		TRAJ5*00(561)		763|772|799|0|9||90.0		20|49|80|13|42|SA23G|261.0		TGCATCGTCGATGTGGGCACGGGCAGGAGAGCACTTACTTTT	45	CIVDVGTGRRALTF	:::::::::0:-7:9:::::13:0:42:::
1692	101.0	3.970778217490138E-5	1	1.1548677676406051E-4	TGTGTGGTGGTCCAGGCAGGAACTGCTCTGATCTTT	NNNNNNNNNNNNNNNNNNNNNNNNNNNNNNNNNNNN	TRAV12-1*00(924.2)		TRAJ15*00(473)		539|548|572|0|9||90.0		24|49|80|11|36||250.0		TGTGTGGTGGTCCAGGCAGGAACTGCTCTGATCTTT	45	CVVVQAGTALIF	:::::::::0:-4:9:::::11:-4:36:::
18458	101.0	3.970778217490138E-5	1	1.1548677676406051E-4	TGTGCAGAGAGAGCCAATAACAATGCCAGACTCATGTTT	NNNNNNNNNNNNNNNNNNNNNNNNNNNNNNNNNNNNNNN	TRAV5*00(469.6)		TRAJ31*00(539.7)		523|534|556|0|11||110.0		22|46|77|15|39||240.0		TGTGCAGAGAGAGCCAATAACAATGCCAGACTCATGTTT	45	CAERANNNARLMF	:::::::::0:-2:11:::::15:-2:39:::
4089	100.0	3.931463581673404E-5	1	1.1548677676406051E-4	TGTGCTGTGAGCCACAATGACATGCGCTTT	NNNNNNNNNNNNNNNNNNNNNNNNNNNNNN	TRAV21*00(468.9)		TRAJ43*00(470)		544|555|576|0|11||110.0		26|43|74|13|30||170.0		TGTGCTGTGAGCCACAATGACATGCGCTTT	45	CAVSHNDMRF	:::::::::0:-1:11:::::13:-6:30:::
4124	100.0	3.931463581673404E-5	1	1.1548677676406051E-4	TGTGCTGTGAGGCCTATATCTAACGACTACAAGCTCAGCTTT	NNNNNNNNNNNNNNNNNNNNNNNNNNNNNNNNNNNNNNNNNN	TRAV21*00(509.8)		TRAJ20*00(539.1)		544|559|576|0|15||150.0		22|46|77|18|42||240.0		TGTGCTGTGAGGCCTATATCTAACGACTACAAGCTCAGCTTT	45	CAVRPISNDYKLSF	:::::::::0:3:15:::::18:-2:42:::
17347	100.0	3.931463581673404E-5	1	1.1548677676406051E-4	TGTGCGGGGATTCAGGGAGCCCAGAAGCTGGTATTT	NNNNNNNNNNNNNNNNNNNNNNNNNNNNNNNNNNNN	TRAV21*00(919.1)		TRAJ54*00(559.1)		544|549|576|0|5||50.0		22|49|80|9|36||270.0		TGTGCGGGGATTCAGGGAGCCCAGAAGCTGGTATTT	45	CAGIQGAQKLVF	:::::::::0:-7:5:::::9:-2:36:::
18681	100.0	3.931463581673404E-5	1	1.1548677676406051E-4	TGTGCAATGAGGAGGGA	NNNNNNNNNNNNNNNNN	TRAV12-3*00(481.2)		TRAJ26*00(290)		562|573|595|0|11||110.0		49|49|80|17|17||0.0		TGTGCAATGAGGAGGGA	45	CAM_EG	:::::::::0:-2:11:::::17:-29:17:::
20374	100.0	3.931463581673404E-5	1	1.1548677676406051E-4	TGCATCGTCAGAGTCTCCATGGAATATGGAAACAAGCTGGTCTTT	NNNNNNNNNNNNNNNNNNNNNNNNNNNNNNNNNNNNNNNNNNNNN	TRAV26-1*00(640)		TRAJ47*00(580.2)		763|778|799|0|15||150.0		16|46|77|15|45|SA36G|271.0		TGCATCGTCAGAGTCTCCATGGAATATGGAAACAAGCTGGTCTTT	45	CIVRVSMEYGNKLVF	:::::::::0:-1:15:::::15:4:45:::
20449	100.0	3.931463581673404E-5	1	1.1548677676406051E-4	TGCATCGTCAGAGGTACTCAGGAACCTACAAATACATCTTT	NNNNNNNNNNNNNNNNNNNNNNNNNNNNNNNNNNNNNNNNN	TRAV26-1*00(619.6)		TRAJ40*00(539)		763|776|799|0|13||130.0		25|50|81|16|41||250.0		TGCATCGTCAGAGGTACTCAGGAACCTACAAATACATCTTT	45	CIVRGTQ_TYKYIF	:::::::::0:-3:13:::::16:-5:41:::
3125	99.0	3.89214894585667E-5	1	1.1548677676406051E-4	TGTGCTCGAGGCTGGGAGTTACCAACTCACTTTC	NNNNNNNNNNNNNNNNNNNNNNNNNNNNNNNNNN	TRAV6*00(441)		TRAJ28*00(539.4)		535|545|568|0|10|ST542G|71.0		31|55|86|10|34||250.0		TGTGCTCGAGGCTGGGAGTTACCAACTCACTTTC	45	CARGWE_YQLTF	:::::::::0:-3:10:::::10:-11:34:::
3786	99.0	3.89214894585667E-5	1	1.1548677676406051E-4	TGTGCTGTGATCCTTACAGGCTTTCAGAAACTTGTATTT	NNNNNNNNNNNNNNNNNNNNNNNNNNNNNNNNNNNNNNN	TRAV8-6*00(669.5)		TRAJ8*00(529.7)		448|458|482|0|10||100.0		25|49|80|15|39||240.0		TGTGCTGTGATCCTTACAGGCTTTCAGAAACTTGTATTT	45	CAVILTGFQKLVF	:::::::::0:-4:10:::::15:-5:39:::
4447	99.0	3.89214894585667E-5	1	1.1548677676406051E-4	TGTGCTGCCAGCGGTGGTGCTACAAACAAGCTCATCTTT	NNNNNNNNNNNNNNNNNNNNNNNNNNNNNNNNNNNNNNN	TRAV41*00(582.6)		TRAJ32*00(569.7)		512|523|544|0|11|ST519C|81.0		28|55|86|12|39||270.0		TGTGCTGCCAGCGGTGGTGCTACAAACAAGCTCATCTTT	45	CAASGGATNKLIF	:::::::::0:-1:11:::::12:-8:39:::
4672	99.0	3.89214894585667E-5	1	1.1548677676406051E-4	TGTGCTGGGCAGGAGATAACAGCACCCTCACCTTT	NNNNNNNNNNNNNNNNNNNNNNNNNNNNNNNNNNN	TRAV35*00(510)		TRAJ11*00(480)		588|600|620|0|12||120.0		32|49|80|18|35||170.0		TGTGCTGGGCAGGAGATAACAGCACCCTCACCTTT	45	CAGQEI_STLTF	:::::::::0:0:12:::::18:-12:35:::
17815	99.0	3.89214894585667E-5	1	1.1548677676406051E-4	TGTGCAGCAAGCCCTCGGGAGAGCCCAGAAGCTGGTATTT	NNNNNNNNNNNNNNNNNNNNNNNNNNNNNNNNNNNNNNNN	TRAV23/DV6*00(489.8)		TRAJ54*00(489.7)		517|529|550|0|12||120.0		29|49|80|20|40||200.0		TGTGCAGCAAGCCCTCGGGAGAGCCCAGAAGCTGGTATTT	45	CAASPRE_AQKLVF	:::::::::0:-1:12:::::20:-9:40:::
18262	99.0	3.89214894585667E-5	1	1.1548677676406051E-4	TGTGCAGGAGCCCTTTGGGAATGTGCTGCATTGC	NNNNNNNNNNNNNNNNNNNNNNNNNNNNNNNNNN	TRAV27*00(651.1)		TRAJ35*00(519.7)		552|563|582|0|11||110.0		26|48|79|12|34||220.0		TGTGCAGGAGCCCTTTGGGAATGTGCTGCATTGC	45	CAGALW_NVLHC	:::::::::0:1:11:::::12:-6:34:::
20412	99.0	3.89214894585667E-5	1	1.1548677676406051E-4	TGCATCGTCAGAGTCGGGGGCTTTGGGAATGTGCTGCATTGC	NNNNNNNNNNNNNNNNNNNNNNNNNNNNNNNNNNNNNNNNNN	TRAV26-1*00(649.4)		TRAJ35*00(475.2)		763|779|799|0|16||160.0		24|48|79|18|42||240.0		TGCATCGTCAGAGTCGGGGGCTTTGGGAATGTGCTGCATTGC	45	CIVRVGGFGNVLHC	:::::::::0:0:16:::::18:-4:42:::
1961	98.0	3.852834310039936E-5	1	1.1548677676406051E-4	TGTGTGGTAGGGAGGCCCCGGACAACTGACAGCTGGGGGAAATTGCAGTTT	NNNNNNNNNNNNNNNNNNNNNNNNNNNNNNNNNNNNNNNNNNNNNNNNNNN	TRAV10*00(989.5)		TRAJ24*00(559.6)		575|583|608|0|8||80.0		21|52|83|20|51||310.0		TGTGTGGTAGGGAGGCCCCGGACAACTGACAGCTGGGGGAAATTGCAGTTT	45	CVVGRPRTTDSWGKLQF	:::::::::0:-5:8:::::20:-1:51:::
3158	98.0	3.852834310039936E-5	1	1.1548677676406051E-4	TGTGCTGTTTATGGTGGTGCTACAAACAAGCTCATCTTT	NNNNNNNNNNNNNNNNNNNNNNNNNNNNNNNNNNNNNNN	TRAV21*00(440)		TRAJ32*00(609.7)		544|552|576|0|8||80.0		24|55|86|8|39||310.0		TGTGCTGTTTATGGTGGTGCTACAAACAAGCTCATCTTT	45	CAVYGGATNKLIF	:::::::::0:-4:8:::::8:-4:39:::
3468	98.0	3.852834310039936E-5	1	1.1548677676406051E-4	TGTGCTGTGCAGGAGCAAACGGTAACCAGTTCTATTTT	NNNNNNNNNNNNNNNNNNNNNNNNNNNNNNNNNNNNNN	TRAV20*00(539.7)		TRAJ49*00(490)		498|511|531|0|13||130.0		26|45|76|19|38||190.0		TGTGCTGTGCAGGAGCAAACGGTAACCAGTTCTATTTT	45	CAVQEQ_GNQFYF	:::::::::0:0:13:::::19:-6:38:::
3519	98.0	3.852834310039936E-5	1	1.1548677676406051E-4	TGTGCTGTGGCCCTGAACACAGGCTTTCAGAAACTTGTATTT	NNNNNNNNNNNNNNNNNNNNNNNNNNNNNNNNNNNNNNNNNN	TRAV8-3*00(569.7)		TRAJ8*00(579.9)		455|462|489|0|7||100.0		14|49|80|7|42|ST16GST17CSA19C|293.0		TGTGCTGTGGCCCTGAACACAGGCTTTCAGAAACTTGTATTT	45	CAVALNTGFQKLVF	:::::::::0:-7:7:::::7:6:42:::
6057	98.0	3.852834310039936E-5	1	1.1548677676406051E-4	TGTGCCCCGGCCCGGGCAACACAGGCAAACTAATCTTT	NNNNNNNNNNNNNNNNNNNNNNNNNNNNNNNNNNNNNN	TRAV5*00(409.7)		TRAJ37*00(551.1)		523|528|556|0|5||50.0		21|51|82|8|38|ST24CST26G|242.0		TGTGCCCCGGCCCGGGCAACACAGGCAAACTAATCTTT	45	CAPARA_TGKLIF	:::::::::0:-8:5:::::8:-1:38:::
18406	98.0	3.852834310039936E-5	1	1.1548677676406051E-4	TGTGCAGAGACCGCGGGAGGAAGCTACATACCTACATTT	NNNNNNNNNNNNNNNNNNNNNNNNNNNNNNNNNNNNNNN	TRAV13-2*00(549.7)		TRAJ6*00(549.7)		506|516|539|0|10||100.0		27|51|82|15|39||240.0		TGTGCAGAGACCGCGGGAGGAAGCTACATACCTACATTT	45	CAETAGGSYIPTF	:::::::::0:-3:10:::::15:-7:39:::
18607	98.0	3.852834310039936E-5	1	1.1548677676406051E-4	TGTGCAATGAGCCTAGGCTCAACCCTGGGGAGGCTATACTTT	NNNNNNNNNNNNNNNNNNNNNNNNNNNNNNNNNNNNNNNNNN	TRAV12-3*00(979.1)		TRAJ18*00(550)		562|574|595|0|12||120.0		27|55|86|14|42||280.0		TGTGCAATGAGCCTAGGCTCAACCCTGGGGAGGCTATACTTT	45	CAMSLGSTLGRLYF	:::::::::0:-1:12:::::14:-7:42:::
18781	98.0	3.852834310039936E-5	1	1.1548677676406051E-4	TGTGCAATGAGAGAGGGCCGATGGTGGTACTAGCTATGGAAAGCTGACATTT	NNNNNNNNNNNNNNNNNNNNNNNNNNNNNNNNNNNNNNNNNNNNNNNNNNNN	TRAV14/DV4*00(551)		TRAJ52*00(609.5)		517|536|554|0|19||190.0		27|58|89|21|52||310.0		TGTGCAATGAGAGAGGGCCGATGGTGGTACTAGCTATGGAAAGCTGACATTT	45	CAMREGRWW_TSYGKLTF	:::::::::0:2:19:::::21:-7:52:::
18805	98.0	3.852834310039936E-5	1	1.1548677676406051E-4	TGTGCAATGAGAGAGGGACCCGGTGGTACTAGCTATGGAAAGCTGACATTT	NNNNNNNNNNNNNNNNNNNNNNNNNNNNNNNNNNNNNNNNNNNNNNNNNNN	TRAV14/DV4*00(532)		TRAJ52*00(599.4)		517|537|554|0|20|SC534A|171.0		28|58|89|21|51||300.0		TGTGCAATGAGAGAGGGACCCGGTGGTACTAGCTATGGAAAGCTGACATTT	45	CAMREGPGGTSYGKLTF	:::::::::0:3:20:::::21:-8:51:::
20207	98.0	3.852834310039936E-5	1	1.1548677676406051E-4	TGCATCCTGATATTTAACCAGGGAGGAAAGCTTATCTTC	NNNNNNNNNNNNNNNNNNNNNNNNNNNNNNNNNNNNNNN	TRAV26-2*00(869.7)		TRAJ23*00(571.9)		791|798|826|0|7||100.0		20|52|83|7|39|ST24ASA26T|273.0		TGCATCCTGATATTTAACCAGGGAGGAAAGCTTATCTTC	45	CILIFNQGGKLIF	:::::::::0:-8:7:::::7:0:39:::
20303	98.0	3.852834310039936E-5	1	1.1548677676406051E-4	TGCATCCCCCCGAACACCGGTAACCAGTTCTATTTT	NNNNNNNNNNNNNNNNNNNNNNNNNNNNNNNNNNNN	TRAV26-2*00(549.6)		TRAJ49*00(559.7)		791|798|826|0|7||70.0		19|45|76|10|36||260.0		TGCATCCCCCCGAACACCGGTAACCAGTTCTATTTT	45	CIPPNTGNQFYF	:::::::::0:-8:7:::::10:1:36:::
1764	97.0	3.8135196742232017E-5	1	1.1548677676406051E-4	TGTGTGGTGAGCTCGCGGGGCTCCGGGAATATAGAAACAAACTGGTCTTT	NNNNNNNNNNNNNNNNNNNNNNNNNNNNNNNNNNNNNNNNNNNNNNNNNN	TRAV10*00(1040.1)		TRAJ47*00(490.7)		575|591|608|0|16|SG587T|131.0		21|46|77|25|50|SG28A|221.0		TGTGTGGTGAGCTCGCGGGGCTCCGGGAATATAGAAACAAACTGGTCTTT	45	CVVSSRGS_EYRNKLVF	:::::::::0:3:16:::::25:-1:50:::
2709	97.0	3.8135196742232017E-5	1	1.1548677676406051E-4	TGTGCTCTGAGTGAGGTGGGCTGGGCTGGCAACAACCGTAAGCTGATTTGG	NNNNNNNNNNNNNNNNNNNNNNNNNNNNNNNNNNNNNNNNNNNNNNNNNNN	TRAV19*00(749.9)		TRAJ38*00(570)		556|572|593|0|16||160.0		24|51|82|24|51||270.0		TGTGCTCTGAGTGAGGTGGGCTGGGCTGGCAACAACCGTAAGCTGATTTGG	45	CALSEVGWAGNNRKLIW	:::::::::0:-1:16:::::24:-4:51:::
3675	97.0	3.8135196742232017E-5	1	1.1548677676406051E-4	TGTGCTGTGGACGGGGGCTGGGAGTTACCAACTCACTTTC	NNNNNNNNNNNNNNNNNNNNNNNNNNNNNNNNNNNNNNNN	TRAV8-3*00(620)		TRAJ28*00(559.7)		455|465|489|0|10||100.0		28|55|86|13|40||270.0		TGTGCTGTGGACGGGGGCTGGGAGTTACCAACTCACTTTC	45	CAVDGGW_SYQLTF	:::::::::0:-4:10:::::13:-8:40:::
3801	97.0	3.8135196742232017E-5	1	1.1548677676406051E-4	TGTGCTGTGATAGGGACTGGGGCAAACAACCTCTTCTTT	NNNNNNNNNNNNNNNNNNNNNNNNNNNNNNNNNNNNNNN	TRAV21*00(459.6)		TRAJ36*00(549.7)		544|554|576|0|10||100.0		24|48|79|15|39||240.0		TGTGCTGTGATAGGGACTGGGGCAAACAACCTCTTCTTT	45	CAVIGTGANNLFF	:::::::::0:-2:10:::::15:-4:39:::
4455	97.0	3.8135196742232017E-5	1	1.1548677676406051E-4	TGTGCTGCGCTTAATGCTGGTGGTACTAGCTATGGAAAGCTGACATTT	NNNNNNNNNNNNNNNNNNNNNNNNNNNNNNNNNNNNNNNNNNNNNNNN	TRAV35*00(461)		TRAJ52*00(669.7)		588|598|620|0|10|SG595C|71.0		21|58|89|11|48||370.0		TGTGCTGCGCTTAATGCTGGTGGTACTAGCTATGGAAAGCTGACATTT	45	CAALNAGGTSYGKLTF	:::::::::0:-2:10:::::11:-1:48:::
18812	97.0	3.8135196742232017E-5	1	1.1548677676406051E-4	TGTGCAATGAGAGAGGACTTTAGAGATGACAAGATCATCTTT	NNNNNNNNNNNNNNNNNNNNNNNNNNNNNNNNNNNNNNNNNN	TRAV14/DV4*00(521)		TRAJ30*00(519.7)		517|533|554|0|16||160.0		25|46|77|21|42||210.0		TGTGCAATGAGAGAGGACTTTAGAGATGACAAGATCATCTTT	45	CAMREDFRDDKIIF	:::::::::0:-1:16:::::21:-5:42:::
2677	96.0	3.7742050384064676E-5	1	1.1548677676406051E-4	TGTGCTCTGAGTGATAAGAGAGCAAACTCACCTTT	NNNNNNNNNNNNNNNNNNNNNNNNNNNNNNNNNNN	TRAV9-2*00(760)		TRAJ10*00(429.4)		480|495|514|0|15||150.0		40|53|84|22|35||130.0		TGTGCTCTGAGTGATAAGAGAGCAAACTCACCTTT	45	CALSDK_SKLTF	:::::::::0:1:15:::::22:-20:35:::
4416	96.0	3.7742050384064676E-5	1	1.1548677676406051E-4	TGTGCTGCCTAATAGTGGAGGTAGCAACTATAAACTGACATTT	NNNNNNNNNNNNNNNNNNNNNNNNNNNNNNNNNNNNNNNNNNN	TRAV21*00(599.7)		TRAJ53*00(626.4)		544|551|576|0|7||70.0		22|55|86|10|43||330.0		TGTGCTGCCTAATAGTGGAGGTAGCAACTATAAACTGACATTT	45	CAA**WR_SNYKLTF	:::::::::0:-5:7:::::10:-2:43:::
4682	96.0	3.7742050384064676E-5	1	1.1548677676406051E-4	TGTGCTGGGCAGAACAGAGGCTCAACCCTGGGGAGGCTATACTTT	NNNNNNNNNNNNNNNNNNNNNNNNNNNNNNNNNNNNNNNNNNNNN	TRAV35*00(509.1)		TRAJ18*00(629.7)		588|600|620|0|12||120.0		23|55|86|13|45||320.0		TGTGCTGGGCAGAACAGAGGCTCAACCCTGGGGAGGCTATACTTT	45	CAGQNRGSTLGRLYF	:::::::::0:0:12:::::13:-3:45:::
17669	96.0	3.7742050384064676E-5	1	1.1548677676406051E-4	TGTGCAGCAAGTCGGTCCCGGCAACATGCTCACCTTT	NNNNNNNNNNNNNNNNNNNNNNNNNNNNNNNNNNNNN	TRAV13-1*00(599.7)		TRAJ39*00(489.8)		511|523|544|0|12||120.0		34|52|83|19|37||180.0		TGTGCAGCAAGTCGGTCCCGGCAACATGCTCACCTTT	45	CAASRS_GNMLTF	:::::::::0:-1:12:::::19:-14:37:::
18321	96.0	3.7742050384064676E-5	1	1.1548677676406051E-4	TGTGCAGATTTGCCAGGTAACCAGTTCTATTTT	NNNNNNNNNNNNNNNNNNNNNNNNNNNNNNNNN	TRAV5*00(431.5)		TRAJ49*00(479.7)		523|531|556|0|8||80.0		27|45|76|15|33||180.0		TGTGCAGATTTGCCAGGTAACCAGTTCTATTTT	45	CADLPGNQFYF	:::::::::0:-5:8:::::15:-7:33:::
18741	96.0	3.7742050384064676E-5	1	1.1548677676406051E-4	TGTGCAATGAGAGAGGCCCTGAACCAGGGAGGAAAGCTTATCTTC	NNNNNNNNNNNNNNNNNNNNNNNNNNNNNNNNNNNNNNNNNNNNN	TRAV14/DV4*00(891.7)		TRAJ23*00(550)		517|536|554|0|19|SG533C|161.0		28|52|83|21|45||240.0		TGTGCAATGAGAGAGGCCCTGAACCAGGGAGGAAAGCTTATCTTC	45	CAMREALNQGGKLIF	:::::::::0:2:19:::::21:-8:45:::
21334	96.0	3.7742050384064676E-5	1	1.1548677676406051E-4	TGGACCGGGCAAACAACCTCTTCTTT	NNNNNNNNNNNNNNNNNNNNNNNNNN	TRAV4*00(439.8)		TRAJ36*00(509.1)		768|770|804|0|2||20.0		28|48|79|6|26||200.0		TGGACCGGGCAAACAACCTCTTCTTT	45	WTGQ_NLFF	:::::::::0:-14:2:::::6:-8:26:::
1587	95.0	3.7348904025897336E-5	1	1.1548677676406051E-4	TGTGTTGTGAGTTTGTCGAACACCGGTAACCAGTTCTATTTT	NNNNNNNNNNNNNNNNNNNNNNNNNNNNNNNNNNNNNNNNNN	TRAV8-2*00(669.7)		TRAJ49*00(569.9)		466|478|500|0|12||120.0		18|45|76|15|42||270.0		TGTGTTGTGAGTTTGTCGAACACCGGTAACCAGTTCTATTTT	45	CVVSLSNTGNQFYF	:::::::::0:-2:12:::::15:2:42:::
3028	95.0	3.7348904025897336E-5	1	1.1548677676406051E-4	TGTGCTCTAAAGAGGGAGCCCAGAAGCTGGTATTT	NNNNNNNNNNNNNNNNNNNNNNNNNNNNNNNNNNN	TRAV16*00(509.7)		TRAJ54*00(518.9)		449|459|483|0|10||100.0		26|49|80|12|35||230.0		TGTGCTCTAAAGAGGGAGCCCAGAAGCTGGTATTT	45	CALKRE_QKLVF	:::::::::0:-4:10:::::12:-6:35:::
4107	95.0	3.7348904025897336E-5	1	1.1548677676406051E-4	TGTGCTGTGAGCAAGCAGTGCTTCCAAGATAATCTTT	NNNNNNNNNNNNNNNNNNNNNNNNNNNNNNNNNNNNN	TRAV8-6*00(679.7)		TRAJ3*00(540)		448|459|482|0|11||110.0		27|51|82|13|37||240.0		TGTGCTGTGAGCAAGCAGTGCTTCCAAGATAATCTTT	45	CAVSKQ_ASKIIF	:::::::::0:-3:11:::::13:-7:37:::
4984	95.0	3.7348904025897336E-5	1	1.1548677676406051E-4	TGTGCCTTTTATAGCAACTATCAGTTAATCTGG	NNNNNNNNNNNNNNNNNNNNNNNNNNNNNNNNN	TRAV24*00(471)		TRAJ33*00(448)		515|524|545|0|9||90.0		23|46|77|10|33||230.0		TGTGCCTTTTATAGCAACTATCAGTTAATCTGG	45	CAFYSNYQLIW	:::::::::0:-1:9:::::10:-3:33:::
18640	95.0	3.7348904025897336E-5	1	1.1548677676406051E-4	TGTGCAATGAGCGCGATTAACGACTACAAGCTCAGCTTT	NNNNNNNNNNNNNNNNNNNNNNNNNNNNNNNNNNNNNNN	TRAV12-3*00(549.6)		TRAJ20*00(520)		562|577|595|0|15||150.0		24|46|77|17|39||220.0		TGTGCAATGAGCGCGATTAACGACTACAAGCTCAGCTTT	45	CAMSAINDYKLSF	:::::::::0:2:15:::::17:-4:39:::
18774	95.0	3.7348904025897336E-5	1	1.1548677676406051E-4	TGTGCAATGAGAGAGGGCCCGGATAGTTCAGGGAGCCCAGAAGCTGGTATTT	NNNNNNNNNNNNNNNNNNNNNNNNNNNNNNNNNNNNNNNNNNNNNNNNNNNN	TRAV14/DV4*00(560.1)		TRAJ54*00(560.7)		517|537|554|0|20||200.0		19|49|80|22|52|SA22G|271.0		TGTGCAATGAGAGAGGGCCCGGATAGTTCAGGGAGCCCAGAAGCTGGTATTT	45	CAMREGPDS_QGAQKLVF	:::::::::0:3:20:::::22:1:52:::
6513	94.0	3.6955757667729996E-5	1	1.1548677676406051E-4	TGTGCCGCGGACGGGGGCTCAACCCTGGGGAGGCTATACTTT	NNNNNNNNNNNNNNNNNNNNNNNNNNNNNNNNNNNNNNNNNN	TRAV12-2*00(470)		TRAJ18*00(582.7)		551|558|584|0|7||70.0		20|55|86|7|42|SC21GSA25GSA27G|273.0		TGTGCCGCGGACGGGGGCTCAACCCTGGGGAGGCTATACTTT	45	CAADGGSTLGRLYF	:::::::::0:-6:7:::::7:0:42:::
18244	94.0	3.6955757667729996E-5	1	1.1548677676406051E-4	TGTGCAGGAGCTCTGGCACCGACAAGCTCATCTTT	NNNNNNNNNNNNNNNNNNNNNNNNNNNNNNNNNNN	TRAV27*00(675)		TRAJ34*00(460)		552|571|582|0|19|SC565TST566G|133.0		31|47|78|19|35||190.0		TGTGCAGGAGCTCTGGCACCGACAAGCTCATCTTT	45	CAGALA_DKLIF	:::::::::0:9:19:::::19:-11:35:::
1703	93.0	3.6562611309562656E-5	1	1.1548677676406051E-4	TGTGTGGTGGGGTCTGGTTCTGCAAGGCAACTGACCTTT	NNNNNNNNNNNNNNNNNNNNNNNNNNNNNNNNNNNNNNN	TRAV12-1*00(489.9)		TRAJ22*00(580)		539|548|572|0|9||90.0		25|52|83|12|39||270.0		TGTGTGGTGGGGTCTGGTTCTGCAAGGCAACTGACCTTT	45	CVVGSGSARQLTF	:::::::::0:-4:9:::::12:-5:39:::
3838	93.0	3.6562611309562656E-5	1	1.1548677676406051E-4	TGTGCTGTGACGGGAGCAGGCAACATGCTCACCTTT	NNNNNNNNNNNNNNNNNNNNNNNNNNNNNNNNNNNN	TRAV21*00(476.5)		TRAJ39*00(519.4)		544|554|576|0|10||100.0		31|52|83|15|36||210.0		TGTGCTGTGACGGGAGCAGGCAACATGCTCACCTTT	45	CAVTGAGNMLTF	:::::::::0:-2:10:::::15:-11:36:::
4154	93.0	3.6562611309562656E-5	1	1.1548677676406051E-4	TGTGCTGTGAGGGTCACTCTGGGGCTGGGAGTTACCAACTCACTTTC	NNNNNNNNNNNNNNNNNNNNNNNNNNNNNNNNNNNNNNNNNNNNNNN	TRAV21*00(479.7)		TRAJ28*00(609.6)		544|556|576|0|12||120.0		23|55|86|15|47||320.0		TGTGCTGTGAGGGTCACTCTGGGGCTGGGAGTTACCAACTCACTTTC	45	CAVRVTLG_GSYQLTF	:::::::::0:0:12:::::15:-3:47:::
4193	93.0	3.6562611309562656E-5	1	1.1548677676406051E-4	TGTGCTGTGAGGAGGTATGCCAGACTCATGTTT	NNNNNNNNNNNNNNNNNNNNNNNNNNNNNNNNN	TRAV21*00(479.7)		TRAJ31*00(470)		544|556|576|0|12||120.0		29|46|77|16|33||170.0		TGTGCTGTGAGGAGGTATGCCAGACTCATGTTT	45	CAVRRYARLMF	:::::::::0:0:12:::::16:-9:33:::
4226	93.0	3.6562611309562656E-5	1	1.1548677676406051E-4	TGTGCTGTGAGAGCTTACCGGCACTGCCAGTAAACTCACCTTT	NNNNNNNNNNNNNNNNNNNNNNNNNNNNNNNNNNNNNNNNNNN	TRAV3*00(609.6)		TRAJ44*00(590)		437|450|473|0|13||130.0		24|52|83|15|43||280.0		TGTGCTGTGAGAGCTTACCGGCACTGCCAGTAAACTCACCTTT	45	CAVRAYR_TASKLTF	:::::::::0:-3:13:::::15:-4:43:::
4980	93.0	3.6562611309562656E-5	1	1.1548677676406051E-4	TGTGCCTTTTGGGGAGGTGGAGGAAGCCAAGGAAATCTCATCTTT	NNNNNNNNNNNNNNNNNNNNNNNNNNNNNNNNNNNNNNNNNNNNN	TRAV24*00(500)		TRAJ42*00(580)		515|524|545|0|9||90.0		27|55|86|17|45||280.0		TGTGCCTTTTGGGGAGGTGGAGGAAGCCAAGGAAATCTCATCTTT	45	CAFWGGGGSQGNLIF	:::::::::0:-1:9:::::17:-7:45:::
6331	93.0	3.6562611309562656E-5	1	1.1548677676406051E-4	TGTGCCGTGAGAGGAAGCCAAGGAAATCTCATCTTT	NNNNNNNNNNNNNNNNNNNNNNNNNNNNNNNNNNNN	TRAV12-1*00(441.7),TRAV12-2*00(441.7)		TRAJ42*00(559.1)		539|549|572|0|10|ST543CSG544C|42.0;551|561|584|0|10||100.0		29|55|86|10|36||260.0		TGTGCCGTGAGAGGAAGCCAAGGAAATCTCATCTTT	45	CAVRGSQGNLIF	:::::::::0:-3:10:::::10:-9:36:::
17741	93.0	3.6562611309562656E-5	1	1.1548677676406051E-4	TGTGCAGCAAGTAGGGGATACAGCACCCTCACCTTT	NNNNNNNNNNNNNNNNNNNNNNNNNNNNNNNNNNNN	TRAV13-1*00(990)		TRAJ11*00(519.7)		511|524|544|0|13||130.0		28|49|80|15|36||210.0		TGTGCAGCAAGTAGGGGATACAGCACCCTCACCTTT	45	CAASRGYSTLTF	:::::::::0:0:13:::::15:-8:36:::
18119	93.0	3.6562611309562656E-5	1	1.1548677676406051E-4	TGTGCAGGCCTGAACGACTACAAGCTCAGCTTT	NNNNNNNNNNNNNNNNNNNNNNNNNNNNNNNNN	TRAV25*00(539.7)		TRAJ20*00(510)		620|628|649|0|8||80.0		25|46|77|12|33||210.0		TGTGCAGGCCTGAACGACTACAAGCTCAGCTTT	45	CAGLNDYKLSF	:::::::::0:-1:8:::::12:-5:33:::
18257	93.0	3.6562611309562656E-5	1	1.1548677676406051E-4	TGTGCAGGAGCTAGGGGCAGGCAACATGCTCACCTTT	NNNNNNNNNNNNNNNNNNNNNNNNNNNNNNNNNNNNN	TRAV27*00(661.8)		TRAJ39*00(520)		552|564|582|0|12||120.0		31|52|83|16|37||210.0		TGTGCAGGAGCTAGGGGCAGGCAACATGCTCACCTTT	45	CAGARG_GNMLTF	:::::::::0:2:12:::::16:-11:37:::
20226	93.0	3.6562611309562656E-5	1	1.1548677676406051E-4	TGCATCCTGAGGTAAACTGGGGCAAACAACCTCTTCTTT	NNNNNNNNNNNNNNNNNNNNNNNNNNNNNNNNNNNNNNN	TRAV26-2*00(589.7)		TRAJ36*00(568.7)		791|802|826|0|11||110.0		22|48|79|13|39||260.0		TGCATCCTGAGGTAAACTGGGGCAAACAACCTCTTCTTT	45	CILR*TGANNLFF	:::::::::0:-4:11:::::13:-2:39:::
2723	92.0	3.6169464951395316E-5	1	1.1548677676406051E-4	TGTGCTCTGAGTGAGGCGCTTCAGTCTTTTGGAAATGAGAAATTAACCTTT	NNNNNNNNNNNNNNNNNNNNNNNNNNNNNNNNNNNNNNNNNNNNNNNNNNN	TRAV19*00(791.7)		TRAJ48*00(548.7)		556|582|593|0|26|SC575TSC579G|202.0		28|52|83|27|51||240.0		TGTGCTCTGAGTGAGGCGCTTCAGTCTTTTGGAAATGAGAAATTAACCTTT	45	CALSEALQSFGNEKLTF	:::::::::0:9:26:::::27:-8:51:::
2959	92.0	3.6169464951395316E-5	1	1.1548677676406051E-4	TGTGCTCTAATAAATAGCAACTATCAGTTAATCTGG	NNNNNNNNNNNNNNNNNNNNNNNNNNNNNNNNNNNN	TRAV16*00(510)		TRAJ33*00(519.1)		449|459|483|0|10||100.0		23|46|77|13|36||230.0		TGTGCTCTAATAAATAGCAACTATCAGTTAATCTGG	45	CALINSNYQLIW	:::::::::0:-4:10:::::13:-3:36:::
4076	92.0	3.6169464951395316E-5	1	1.1548677676406051E-4	TGTGCTGTGAGCTACAATAACAATGACATGCGCTTT	NNNNNNNNNNNNNNNNNNNNNNNNNNNNNNNNNNNN	TRAV8-4*00(659.4)		TRAJ43*00(539.7)		476|487|510|0|11||110.0		19|43|74|12|36||240.0		TGTGCTGTGAGCTACAATAACAATGACATGCGCTTT	45	CAVSYNNNDMRF	:::::::::0:-3:11:::::12:1:36:::
6322	92.0	3.6169464951395316E-5	1	1.1548677676406051E-4	TGTGCCGTGAGGGGGGATAGCAGCTATAAATTGATCTTC	NNNNNNNNNNNNNNNNNNNNNNNNNNNNNNNNNNNNNNN	TRAV12-1*00(442.2),TRAV12-2*00(437.2)		TRAJ12*00(519.1)		539|549|572|0|10|ST543CSG544C|42.0;551|561|584|0|10||100.0		24|49|80|14|39||250.0		TGTGCCGTGAGGGGGGATAGCAGCTATAAATTGATCTTC	45	CAVRGDSSYKLIF	:::::::::0:-3:10:::::14:-4:39:::
17390	92.0	3.6169464951395316E-5	1	1.1548677676406051E-4	TGTGCACCCCGGGGGGGGGTCAGAATTTTGTCTTT	NNNNNNNNNNNNNNNNNNNNNNNNNNNNNNNNNNN	TRAV12-2*00(448.6)		TRAJ26*00(478.9)		551|556|584|0|5||50.0		31|49|80|17|35||180.0		TGTGCACCCCGGGGGGGGGTCAGAATTTTGTCTTT	45	CAPRGG_QNFVF	:::::::::0:-8:5:::::17:-11:35:::
1491	91.0	3.5776318593227976E-5	1	1.1548677676406051E-4	TCCCTACAAACTGGGGCAAACAACCTCTTCTTT	NNNNNNNNNNNNNNNNNNNNNNNNNNNNNNNNN	TRAV27*00(551.7)		TRAJ36*00(579.7)		552|553|582|0|1||10.0		21|48|79|6|33||270.0		TCCCTACAAACTGGGGCAAACAACCTCTTCTTT	45	SLQTGANNLFF	:::::::::0:-9:1:::::6:-1:33:::
1889	91.0	3.5776318593227976E-5	1	1.1548677676406051E-4	TGTGTGGTGAACGGTGAGGAGCTGCAGGCAACAAGCTAACTTTT	NNNNNNNNNNNNNNNNNNNNNNNNNNNNNNNNNNNNNNNNNNNN	TRAV12-1*00(951)		TRAJ17*00(509.7)		539|551|572|0|12||120.0		27|52|83|19|44||250.0		TGTGTGGTGAACGGTGAGGAGCTGCAGGCAACAAGCTAACTTTT	45	CVVNGEE_AGNKLTF	:::::::::0:-1:12:::::19:-7:44:::
2701	91.0	3.5776318593227976E-5	1	1.1548677676406051E-4	TGTGCTCTGAGTGAGCCCCCCTATGGGAACAACAGACTCGCTTTT	NNNNNNNNNNNNNNNNNNNNNNNNNNNNNNNNNNNNNNNNNNNNN	TRAV19*00(687.3)		TRAJ7*00(539.7)		556|571|593|0|15||150.0		23|48|79|20|45||250.0		TGTGCTCTGAGTGAGCCCCCCTATGGGAACAACAGACTCGCTTTT	45	CALSEPPYGNNRLAF	:::::::::0:-2:15:::::20:-3:45:::
3009	91.0	3.5776318593227976E-5	1	1.1548677676406051E-4	TGTGCTCTAAGATTAAATTCAGGGAGCCCAGAAGCTGGTATTT	NNNNNNNNNNNNNNNNNNNNNNNNNNNNNNNNNNNNNNNNNNN	TRAV16*00(519.7)		TRAJ54*00(569.1)		449|460|483|0|11||110.0		21|49|80|15|43||280.0		TGTGCTCTAAGATTAAATTCAGGGAGCCCAGAAGCTGGTATTT	45	CALRLNS_GAQKLVF	:::::::::0:-3:11:::::15:-1:43:::
4183	91.0	3.5776318593227976E-5	1	1.1548677676406051E-4	TGTGCTGTGAGGATTCAACACCGACAAGCTCATCTTT	NNNNNNNNNNNNNNNNNNNNNNNNNNNNNNNNNNNNN	TRAV21*00(479.4)		TRAJ34*00(510)		544|556|576|0|12||120.0		26|47|78|16|37||210.0		TGTGCTGTGAGGATTCAACACCGACAAGCTCATCTTT	45	CAVRIQ_TDKLIF	:::::::::0:0:12:::::16:-6:37:::
4541	91.0	3.5776318593227976E-5	1	1.1548677676406051E-4	TGTGCTGGGTACCCCCCGGGCTAATAATGCTGGCAACAACCGTAAGCTGATTTGG	NNNNNNNNNNNNNNNNNNNNNNNNNNNNNNNNNNNNNNNNNNNNNNNNNNNNNNN	TRAV35*00(929.7)		TRAJ38*00(579.7)		588|597|620|0|9||90.0		19|51|82|23|55||320.0		TGTGCTGGGTACCCCCCGGGCTAATAATGCTGGCAACAACCGTAAGCTGATTTGG	45	CAGYPPG**_AGNNRKLIW	:::::::::0:-3:9:::::23:1:55:::
2690	90.0	3.5383172235060635E-5	1	1.1548677676406051E-4	TGTGCTCTGAGTGAGTTGTCAACTCAAATTCCGGGTATGCACTCAACTTC	NNNNNNNNNNNNNNNNNNNNNNNNNNNNNNNNNNNNNNNNNNNNNNNNNN	TRAV19*00(758.8)		TRAJ41*00(559.2)		556|571|593|0|15||150.0		21|51|82|20|50||300.0		TGTGCTCTGAGTGAGTTGTCAACTCAAATTCCGGGTATGCACTCAACTTC	45	CALSELST_NSGYALNF	:::::::::0:-2:15:::::20:-1:50:::
2819	90.0	3.5383172235060635E-5	1	1.1548677676406051E-4	TGTGCTCTGAGCGCTGATGGTAGGTAACCAGTTCTATTTT	NNNNNNNNNNNNNNNNNNNNNNNNNNNNNNNNNNNNNNNN	TRAV9-2*00(750.1)		TRAJ49*00(480)		480|491|514|0|11||110.0		27|45|76|22|40||180.0		TGTGCTCTGAGCGCTGATGGTAGGTAACCAGTTCTATTTT	45	CALSADG_GNQFYF	:::::::::0:-3:11:::::22:-7:40:::
17285	90.0	3.5383172235060635E-5	1	1.1548677676406051E-4	TGTGCCAACTTTCGGGGGAGGTAGCAACTATAAACTGACATTT	NNNNNNNNNNNNNNNNNNNNNNNNNNNNNNNNNNNNNNNNNNN	TRAV38-2/DV8*00(509.7)		TRAJ53*00(579.6)		602|607|638|0|5||50.0		28|55|86|16|43||270.0		TGTGCCAACTTTCGGGGGAGGTAGCAACTATAAACTGACATTT	45	CANFRGR_SNYKLTF	:::::::::0:-11:5:::::16:-8:43:::
1935	89.0	3.4990025876893295E-5	1	1.1548677676406051E-4	TGTGTGGTGAACAGAGGAAAGCTTATCTTC	NNNNNNNNNNNNNNNNNNNNNNNNNNNNNN	TRAV12-1*00(471.7),TRAV12-2*00(471.7)		TRAJ23*00(440.8)		539|552|572|0|13||130.0;551|564|584|0|13|SC555TSC556G|72.0		35|52|83|13|30||170.0		TGTGTGGTGAACAGAGGAAAGCTTATCTTC	45	CVVNRGKLIF	:::::::::0:0:13:::::13:-15:30:::
3206	89.0	3.4990025876893295E-5	1	1.1548677676406051E-4	TGTGCTGTCTTAGGGCAGGCAACATGCTCACCTTT	NNNNNNNNNNNNNNNNNNNNNNNNNNNNNNNNNNN	TRAV21*00(440)		TRAJ39*00(519.3)		544|552|576|0|8||80.0		31|52|83|14|35||210.0		TGTGCTGTCTTAGGGCAGGCAACATGCTCACCTTT	45	CAVLGQ_NMLTF	:::::::::0:-4:8:::::14:-11:35:::
4983	89.0	3.4990025876893295E-5	1	1.1548677676406051E-4	TGTGCCTTTTATACTGGAGCCAATAGTAAGCTGACATTT	NNNNNNNNNNNNNNNNNNNNNNNNNNNNNNNNNNNNNNN	TRAV24*00(498.8)		TRAJ56*00(619.7)		515|524|545|0|9||90.0		21|51|82|9|39||310.0		TGTGCCTTTTATACTGGAGCCAATAGTAAGCTGACATTT	45	CAFYTGANSKLTF	:::::::::0:-1:9:::::9:-1:39:::
18800	89.0	3.4990025876893295E-5	1	1.1548677676406051E-4	TGTGCAATGAGAGAGGGGGGCAGGCAGGAACTGCTCTGATCTTT	NNNNNNNNNNNNNNNNNNNNNNNNNNNNNNNNNNNNNNNNNNNN	TRAV14/DV4*00(531)		TRAJ15*00(462.9)		517|534|554|0|17||170.0		25|49|80|20|44||240.0		TGTGCAATGAGAGAGGGGGGCAGGCAGGAACTGCTCTGATCTTT	45	CAMREGG_AGTALIF	:::::::::0:0:17:::::20:-5:44:::
18840	89.0	3.4990025876893295E-5	1	1.1548677676406051E-4	TGTGCAATACCGGCGGGTGGTGCTACAAACAAGCTCATCTTT	NNNNNNNNNNNNNNNNNNNNNNNNNNNNNNNNNNNNNNNNNN	TRAV17*00(849.7)		TRAJ32*00(569.3)		490|495|523|0|5||50.0		28|55|86|15|42||270.0		TGTGCAATACCGGCGGGTGGTGCTACAAACAAGCTCATCTTT	45	CAIPAGGATNKLIF	:::::::::0:-8:5:::::15:-8:42:::
19068	89.0	3.4990025876893295E-5	1	1.1548677676406051E-4	TGCCTCGTATAGGGAACCTACAAATACATCTTT	NNNNNNNNNNNNNNNNNNNNNNNNNNNNNNNNN	TRAV4*00(499.7)		TRAJ40*00(499)		768|776|804|0|8||80.0		29|50|81|12|33||210.0		TGCCTCGTATAGGGAACCTACAAATACATCTTT	45	CLV*GTYKYIF	:::::::::0:-8:8:::::12:-9:33:::
20341	89.0	3.4990025876893295E-5	1	1.1548677676406051E-4	TGCATCGTCAGTTTATTCCTAACGACTACAAGCTCAGCTTT	NNNNNNNNNNNNNNNNNNNNNNNNNNNNNNNNNNNNNNNNN	TRAV26-1*00(598.7)		TRAJ20*00(534.5)		763|774|799|0|11||110.0		23|46|77|18|41||230.0		TGCATCGTCAGTTTATTCCTAACGACTACAAGCTCAGCTTT	45	CIVSLFL_DYKLSF	:::::::::0:-5:11:::::18:-3:41:::
17329	88.0	3.4596879518725955E-5	1	1.1548677676406051E-4	TGTGCGCGGGTCGGGAGCCCAGAAGCTGGTATTT	NNNNNNNNNNNNNNNNNNNNNNNNNNNNNNNNNN	TRAV24*00(448.5)		TRAJ54*00(510)		515|520|545|0|5||50.0		27|49|80|12|34||220.0		TGTGCGCGGGTCGGGAGCCCAGAAGCTGGTATTT	45	CARVGS_QKLVF	:::::::::0:-5:5:::::12:-7:34:::
20387	88.0	3.4596879518725955E-5	1	1.1548677676406051E-4	TGCATCGTCAGAGTCGTGAGGGTCAGATGGCCAGAAGCTGCTCTTT	NNNNNNNNNNNNNNNNNNNNNNNNNNNNNNNNNNNNNNNNNNNNNN	TRAV26-1*00(650.7)		TRAJ16*00(506.9)		763|782|799|0|19|SC779T|161.0		25|49|80|22|46||240.0		TGCATCGTCAGAGTCGTGAGGGTCAGATGGCCAGAAGCTGCTCTTT	45	CIVRVVRV_DGQKLLF	:::::::::0:3:19:::::22:-5:46:::
2526	87.0	3.4203733160558615E-5	1	1.1548677676406051E-4	TGTGCTCTGATTCCTAGGGTAAACACCGACAAGCTCATCTTT	NNNNNNNNNNNNNNNNNNNNNNNNNNNNNNNNNNNNNNNNNN	TRAV9-2*00(739.3)		TRAJ34*00(509.7)		480|490|514|0|10||100.0		26|47|78|21|42||210.0		TGTGCTCTGATTCCTAGGGTAAACACCGACAAGCTCATCTTT	45	CALIPRVNTDKLIF	:::::::::0:-4:10:::::21:-6:42:::
18497	87.0	3.4203733160558615E-5	1	1.1548677676406051E-4	TGTGCAGAGAATAGAGCCAATAGTAAGCTGACATTT	NNNNNNNNNNNNNNNNNNNNNNNNNNNNNNNNNNNN	TRAV13-2*00(580)		TRAJ56*00(539.7)		506|519|539|0|13||130.0		28|51|82|13|36||230.0		TGTGCAGAGAATAGAGCCAATAGTAAGCTGACATTT	45	CAENRANSKLTF	:::::::::0:0:13:::::13:-8:36:::
18859	87.0	3.4203733160558615E-5	1	1.1548677676406051E-4	TGTGCAAATAGTGGAGGTAGCAACTATAAACTGACATTT	NNNNNNNNNNNNNNNNNNNNNNNNNNNNNNNNNNNNNNN	TRAV27*00(601.8)		TRAJ53*00(639.9)		552|558|582|0|6||60.0		22|55|86|6|39||330.0		TGTGCAAATAGTGGAGGTAGCAACTATAAACTGACATTT	45	CANSGGSNYKLTF	:::::::::0:-4:6:::::6:-2:39:::
2635	86.0	3.3810586802391275E-5	1	1.1548677676406051E-4	TGTGCTCTGAGTGGGGAGGGGGGAGCCCAGAAGCTGGTATTT	NNNNNNNNNNNNNNNNNNNNNNNNNNNNNNNNNNNNNNNNNN	TRAV19*00(740.3)		TRAJ54*00(508.7)		556|572|593|0|16|SA569G|131.0		27|49|80|20|42||220.0		TGTGCTCTGAGTGGGGAGGGGGGAGCCCAGAAGCTGGTATTT	45	CALSGEGGAQKLVF	:::::::::0:-1:16:::::20:-7:42:::
6553	86.0	3.3810586802391275E-5	1	1.1548677676406051E-4	TGTGCCGGGACTGGGGGTCACGGGAGGAGGAAACAAACTCACCTTT	NNNNNNNNNNNNNNNNNNNNNNNNNNNNNNNNNNNNNNNNNNNNNN	TRAV12-1*00(439.7)		TRAJ10*00(589.9)		539|543|572|0|4||40.0		24|53|84|17|46||290.0		TGTGCCGGGACTGGGGGTCACGGGAGGAGGAAACAAACTCACCTTT	45	CAGTGGHG_GGNKLTF	:::::::::0:-9:4:::::17:-4:46:::
17546	86.0	3.3810586802391275E-5	1	1.1548677676406051E-4	TGTGCAGCACTACTAGCAACACAGGCAAACTAATCTTT	NNNNNNNNNNNNNNNNNNNNNNNNNNNNNNNNNNNNNN	TRAV23/DV6*00(459.3)		TRAJ37*00(538.3)		517|526|550|0|9||90.0		25|51|82|12|38|SG27A|231.0		TGTGCAGCACTACTAGCAACACAGGCAAACTAATCTTT	45	CAALLA_TGKLIF	:::::::::0:-4:9:::::12:-5:38:::
18459	86.0	3.3810586802391275E-5	1	1.1548677676406051E-4	TGTGCAGAGAGAGGCGCCTTTTTCAGATGGCCAGAAGCTGCTCTTT	NNNNNNNNNNNNNNNNNNNNNNNNNNNNNNNNNNNNNNNNNNNNNN	TRAV5*00(468.3)		TRAJ16*00(541)		523|534|556|0|11||110.0		22|49|80|19|46||270.0		TGTGCAGAGAGAGGCGCCTTTTTCAGATGGCCAGAAGCTGCTCTTT	45	CAERGAFF_DGQKLLF	:::::::::0:-2:11:::::19:-2:46:::
18596	86.0	3.3810586802391275E-5	1	1.1548677676406051E-4	TGTGCAATGAGTAAGAATACTGGTGGTACTAGCTATGGAAAGCTGACATTT	NNNNNNNNNNNNNNNNNNNNNNNNNNNNNNNNNNNNNNNNNNNNNNNNNNN	TRAV14/DV4*00(470.7)		TRAJ52*00(630.3)		517|528|554|0|11||110.0		22|58|89|15|51|SG25A|331.0		TGTGCAATGAGTAAGAATACTGGTGGTACTAGCTATGGAAAGCTGACATTT	45	CAMSKNTGGTSYGKLTF	:::::::::0:-6:11:::::15:-2:51:::
20485	86.0	3.3810586802391275E-5	1	1.1548677676406051E-4	TGCATCGCGCGAACTCAAATTCCGGGTATGCACTCAACTTC	NNNNNNNNNNNNNNNNNNNNNNNNNNNNNNNNNNNNNNNNN	TRAV26-1*00(559.7)		TRAJ41*00(580)		763|770|799|0|7||70.0		19|51|82|9|41||320.0		TGCATCGCGCGAACTCAAATTCCGGGTATGCACTCAACTTC	45	CIARTQI_GYALNF	:::::::::0:-9:7:::::9:1:41:::
3118	85.0	3.3417440444223935E-5	1	1.1548677676406051E-4	TGTGCTCGCCCTGCGGGGGATAGCAGCTATAAATTGATCTTC	NNNNNNNNNNNNNNNNNNNNNNNNNNNNNNNNNNNNNNNNNN	TRAV16*00(479.7)		TRAJ12*00(530)		449|456|483|0|7||70.0		24|49|80|17|42||250.0		TGTGCTCGCCCTGCGGGGGATAGCAGCTATAAATTGATCTTC	45	CARPAGDSSYKLIF	:::::::::0:-7:7:::::17:-4:42:::
3909	85.0	3.3417440444223935E-5	1	1.1548677676406051E-4	TGTGCTGTGAGTGGTAACGACTACAAGCTCAGCTTT	NNNNNNNNNNNNNNNNNNNNNNNNNNNNNNNNNNNN	TRAV8-6*00(700.1)		TRAJ20*00(524.6)		448|461|482|0|13||130.0		24|46|77|14|36||220.0		TGTGCTGTGAGTGGTAACGACTACAAGCTCAGCTTT	45	CAVSGNDYKLSF	:::::::::0:-1:13:::::14:-4:36:::
6318	85.0	3.3417440444223935E-5	1	1.1548677676406051E-4	TGTGCCGTGAGGCCGAACACCGGTAACCAGTTCTATTTT	NNNNNNNNNNNNNNNNNNNNNNNNNNNNNNNNNNNNNNN	TRAV12-2*00(471)		TRAJ49*00(559.3)		551|561|584|0|10||100.0		19|45|76|13|39||260.0		TGTGCCGTGAGGCCGAACACCGGTAACCAGTTCTATTTT	45	CAVRPNTGNQFYF	:::::::::0:-3:10:::::13:1:39:::
6371	85.0	3.3417440444223935E-5	1	1.1548677676406051E-4	TGTGCCGTGAACTTCGACGCGGTAACCAGTTCTATTTT	NNNNNNNNNNNNNNNNNNNNNNNNNNNNNNNNNNNNNN	TRAV12-2*00(980)		TRAJ49*00(479.5)		551|563|584|0|12||120.0		26|45|76|19|38||190.0		TGTGCCGTGAACTTCGACGCGGTAACCAGTTCTATTTT	45	CAVNFD_GNQFYF	:::::::::0:-1:12:::::19:-6:38:::
2318	84.0	3.3024294086056594E-5	1	1.1548677676406051E-4	TGTGCTCTTGGGGCCTCATAATGCAGGCAACATGCTCACCTTT	NNNNNNNNNNNNNNNNNNNNNNNNNNNNNNNNNNNNNNNNNNN	TRDV1*00(659.7)		TRAJ39*00(569.7)		573|586|610|0|13||130.0		26|52|83|17|43||260.0		TGTGCTCTTGGGGCCTCATAATGCAGGCAACATGCTCACCTTT	45	CALGAS*_AGNMLTF	:::::::::0:-4:13:::::17:-6:43:::
17402	84.0	3.3024294086056594E-5	1	1.1548677676406051E-4	TGTGCAGTTCCGATGAGCAGCTATGGAAAGCTGACATTT	NNNNNNNNNNNNNNNNNNNNNNNNNNNNNNNNNNNNNNN	TRAV25*00(529.3)		TRAJ52*00(510)		620|627|649|0|7||70.0		37|58|89|18|39||210.0		TGTGCAGTTCCGATGAGCAGCTATGGAAAGCTGACATTT	45	CAVPMSSYGKLTF	:::::::::0:-2:7:::::18:-17:39:::
17580	84.0	3.3024294086056594E-5	1	1.1548677676406051E-4	TGTGCAGCAGGGGGAGGAAAGCTTATCTTC	NNNNNNNNNNNNNNNNNNNNNNNNNNNNNN	TRAV29/DV5*00(540.2)		TRAJ23*00(460.7)		529|538|562|0|9||90.0		33|52|83|11|30||190.0		TGTGCAGCAGGGGGAGGAAAGCTTATCTTC	45	CAAGGGKLIF	:::::::::0:-4:9:::::11:-13:30:::
4008	83.0	3.2631147727889254E-5	1	1.1548677676406051E-4	TGTGCTGTGAGTGACGGTTATAACCAGGGAGGAAAGCTTATCTTC	NNNNNNNNNNNNNNNNNNNNNNNNNNNNNNNNNNNNNNNNNNNNN	TRAV8-4*00(663.8)		TRAJ23*00(550.4)		476|490|510|0|14||140.0		24|52|83|17|45||280.0		TGTGCTGTGAGTGACGGTTATAACCAGGGAGGAAAGCTTATCTTC	45	CAVSDGYNQGGKLIF	:::::::::0:0:14:::::17:-4:45:::
6207	83.0	3.2631147727889254E-5	1	1.1548677676406051E-4	TGTGCCGTGGCGATGTATTCAGGAGGAGGTGCTGACGGACTCACCTTT	NNNNNNNNNNNNNNNNNNNNNNNNNNNNNNNNNNNNNNNNNNNNNNNN	TRAV12-2*00(949.7)		TRAJ45*00(630)		551|560|584|0|9||90.0		19|55|86|12|48||360.0		TGTGCCGTGGCGATGTATTCAGGAGGAGGTGCTGACGGACTCACCTTT	45	CAVAMYSGGGADGLTF	:::::::::0:-4:9:::::12:1:48:::
6461	83.0	3.2631147727889254E-5	1	1.1548677676406051E-4	TGTGCCGTATTCTCTAGCAACACAGGCAAACTAATCTTT	NNNNNNNNNNNNNNNNNNNNNNNNNNNNNNNNNNNNNNN	TRAV12-2*00(939)		TRAJ37*00(530.3)		551|559|584|0|8||80.0		23|51|82|11|39|SG27A|251.0		TGTGCCGTATTCTCTAGCAACACAGGCAAACTAATCTTT	45	CAVFSSNTGKLIF	:::::::::0:-5:8:::::11:-3:39:::
1566	82.0	3.2238001369721914E-5	1	1.1548677676406051E-4	TGTGTTCCTATGGTCAGAATTTTGTCTTT	NNNNNNNNNNNNNNNNNNNNNNNNNNNNN	TRAV3*00(519.6)		TRAJ26*00(530)		437|441|473|0|4||40.0		27|49|80|7|29||220.0		TGTGTTCCTATGGTCAGAATTTTGTCTTT	45	CVPMV_NFVF	:::::::::0:-12:4:::::7:-7:29:::
1886	82.0	3.2238001369721914E-5	1	1.1548677676406051E-4	TGTGTGGTGAACGTCAACACCAATGCAGGCAAATCAACCTTT	NNNNNNNNNNNNNNNNNNNNNNNNNNNNNNNNNNNNNNNNNN	TRAV12-1*00(462),TRAV12-2*00(462)		TRAJ27*00(560)		539|551|572|0|12||120.0;551|563|584|0|12|SC555TSC556G|62.0		21|48|79|15|42||270.0		TGTGTGGTGAACGTCAACACCAATGCAGGCAAATCAACCTTT	45	CVVNVNTNAGKSTF	:::::::::0:-1:12:::::15:-1:42:::
3190	82.0	3.2238001369721914E-5	1	1.1548677676406051E-4	TGTGCTGTTATACTTACGGGCAACACAGGCAAACTAATCTTT	NNNNNNNNNNNNNNNNNNNNNNNNNNNNNNNNNNNNNNNNNN	TRAV21*00(948.6)		TRAJ37*00(510)		544|552|576|0|8||80.0		27|51|82|18|42||240.0		TGTGCTGTTATACTTACGGGCAACACAGGCAAACTAATCTTT	45	CAVILTGNTGKLIF	:::::::::0:-4:8:::::18:-7:42:::
3756	82.0	3.2238001369721914E-5	1	1.1548677676406051E-4	TGTGCTGTGGAGAGCCGGGGCGACAAGCTCATCTTT	NNNNNNNNNNNNNNNNNNNNNNNNNNNNNNNNNNNN	TRAV21*00(449.3)		TRAJ34*00(459.3)		544|553|576|0|9||90.0		31|47|78|20|36||160.0		TGTGCTGTGGAGAGCCGGGGCGACAAGCTCATCTTT	45	CAVESRGDKLIF	:::::::::0:-3:9:::::20:-11:36:::
4832	82.0	3.2238001369721914E-5	1	1.1548677676406051E-4	TGTGCTACGGACTTAAACACCGGTAACCAGTTCTATTTT	NNNNNNNNNNNNNNNNNNNNNNNNNNNNNNNNNNNNNNN	TRAV17*00(920)		TRAJ49*00(539.4)		490|502|523|0|12||120.0		21|45|76|15|39||240.0		TGTGCTACGGACTTAAACACCGGTAACCAGTTCTATTTT	45	CATDLNTGNQFYF	:::::::::0:-1:12:::::15:-1:39:::
5668	82.0	3.2238001369721914E-5	1	1.1548677676406051E-4	TGTGCCTCCCTTTCAAATTCCGGGTATGCACTCAACTTC	NNNNNNNNNNNNNNNNNNNNNNNNNNNNNNNNNNNNNNN	TRAV23/DV6*00(361.6)		TRAJ41*00(530)		517|522|550|0|5||50.0		24|51|82|12|39||270.0		TGTGCCTCCCTTTCAAATTCCGGGTATGCACTCAACTTC	45	CASLSNSGYALNF	:::::::::0:-8:5:::::12:-4:39:::
17744	82.0	3.2238001369721914E-5	1	1.1548677676406051E-4	TGTGCAGCAAGTAGGACCTCAGGAACCTACAAATACATCTTT	NNNNNNNNNNNNNNNNNNNNNNNNNNNNNNNNNNNNNNNNNN	TRAV13-1*00(610)		TRAJ40*00(558.9)		511|522|544|0|11||130.0		19|50|81|11|42|SC21GST22G|272.0		TGTGCAGCAAGTAGGACCTCAGGAACCTACAAATACATCTTT	45	CAASRTSGTYKYIF	:::::::::0:-2:11:::::11:1:42:::
1831	81.0	3.1844855011554574E-5	1	1.1548677676406051E-4	TGTGTGGTGAGAGGCTCAACCCTGGGGAGGCTATACTTT	NNNNNNNNNNNNNNNNNNNNNNNNNNNNNNNNNNNNNNN	TRAV12-1*00(930.6)		TRAJ18*00(580)		539|549|572|0|10||100.0		26|55|86|10|39||300.0		TGTGTGGTGAGAGGCTCAACCCTGGGGAGGCTATACTTT	45	CVVRGSTLGRLYF	:::::::::0:-3:10:::::10:-6:39:::
2864	81.0	3.1844855011554574E-5	1	1.1548677676406051E-4	TGTGCTCTGAGAACCGGTAACCAGTTCTATTTT	NNNNNNNNNNNNNNNNNNNNNNNNNNNNNNNNN	TRAV9-2*00(718.9)		TRAJ49*00(509.6)		480|491|514|0|11||110.0		24|45|76|12|33||210.0		TGTGCTCTGAGAACCGGTAACCAGTTCTATTTT	45	CALRTGNQFYF	:::::::::0:-3:11:::::12:-4:33:::
4708	81.0	3.1844855011554574E-5	1	1.1548677676406051E-4	TGTGCTGGGGGGGCAATGACATGCGCTTT	NNNNNNNNNNNNNNNNNNNNNNNNNNNNN	TRAV21*00(429.5)		TRAJ43*00(460)		544|551|576|0|7||70.0		27|43|74|13|29||160.0		TGTGCTGGGGGGGCAATGACATGCGCTTT	45	CAGGA_DMRF	:::::::::0:-5:7:::::13:-7:29:::
4772	81.0	3.1844855011554574E-5	1	1.1548677676406051E-4	TGTGCTACCCCCCAGGGAGCCCAGAAGCTGGTATTT	NNNNNNNNNNNNNNNNNNNNNNNNNNNNNNNNNNNN	TRAV36/DV7*00(579.6)		TRAJ54*00(524.2)		500|506|533|0|6||60.0		25|49|80|12|36||240.0		TGTGCTACCCCCCAGGGAGCCCAGAAGCTGGTATTT	45	CATPQGAQKLVF	:::::::::0:-7:6:::::12:-5:36:::
18734	81.0	3.1844855011554574E-5	1	1.1548677676406051E-4	TGTGCAATGAGAGAGCACCTCAGGAGGAGGTGCTGACGGACTCACCTTT	NNNNNNNNNNNNNNNNNNNNNNNNNNNNNNNNNNNNNNNNNNNNNNNNN	TRAV14/DV4*00(510.6)		TRAJ45*00(609)		517|532|554|0|15||150.0		25|55|86|19|49||300.0		TGTGCAATGAGAGAGCACCTCAGGAGGAGGTGCTGACGGACTCACCTTT	45	CAMREHLR_GGADGLTF	:::::::::0:-2:15:::::19:-5:49:::
20473	81.0	3.1844855011554574E-5	1	1.1548677676406051E-4	TGCATCGCTGCGTCTCATCTTT	NNNNNNNNNNNNNNNNNNNNNN	TRAV26-1*00(560)		TRAJ34*00(390)		763|770|799|0|7||70.0		38|47|78|13|22||90.0		TGCATCGCTGCGTCTCATCTTT	45	CIAA_LIF	:::::::::0:-9:7:::::13:-18:22:::
2783	80.0	3.1451708653387234E-5	1	1.1548677676406051E-4	TGTGCTCTGAGTGAAGACACCGGTAACCAGTTCTATTTT	NNNNNNNNNNNNNNNNNNNNNNNNNNNNNNNNNNNNNNN	TRAV19*00(750)		TRAJ49*00(529.8)		556|570|593|0|14||140.0		22|45|76|16|39||230.0		TGTGCTCTGAGTGAAGACACCGGTAACCAGTTCTATTTT	45	CALSEDTGNQFYF	:::::::::0:-3:14:::::16:-2:39:::
4340	80.0	3.1451708653387234E-5	1	1.1548677676406051E-4	TGTGCTGTGAAGGGCTTTGGGAATGTGCTGCATTGC	NNNNNNNNNNNNNNNNNNNNNNNNNNNNNNNNNNNN	TRAV23/DV6*00(391)		TRAJ35*00(539.6)		517|522|550|0|5||50.0		24|48|79|12|36||240.0		TGTGCTGTGAAGGGCTTTGGGAATGTGCTGCATTGC	45	CAVKGFGNVLHC	:::::::::0:-8:5:::::12:-4:36:::
17368	80.0	3.1451708653387234E-5	1	1.1548677676406051E-4	TGTGCATCCCGGAGGGGCTTTGGGAATGTGCTGCATTGC	NNNNNNNNNNNNNNNNNNNNNNNNNNNNNNNNNNNNNNN	TRAV14/DV4*00(790.2)		TRAJ35*00(539.6)		517|523|554|0|6||60.0		24|48|79|15|39||240.0		TGTGCATCCCGGAGGGGCTTTGGGAATGTGCTGCATTGC	45	CASRRGFGNVLHC	:::::::::0:-11:6:::::15:-4:39:::
17956	80.0	3.1451708653387234E-5	1	1.1548677676406051E-4	TGTGCAGCAAGCGACCCCGTGGGGCGGGGGGCTGGGAGTTACCAACTCACTTTC	NNNNNNNNNNNNNNNNNNNNNNNNNNNNNNNNNNNNNNNNNNNNNNNNNNNNNN	TRAV29/DV5*00(579.6)		TRAJ28*00(558.9)		529|542|562|0|13||130.0		28|55|86|27|54||270.0		TGTGCAGCAAGCGACCCCGTGGGGCGGGGGGCTGGGAGTTACCAACTCACTTTC	45	CAASDPVGRGAGSYQLTF	:::::::::0:0:13:::::27:-8:54:::
18943	80.0	3.1451708653387234E-5	1	1.1548677676406051E-4	TGTACACCAGACCTACAAATACATCTTT	NNNNNNNNNNNNNNNNNNNNNNNNNNNN	TRAV12-1*00(860.3)		TRAJ40*00(470)		539|542|572|0|3||30.0		32|50|81|10|28||180.0		TGTACACCAGACCTACAAATACATCTTT	45	CTPDL_KYIF	:::::::::0:-10:3:::::10:-12:28:::
3402	79.0	3.1058562295219894E-5	1	1.1548677676406051E-4	TGTGCTGTGCGTAACACCGACAAGCTCATCTTT	NNNNNNNNNNNNNNNNNNNNNNNNNNNNNNNNN	TRAV21*00(449.6)		TRAJ34*00(520.1)		544|553|576|0|9||90.0		25|47|78|11|33||220.0		TGTGCTGTGCGTAACACCGACAAGCTCATCTTT	45	CAVRNTDKLIF	:::::::::0:-3:9:::::11:-5:33:::
4390	79.0	3.1058562295219894E-5	1	1.1548677676406051E-4	TGTGCTGCTCTTACCTATGGTCAGAATTTTGTCTTT	NNNNNNNNNNNNNNNNNNNNNNNNNNNNNNNNNNNN	TRAV41*00(571.3)		TRAJ26*00(510.5)		512|519|544|0|7||70.0		24|49|80|11|36|SA26C|221.0		TGTGCTGCTCTTACCTATGGTCAGAATTTTGTCTTT	45	CAALTYGQNFVF	:::::::::0:-5:7:::::11:-4:36:::
4531	78.0	3.066541593705255E-5	1	1.1548677676406051E-4	TGTGCTGGCAAAACGATAAATACCGGCACTGCCAGTAAACTCACCTTT	NNNNNNNNNNNNNNNNNNNNNNNNNNNNNNNNNNNNNNNNNNNNNNNN	TRAV35*00(469.6)		TRAJ44*00(640)		588|596|620|0|8||80.0		19|52|83|15|48||330.0		TGTGCTGGCAAAACGATAAATACCGGCACTGCCAGTAAACTCACCTTT	45	CAGKTINTGTASKLTF	:::::::::0:-4:8:::::15:1:48:::
4574	78.0	3.066541593705255E-5	1	1.1548677676406051E-4	TGTGCTGGGCCATTACTCAGGAACCTACAAATACATCTTT	NNNNNNNNNNNNNNNNNNNNNNNNNNNNNNNNNNNNNNNN	TRAV35*00(489.3)		TRAJ40*00(539.1)		588|598|620|0|10||100.0		25|50|81|15|40||250.0		TGTGCTGGGCCATTACTCAGGAACCTACAAATACATCTTT	45	CAGPLLR_TYKYIF	:::::::::0:-2:10:::::15:-5:40:::
6555	78.0	3.066541593705255E-5	1	1.1548677676406051E-4	TGTGCCGGGACCCCGGGGGGCTCTGGGGCTGGGAGTTACCAACTCACTTTC	NNNNNNNNNNNNNNNNNNNNNNNNNNNNNNNNNNNNNNNNNNNNNNNNNNN	TRAV12-2*00(470.3)		TRAJ28*00(599.6)		551|561|584|0|10|ST558G|71.0		24|55|86|20|51||310.0		TGTGCCGGGACCCCGGGGGGCTCTGGGGCTGGGAGTTACCAACTCACTTTC	45	CAGTPGGSGAGSYQLTF	:::::::::0:-3:10:::::20:-4:51:::
3211	76.0	2.987912322071787E-5	1	1.1548677676406051E-4	TGTGCTGTCTCTAGAGGCAAACTAATCTTT	NNNNNNNNNNNNNNNNNNNNNNNNNNNNNN	TRAV21*00(440)		TRAJ37*00(470)		544|552|576|0|8||80.0		35|51|82|14|30||160.0		TGTGCTGTCTCTAGAGGCAAACTAATCTTT	45	CAVSRGKLIF	:::::::::0:-4:8:::::14:-15:30:::
3652	76.0	2.987912322071787E-5	1	1.1548677676406051E-4	TGTGCTGTGGGATGCTGGCAACAACCGTAAGCTGATTTGG	NNNNNNNNNNNNNNNNNNNNNNNNNNNNNNNNNNNNNNNN	TRAV20*00(499.2)		TRAJ38*00(590)		498|507|531|0|9||90.0		22|51|82|11|40||290.0		TGTGCTGTGGGATGCTGGCAACAACCGTAAGCTGATTTGG	45	CAVGCWQ_NRKLIW	:::::::::0:-4:9:::::11:-2:40:::
4027	76.0	2.987912322071787E-5	1	1.1548677676406051E-4	TGTGCTGTGAGTGAGACTTATAGTGGAGGTAGCAACTATAAACTGACATTT	NNNNNNNNNNNNNNNNNNNNNNNNNNNNNNNNNNNNNNNNNNNNNNNNNNN	TRAV8-6*00(710)		TRAJ53*00(630)		448|462|482|0|14||140.0		23|55|86|19|51||320.0		TGTGCTGTGAGTGAGACTTATAGTGGAGGTAGCAACTATAAACTGACATTT	45	CAVSETYSGGSNYKLTF	:::::::::0:0:14:::::19:-3:51:::
6298	76.0	2.987912322071787E-5	1	1.1548677676406051E-4	TGTGCCGTGACCCCATCCACGGGAGGAGGAAACAAACTCACCTTT	NNNNNNNNNNNNNNNNNNNNNNNNNNNNNNNNNNNNNNNNNNNNN	TRAV12-2*00(471)		TRAJ10*00(578.9)		551|561|584|0|10||100.0		25|53|84|17|45||280.0		TGTGCCGTGACCCCATCCACGGGAGGAGGAAACAAACTCACCTTT	45	CAVTPSTGGGNKLTF	:::::::::0:-3:10:::::17:-5:45:::
17551	76.0	2.987912322071787E-5	1	1.1548677676406051E-4	TGTGCAGCACCTACCAGGATACAGCACCCTCACCTTT	NNNNNNNNNNNNNNNNNNNNNNNNNNNNNNNNNNNNN	TRAV13-1*00(948.9)		TRAJ11*00(529.7)		511|520|544|0|9||90.0		26|49|80|14|37||230.0		TGTGCAGCACCTACCAGGATACAGCACCCTCACCTTT	45	CAAPTR_YSTLTF	:::::::::0:-4:9:::::14:-6:37:::
19060	76.0	2.987912322071787E-5	1	1.1548677676406051E-4	TGCCTCGTGGGACATTTAGGGCAATGACATGCGCTTT	NNNNNNNNNNNNNNNNNNNNNNNNNNNNNNNNNNNNN	TRAV4*00(530)		TRAJ43*00(459.6)		768|779|804|0|11||110.0		27|43|74|21|37||160.0		TGCCTCGTGGGACATTTAGGGCAATGACATGCGCTTT	45	CLVGHL_GNDMRF	:::::::::0:-5:11:::::21:-7:37:::
1869	74.0	2.909283050438319E-5	1	1.1548677676406051E-4	TGTGTGGTGAACCGCTGGGGAGCAGGCAAATCAACCTTT	NNNNNNNNNNNNNNNNNNNNNNNNNNNNNNNNNNNNNNN	TRAV12-1*00(519.2)		TRAJ27*00(470)		539|551|572|0|12||120.0		30|48|79|21|39||180.0		TGTGTGGTGAACCGCTGGGGAGCAGGCAAATCAACCTTT	45	CVVNRWGAGKSTF	:::::::::0:-1:12:::::21:-10:39:::
3822	74.0	2.909283050438319E-5	1	1.1548677676406051E-4	TGTGCTGTGACCCAAGGGGCGGGCAGGAGAGCACTTACTTTT	NNNNNNNNNNNNNNNNNNNNNNNNNNNNNNNNNNNNNNNNNN	TRAV8-4*00(621)		TRAJ5*00(530.1)		476|486|510|0|10||100.0		26|49|80|19|42||230.0		TGTGCTGTGACCCAAGGGGCGGGCAGGAGAGCACTTACTTTT	45	CAVTQGAGRRALTF	:::::::::0:-4:10:::::19:-6:42:::
18335	74.0	2.909283050438319E-5	1	1.1548677676406051E-4	TGTGCAGACCACTACTACCTCAGGAACCTACAAATACATCTTT	NNNNNNNNNNNNNNNNNNNNNNNNNNNNNNNNNNNNNNNNNNN	TRAV27*00(611.6)		TRAJ40*00(599.6)		552|559|582|0|7||70.0		19|50|81|12|43||310.0		TGTGCAGACCACTACTACCTCAGGAACCTACAAATACATCTTT	45	CADHYYL_GTYKYIF	:::::::::0:-3:7:::::12:1:43:::
1696	73.0	2.869968414621585E-5	1	1.1548677676406051E-4	TGTGTGGTGGTATTTAGGTATATAGAAACAAACTGGTCTTT	NNNNNNNNNNNNNNNNNNNNNNNNNNNNNNNNNNNNNNNNN	TRAV12-1*00(949.6)		TRAJ47*00(462)		539|548|572|0|9||90.0		21|46|77|16|41|SA23TSG28A|192.0		TGTGTGGTGGTATTTAGGTATATAGAAACAAACTGGTCTTT	45	CVVVFRY_RNKLVF	:::::::::0:-4:9:::::16:-1:41:::
2649	73.0	2.869968414621585E-5	1	1.1548677676406051E-4	TGTGCTCTGAGTGATCCTTGGACAGCAGCTATAAATTGATCTTC	NNNNNNNNNNNNNNNNNNNNNNNNNNNNNNNNNNNNNNNNNNNN	TRAV9-2*00(769.6)		TRAJ12*00(440.6)		480|496|514|0|16||160.0		23|49|80|18|44|ST27C|231.0		TGTGCTCTGAGTGATCCTTGGACAGCAGCTATAAATTGATCTTC	45	CALSDPW_SSYKLIF	:::::::::0:2:16:::::18:-3:44:::
2667	73.0	2.869968414621585E-5	1	1.1548677676406051E-4	TGTGCTCTGAGTGATCAAGCCAATGCAGGCAAATCAACCTTT	NNNNNNNNNNNNNNNNNNNNNNNNNNNNNNNNNNNNNNNNNN	TRAV9-2*00(780)		TRAJ27*00(517.2)		480|497|514|0|17||170.0		25|48|79|19|42||230.0		TGTGCTCTGAGTGATCAAGCCAATGCAGGCAAATCAACCTTT	45	CALSDQANAGKSTF	:::::::::0:3:17:::::19:-5:42:::
3275	72.0	2.830653778804851E-5	1	1.1548677676406051E-4	TGTGCTGTCGATGGCTCTAGCAACACAGGCAAACTAATCTTT	NNNNNNNNNNNNNNNNNNNNNNNNNNNNNNNNNNNNNNNNNN	TRAV8-4*00(600.2)		TRAJ37*00(601)		476|484|510|0|8||80.0		19|51|82|10|42|SG27A|291.0		TGTGCTGTCGATGGCTCTAGCAACACAGGCAAACTAATCTTT	45	CAVDGSSNTGKLIF	:::::::::0:-6:8:::::10:1:42:::
3621	72.0	2.830653778804851E-5	1	1.1548677676406051E-4	TGTGCTGTGGGGTCTGGCTTTGGGAATGTGCTGCATTGC	NNNNNNNNNNNNNNNNNNNNNNNNNNNNNNNNNNNNNNN	TRAV22*00(529.2)		TRAJ35*00(538.8)		526|536|559|0|10||100.0		24|48|79|15|39||240.0		TGTGCTGTGGGGTCTGGCTTTGGGAATGTGCTGCATTGC	45	CAVGSGFGNVLHC	:::::::::0:-3:10:::::15:-4:39:::
4829	72.0	2.830653778804851E-5	1	1.1548677676406051E-4	TGTGCTACGGATATCTAACTTTGGAAATGAGAAATTAACCTTT	NNNNNNNNNNNNNNNNNNNNNNNNNNNNNNNNNNNNNNNNNNN	TRAV17*00(909.6)		TRAJ48*00(630)		490|501|523|0|11||110.0		20|52|83|11|43||330.0		TGTGCTACGGATATCTAACTTTGGAAATGAGAAATTAACCTTT	45	CATDI*L_GNEKLTF	:::::::::0:-2:11:::::11:0:43:::
6463	72.0	2.830653778804851E-5	1	1.1548677676406051E-4	TGTGCCGTATCTCAAGACCAGGCAGGAACTGCTCTGATCTTT	NNNNNNNNNNNNNNNNNNNNNNNNNNNNNNNNNNNNNNNNNN	TRAV8-1*00(549.6)		TRAJ15*00(483)		474|482|508|0|8||80.0		23|49|80|16|42||260.0		TGTGCCGTATCTCAAGACCAGGCAGGAACTGCTCTGATCTTT	45	CAVSQDQAGTALIF	:::::::::0:-6:8:::::16:-3:42:::
17598	72.0	2.830653778804851E-5	1	1.1548677676406051E-4	TGTGCAGCAATGCTCCTTTATAACTAATTCAGGGAGCCCAGAAGCTGGTATTT	NNNNNNNNNNNNNNNNNNNNNNNNNNNNNNNNNNNNNNNNNNNNNNNNNNNNN	TRAV23/DV6*00(470)		TRAJ54*00(579.2)		517|527|550|0|10||100.0		20|49|80|24|53||290.0		TGTGCAGCAATGCTCCTTTATAACTAATTCAGGGAGCCCAGAAGCTGGTATTT	45	CAAMLLYN*_QGAQKLVF	:::::::::0:-3:10:::::24:0:53:::
1649	71.0	2.791339142988117E-5	1	1.1548677676406051E-4	TGTGTGCCCTACCATTCTTTCATGAACACAGGCTTTCAGAAACTTGTATTT	NNNNNNNNNNNNNNNNNNNNNNNNNNNNNNNNNNNNNNNNNNNNNNNNNNN	TRAV12-1*00(915.9)		TRAJ8*00(580)		539|545|572|0|6||60.0		16|49|80|18|51||330.0		TGTGTGCCCTACCATTCTTTCATGAACACAGGCTTTCAGAAACTTGTATTT	45	CVPYHSFMNTGFQKLVF	:::::::::0:-7:6:::::18:4:51:::
3628	71.0	2.791339142988117E-5	1	1.1548677676406051E-4	TGTGCTGTGGGGCCCGGGAACAGAGATGACAAGATCATCTTT	NNNNNNNNNNNNNNNNNNNNNNNNNNNNNNNNNNNNNNNNNN	TRAV2*00(549.3)		TRAJ30*00(560)		519|529|553|0|10||100.0		21|46|77|17|42||250.0		TGTGCTGTGGGGCCCGGGAACAGAGATGACAAGATCATCTTT	45	CAVGPGNRDDKIIF	:::::::::0:-4:10:::::17:-1:42:::
4418	71.0	2.791339142988117E-5	1	1.1548677676406051E-4	TGTGCTGCCCTAGCTGCAGGCAACAAGCTAACTTTT	NNNNNNNNNNNNNNNNNNNNNNNNNNNNNNNNNNNN	TRAV2*00(520)		TRAJ17*00(550)		519|526|553|0|7||70.0		27|52|83|11|36||250.0		TGTGCTGCCCTAGCTGCAGGCAACAAGCTAACTTTT	45	CAALAAGNKLTF	:::::::::0:-7:7:::::11:-7:36:::
6130	71.0	2.791339142988117E-5	1	1.1548677676406051E-4	TGTGCCGTTGCCAAAGCTGCAGGCAACAAGCTAACTTTT	NNNNNNNNNNNNNNNNNNNNNNNNNNNNNNNNNNNNNNN	TRAV12-2*00(940)		TRAJ17*00(559.6)		551|559|584|0|8||80.0		24|52|83|11|39||280.0		TGTGCCGTTGCCAAAGCTGCAGGCAACAAGCTAACTTTT	45	CAVAKAAGNKLTF	:::::::::0:-5:8:::::11:-4:39:::
17828	71.0	2.791339142988117E-5	1	1.1548677676406051E-4	TGTGCAGCAAGCCCAGATTCCGGGTATGCACTCAACTTC	NNNNNNNNNNNNNNNNNNNNNNNNNNNNNNNNNNNNNNN	TRAV29/DV5*00(566.7)		TRAJ41*00(490.4)		529|541|562|0|12||120.0		25|51|82|13|39|SA27G|231.0		TGTGCAGCAAGCCCAGATTCCGGGTATGCACTCAACTTC	45	CAASPDSGYALNF	:::::::::0:-1:12:::::13:-5:39:::
1902	70.0	2.752024507171383E-5	1	1.1548677676406051E-4	TGTGTGGTGAACGGACTTATTCAGGAGGAGGTGCTGACGGACTCACCTTT	NNNNNNNNNNNNNNNNNNNNNNNNNNNNNNNNNNNNNNNNNNNNNNNNNN	TRAV12-1*00(979.6)		TRAJ45*00(599.9)		539|551|572|0|12||120.0		22|55|86|17|50||330.0		TGTGTGGTGAACGGACTTATTCAGGAGGAGGTGCTGACGGACTCACCTTT	45	CVVNGLIQ_GGADGLTF	:::::::::0:-1:12:::::17:-2:50:::
3280	70.0	2.752024507171383E-5	1	1.1548677676406051E-4	TGTGCTGTCGAGTATCGTAACACCGACAAGCTCATCTTT	NNNNNNNNNNNNNNNNNNNNNNNNNNNNNNNNNNNNNNN	TRAV41*00(592)		TRAJ34*00(519.6)		512|521|544|0|9||90.0		25|47|78|17|39||220.0		TGTGCTGTCGAGTATCGTAACACCGACAAGCTCATCTTT	45	CAVEYRNTDKLIF	:::::::::0:-3:9:::::17:-5:39:::
4685	70.0	2.752024507171383E-5	1	1.1548677676406051E-4	TGTGCTGGGCAGAAATACCTCAGGAACCTACAAATACATCTTT	NNNNNNNNNNNNNNNNNNNNNNNNNNNNNNNNNNNNNNNNNNN	TRAV35*00(930.4)		TRAJ40*00(540)		588|600|620|0|12||120.0		22|50|81|15|43||280.0		TGTGCTGGGCAGAAATACCTCAGGAACCTACAAATACATCTTT	45	CAGQKYL_GTYKYIF	:::::::::0:0:12:::::15:-2:43:::
4770	70.0	2.752024507171383E-5	1	1.1548677676406051E-4	TGTGCTACCTTATACAACTTCAACAAATTTTACTTT	NNNNNNNNNNNNNNNNNNNNNNNNNNNNNNNNNNNN	TRAV17*00(879.2)		TRAJ21*00(568.3)		490|498|523|0|8||80.0		18|44|75|10|36||260.0		TGTGCTACCTTATACAACTTCAACAAATTTTACTTT	45	CATLYNFNKFYF	:::::::::0:-5:8:::::10:2:36:::
6482	70.0	2.752024507171383E-5	1	1.1548677676406051E-4	TGTGCCGCTGAGAGGCCTGGGGCAAACAACCTCTTCTTT	NNNNNNNNNNNNNNNNNNNNNNNNNNNNNNNNNNNNNNN	TRAV8-4*00(568.9),TRAV8-2*00(558.9)		TRAJ36*00(540)		476|481|510|0|5||50.0;466|470|500|0|4||40.0		25|48|79|16|39||230.0		TGTGCCGCTGAGAGGCCTGGGGCAAACAACCTCTTCTTT	45	CAAERPGANNLFF	:::::::::0:-9:5:::::16:-5:39:::
17424	69.0	2.712709871354649E-5	1	1.1548677676406051E-4	TGTGCAGTCAGGGAGCCCAGAAGCTGGTATTT	NNNNNNNNNNNNNNNNNNNNNNNNNNNNNNNN	TRAV24*00(431)		TRAJ54*00(539)		515|520|545|0|5||50.0		24|49|80|7|32||250.0		TGTGCAGTCAGGGAGCCCAGAAGCTGGTATTT	45	CAVRE_QKLVF	:::::::::0:-5:5:::::7:-4:32:::
18073	69.0	2.712709871354649E-5	1	1.1548677676406051E-4	TGTGCAGCAAATCGTGCTGGTGGTACTAGCTATGGAAAGCTGACATTT	NNNNNNNNNNNNNNNNNNNNNNNNNNNNNNNNNNNNNNNNNNNNNNNN	TRAV29/DV5*00(488.1)		TRAJ52*00(638.7)		529|539|562|0|10||100.0		24|58|89|14|48||340.0		TGTGCAGCAAATCGTGCTGGTGGTACTAGCTATGGAAAGCTGACATTT	45	CAANRAGGTSYGKLTF	:::::::::0:-3:10:::::14:-4:48:::
2930	68.0	2.6733952355379145E-5	1	1.1548677676406051E-4	TGTGCTCTAGGAGATAGCAACTATCAGTTAATCTGG	NNNNNNNNNNNNNNNNNNNNNNNNNNNNNNNNNNNN	TRAV6*00(470)		TRAJ33*00(530)		535|545|568|0|10||100.0		22|46|77|12|36||240.0		TGTGCTCTAGGAGATAGCAACTATCAGTTAATCTGG	45	CALGDSNYQLIW	:::::::::0:-3:10:::::12:-2:36:::
2932	68.0	2.6733952355379145E-5	1	1.1548677676406051E-4	TGTGCTCTAGATAATGCAGGCAACATGCTCACCTTT	NNNNNNNNNNNNNNNNNNNNNNNNNNNNNNNNNNNN	TRAV16*00(500)		TRAJ39*00(570)		449|458|483|0|9||90.0		26|52|83|10|36||260.0		TGTGCTCTAGATAATGCAGGCAACATGCTCACCTTT	45	CALDNAGNMLTF	:::::::::0:-5:9:::::10:-6:36:::
3167	68.0	2.6733952355379145E-5	1	1.1548677676406051E-4	TGTGCTGTTCCCACGGGAGGAGGAAACAAACTCACCTTT	NNNNNNNNNNNNNNNNNNNNNNNNNNNNNNNNNNNNNNN	TRAV21*00(440)		TRAJ10*00(580)		544|552|576|0|8||80.0		25|53|84|11|39||280.0		TGTGCTGTTCCCACGGGAGGAGGAAACAAACTCACCTTT	45	CAVPTGGGNKLTF	:::::::::0:-4:8:::::11:-5:39:::
4547	68.0	2.6733952355379145E-5	1	1.1548677676406051E-4	TGTGCTGGGCTTGCTGGGGAGGCTATACTTT	NNNNNNNNNNNNNNNNNNNNNNNNNNNNNNN	TRAV35*00(849.1)		TRAJ18*00(490)		588|598|620|0|10||100.0		37|55|86|13|31||180.0		TGTGCTGGGCTTGCTGGGGAGGCTATACTTT	45	CAGLA_GRLYF	:::::::::0:-2:10:::::13:-17:31:::
5058	68.0	2.6733952355379145E-5	1	1.1548677676406051E-4	TGTGCCTTCGGGGACAAGATCATCTTT	NNNNNNNNNNNNNNNNNNNNNNNNNNN	TRAV24*00(490)		TRAJ30*00(460)		515|523|545|0|8||80.0		31|46|77|12|27||150.0		TGTGCCTTCGGGGACAAGATCATCTTT	45	CAFGDKIIF	:::::::::0:-2:8:::::12:-11:27:::
18580	68.0	2.6733952355379145E-5	1	1.1548677676406051E-4	TGTGCAATGACCTTCTCTGGGGCTGGGAGTTACCAACTCACTTTC	NNNNNNNNNNNNNNNNNNNNNNNNNNNNNNNNNNNNNNNNNNNNN	TRAV12-3*00(470.1)		TRAJ28*00(599.9)		562|572|595|0|10||100.0		24|55|86|14|45||310.0		TGTGCAATGACCTTCTCTGGGGCTGGGAGTTACCAACTCACTTTC	45	CAMTFSGAGSYQLTF	:::::::::0:-3:10:::::14:-4:45:::
19113	68.0	2.6733952355379145E-5	1	1.1548677676406051E-4	TGCGCTGTGGATAACCAGGGAGGAAAGCTTATCTTC	NNNNNNNNNNNNNNNNNNNNNNNNNNNNNNNNNNNN	TRAV1-1*00(632)		TRAJ23*00(530.6)		670|679|704|0|9||90.0		26|52|83|10|36||260.0		TGCGCTGTGGATAACCAGGGAGGAAAGCTTATCTTC	45	CAVDNQGGKLIF	:::::::::0:-5:9:::::10:-6:36:::
3032	67.0	2.6340805997211805E-5	1	1.1548677676406051E-4	TGTGCTCTAAAACACAGGCAAACTAATCTTT	NNNNNNNNNNNNNNNNNNNNNNNNNNNNNNN	TRAV16*00(969.6)		TRAJ37*00(519.7)		449|459|483|0|10||100.0		30|51|82|10|31||210.0		TGTGCTCTAAAACACAGGCAAACTAATCTTT	45	CALKH_GKLIF	:::::::::0:-4:10:::::10:-10:31:::
6338	67.0	2.6340805997211805E-5	1	1.1548677676406051E-4	TGTGCCGTGAATTCAACTAACGACTACAAGCTCAGCTTT	NNNNNNNNNNNNNNNNNNNNNNNNNNNNNNNNNNNNNNN	TRAV8-1*00(589.7)		TRAJ20*00(530)		474|486|508|0|12||120.0		23|46|77|16|39||230.0		TGTGCCGTGAATTCAACTAACGACTACAAGCTCAGCTTT	45	CAVNSTNDYKLSF	:::::::::0:-2:12:::::16:-3:39:::
17695	67.0	2.6340805997211805E-5	1	1.1548677676406051E-4	TGTGCAGCAAGTGGAAACTTTGGAAATGAGAAATTAACCTTT	NNNNNNNNNNNNNNNNNNNNNNNNNNNNNNNNNNNNNNNNNN	TRAV13-1*00(600)		TRAJ48*00(551)		511|523|544|0|12||120.0		25|52|83|15|42||270.0		TGTGCAGCAAGTGGAAACTTTGGAAATGAGAAATTAACCTTT	45	CAASGNFGNEKLTF	:::::::::0:-1:12:::::15:-5:42:::
4841	66.0	2.5947659639044465E-5	1	1.1548677676406051E-4	TGTGCTACGGACCCCTACACAGGCTTTCAGAAACTTGTATTT	NNNNNNNNNNNNNNNNNNNNNNNNNNNNNNNNNNNNNNNNNN	TRAV17*00(919.4)		TRAJ8*00(549.1)		490|502|523|0|12||120.0		23|49|80|16|42||260.0		TGTGCTACGGACCCCTACACAGGCTTTCAGAAACTTGTATTT	45	CATDPYTGFQKLVF	:::::::::0:-1:12:::::16:-3:42:::
3679	65.0	2.5554513280877124E-5	1	1.1548677676406051E-4	TGTGCTGTGGACAAGAACACAGGCTTTCAGAAACTTGTATTT	NNNNNNNNNNNNNNNNNNNNNNNNNNNNNNNNNNNNNNNNNN	TRAV2*00(1008.8)		TRAJ8*00(530.6)		519|527|553|0|8||110.0		15|49|80|8|42|ST16GST17AST20A|293.0		TGTGCTGTGGACAAGAACACAGGCTTTCAGAAACTTGTATTT	45	CAVDKNTGFQKLVF	:::::::::0:-6:8:::::8:5:42:::
17389	65.0	2.5554513280877124E-5	1	1.1548677676406051E-4	TGTGCACCCCCCGGGGGGTGGTGCTACAAACAAGCTCATCTTT	NNNNNNNNNNNNNNNNNNNNNNNNNNNNNNNNNNNNNNNNNNN	TRAV13-1*00(539.7)		TRAJ32*00(569.6)		511|517|544|0|6||60.0		28|55|86|16|43||270.0		TGTGCACCCCCCGGGGGGTGGTGCTACAAACAAGCTCATCTTT	45	CAPPGGW_ATNKLIF	:::::::::0:-7:6:::::16:-8:43:::
1893	64.0	2.5161366922709784E-5	1	1.1548677676406051E-4	TGTGTGGTGAACGGCGCAACGGGCAGGAGAGCACTTACTTTT	NNNNNNNNNNNNNNNNNNNNNNNNNNNNNNNNNNNNNNNNNN	TRAV12-1*00(979.5)		TRAJ5*00(499.1)		539|551|572|0|12||120.0		25|49|80|18|42||240.0		TGTGTGGTGAACGGCGCAACGGGCAGGAGAGCACTTACTTTT	45	CVVNGATGRRALTF	:::::::::0:-1:12:::::18:-5:42:::
2485	64.0	2.5161366922709784E-5	1	1.1548677676406051E-4	TGTGCTCTGTTTTCGTCGGTGCTGCATTGC	NNNNNNNNNNNNNNNNNNNNNNNNNNNNNN	TRAV21*00(754.8)		TRAJ35*00(420)		544|553|576|0|9|SG550C|61.0		36|48|79|18|30||120.0		TGTGCTCTGTTTTCGTCGGTGCTGCATTGC	45	CALFSSVLHC	:::::::::0:-3:9:::::18:-16:30:::
4431	64.0	2.5161366922709784E-5	1	1.1548677676406051E-4	TGTGCTGCCCACTCAGATGACAAGATCATCTTT	NNNNNNNNNNNNNNNNNNNNNNNNNNNNNNNNN	TRAV3*00(549.2)		TRAJ30*00(500)		437|444|473|0|7||70.0		27|46|77|14|33||190.0		TGTGCTGCCCACTCAGATGACAAGATCATCTTT	45	CAAHSDDKIIF	:::::::::0:-9:7:::::14:-7:33:::
4444	64.0	2.5161366922709784E-5	1	1.1548677676406051E-4	TGTGCTGCCACCCCCGCTCTAACTTTGGAAATGAGAAATTAACCTTT	NNNNNNNNNNNNNNNNNNNNNNNNNNNNNNNNNNNNNNNNNNNNNNN	TRAV41*00(572.5)		TRAJ48*00(609.8)		512|522|544|0|10|ST519C|71.0		22|52|83|17|47||300.0		TGTGCTGCCACCCCCGCTCTAACTTTGGAAATGAGAAATTAACCTTT	45	CAATPALT_GNEKLTF	:::::::::0:-2:10:::::17:-2:47:::
4696	64.0	2.5161366922709784E-5	1	1.1548677676406051E-4	TGTGCTGGGGCTGGGGCTGGGAGTTACCAACTCACTTTC	NNNNNNNNNNNNNNNNNNNNNNNNNNNNNNNNNNNNNNN	TRAV35*00(929.5)		TRAJ28*00(579.8)		588|597|620|0|9||90.0		26|55|86|10|39||290.0		TGTGCTGGGGCTGGGGCTGGGAGTTACCAACTCACTTTC	45	CAGAGAGSYQLTF	:::::::::0:-3:9:::::10:-6:39:::
6485	64.0	2.5161366922709784E-5	1	1.1548677676406051E-4	TGTGCCGCCTTTTCAGGAGGAAGCTACATACCTACATTT	NNNNNNNNNNNNNNNNNNNNNNNNNNNNNNNNNNNNNNN	TRAV12-1*00(439.7)		TRAJ6*00(578.6)		539|543|572|0|4||40.0		24|51|82|12|39||270.0		TGTGCCGCCTTTTCAGGAGGAAGCTACATACCTACATTT	45	CAAFSGGSYIPTF	:::::::::0:-9:4:::::12:-4:39:::
20456	64.0	2.5161366922709784E-5	1	1.1548677676406051E-4	TGCATCGTCAGAGGAACAACACCGACAAGCTCATCTTT	NNNNNNNNNNNNNNNNNNNNNNNNNNNNNNNNNNNNNN	TRAV26-1*00(620)		TRAJ34*00(510)		763|776|799|0|13||130.0		26|47|78|17|38||210.0		TGCATCGTCAGAGGAACAACACCGACAAGCTCATCTTT	45	CIVRGT_TDKLIF	:::::::::0:-3:13:::::17:-6:38:::
2141	63.0	2.4768220564542444E-5	1	1.1548677676406051E-4	TGTGCTTCGAACACCGGTAACCAGTTCTATTTT	NNNNNNNNNNNNNNNNNNNNNNNNNNNNNNNNN	TRAV21*00(928.6)		TRAJ49*00(579.1)		544|550|576|0|6||60.0		18|45|76|6|33||280.0		TGTGCTTCGAACACCGGTAACCAGTTCTATTTT	45	CASNTGNQFYF	:::::::::0:-6:6:::::6:2:33:::
4642	63.0	2.4768220564542444E-5	1	1.1548677676406051E-4	TGTGCTGGGCAGCCTGCCTTTGGAAATGAGAAATTAACCTTT	NNNNNNNNNNNNNNNNNNNNNNNNNNNNNNNNNNNNNNNNNN	TRAV35*00(969.8)		TRAJ48*00(519.5)		588|601|620|0|13||130.0		27|52|83|17|42||250.0		TGTGCTGGGCAGCCTGCCTTTGGAAATGAGAAATTAACCTTT	45	CAGQPAFGNEKLTF	:::::::::0:1:13:::::17:-7:42:::
4705	63.0	2.4768220564542444E-5	1	1.1548677676406051E-4	TGTGCTGGGGGCCTAGGCTGGAGGAGGTGCTGACGGACTCACCTTT	NNNNNNNNNNNNNNNNNNNNNNNNNNNNNNNNNNNNNNNNNNNNNN	TRAV8-4*00(616.8)		TRAJ45*00(579.5)		476|483|510|0|7||70.0		28|55|86|19|46||270.0		TGTGCTGGGGGCCTAGGCTGGAGGAGGTGCTGACGGACTCACCTTT	45	CAGGLGWR_GADGLTF	:::::::::0:-7:7:::::19:-8:46:::
18564	63.0	2.4768220564542444E-5	1	1.1548677676406051E-4	TGTGCAATGGGTAACTCTGGGGCTGGGAGTTACCAACTCACTTTC	NNNNNNNNNNNNNNNNNNNNNNNNNNNNNNNNNNNNNNNNNNNNN	TRAV12-3*00(949.5)		TRAJ28*00(570)		562|571|595|0|9||90.0		23|55|86|13|45||320.0		TGTGCAATGGGTAACTCTGGGGCTGGGAGTTACCAACTCACTTTC	45	CAMGNSGAGSYQLTF	:::::::::0:-4:9:::::13:-3:45:::
2795	62.0	2.4375074206375104E-5	1	1.1548677676406051E-4	TGTGCTCTGAGTACCTATAACCAGGGAGGAAAGCTTATCTTC	NNNNNNNNNNNNNNNNNNNNNNNNNNNNNNNNNNNNNNNNNN	TRAV19*00(729.5)		TRAJ23*00(580)		556|568|593|0|12||120.0		25|52|83|15|42||270.0		TGTGCTCTGAGTACCTATAACCAGGGAGGAAAGCTTATCTTC	45	CALSTYNQGGKLIF	:::::::::0:-5:12:::::15:-5:42:::
3364	62.0	2.4375074206375104E-5	1	1.1548677676406051E-4	TGTGCTGTGTCCTATACTCTGGGGCTGGGAGTTACCAACTCACTTTC	NNNNNNNNNNNNNNNNNNNNNNNNNNNNNNNNNNNNNNNNNNNNNNN	TRAV8-4*00(638.6)		TRAJ28*00(629.5)		476|485|510|0|9||90.0		21|55|86|13|47||340.0		TGTGCTGTGTCCTATACTCTGGGGCTGGGAGTTACCAACTCACTTTC	45	CAVSYTLG_GSYQLTF	:::::::::0:-5:9:::::13:-1:47:::
2123	61.0	2.3981927848207764E-5	1	1.1548677676406051E-4	TGTGCTTCCTAATGAGAAATTAACCTTT	NNNNNNNNNNNNNNNNNNNNNNNNNNNN	TRAV38-1*00(530)		TRAJ48*00(489)		596|603|633|0|7||70.0		34|52|83|10|28||180.0		TGTGCTTCCTAATGAGAAATTAACCTTT	45	CAS**_KLTF	:::::::::0:-10:7:::::10:-14:28:::
17603	61.0	2.3981927848207764E-5	1	1.1548677676406051E-4	TGTGCAGCAATGAACACCGGTAACCAGTTCTATTTT	NNNNNNNNNNNNNNNNNNNNNNNNNNNNNNNNNNNN	TRAV29/DV5*00(549)		TRAJ49*00(549.5)		529|539|562|0|10||100.0		20|45|76|11|36||250.0		TGTGCAGCAATGAACACCGGTAACCAGTTCTATTTT	45	CAAMNTGNQFYF	:::::::::0:-3:10:::::11:0:36:::
596	60.0	2.3588781490040424E-5	2	2.3097355352812103E-4	TGTCTTCTATACAATGACATGCGCTTT	[[[[[[[[[[[[[[[[[[[[[[[[[[[	TRAV40*00(854.5)		TRAJ43*00(466.2)		436|444|470|0|8||80.0		26|43|74|10|27||170.0		TGTCTTCTATACAATGACATGCGCTTT	58	CLLYNDMRF	:::::::::0:-6:8:::::10:-6:27:::
3303	60.0	2.3588781490040424E-5	1	1.1548677676406051E-4	TGTGCTGTCAGCGCCAACAATGACATGCGCTTT	NNNNNNNNNNNNNNNNNNNNNNNNNNNNNNNNN	TRAV41*00(785.3)		TRAJ43*00(467.4)		512|523|544|0|11||110.0		25|43|74|15|33||180.0		TGTGCTGTCAGCGCCAACAATGACATGCGCTTT	45	CAVSANNDMRF	:::::::::0:-1:11:::::15:-5:33:::
4606	60.0	2.3588781490040424E-5	1	1.1548677676406051E-4	TGTGCTGGGCAGTTGCAAGGAGCCCAGAAGCTGGTATTT	NNNNNNNNNNNNNNNNNNNNNNNNNNNNNNNNNNNNNNN	TRAV35*00(521)		TRAJ54*00(501)		588|604|620|0|16|SC600T|131.0		26|49|80|16|39|SG27A|211.0		TGTGCTGGGCAGTTGCAAGGAGCCCAGAAGCTGGTATTT	45	CAGQLQGAQKLVF	:::::::::0:4:16:::::16:-6:39:::
6515	60.0	2.3588781490040424E-5	1	1.1548677676406051E-4	TGTGCCGCGACCCGCACGGGAGGAGGAAACAAACTCACCTTT	NNNNNNNNNNNNNNNNNNNNNNNNNNNNNNNNNNNNNNNNNN	TRAV12-2*00(930.4)		TRAJ10*00(540)		551|561|584|0|10|ST558C|71.0		25|53|84|14|42||280.0		TGTGCCGCGACCCGCACGGGAGGAGGAAACAAACTCACCTTT	45	CAATRTGGGNKLTF	:::::::::0:-3:10:::::14:-5:42:::
17437	60.0	2.3588781490040424E-5	1	1.1548677676406051E-4	TGTGCAGCTTTCAAAGCTGCAGGCAACAAGCTAACTTTT	NNNNNNNNNNNNNNNNNNNNNNNNNNNNNNNNNNNNNNN	TRAV23/DV6*00(450)		TRAJ17*00(589.5)		517|525|550|0|8||80.0		23|52|83|10|39||290.0		TGTGCAGCTTTCAAAGCTGCAGGCAACAAGCTAACTTTT	45	CAAFKAAGNKLTF	:::::::::0:-5:8:::::10:-3:39:::
17793	60.0	2.3588781490040424E-5	1	1.1548677676406051E-4	TGTGCAGCAAGCTCGATACAATAACAATGACATGCGCTTT	NNNNNNNNNNNNNNNNNNNNNNNNNNNNNNNNNNNNNNNN	TRAV29/DV5*00(531)		TRAJ43*00(539)		529|544|562|0|15|SG541T|121.0		19|43|74|16|40||240.0		TGTGCAGCAAGCTCGATACAATAACAATGACATGCGCTTT	45	CAASSIQ_NNDMRF	:::::::::0:2:15:::::16:1:40:::
1894	59.0	2.3195635131873083E-5	1	1.1548677676406051E-4	TGTGTGGTGAACGGGCACCGGGTATGCACTCAACTTC	NNNNNNNNNNNNNNNNNNNNNNNNNNNNNNNNNNNNN	TRAV12-1*00(520)		TRAJ41*00(459.5)		539|551|572|0|12||120.0		31|51|82|17|37||200.0		TGTGTGGTGAACGGGCACCGGGTATGCACTCAACTTC	45	CVVNGH_GYALNF	:::::::::0:-1:12:::::17:-11:37:::
5017	59.0	2.3195635131873083E-5	1	1.1548677676406051E-4	TGTGCCTTTACATGCCGATGACATGCGCTTT	NNNNNNNNNNNNNNNNNNNNNNNNNNNNNNN	TRAV24*00(1000)		TRAJ43*00(440)		515|525|545|0|10||100.0		29|43|74|17|31||140.0		TGTGCCTTTACATGCCGATGACATGCGCTTT	45	CAFTC_DDMRF	:::::::::0:0:10:::::17:-9:31:::
20250	59.0	2.3195635131873083E-5	1	1.1548677676406051E-4	TGCATCCTGAGAGGGTCATCTTATAACACCGACAAGCTCATCTTT	NNNNNNNNNNNNNNNNNNNNNNNNNNNNNNNNNNNNNNNNNNNNN	TRAV26-2*00(900)		TRAJ34*00(550)		791|804|826|0|13||130.0		19|47|78|17|45||280.0		TGCATCCTGAGAGGGTCATCTTATAACACCGACAAGCTCATCTTT	45	CILRGSSYNTDKLIF	:::::::::0:-2:13:::::17:1:45:::
3165	58.0	2.2802488773705743E-5	1	1.1548677676406051E-4	TGTGCTGTTCCCCCCCGATATCTAACTTTGGAAATGAGAAATTAACCTTT	NNNNNNNNNNNNNNNNNNNNNNNNNNNNNNNNNNNNNNNNNNNNNNNNNN	TRAV22*00(510)		TRAJ48*00(636.3)		526|534|559|0|8||80.0		19|52|83|17|50||330.0		TGTGCTGTTCCCCCCCGATATCTAACTTTGGAAATGAGAAATTAACCTTT	45	CAVPPRYL_FGNEKLTF	:::::::::0:-5:8:::::17:1:50:::
5965	58.0	2.2802488773705743E-5	1	1.1548677676406051E-4	TGTGCCCTTGATGAACTCAAATTCCGGGTATGCACTCAACTTC	NNNNNNNNNNNNNNNNNNNNNNNNNNNNNNNNNNNNNNNNNNN	TRAV12-2*00(460)		TRAJ41*00(569.2)		551|557|584|0|6||60.0		20|51|82|12|43||310.0		TGTGCCCTTGATGAACTCAAATTCCGGGTATGCACTCAACTTC	45	CALDELK_SGYALNF	:::::::::0:-7:6:::::12:0:43:::
17323	58.0	2.2802488773705743E-5	1	1.1548677676406051E-4	TGTGCGCTATCAGGAGGAAGCTACATACCTACATTT	NNNNNNNNNNNNNNNNNNNNNNNNNNNNNNNNNNNN	TRAV2*00(949.5)		TRAJ6*00(549.5)		519|524|553|0|5||50.0		23|51|82|8|36||280.0		TGTGCGCTATCAGGAGGAAGCTACATACCTACATTT	45	CALSGGSYIPTF	:::::::::0:-9:5:::::8:-3:36:::
20475	58.0	2.2802488773705743E-5	1	1.1548677676406051E-4	TGCATCGCCTCCCCTTGGCTAGCAACACAGGCAAACTAATCTTT	NNNNNNNNNNNNNNNNNNNNNNNNNNNNNNNNNNNNNNNNNNNN	TRAV26-1*00(560)		TRAJ37*00(541)		763|770|799|0|7||70.0		25|51|82|18|44|SG27A|231.0		TGCATCGCCTCCCCTTGGCTAGCAACACAGGCAAACTAATCTTT	45	CIASPWL_NTGKLIF	:::::::::0:-9:7:::::18:-5:44:::
6327	57.0	2.2409342415538403E-5	1	1.1548677676406051E-4	TGTGCCGTGAGATTCGGCGGAGGCTCAACCCTGGGGAGGCTATACTTT	NNNNNNNNNNNNNNNNNNNNNNNNNNNNNNNNNNNNNNNNNNNNNNNN	TRAV12-2*00(959)		TRAJ18*00(559.5)		551|561|584|0|10||100.0		26|55|86|19|48||290.0		TGTGCCGTGAGATTCGGCGGAGGCTCAACCCTGGGGAGGCTATACTTT	45	CAVRFGGGSTLGRLYF	:::::::::0:-3:10:::::19:-6:48:::
18633	57.0	2.2409342415538403E-5	1	1.1548677676406051E-4	TGTGCAATGAGCGCGCTCACTGGGGCAAACAACCTCTTCTTT	NNNNNNNNNNNNNNNNNNNNNNNNNNNNNNNNNNNNNNNNNN	TRAV12-3*00(1050.5)		TRAJ36*00(500)		562|582|595|0|20|ST581C|191.0		26|48|79|20|42||240.0		TGTGCAATGAGCGCGCTCACTGGGGCAAACAACCTCTTCTTT	45	CAMSALTGANNLFF	:::::::::0:7:20:::::20:-6:42:::
20225	57.0	2.2409342415538403E-5	1	1.1548677676406051E-4	TGCATCCTGAGCAAAGGGGGGGTCAATAACAATGACATGCGCTTT	NNNNNNNNNNNNNNNNNNNNNNNNNNNNNNNNNNNNNNNNNNNNN	TRAV26-2*00(880)		TRAJ43*00(490)		791|802|826|0|11||110.0		21|43|74|23|45||220.0		TGCATCCTGAGCAAAGGGGGGGTCAATAACAATGACATGCGCTTT	45	CILSKGGVNNNDMRF	:::::::::0:-4:11:::::23:-1:45:::
2556	56.0	2.2016196057371063E-5	1	1.1548677676406051E-4	TGTGCTCTGACCCCGAATTCTGGGGGTTACCAGAAAGTTACCTTT	NNNNNNNNNNNNNNNNNNNNNNNNNNNNNNNNNNNNNNNNNNNNN	TRAV9-2*00(739.5)		TRAJ13*00(609.5)		480|490|514|0|10||100.0		21|52|83|14|45||310.0		TGTGCTCTGACCCCGAATTCTGGGGGTTACCAGAAAGTTACCTTT	45	CALTPNSGGYQKVTF	:::::::::0:-4:10:::::14:-1:45:::
3079	56.0	2.2016196057371063E-5	1	1.1548677676406051E-4	TGTGCTCCCACCGAGGGGGGATAGCAACTATCAGTTAATCTGG	NNNNNNNNNNNNNNNNNNNNNNNNNNNNNNNNNNNNNNNNNNN	TRAV8-3*00(580)		TRAJ33*00(540)		455|461|489|0|6||60.0		21|46|77|18|43||250.0		TGTGCTCCCACCGAGGGGGGATAGCAACTATCAGTTAATCTGG	45	CAPTEGG_SNYQLIW	:::::::::0:-8:6:::::18:-1:43:::
18309	56.0	2.2016196057371063E-5	1	1.1548677676406051E-4	TGTGCAGGAATTATGGAGGAAGCCAAGGAAATCTCATCTTT	NNNNNNNNNNNNNNNNNNNNNNNNNNNNNNNNNNNNNNNNN	TRAV27*00(611)		TRAJ42*00(649.3)		552|559|582|0|7||90.0		21|55|86|7|41||341.0		TGTGCAGGAATTATGGAGGAAGCCAAGGAAATCTCATCTTT	45	CAGIMEE_QGNLIF	:::::::::0:-3:7:::::7:-1:41:::
18547	56.0	2.2016196057371063E-5	1	1.1548677676406051E-4	TGTGCAATGTCCCTTCTATGGGAACAACAGACTCGCTTTT	NNNNNNNNNNNNNNNNNNNNNNNNNNNNNNNNNNNNNNNN	TRAV14/DV4*00(820.5)		TRAJ7*00(539)		517|526|554|0|9||90.0		23|48|79|15|40||250.0		TGTGCAATGTCCCTTCTATGGGAACAACAGACTCGCTTTT	45	CAMSLLW_NNRLAF	:::::::::0:-8:9:::::15:-3:40:::
2231	55.0	2.1623049699203723E-5	1	1.1548677676406051E-4	TGTGCTTATAGGAGCGCGGTTAAGTAAATGGAAGCAGCGGAGACAAGCTGACTTTT	NNNNNNNNNNNNNNNNNNNNNNNNNNNNNNNNNNNNNNNNNNNNNNNNNNNNNNNN	TRAV38-2/DV8*00(640)		TRAJ46*00(538.9)		602|620|638|0|18||180.0		27|52|83|31|56||250.0		TGTGCTTATAGGAGCGCGGTTAAGTAAATGGAAGCAGCGGAGACAAGCTGACTTTT	45	CAYRSAVK*_GSSGDKLTF	:::::::::0:2:18:::::31:-7:56:::
4909	55.0	2.1623049699203723E-5	1	1.1548677676406051E-4	TGTGCTACGGAAAAATCTGGGGGTTACCAGAAAGTTACCTTT	NNNNNNNNNNNNNNNNNNNNNNNNNNNNNNNNNNNNNNNNNN	TRAV17*00(910)		TRAJ13*00(541.5)		490|501|523|0|11||110.0		22|52|83|12|42|ST24A|271.0		TGTGCTACGGAAAAATCTGGGGGTTACCAGAAAGTTACCTTT	45	CATEKSGGYQKVTF	:::::::::0:-2:11:::::12:-2:42:::
6220	55.0	2.1623049699203723E-5	1	1.1548677676406051E-4	TGTGCCGTGGATGGAGGAAGCCAAGGAAATCTCATCTTT	NNNNNNNNNNNNNNNNNNNNNNNNNNNNNNNNNNNNNNN	TRAV12-2*00(461),TRAV12-3*00(450)		TRAJ42*00(590)		551|560|584|0|9||90.0;562|567|595|0|5||50.0		26|55|86|10|39||290.0		TGTGCCGTGGATGGAGGAAGCCAAGGAAATCTCATCTTT	45	CAVDGGSQGNLIF	:::::::::0:-4:9:::::10:-6:39:::
6292	55.0	2.1623049699203723E-5	1	1.1548677676406051E-4	TGTGCCGTGATAACCCGTCAGGAGGAAGCTACATACCTACATTT	NNNNNNNNNNNNNNNNNNNNNNNNNNNNNNNNNNNNNNNNNNNN	TRAV12-2*00(959.5)		TRAJ6*00(538.9)		551|561|584|0|10||100.0		24|51|82|17|44||270.0		TGTGCCGTGATAACCCGTCAGGAGGAAGCTACATACCTACATTT	45	CAVITRQ_GSYIPTF	:::::::::0:-3:10:::::17:-4:44:::
2549	54.0	2.1229903341036383E-5	1	1.1548677676406051E-4	TGTGCTCTGACTTCTAGCAACACAGGCAAACTAATCTTT	NNNNNNNNNNNNNNNNNNNNNNNNNNNNNNNNNNNNNNN	TRAV9-2*00(708.6)		TRAJ37*00(544)		480|490|514|0|10||100.0		24|51|82|12|39|SG27A|241.0		TGTGCTCTGACTTCTAGCAACACAGGCAAACTAATCTTT	45	CALTSSNTGKLIF	:::::::::0:-4:10:::::12:-4:39:::
17391	54.0	2.1229903341036383E-5	1	1.1548677676406051E-4	TGTGCACCCCGAGAGGGGGCAGGCAACATGCTCACCTTT	NNNNNNNNNNNNNNNNNNNNNNNNNNNNNNNNNNNNNNN	TRAV25*00(502.6)		TRAJ39*00(519.8)		620|626|649|0|6||60.0		31|52|83|18|39||210.0		TGTGCACCCCGAGAGGGGGCAGGCAACATGCTCACCTTT	45	CAPREGAGNMLTF	:::::::::0:-3:6:::::18:-11:39:::
18611	54.0	2.1229903341036383E-5	1	1.1548677676406051E-4	TGTGCAATGAGCCCCACACAGGCTTTCAGAAACTTGTATTT	NNNNNNNNNNNNNNNNNNNNNNNNNNNNNNNNNNNNNNNNN	TRAV14/DV4*00(840.5)		TRAJ8*00(549.5)		517|528|554|0|11||110.0		23|49|80|15|41||260.0		TGTGCAATGAGCCCCACACAGGCTTTCAGAAACTTGTATTT	45	CAMSPTQ_FQKLVF	:::::::::0:-6:11:::::15:-3:41:::
20363	54.0	2.1229903341036383E-5	1	1.1548677676406051E-4	TGCATCGTCAGACCTAATAATGCAGGCAACATGCTCACCTTT	NNNNNNNNNNNNNNNNNNNNNNNNNNNNNNNNNNNNNNNNNN	TRAV26-1*00(608.4)		TRAJ39*00(588.7)		763|775|799|0|12||120.0		24|52|83|14|42||280.0		TGCATCGTCAGACCTAATAATGCAGGCAACATGCTCACCTTT	45	CIVRPNNAGNMLTF	:::::::::0:-4:12:::::14:-4:42:::
4892	52.0	2.04436106247017E-5	1	1.1548677676406051E-4	TGTGCTACGGACGAATTATCGGGAGCCCAGAAGCTGGTATTT	NNNNNNNNNNNNNNNNNNNNNNNNNNNNNNNNNNNNNNNNNN	TRAV17*00(928.9)		TRAJ54*00(509.4)		490|503|523|0|13||130.0		27|49|80|20|42||220.0		TGTGCTACGGACGAATTATCGGGAGCCCAGAAGCTGGTATTT	45	CATDELSGAQKLVF	:::::::::0:0:13:::::20:-7:42:::
6275	52.0	2.04436106247017E-5	1	1.1548677676406051E-4	TGTGCCGTGATCTCCGGTGACATGCGCTTT	NNNNNNNNNNNNNNNNNNNNNNNNNNNNNN	TRAV12-2*00(469.9)		TRAJ43*00(429.4)		551|561|584|0|10||100.0		30|43|74|17|30||130.0		TGTGCCGTGATCTCCGGTGACATGCGCTTT	45	CAVISGDMRF	:::::::::0:-3:10:::::17:-10:30:::
21367	52.0	2.04436106247017E-5	1	1.1548677676406051E-4	CCCCCCGATGCTGGAGCCAATAGTAAGCTGACATTT	NNNNNNNNNNNNNNNNNNNNNNNNNNNNNNNNNNNN	TRAV14/DV4*00(730.4)		TRAJ56*00(499)		517|517|554|0|0||0.0		22|51|82|7|36|SA24G|261.0		CCCCCCGATGCTGGAGCCAATAGTAAGCTGACATTT	45	PPDAGANSKLTF	:::::::::0:-17:0:::::7:-2:36:::
3148	51.0	2.005046426653436E-5	1	1.1548677676406051E-4	TGTGCTGTTTCTACCGGCACTGCCAGTAAACTCACCTTT	NNNNNNNNNNNNNNNNNNNNNNNNNNNNNNNNNNNNNNN	TRAV1-2*00(640)		TRAJ44*00(588.3)		620|628|654|0|8||80.0		24|52|83|11|39||280.0		TGTGCTGTTTCTACCGGCACTGCCAGTAAACTCACCTTT	45	CAVSTGTASKLTF	:::::::::0:-6:8:::::11:-4:39:::
4523	51.0	2.005046426653436E-5	1	1.1548677676406051E-4	TGTGCTGGCCCCATTAACAATGCCAGACTCATGTTT	NNNNNNNNNNNNNNNNNNNNNNNNNNNNNNNNNNNN	TRAV35*00(470)		TRAJ31*00(519.4)		588|596|620|0|8||80.0		24|46|77|14|36||220.0		TGTGCTGGCCCCATTAACAATGCCAGACTCATGTTT	45	CAGPINNARLMF	:::::::::0:-4:8:::::14:-4:36:::
3255	50.0	1.965731790836702E-5	1	1.1548677676406051E-4	TGTGCTGTCGTCCAATATAGAAACAAACTGGTCTTT	NNNNNNNNNNNNNNNNNNNNNNNNNNNNNNNNNNNN	TRAV41*00(770)		TRAJ47*00(511)		512|521|544|0|9||90.0		23|46|77|13|36|SG28A|201.0		TGTGCTGTCGTCCAATATAGAAACAAACTGGTCTTT	45	CAVVQYRNKLVF	:::::::::0:-3:9:::::13:-3:36:::
3172	49.0	1.926417155019968E-5	1	1.1548677676406051E-4	TGTGCTGTTCGCGTTCAGGGCGGATCTGAAAAGCTGGTCTTT	NNNNNNNNNNNNNNNNNNNNNNNNNNNNNNNNNNNNNNNNNN	TRAV8-6*00(647.6)		TRAJ57*00(578.2)		448|456|482|0|8||80.0		24|52|83|14|42||280.0		TGTGCTGTTCGCGTTCAGGGCGGATCTGAAAAGCTGGTCTTT	45	CAVRVQGGSEKLVF	:::::::::0:-6:8:::::14:-4:42:::
18647	49.0	1.926417155019968E-5	1	1.1548677676406051E-4	TGTGCAATGAGCGCGAACTGACAGCTGGGGGAAATTGCAGTTT	NNNNNNNNNNNNNNNNNNNNNNNNNNNNNNNNNNNNNNNNNNN	TRAV12-3*00(1009.4)		TRAJ24*00(528.8)		562|577|595|0|15||150.0		24|52|83|15|43||280.0		TGTGCAATGAGCGCGAACTGACAGCTGGGGGAAATTGCAGTTT	45	CAMSAN*_SWGKLQF	:::::::::0:2:15:::::15:-4:43:::
3485	48.0	1.8871025192032338E-5	1	1.1548677676406051E-4	TGTGCTGTGGTTATAGGATCAGGAGGAGGTGCTGACGGACTCACCTTT	NNNNNNNNNNNNNNNNNNNNNNNNNNNNNNNNNNNNNNNNNNNNNNNN	TRAV36/DV7*00(620)		TRAJ45*00(608.2)		500|510|533|0|10||100.0		25|55|86|18|48||300.0		TGTGCTGTGGTTATAGGATCAGGAGGAGGTGCTGACGGACTCACCTTT	45	CAVVIGSGGGADGLTF	:::::::::0:-3:10:::::18:-5:48:::
18224	48.0	1.8871025192032338E-5	1	1.1548677676406051E-4	TGTGCAGGATCCCAAATGCTGGCAACAACCGTAAGCTGATTTGG	NNNNNNNNNNNNNNNNNNNNNNNNNNNNNNNNNNNNNNNNNNNN	TRAV27*00(631.4)		TRAJ38*00(599.6)		552|561|582|0|9||90.0		21|51|82|14|44||300.0		TGTGCAGGATCCCAAATGCTGGCAACAACCGTAAGCTGATTTGG	45	CAGSQML_NNRKLIW	:::::::::0:-1:9:::::14:-1:44:::
18677	48.0	1.8871025192032338E-5	1	1.1548677676406051E-4	TGTGCAATGAGGGATGTTAACACCAATGCAGGCAAATCAACCTTT	NNNNNNNNNNNNNNNNNNNNNNNNNNNNNNNNNNNNNNNNNNNNN	TRAV14/DV4*00(472)		TRAJ27*00(570)		517|531|554|0|14|SA528G|111.0		20|48|79|17|45||280.0		TGTGCAATGAGGGATGTTAACACCAATGCAGGCAAATCAACCTTT	45	CAMRDVNTNAGKSTF	:::::::::0:-3:14:::::17:0:45:::
2743	47.0	1.8477878833864998E-5	1	1.1548677676406051E-4	TGTGCTCTGAGTGAGGCGAATTCCGGGTATGCACTCAACTTC	NNNNNNNNNNNNNNNNNNNNNNNNNNNNNNNNNNNNNNNNNN	TRAV19*00(783.4)		TRAJ41*00(495.2)		556|574|593|0|18||180.0		27|51|82|18|42||240.0		TGTGCTCTGAGTGAGGCGAATTCCGGGTATGCACTCAACTTC	45	CALSEANSGYALNF	:::::::::0:1:18:::::18:-7:42:::
4084	47.0	1.8477878833864998E-5	1	1.1548677676406051E-4	TGTGCTGTGAGCCCCGAGGGCCGGGGCAAACAACCTCTTCTTT	NNNNNNNNNNNNNNNNNNNNNNNNNNNNNNNNNNNNNNNNNNN	TRAV8-4*00(628.9)		TRAJ36*00(520)		476|487|510|0|11||110.0		27|48|79|22|43||210.0		TGTGCTGTGAGCCCCGAGGGCCGGGGCAAACAACCTCTTCTTT	45	CAVSPEG_GANNLFF	:::::::::0:-3:11:::::22:-7:43:::
4115	47.0	1.8477878833864998E-5	1	1.1548677676406051E-4	TGTGCTGTGAGGTCCAAATAATGCAGGCAACATGCTCACCTTT	NNNNNNNNNNNNNNNNNNNNNNNNNNNNNNNNNNNNNNNNNNN	TRAV8-6*00(678.1)		TRAJ39*00(576.1)		448|459|482|0|11||110.0		25|52|83|16|43||270.0		TGTGCTGTGAGGTCCAAATAATGCAGGCAACATGCTCACCTTT	45	CAVRSK*_AGNMLTF	:::::::::0:-3:11:::::16:-5:43:::
18729	47.0	1.8477878833864998E-5	1	1.1548677676406051E-4	TGTGCAATGAGAGAGCCCAACACCGGTAACCAGTTCTATTTT	NNNNNNNNNNNNNNNNNNNNNNNNNNNNNNNNNNNNNNNNNN	TRAV14/DV4*00(879.8)		TRAJ49*00(540)		517|532|554|0|15||150.0		21|45|76|18|42||240.0		TGTGCAATGAGAGAGCCCAACACCGGTAACCAGTTCTATTTT	45	CAMREPNTGNQFYF	:::::::::0:-2:15:::::18:-1:42:::
18968	47.0	1.8477878833864998E-5	1	1.1548677676406051E-4	TGCCTCGTGGTAGTGACCGACAAGCTCATCTTT	NNNNNNNNNNNNNNNNNNNNNNNNNNNNNNNNN	TRAV4*00(969.4)		TRAJ34*00(480)		768|778|804|0|10||100.0		29|47|78|15|33||180.0		TGCCTCGTGGTAGTGACCGACAAGCTCATCTTT	45	CLVVVTDKLIF	:::::::::0:-6:10:::::15:-9:33:::
20477	47.0	1.8477878833864998E-5	1	1.1548677676406051E-4	TGCATCGCCTACTACAATAACAATGACATGCGCTTT	NNNNNNNNNNNNNNNNNNNNNNNNNNNNNNNNNNNN	TRAV26-1*00(560)		TRAJ43*00(540)		763|770|799|0|7||70.0		19|43|74|12|36||240.0		TGCATCGCCTACTACAATAACAATGACATGCGCTTT	45	CIAYYNNNDMRF	:::::::::0:-9:7:::::12:1:36:::
21355	47.0	1.8477878833864998E-5	1	1.1548677676406051E-4	TAACAACTTCAACAAATTTTACTTT	NNNNNNNNNNNNNNNNNNNNNNNNN	TRAV27*00(551.4)		TRAJ21*00(540)		552|553|582|0|1||10.0		21|44|75|2|25||230.0		TAACAACTTCAACAAATTTTACTTT	45	*QLQ_KFYF	:::::::::0:-9:1:::::2:-1:25:::
2557	46.0	1.8084732475697658E-5	1	1.1548677676406051E-4	TGTGCTCTGACCCCGAACACAGGCTTTCAGAAACTTGTATTT	NNNNNNNNNNNNNNNNNNNNNNNNNNNNNNNNNNNNNNNNNN	TRAV9-2*00(709.4)		TRAJ8*00(570)		480|490|514|0|10||100.0		21|49|80|14|42||280.0		TGTGCTCTGACCCCGAACACAGGCTTTCAGAAACTTGTATTT	45	CALTPNTGFQKLVF	:::::::::0:-4:10:::::14:-1:42:::
3660	46.0	1.8084732475697658E-5	1	1.1548677676406051E-4	TGTGCTGTGGATAGCAACTATCAGTTAATCTGG	NNNNNNNNNNNNNNNNNNNNNNNNNNNNNNNNN	TRAV21*00(450)		TRAJ33*00(549.4)		544|552|576|0|8||90.0		21|46|77|8|33||260.0		TGTGCTGTGGATAGCAACTATCAGTTAATCTGG	45	CAVDSNYQLIW	:::::::::0:-4:8:::::8:-1:33:::
4966	46.0	1.8084732475697658E-5	1	1.1548677676406051E-4	TGTGCTAGGTGCGATATGAATTATGGAGGAAGCCAAGGAAATCTCATCTTT	NNNNNNNNNNNNNNNNNNNNNNNNNNNNNNNNNNNNNNNNNNNNNNNNNNN	TRAV2*00(558.9)		TRAJ42*00(648.5)		519|525|553|0|6||60.0		19|55|86|15|51||360.0		TGTGCTAGGTGCGATATGAATTATGGAGGAAGCCAAGGAAATCTCATCTTT	45	CARCDMNYGGSQGNLIF	:::::::::0:-8:6:::::15:1:51:::
18908	46.0	1.8084732475697658E-5	1	1.1548677676406051E-4	TGTGGAGCAGACGGGAACCAGGGAGGAAAGCTTATCTTC	NNNNNNNNNNNNNNNNNNNNNNNNNNNNNNNNNNNNNNN	TRAV34*00(510)		TRAJ23*00(511)		603|615|636|0|12||120.0		28|52|83|15|39||240.0		TGTGGAGCAGACGGGAACCAGGGAGGAAAGCTTATCTTC	45	CGADGNQGGKLIF	:::::::::0:-1:12:::::15:-8:39:::
1522	45.0	1.7691586117530318E-5	1	1.1548677676406051E-4	TGTCTTCTCCCTCCCTCTGGGGCTGGGAGTTACCAACTCACTTTC	NNNNNNNNNNNNNNNNNNNNNNNNNNNNNNNNNNNNNNNNNNNNN	TRAV40*00(859.4)		TRAJ28*00(599.4)		436|444|470|0|8||80.0		24|55|86|14|45||310.0		TGTCTTCTCCCTCCCTCTGGGGCTGGGAGTTACCAACTCACTTTC	45	CLLPPSGAGSYQLTF	:::::::::0:-6:8:::::14:-4:45:::
2704	45.0	1.7691586117530318E-5	1	1.1548677676406051E-4	TGTGCTCTGAGTGAGCATGAACACAGGCTTTCAGAAACTTGTATTT	NNNNNNNNNNNNNNNNNNNNNNNNNNNNNNNNNNNNNNNNNNNNNN	TRAV19*00(760)		TRAJ8*00(600)		556|571|593|0|15||150.0		18|49|80|15|46||310.0		TGTGCTCTGAGTGAGCATGAACACAGGCTTTCAGAAACTTGTATTT	45	CALSEHEH_GFQKLVF	:::::::::0:-2:15:::::15:2:46:::
3108	45.0	1.7691586117530318E-5	1	1.1548677676406051E-4	TGTGCTCCACAAACTGGGGCAAACAACCTCTTCTTT	NNNNNNNNNNNNNNNNNNNNNNNNNNNNNNNNNNNN	TRAV6*00(439.4)		TRAJ36*00(578.3)		535|542|568|0|7||70.0		21|48|79|9|36||270.0		TGTGCTCCACAAACTGGGGCAAACAACCTCTTCTTT	45	CAPQTGANNLFF	:::::::::0:-6:7:::::9:-1:36:::
5027	45.0	1.7691586117530318E-5	1	1.1548677676406051E-4	TGTGCCTTTAATATAGTGGAGGTAGCAACTATAAACTGACATTT	NNNNNNNNNNNNNNNNNNNNNNNNNNNNNNNNNNNNNNNNNNNN	TRAV24*00(998.1)		TRAJ53*00(590)		515|525|545|0|10||100.0		23|55|86|12|44||320.0		TGTGCCTTTAATATAGTGGAGGTAGCAACTATAAACTGACATTT	45	CAFNIVE_SNYKLTF	:::::::::0:0:10:::::12:-3:44:::
1863	44.0	1.7298439759362978E-5	1	1.1548677676406051E-4	TGTGTGGTGAACCCTACTGGAGGCTTCAAAACTATCTTT	NNNNNNNNNNNNNNNNNNNNNNNNNNNNNNNNNNNNNNN	TRAV12-1*00(949.7)		TRAJ9*00(528.7)		539|551|572|0|12||120.0		25|50|81|14|39||250.0		TGTGTGGTGAACCCTACTGGAGGCTTCAAAACTATCTTT	45	CVVNPTGGFKTIF	:::::::::0:-1:12:::::14:-5:39:::
4828	44.0	1.7298439759362978E-5	1	1.1548677676406051E-4	TGTGCTACGGATGACATGCGCTTT	NNNNNNNNNNNNNNNNNNNNNNNN	TRAV17*00(920.2)		TRAJ43*00(440)		490|501|523|0|11||110.0		30|43|74|11|24||140.0		TGTGCTACGGATGACATGCGCTTT	45	CATDDMRF	:::::::::0:-2:11:::::11:-10:24:::
6386	44.0	1.7298439759362978E-5	1	1.1548677676406051E-4	TGTGCCGTGAACCCCAAGTGGAGGTAGCAACTATAAACTGACATTT	NNNNNNNNNNNNNNNNNNNNNNNNNNNNNNNNNNNNNNNNNNNNNN	TRAV12-2*00(520)		TRAJ53*00(609.3)		551|563|584|0|12||120.0		25|55|86|16|46||300.0		TGTGCCGTGAACCCCAAGTGGAGGTAGCAACTATAAACTGACATTT	45	CAVNPKWR_SNYKLTF	:::::::::0:-1:12:::::16:-5:46:::
18026	44.0	1.7298439759362978E-5	1	1.1548677676406051E-4	TGTGCAGCAAGCAAGGGCAGGCAACATGCTCACCTTT	NNNNNNNNNNNNNNNNNNNNNNNNNNNNNNNNNNNNN	TRAV23/DV6*00(500)		TRAJ39*00(520)		517|530|550|0|13||130.0		31|52|83|16|37||210.0		TGTGCAGCAAGCAAGGGCAGGCAACATGCTCACCTTT	45	CAASKG_GNMLTF	:::::::::0:0:13:::::16:-11:37:::
18599	44.0	1.7298439759362978E-5	1	1.1548677676406051E-4	TGTGCAATGAGCTCCTGGATGGAATATAGAAACAAACTGGTCTTT	NNNNNNNNNNNNNNNNNNNNNNNNNNNNNNNNNNNNNNNNNNNNN	TRAV12-3*00(980)		TRAJ47*00(511)		562|574|595|0|12||120.0		19|46|77|18|45|SG28A|241.0		TGTGCAATGAGCTCCTGGATGGAATATAGAAACAAACTGGTCTTT	45	CAMSSWMEYRNKLVF	:::::::::0:-1:12:::::18:1:45:::
19076	44.0	1.7298439759362978E-5	1	1.1548677676406051E-4	TGCCCTCGATGGAACCTACAAATACATCTTT	NNNNNNNNNNNNNNNNNNNNNNNNNNNNNNN	TRAV26-2*00(509.3)		TRAJ40*00(500)		791|794|826|0|3||30.0		29|50|81|10|31||210.0		TGCCCTCGATGGAACCTACAAATACATCTTT	45	CPRWN_YKYIF	:::::::::0:-12:3:::::10:-9:31:::
2461	43.0	1.6905293401195637E-5	1	1.1548677676406051E-4	TGTGCTCTCCCCCCAGAAGCTGGTATTT	NNNNNNNNNNNNNNNNNNNNNNNNNNNN	TRAV9-2*00(688.7)		TRAJ54*00(458.7)		480|488|514|0|8||80.0		32|49|80|11|28||170.0		TGTGCTCTCCCCCCAGAAGCTGGTATTT	45	CALPP_KLVF	:::::::::0:-6:8:::::11:-12:28:::
6432	43.0	1.6905293401195637E-5	1	1.1548677676406051E-4	TGTGCCGTGAAGGCCAATGCAGGCAAATCAACCTTT	NNNNNNNNNNNNNNNNNNNNNNNNNNNNNNNNNNNN	TRAV21*00(809.9)		TRAJ27*00(520)		544|554|576|0|10|ST549C|71.0		25|48|79|13|36||230.0		TGTGCCGTGAAGGCCAATGCAGGCAAATCAACCTTT	45	CAVKANAGKSTF	:::::::::0:-2:10:::::13:-5:36:::
18217	43.0	1.6905293401195637E-5	1	1.1548677676406051E-4	TGTGCAGGGAATAGTGGAGGTAGCAACTATAAACTGACATTT	NNNNNNNNNNNNNNNNNNNNNNNNNNNNNNNNNNNNNNNNNN	TRAV13-1*00(929.3)		TRAJ53*00(608.2)		511|518|544|0|7||70.0		21|55|86|8|42||340.0		TGTGCAGGGAATAGTGGAGGTAGCAACTATAAACTGACATTT	45	CAGNSGGSNYKLTF	:::::::::0:-6:7:::::8:-1:42:::
2463	42.0	1.6512147043028297E-5	1	1.1548677676406051E-4	TGTGCTCTCCCGAATAATGCAGGCAACATGCTCACCTTT	NNNNNNNNNNNNNNNNNNNNNNNNNNNNNNNNNNNNNNN	TRAV16*00(949.3)		TRAJ39*00(539.3)		449|457|483|0|8||80.0		25|52|83|12|39||270.0		TGTGCTCTCCCGAATAATGCAGGCAACATGCTCACCTTT	45	CALPNNAGNMLTF	:::::::::0:-6:8:::::12:-5:39:::
17874	42.0	1.6512147043028297E-5	1	1.1548677676406051E-4	TGTGCAGCAAGCGCGCTTGAGCACCGACAAGCTCATCTTT	NNNNNNNNNNNNNNNNNNNNNNNNNNNNNNNNNNNNNNNN	TRAV29/DV5*00(640)		TRAJ34*00(489.1)		529|548|562|0|19||190.0		28|47|78|21|40||190.0		TGTGCAGCAAGCGCGCTTGAGCACCGACAAGCTCATCTTT	45	CAASALE_TDKLIF	:::::::::0:6:19:::::21:-8:40:::
18121	42.0	1.6512147043028297E-5	1	1.1548677676406051E-4	TGTGCAGGCCCCCGGCTATGGTCAGAATTTTGTCTTT	NNNNNNNNNNNNNNNNNNNNNNNNNNNNNNNNNNNNN	TRAV25*00(551)		TRAJ26*00(519.3)		620|632|649|0|12|SG628C|91.0		27|49|80|15|37||220.0		TGTGCAGGCCCCCGGCTATGGTCAGAATTTTGTCTTT	45	CAGPRL_GQNFVF	:::::::::0:3:12:::::15:-7:37:::
18206	42.0	1.6512147043028297E-5	1	1.1548677676406051E-4	TGTGCAGGGGAGGCCAATGCAGGCAAATCAACCTTT	NNNNNNNNNNNNNNNNNNNNNNNNNNNNNNNNNNNN	TRAV25*00(533)		TRAJ27*00(518.8)		620|629|649|0|9||90.0		25|48|79|13|36||230.0		TGTGCAGGGGAGGCCAATGCAGGCAAATCAACCTTT	45	CAGEANAGKSTF	:::::::::0:0:9:::::13:-5:36:::
18301	42.0	1.6512147043028297E-5	1	1.1548677676406051E-4	TGTGCAGGAGAGGGCAACTATCAGTTAATCTGG	NNNNNNNNNNNNNNNNNNNNNNNNNNNNNNNNN	TRAV27*00(640.6)		TRAJ33*00(488.6)		552|562|582|0|10||100.0		26|46|77|13|33||200.0		TGTGCAGGAGAGGGCAACTATCAGTTAATCTGG	45	CAGEGNYQLIW	:::::::::0:0:10:::::13:-6:33:::
18682	42.0	1.6512147043028297E-5	1	1.1548677676406051E-4	TGTGCAATGAGGAGGAGTGGTACTAGCTATGGAAAGCTGACATTT	NNNNNNNNNNNNNNNNNNNNNNNNNNNNNNNNNNNNNNNNNNNNN	TRAV12-3*00(968.6)		TRAJ52*00(548.6)		562|573|595|0|11||110.0		29|58|89|16|45||290.0		TGTGCAATGAGGAGGAGTGGTACTAGCTATGGAAAGCTGACATTT	45	CAMRRSGTSYGKLTF	:::::::::0:-2:11:::::16:-9:45:::
18874	42.0	1.6512147043028297E-5	1	1.1548677676406051E-4	TGTGGCACGAATGCTGGTGGTACTAGCTATGGAAAGCTGACATTT	NNNNNNNNNNNNNNNNNNNNNNNNNNNNNNNNNNNNNNNNNNNNN	TRAV30*00(420.8)		TRAJ52*00(660)		567|575|600|0|8|SC569T|51.0		22|58|89|9|45||360.0		TGTGGCACGAATGCTGGTGGTACTAGCTATGGAAAGCTGACATTT	45	CGTNAGGTSYGKLTF	:::::::::0:-5:8:::::9:-2:45:::
2016	41.0	1.6119000684860957E-5	1	1.1548677676406051E-4	TGTGCTTTCCGACCGGCAAGGCAACTGACCTTT	NNNNNNNNNNNNNNNNNNNNNNNNNNNNNNNNN	TRAV38-1*00(550)		TRAJ22*00(490)		596|605|633|0|9||90.0		34|52|83|15|33||180.0		TGTGCTTTCCGACCGGCAAGGCAACTGACCTTT	45	CAFRPARQLTF	:::::::::0:-8:9:::::15:-14:33:::
3409	41.0	1.6119000684860957E-5	1	1.1548677676406051E-4	TGTGCTGTGCGGTACAGCACCCTCACCTTT	NNNNNNNNNNNNNNNNNNNNNNNNNNNNNN	TRAV21*00(451)		TRAJ11*00(490)		544|556|576|0|12|SA553C|91.0		31|49|80|12|30||180.0		TGTGCTGTGCGGTACAGCACCCTCACCTTT	45	CAVRYSTLTF	:::::::::0:0:12:::::12:-11:30:::
2459	40.0	1.5725854326693617E-5	1	1.1548677676406051E-4	TGTGCTCTCCCCCTGGGCAGGCAACATGCTCACCTTT	NNNNNNNNNNNNNNNNNNNNNNNNNNNNNNNNNNNNN	TRAV16*00(950)		TRAJ39*00(499.8)		449|457|483|0|8||80.0		31|52|83|16|37||210.0		TGTGCTCTCCCCCTGGGCAGGCAACATGCTCACCTTT	45	CALPLG_GNMLTF	:::::::::0:-6:8:::::16:-11:37:::
2482	40.0	1.5725854326693617E-5	1	1.1548677676406051E-4	TGTGCTCTCAGAGGGGAGGTTCTGCAAGGCAACTGACCTTT	NNNNNNNNNNNNNNNNNNNNNNNNNNNNNNNNNNNNNNNNN	TRAV19*00(691)		TRAJ22*00(548.6)		556|567|593|0|11|SG564C|81.0		28|52|83|17|41||240.0		TGTGCTCTCAGAGGGGAGGTTCTGCAAGGCAACTGACCTTT	45	CALRGEV_ARQLTF	:::::::::0:-6:11:::::17:-8:41:::
2722	40.0	1.5725854326693617E-5	1	1.1548677676406051E-4	TGTGCTCTGAGTGAGGCGCTTTAGAATAGTGGAGGTAGCAACTATAAACTGACATTT	NNNNNNNNNNNNNNNNNNNNNNNNNNNNNNNNNNNNNNNNNNNNNNNNNNNNNNNNN	TRAV19*00(776.4)		TRAJ53*00(663.2)		556|575|593|0|19||190.0		19|55|86|21|57||360.0		TGTGCTCTGAGTGAGGCGCTTTAGAATAGTGGAGGTAGCAACTATAAACTGACATTT	45	CALSEAL*NSGGSNYKLTF	:::::::::0:2:19:::::21:1:57:::
3131	40.0	1.5725854326693617E-5	1	1.1548677676406051E-4	TGTGCTCATGGCTCTAGCAACACAGGCAAACTAATCTTT	NNNNNNNNNNNNNNNNNNNNNNNNNNNNNNNNNNNNNNN	TRAV9-2*00(677.8)		TRAJ37*00(604.5)		480|487|514|0|7||70.0		19|51|82|7|39|SG27A|301.0		TGTGCTCATGGCTCTAGCAACACAGGCAAACTAATCTTT	45	CAHGSSNTGKLIF	:::::::::0:-7:7:::::7:1:39:::
20483	40.0	1.5725854326693617E-5	1	1.1548677676406051E-4	TGCATCGCCAGTCGGGTCCGGGTATGCACTCAACTTC	NNNNNNNNNNNNNNNNNNNNNNNNNNNNNNNNNNNNN	TRAV26-1*00(571)		TRAJ41*00(468.1)		763|774|799|0|11|ST770C|81.0		30|51|82|16|37||210.0		TGCATCGCCAGTCGGGTCCGGGTATGCACTCAACTTC	45	CIASRV_GYALNF	:::::::::0:-5:11:::::16:-10:37:::
2576	39.0	1.5332707968526277E-5	1	1.1548677676406051E-4	TGTGCTCTGAGTTTAAACTTTGGAAATGAGAAATTAACCTTT	NNNNNNNNNNNNNNNNNNNNNNNNNNNNNNNNNNNNNNNNNN	TRAV19*00(728.5)		TRAJ48*00(579.3)		556|568|593|0|12||120.0		25|52|83|15|42||270.0		TGTGCTCTGAGTTTAAACTTTGGAAATGAGAAATTAACCTTT	45	CALSLNFGNEKLTF	:::::::::0:-5:12:::::15:-5:42:::
2909	39.0	1.5332707968526277E-5	1	1.1548677676406051E-4	TGTGCTCTAGTGGATAGCAGCTATAAATTGATCTTC	NNNNNNNNNNNNNNNNNNNNNNNNNNNNNNNNNNNN	TRAV16*00(470.3)		TRAJ12*00(540)		449|458|483|0|9||90.0		23|49|80|10|36||260.0		TGTGCTCTAGTGGATAGCAGCTATAAATTGATCTTC	45	CALVDSSYKLIF	:::::::::0:-5:9:::::10:-3:36:::
3743	39.0	1.5332707968526277E-5	1	1.1548677676406051E-4	TGTGCTGTGGAGGACAATGCCAGACTCATGTTT	NNNNNNNNNNNNNNNNNNNNNNNNNNNNNNNNN	TRAV2*00(1040)		TRAJ31*00(500)		519|533|553|0|14||140.0		27|46|77|14|33||200.0		TGTGCTGTGGAGGACAATGCCAGACTCATGTTT	45	CAVEDNARLMF	:::::::::0:0:14:::::14:-7:33:::
4799	39.0	1.5332707968526277E-5	1	1.1548677676406051E-4	TGTGCTACGGCCCCAAGAGCTGGGGCAAACAACCTCTTCTTT	NNNNNNNNNNNNNNNNNNNNNNNNNNNNNNNNNNNNNNNNNN	TRAV17*00(900)		TRAJ36*00(539.7)		490|500|523|0|10||100.0		25|48|79|19|42||230.0		TGTGCTACGGCCCCAAGAGCTGGGGCAAACAACCTCTTCTTT	45	CATAPRAGANNLFF	:::::::::0:-3:10:::::19:-5:42:::
4874	39.0	1.5332707968526277E-5	1	1.1548677676406051E-4	TGTGCTACGGACGCACTTGGGGCAGGCAACATGCTCACCTTT	NNNNNNNNNNNNNNNNNNNNNNNNNNNNNNNNNNNNNNNNNN	TRAV17*00(940)		TRAJ39*00(520)		490|504|523|0|14||140.0		31|52|83|21|42||210.0		TGTGCTACGGACGCACTTGGGGCAGGCAACATGCTCACCTTT	45	CATDALGAGNMLTF	:::::::::0:1:14:::::21:-11:42:::
2856	37.0	1.4546415252191595E-5	1	1.1548677676406051E-4	TGTGCTCTGAGACCGCTTAACTTTGGAAATGAGAAATTAACCTTT	NNNNNNNNNNNNNNNNNNNNNNNNNNNNNNNNNNNNNNNNNNNNN	TRAV19*00(718.7)		TRAJ48*00(590)		556|567|593|0|11||110.0		24|52|83|17|45||280.0		TGTGCTCTGAGACCGCTTAACTTTGGAAATGAGAAATTAACCTTT	45	CALRPLNFGNEKLTF	:::::::::0:-6:11:::::17:-4:45:::
18437	37.0	1.4546415252191595E-5	1	1.1548677676406051E-4	TGTGCAGAGAGTAGGGGAGGCTTTGGGAATGTGCTGCATTGC	NNNNNNNNNNNNNNNNNNNNNNNNNNNNNNNNNNNNNNNNNN	TRAV5*00(490)		TRAJ35*00(549.2)		523|536|556|0|13||130.0		23|48|79|17|42||250.0		TGTGCAGAGAGTAGGGGAGGCTTTGGGAATGTGCTGCATTGC	45	CAESRGGFGNVLHC	:::::::::0:0:13:::::17:-3:42:::
18194	36.0	1.4153268894024254E-5	1	1.1548677676406051E-4	TGTGCAGGGGCGGAGGGAACCTACAAATACATCTTT	NNNNNNNNNNNNNNNNNNNNNNNNNNNNNNNNNNNN	TRAV25*00(533)		TRAJ40*00(500)		620|629|649|0|9||90.0		29|50|81|15|36||210.0		TGTGCAGGGGCGGAGGGAACCTACAAATACATCTTT	45	CAGAEGTYKYIF	:::::::::0:0:9:::::15:-9:36:::
3295	35.0	1.3760122535856914E-5	1	1.1548677676406051E-4	TGTGCTGTCACGGATCTGAAAAGCTGGTCTTT	NNNNNNNNNNNNNNNNNNNNNNNNNNNNNNNN	TRAV41*00(774.1)		TRAJ57*00(520.9)		512|522|544|0|10||100.0		30|52|83|10|32||220.0		TGTGCTGTCACGGATCTGAAAAGCTGGTCTTT	45	CAVTD_EKLVF	:::::::::0:-2:10:::::10:-10:32:::
3434	35.0	1.3760122535856914E-5	1	1.1548677676406051E-4	TGTGCTGTGCAGGCCTACCTCTGGGGCTGGGAGTTACCAACTCACTTTC	NNNNNNNNNNNNNNNNNNNNNNNNNNNNNNNNNNNNNNNNNNNNNNNNN	TRAV20*00(570)		TRAJ28*00(598.6)		498|514|531|0|16||160.0		24|55|86|18|49||310.0		TGTGCTGTGCAGGCCTACCTCTGGGGCTGGGAGTTACCAACTCACTTTC	45	CAVQAYLW_AGSYQLTF	:::::::::0:3:16:::::18:-4:49:::
3592	35.0	1.3760122535856914E-5	1	1.1548677676406051E-4	TGTGCTGTGGGTGACCATGGCTCTAGCAACACAGGCAAACTAATCTTT	NNNNNNNNNNNNNNNNNNNNNNNNNNNNNNNNNNNNNNNNNNNNNNNN	TRAV8-3*00(571)		TRAJ37*00(621)		455|468|489|0|13||130.0		17|51|82|14|48|SG27A|311.0		TGTGCTGTGGGTGACCATGGCTCTAGCAACACAGGCAAACTAATCTTT	45	CAVGDHGSSNTGKLIF	:::::::::0:-1:13:::::14:3:48:::
3714	35.0	1.3760122535856914E-5	1	1.1548677676406051E-4	TGTGCTGTGGAGGGGCTATGGGAACAACAGACTCGCTTTT	NNNNNNNNNNNNNNNNNNNNNNNNNNNNNNNNNNNNNNNN	TRAV2*00(1029.2)		TRAJ7*00(500)		519|532|553|0|13||130.0		23|48|79|15|40||250.0		TGTGCTGTGGAGGGGCTATGGGAACAACAGACTCGCTTTT	45	CAVEGLW_NNRLAF	:::::::::0:-1:13:::::15:-3:40:::
17339	35.0	1.3760122535856914E-5	1	1.1548677676406051E-4	TGTGCGGCCCCGCTTTTATAATTCAGGGAGCCCAGAAGCTGGTATTT	NNNNNNNNNNNNNNNNNNNNNNNNNNNNNNNNNNNNNNNNNNNNNNN	TRAV27*00(589.2)		TRAJ54*00(600.1)		552|557|582|0|5||50.0		17|49|80|15|47||320.0		TGTGCGGCCCCGCTTTTATAATTCAGGGAGCCCAGAAGCTGGTATTT	45	CAAPLL*F_GAQKLVF	:::::::::0:-5:5:::::15:3:47:::
18540	35.0	1.3760122535856914E-5	1	1.1548677676406051E-4	TGTGCAATCCCTAACTTTGGAAATGAGAAATTAACCTTT	NNNNNNNNNNNNNNNNNNNNNNNNNNNNNNNNNNNNNNN	TRAV12-3*00(939.2)		TRAJ48*00(570)		562|570|595|0|8||80.0		23|52|83|10|39||290.0		TGTGCAATCCCTAACTTTGGAAATGAGAAATTAACCTTT	45	CAIPNFGNEKLTF	:::::::::0:-5:8:::::10:-3:39:::
18714	34.0	1.3366976177689572E-5	1	1.1548677676406051E-4	TGTGCAATGAGAGATAACACCGACAAGCTCATCTTT	NNNNNNNNNNNNNNNNNNNNNNNNNNNNNNNNNNNN	TRAV12-3*00(969.7)		TRAJ34*00(530)		562|573|595|0|11||110.0		24|47|78|13|36||230.0		TGTGCAATGAGAGATAACACCGACAAGCTCATCTTT	45	CAMRDNTDKLIF	:::::::::0:-2:11:::::13:-4:36:::
17810	33.0	1.2973829819522232E-5	1	1.1548677676406051E-4	TGTGCAGCAAGCCTCGGGACTAGCTATGGAAAGCTGACATTT	NNNNNNNNNNNNNNNNNNNNNNNNNNNNNNNNNNNNNNNNNN	TRAV29/DV5*00(530)		TRAJ52*00(541)		529|541|562|0|12||120.0		31|58|89|15|42|ST33G|241.0		TGTGCAGCAAGCCTCGGGACTAGCTATGGAAAGCTGACATTT	45	CAASLGTSYGKLTF	:::::::::0:-1:12:::::15:-11:42:::
18960	33.0	1.2973829819522232E-5	1	1.1548677676406051E-4	TGCCTCGTGCGTCCTAACACCGACAAGCTCATCTTT	NNNNNNNNNNNNNNNNNNNNNNNNNNNNNNNNNNNN	TRAV4*00(511)		TRAJ34*00(518.8)		768|780|804|0|12|SG777C|91.0		25|47|78|14|36||220.0		TGCCTCGTGCGTCCTAACACCGACAAGCTCATCTTT	45	CLVRPNTDKLIF	:::::::::0:-4:12:::::14:-5:36:::
1842	32.0	1.2580683461354892E-5	1	1.1548677676406051E-4	TGTGTGGTGAATAGAAACTATCAGTTAATCTGG	NNNNNNNNNNNNNNNNNNNNNNNNNNNNNNNNN	TRAV12-1*00(452),TRAV12-2*00(452)		TRAJ33*00(490.1)		539|548|572|0|9||110.0;551|562|584|0|11|SC555TSC556G|52.0		22|46|77|9|33|SG22ASC27A|202.0		TGTGTGGTGAATAGAAACTATCAGTTAATCTGG	45	CVVNRNYQLIW	:::::::::0:-4:9:::::9:-2:33:::
2707	32.0	1.2580683461354892E-5	1	1.1548677676406051E-4	TGTGCTCTGAGTGAGGTCAATGACATGCGCTTT	NNNNNNNNNNNNNNNNNNNNNNNNNNNNNNNNN	TRAV19*00(770)		TRAJ43*00(460)		556|572|593|0|16||160.0		27|43|74|17|33||160.0		TGTGCTCTGAGTGAGGTCAATGACATGCGCTTT	45	CALSEVNDMRF	:::::::::0:-1:16:::::17:-7:33:::
4655	32.0	1.2580683461354892E-5	1	1.1548677676406051E-4	TGTGCTGGGCAGCGGGCTGGTGGTACTAGCTATGGAAAGCTGACATTT	NNNNNNNNNNNNNNNNNNNNNNNNNNNNNNNNNNNNNNNNNNNNNNNN	TRAV35*00(970)		TRAJ52*00(590)		588|601|620|0|13||130.0		25|58|89|15|48||330.0		TGTGCTGGGCAGCGGGCTGGTGGTACTAGCTATGGAAAGCTGACATTT	45	CAGQRAGGTSYGKLTF	:::::::::0:1:13:::::15:-5:48:::
6362	32.0	1.2580683461354892E-5	1	1.1548677676406051E-4	TGTGCCGTGAATGAGGGTGGTTCTGCAAGGCAACTGACCTTT	NNNNNNNNNNNNNNNNNNNNNNNNNNNNNNNNNNNNNNNNNN	TRAV8-1*00(599.1)		TRAJ22*00(560)		474|487|508|0|13||130.0		27|52|83|17|42||250.0		TGTGCCGTGAATGAGGGTGGTTCTGCAAGGCAACTGACCTTT	45	CAVNEGGSARQLTF	:::::::::0:-1:13:::::17:-7:42:::
18660	32.0	1.2580683461354892E-5	1	1.1548677676406051E-4	TGTGCAATGAGCGATAACTATGGTCAGAATTTTGTCTTT	NNNNNNNNNNNNNNNNNNNNNNNNNNNNNNNNNNNNNNN	TRAV12-3*00(530)		TRAJ26*00(560)		562|575|595|0|13||130.0		23|49|80|13|39||270.0		TGTGCAATGAGCGATAACTATGGTCAGAATTTTGTCTTT	45	CAMSDNYGQNFVF	:::::::::0:0:13:::::13:-3:39:::
20264	32.0	1.2580683461354892E-5	1	1.1548677676406051E-4	TGCATCCTGAGAGACCCTGGATTCAGGAGGAGGTGCTGACGGACTCACCTTT	NNNNNNNNNNNNNNNNNNNNNNNNNNNNNNNNNNNNNNNNNNNNNNNNNNNN	TRAV26-2*00(920)		TRAJ45*00(591)		791|806|826|0|15||150.0		20|55|86|17|52|ST22G|321.0		TGCATCCTGAGAGACCCTGGATTCAGGAGGAGGTGCTGACGGACTCACCTTT	45	CILRDPGFR_GGADGLTF	:::::::::0:0:15:::::17:0:52:::
2116	31.0	1.2187537103187552E-5	1	1.1548677676406051E-4	TGTGCTTCTCCCATTACCGGCACTGCCAGTAAACTCACCTTT	NNNNNNNNNNNNNNNNNNNNNNNNNNNNNNNNNNNNNNNNNN	TRAV36/DV7*00(546.3)		TRAJ44*00(580)		500|506|533|0|6||60.0		24|52|83|14|42||280.0		TGTGCTTCTCCCATTACCGGCACTGCCAGTAAACTCACCTTT	45	CASPITGTASKLTF	:::::::::0:-7:6:::::14:-4:42:::
2134	31.0	1.2187537103187552E-5	1	1.1548677676406051E-4	TGTGCTTCCACTATGGAATATAGAAACAAACTGGTCTTT	NNNNNNNNNNNNNNNNNNNNNNNNNNNNNNNNNNNNNNN	TRAV38-2/DV8*00(529.1)		TRAJ47*00(550.1)		602|609|638|0|7||70.0		19|46|77|12|39|SG28A|241.0		TGTGCTTCCACTATGGAATATAGAAACAAACTGGTCTTT	45	CASTMEYRNKLVF	:::::::::0:-9:7:::::12:1:39:::
3222	31.0	1.2187537103187552E-5	1	1.1548677676406051E-4	TGTGCTGTCCTTGGCTCTAGCAACACAGGCAAACTAATCTTT	NNNNNNNNNNNNNNNNNNNNNNNNNNNNNNNNNNNNNNNNNN	TRAV8-4*00(604.4)		TRAJ37*00(592)		476|484|510|0|8||80.0		17|51|82|8|42|SA19TSG27A|282.0		TGTGCTGTCCTTGGCTCTAGCAACACAGGCAAACTAATCTTT	45	CAVLGSSNTGKLIF	:::::::::0:-6:8:::::8:3:42:::
4811	31.0	1.2187537103187552E-5	1	1.1548677676406051E-4	TGTGCTACGGGCTTGTAACTGGGGCAAACAACCTCTTCTTT	NNNNNNNNNNNNNNNNNNNNNNNNNNNNNNNNNNNNNNNNN	TRAV17*00(900)		TRAJ36*00(560)		490|500|523|0|10||100.0		23|48|79|16|41||250.0		TGTGCTACGGGCTTGTAACTGGGGCAAACAACCTCTTCTTT	45	CATGL*L_ANNLFF	:::::::::0:-3:10:::::16:-3:41:::
17908	31.0	1.2187537103187552E-5	1	1.1548677676406051E-4	TGTGCAGCAAGCGCAGAACCAGGGAGGAAAGCTTATCTTC	NNNNNNNNNNNNNNNNNNNNNNNNNNNNNNNNNNNNNNNN	TRAV29/DV5*00(589.1)		TRAJ23*00(550)		529|543|562|0|14||140.0		28|52|83|16|40||240.0		TGTGCAGCAAGCGCAGAACCAGGGAGGAAAGCTTATCTTC	45	CAASAEP_GGKLIF	:::::::::0:1:14:::::16:-8:40:::
18395	31.0	1.2187537103187552E-5	1	1.1548677676406051E-4	TGTGCAGAGACTTCCACCGGCACTGCCAGTAAACTCACCTTT	NNNNNNNNNNNNNNNNNNNNNNNNNNNNNNNNNNNNNNNNNN	TRAV13-2*00(550)		TRAJ44*00(579.4)		506|516|539|0|10||100.0		25|52|83|15|42||270.0		TGTGCAGAGACTTCCACCGGCACTGCCAGTAAACTCACCTTT	45	CAETSTGTASKLTF	:::::::::0:-3:10:::::15:-5:42:::
4011	30.0	1.1794390745020212E-5	1	1.1548677676406051E-4	TGTGCTGTGAGTGACAACCAGGCAGGAACTGCTCTGATCTTT	NNNNNNNNNNNNNNNNNNNNNNNNNNNNNNNNNNNNNNNNNN	TRAV8-4*00(690)		TRAJ15*00(590)		476|490|510|0|14||140.0		21|49|80|14|42||280.0		TGTGCTGTGAGTGACAACCAGGCAGGAACTGCTCTGATCTTT	45	CAVSDNQAGTALIF	:::::::::0:0:14:::::14:-1:42:::
3635	29.0	1.1401244386852872E-5	1	1.1548677676406051E-4	TGTGCTGTGGGGGCTTCGAATATAGAAACAAACTGGTCTTT	NNNNNNNNNNNNNNNNNNNNNNNNNNNNNNNNNNNNNNNNN	TRAV8-6*00(659.7)		TRAJ47*00(520.7)		448|457|482|0|9||90.0		22|46|77|17|41|SG28A|211.0		TGTGCTGTGGGGGCTTCGAATATAGAAACAAACTGGTCTTT	45	CAVGASN_RNKLVF	:::::::::0:-5:9:::::17:-2:41:::
4434	29.0	1.1401244386852872E-5	1	1.1548677676406051E-4	TGTGCTGCCGCTTCCACCGGTAACCAGTTCTATTTT	NNNNNNNNNNNNNNNNNNNNNNNNNNNNNNNNNNNN	TRAV41*00(572)		TRAJ49*00(520)		512|519|544|0|7||70.0		23|45|76|14|36||220.0		TGTGCTGCCGCTTCCACCGGTAACCAGTTCTATTTT	45	CAAASTGNQFYF	:::::::::0:-5:7:::::14:-3:36:::
6162	29.0	1.1401244386852872E-5	1	1.1548677676406051E-4	TGTGCCGTGTTGCGAAATACTGGAGGCTTCAAAACTATCTTT	NNNNNNNNNNNNNNNNNNNNNNNNNNNNNNNNNNNNNNNNNN	TRAV39*00(729)		TRAJ9*00(590)		507|516|540|0|9||90.0		21|50|81|13|42||290.0		TGTGCCGTGTTGCGAAATACTGGAGGCTTCAAAACTATCTTT	45	CAVLRNTGGFKTIF	:::::::::0:-4:9:::::13:-1:42:::
2334	28.0	1.1008098028685531E-5	1	1.1548677676406051E-4	TGTGCTCTTGGGGACTTCATAACACCGACAAGCTCATCTTT	NNNNNNNNNNNNNNNNNNNNNNNNNNNNNNNNNNNNNNNNN	TRDV1*00(670)		TRAJ34*00(530)		573|587|610|0|14||140.0		24|47|78|18|41||230.0		TGTGCTCTTGGGGACTTCATAACACCGACAAGCTCATCTTT	45	CALGDFI_TDKLIF	:::::::::0:-3:14:::::18:-4:41:::
2488	28.0	1.1008098028685531E-5	1	1.1548677676406051E-4	TGTGCTCTGTTAATGCTGGCAACAACCGTAAGCTGATTTGG	NNNNNNNNNNNNNNNNNNNNNNNNNNNNNNNNNNNNNNNNN	TRAV19*00(692.8)		TRAJ38*00(603.4)		556|565|593|0|9||90.0		20|51|82|10|41||310.0		TGTGCTCTGTTAATGCTGGCAACAACCGTAAGCTGATTTGG	45	CALLMLA_NRKLIW	:::::::::0:-8:9:::::10:0:41:::
3545	28.0	1.1008098028685531E-5	1	1.1548677676406051E-4	TGTGCTGTGGGTCCTTATGGTGGTGCTACAAACAAGCTCATCTTT	NNNNNNNNNNNNNNNNNNNNNNNNNNNNNNNNNNNNNNNNNNNNN	TRAV8-3*00(573.4)		TRAJ32*00(581)		455|467|489|0|12||120.0		24|55|86|14|45||310.0		TGTGCTGTGGGTCCTTATGGTGGTGCTACAAACAAGCTCATCTTT	45	CAVGPYGGATNKLIF	:::::::::0:-2:12:::::14:-4:45:::
4233	28.0	1.1008098028685531E-5	1	1.1548677676406051E-4	TGTGCTGTGAGAGCCACTAAAACTACAAGCTCAGCTTT	NNNNNNNNNNNNNNNNNNNNNNNNNNNNNNNNNNNNNN	TRAV3*00(611)		TRAJ20*00(470)		437|453|473|0|16|SA450C|131.0		29|46|77|21|38||170.0		TGTGCTGTGAGAGCCACTAAAACTACAAGCTCAGCTTT	45	CAVRAT_NYKLSF	:::::::::0:0:16:::::21:-9:38:::
3732	27.0	1.0614951670518191E-5	1	1.1548677676406051E-4	TGTGCTGTGGAGGATCAACAGGGGCTCTAGCAACACAGGCAAACTAATCTTT	NNNNNNNNNNNNNNNNNNNNNNNNNNNNNNNNNNNNNNNNNNNNNNNNNNNN	TRAV2*00(608.9)		TRAJ37*00(578.5)		519|535|553|0|16||160.0		21|51|82|22|52|SG27A|271.0		TGTGCTGTGGAGGATCAACAGGGGCTCTAGCAACACAGGCAAACTAATCTTT	45	CAVEDQQGL_SNTGKLIF	:::::::::0:2:16:::::22:-1:52:::
18211	27.0	1.0614951670518191E-5	1	1.1548677676406051E-4	TGTGCAGGGACGGTGGTACTAGCTATGGAAAGCTGACATTT	NNNNNNNNNNNNNNNNNNNNNNNNNNNNNNNNNNNNNNNNN	TRAV25*00(549.6)		TRAJ52*00(600)		620|629|649|0|9||90.0		28|58|89|11|41||300.0		TGTGCAGGGACGGTGGTACTAGCTATGGAAAGCTGACATTT	45	CAGTVVL_YGKLTF	:::::::::0:0:9:::::11:-8:41:::
4223	26.0	1.022180531235085E-5	1	1.1548677676406051E-4	TGTGCTGTGAGAGTCCCCTTTAATGCTGGCAACAACCGTAAGCTGATTTGG	NNNNNNNNNNNNNNNNNNNNNNNNNNNNNNNNNNNNNNNNNNNNNNNNNNN	TRAV3*00(610)		TRAJ38*00(610)		437|450|473|0|13||130.0		20|51|82|20|51||310.0		TGTGCTGTGAGAGTCCCCTTTAATGCTGGCAACAACCGTAAGCTGATTTGG	45	CAVRVPFNAGNNRKLIW	:::::::::0:-3:13:::::20:0:51:::
4317	26.0	1.022180531235085E-5	1	1.1548677676406051E-4	TGTGCTGTGAGAAGCAACTATCAGTTAATCTGG	NNNNNNNNNNNNNNNNNNNNNNNNNNNNNNNNN	TRAV21*00(980)		TRAJ33*00(500)		544|555|576|0|11||110.0		25|46|77|12|33||210.0		TGTGCTGTGAGAAGCAACTATCAGTTAATCTGG	45	CAVRSNYQLIW	:::::::::0:-1:11:::::12:-5:33:::
4895	26.0	1.022180531235085E-5	1	1.1548677676406051E-4	TGTGCTACGGACAGGGCAGGCAAATCAACCTTT	NNNNNNNNNNNNNNNNNNNNNNNNNNNNNNNNN	TRAV17*00(920)		TRAJ27*00(468.9)		490|502|523|0|12||120.0		30|48|79|15|33||180.0		TGTGCTACGGACAGGGCAGGCAAATCAACCTTT	45	CATDRAGKSTF	:::::::::0:-1:12:::::15:-10:33:::
17469	26.0	1.022180531235085E-5	1	1.1548677676406051E-4	TGTGCAGCCTCCGGGGGAGGAAGCTACATACCTACATTT	NNNNNNNNNNNNNNNNNNNNNNNNNNNNNNNNNNNNNNN	TRAV13-1*00(937.8)		TRAJ6*00(520)		511|519|544|0|8||80.0		27|51|82|15|39||240.0		TGTGCAGCCTCCGGGGGAGGAAGCTACATACCTACATTT	45	CAASGGGSYIPTF	:::::::::0:-5:8:::::15:-7:39:::
1619	25.0	9.82865895418351E-6	1	1.1548677676406051E-4	TGTGTTGTGAGTGAGAACACCGACAAGCTCATCTTT	NNNNNNNNNNNNNNNNNNNNNNNNNNNNNNNNNNNN	TRAV8-2*00(648)		TRAJ34*00(510)		466|480|500|0|14||140.0		26|47|78|15|36||210.0		TGTGTTGTGAGTGAGAACACCGACAAGCTCATCTTT	45	CVVSENTDKLIF	:::::::::0:0:14:::::15:-6:36:::
3618	25.0	9.82865895418351E-6	1	1.1548677676406051E-4	TGTGCTGTGGGCGGGAACAACAGACTCGCTTTT	NNNNNNNNNNNNNNNNNNNNNNNNNNNNNNNNN	TRAV36/DV7*00(591)		TRAJ7*00(500)		500|510|533|0|10||100.0		27|48|79|12|33||210.0		TGTGCTGTGGGCGGGAACAACAGACTCGCTTTT	45	CAVGGNNRLAF	:::::::::0:-3:10:::::12:-7:33:::
6287	25.0	9.82865895418351E-6	1	1.1548677676406051E-4	TGTGCCGTGATGAGCACCGACAAGCTCATCTTT	NNNNNNNNNNNNNNNNNNNNNNNNNNNNNNNNN	TRAV12-2*00(957.7)		TRAJ34*00(490)		551|561|584|0|10||100.0		28|47|78|14|33||190.0		TGTGCCGTGATGAGCACCGACAAGCTCATCTTT	45	CAVMSTDKLIF	:::::::::0:-3:10:::::14:-8:33:::
6441	25.0	9.82865895418351E-6	1	1.1548677676406051E-4	TGTGCCGTGAAGGGGCAGGCTGCAGGCAACAAGCTAACTTTT	NNNNNNNNNNNNNNNNNNNNNNNNNNNNNNNNNNNNNNNNNN	TRAV12-2*00(967.7)		TRAJ17*00(500)		551|562|584|0|11||110.0		28|52|83|18|42||240.0		TGTGCCGTGAAGGGGCAGGCTGCAGGCAACAAGCTAACTTTT	45	CAVKGQAAGNKLTF	:::::::::0:-2:11:::::18:-8:42:::
6464	25.0	9.82865895418351E-6	1	1.1548677676406051E-4	TGTGCCGTATACATGGATAGCAACTATCAGTTAATCTGG	NNNNNNNNNNNNNNNNNNNNNNNNNNNNNNNNNNNNNNN	TRAV12-2*00(952)		TRAJ33*00(550)		551|562|584|0|11|SG559ASA560T|92.0		18|46|77|11|39||291.0		TGTGCCGTATACATGGATAGCAACTATCAGTTAATCTGG	45	CAVYMDSNYQLIW	:::::::::0:-2:11:::::11:2:39:::
6551	25.0	9.82865895418351E-6	1	1.1548677676406051E-4	TGTGCCGGGGGGGGGTCCTATCAGTTAATCTGG	NNNNNNNNNNNNNNNNNNNNNNNNNNNNNNNNN	TRAV27*00(561.1)		TRAJ33*00(446.9)		552|560|582|0|8|SA557C|51.0		30|46|77|17|33||160.0		TGTGCCGGGGGGGGGTCCTATCAGTTAATCTGG	45	CAGGGSYQLIW	:::::::::0:-2:8:::::17:-10:33:::
21342	25.0	9.82865895418351E-6	1	1.1548677676406051E-4	TGACGTAATGCCAGACTCATGTTT	NNNNNNNNNNNNNNNNNNNNNNNN	TRAV35*00(410)		TRAJ31*00(480)		588|590|620|0|2||20.0		28|46|77|6|24||180.0		TGACGTAATGCCAGACTCATGTTT	45	*RNARLMF	:::::::::0:-10:2:::::6:-8:24:::
2520	24.0	9.435512596016169E-6	1	1.1548677676406051E-4	TGTGCTCTGGATCAAACTGGGGCAAACAACCTCTTCTTT	NNNNNNNNNNNNNNNNNNNNNNNNNNNNNNNNNNNNNNN	TRAV9-2*00(698)		TRAJ36*00(480.4)		480|489|514|0|9||90.0		18|48|79|9|39||300.0		TGTGCTCTGGATCAAACTGGGGCAAACAACCTCTTCTTT	45	CALDQTGANNLFF	:::::::::0:-5:9:::::9:2:39:::
2749	24.0	9.435512596016169E-6	1	1.1548677676406051E-4	TGTGCTCTGAGTGAGGCAACGGGCTTTGGGAATGTGCTGCATTGC	NNNNNNNNNNNNNNNNNNNNNNNNNNNNNNNNNNNNNNNNNNNNN	TRAV19*00(780)		TRAJ35*00(540)		556|573|593|0|17||170.0		24|48|79|21|45||240.0		TGTGCTCTGAGTGAGGCAACGGGCTTTGGGAATGTGCTGCATTGC	45	CALSEATGFGNVLHC	:::::::::0:0:17:::::21:-4:45:::
3625	24.0	9.435512596016169E-6	1	1.1548677676406051E-4	TGTGCTGTGGGGCTTAATAATGCAGGCAACATGCTCACCTTT	NNNNNNNNNNNNNNNNNNNNNNNNNNNNNNNNNNNNNNNNNN	TRAV8-3*00(600.6)		TRAJ39*00(590)		455|466|489|0|11||110.0		24|52|83|14|42||280.0		TGTGCTGTGGGGCTTAATAATGCAGGCAACATGCTCACCTTT	45	CAVGLNNAGNMLTF	:::::::::0:-3:11:::::14:-4:42:::
19120	24.0	9.435512596016169E-6	1	1.1548677676406051E-4	TGCGCTGTGACCCCAACAGGTGCAGGCAACAAGCTAACTTTT	NNNNNNNNNNNNNNNNNNNNNNNNNNNNNNNNNNNNNNNNNN	TRAV1-1*00(670)		TRAJ17*00(521)		670|680|704|0|10||100.0		27|52|83|17|42|SC29G|221.0		TGCGCTGTGACCCCAACAGGTGCAGGCAACAAGCTAACTTTT	45	CAVTPTGAGNKLTF	:::::::::0:-4:10:::::17:-7:42:::
21339	24.0	9.435512596016169E-6	1	1.1548677676406051E-4	TGACTGATAACTATGGTCAGAATTTTGTCTTT	NNNNNNNNNNNNNNNNNNNNNNNNNNNNNNNN	TRAV4*00(434.9)		TRAJ26*00(560)		768|773|804|0|5|SC770A|21.0		22|49|80|5|32||270.0		TGACTGATAACTATGGTCAGAATTTTGTCTTT	45	*LITM_QNFVF	:::::::::0:-11:5:::::5:-2:32:::
2533	23.0	9.042366237848829E-6	1	1.1548677676406051E-4	TGTGCTCTGATCCCTCTTCAGGGAGCCCAGAAGCTGGTATTT	NNNNNNNNNNNNNNNNNNNNNNNNNNNNNNNNNNNNNNNNNN	TRAV9-2*00(702.4)		TRAJ54*00(540.3)		480|490|514|0|10||100.0		23|49|80|16|42||260.0		TGTGCTCTGATCCCTCTTCAGGGAGCCCAGAAGCTGGTATTT	45	CALIPLQGAQKLVF	:::::::::0:-4:10:::::16:-3:42:::
4338	23.0	9.042366237848829E-6	1	1.1548677676406051E-4	TGTGCTGTGAACAGAGATGACAAGATCATCTTT	NNNNNNNNNNNNNNNNNNNNNNNNNNNNNNNNN	TRAV22*00(520)		TRAJ30*00(570)		526|534|559|0|8||90.0		21|46|77|8|33||260.0		TGTGCTGTGAACAGAGATGACAAGATCATCTTT	45	CAVNRDDKIIF	:::::::::0:-5:8:::::8:-1:33:::
18894	23.0	9.042366237848829E-6	1	1.1548677676406051E-4	TGTGGAGCCCCAGGGGCACACTCTGGGGCAAACAACCTCTTCTTT	NNNNNNNNNNNNNNNNNNNNNNNNNNNNNNNNNNNNNNNNNNNNN	TRAV27*00(582)		TRAJ36*00(536.2)		552|559|582|0|7|SC556G|41.0		25|48|79|22|45||230.0		TGTGGAGCCCCAGGGGCACACTCTGGGGCAAACAACCTCTTCTTT	45	CGAPGAHSGANNLFF	:::::::::0:-3:7:::::22:-5:45:::
1642	22.0	8.649219879681489E-6	1	1.1548677676406051E-4	TGTGTCAATGCTGGCAACAACCGTAAGCTGATTTGG	NNNNNNNNNNNNNNNNNNNNNNNNNNNNNNNNNNNN	TRAV12-2*00(407.8)		TRAJ38*00(600)		551|555|584|0|4||40.0		21|51|82|6|36||300.0		TGTGTCAATGCTGGCAACAACCGTAAGCTGATTTGG	45	CVNAGNNRKLIW	:::::::::0:-9:4:::::6:-1:36:::
3068	22.0	8.649219879681489E-6	1	1.1548677676406051E-4	TGTGCTCCCCGTACAATAACAATGACATGCGCTTT	NNNNNNNNNNNNNNNNNNNNNNNNNNNNNNNNNNN	TRAV1-2*00(620)		TRAJ43*00(550)		620|626|654|0|6||60.0		18|43|74|10|35||250.0		TGTGCTCCCCGTACAATAACAATGACATGCGCTTT	45	CAPRTI_NDMRF	:::::::::0:-8:6:::::10:2:35:::
4436	22.0	8.649219879681489E-6	1	1.1548677676406051E-4	TGTGCTGCCGCCGTTAGATAGGCTTTGGGAATGTGCTGCATTGC	NNNNNNNNNNNNNNNNNNNNNNNNNNNNNNNNNNNNNNNNNNNN	TRAV8-5*00(600)		TRAJ35*00(590)		1528|1536|1562|0|8||80.0		20|48|79|16|44||280.0		TGTGCTGCCGCCGTTAGATAGGCTTTGGGAATGTGCTGCATTGC	45	CAAAVR*_FGNVLHC	:::::::::0:-6:8:::::16:0:44:::
17991	22.0	8.649219879681489E-6	1	1.1548677676406051E-4	TGTGCAGCAAGCACTATAGGCTTTGGGAATGTGCTGCATTGC	NNNNNNNNNNNNNNNNNNNNNNNNNNNNNNNNNNNNNNNNNN	TRAV23/DV6*00(500)		TRAJ35*00(570)		517|530|550|0|13||130.0		21|48|79|15|42||270.0		TGTGCAGCAAGCACTATAGGCTTTGGGAATGTGCTGCATTGC	45	CAASTIGFGNVLHC	:::::::::0:0:13:::::15:-1:42:::
1661	21.0	8.256073521514149E-6	1	1.1548677676406051E-4	TGTGTGGTTATACCGGCACTGCCAGTAAACTCACCTTT	NNNNNNNNNNNNNNNNNNNNNNNNNNNNNNNNNNNNNN	TRAV12-1*00(480)		TRAJ44*00(600)		539|547|572|0|8||80.0		23|52|83|9|38||290.0		TGTGTGGTTATACCGGCACTGCCAGTAAACTCACCTTT	45	CVVIPA_ASKLTF	:::::::::0:-5:8:::::9:-3:38:::
2223	21.0	8.256073521514149E-6	1	1.1548677676406051E-4	TGTGCTTATAGGAGCCGGACACCGGTAACCAGTTCTATTTT	NNNNNNNNNNNNNNNNNNNNNNNNNNNNNNNNNNNNNNNNN	TRAV38-2/DV8*00(610)		TRAJ49*00(531)		602|617|638|0|15||150.0		19|45|76|15|41|SA21G|231.0		TGTGCTTATAGGAGCCGGACACCGGTAACCAGTTCTATTTT	45	CAYRSRT_GNQFYF	:::::::::0:-1:15:::::15:1:41:::
2298	21.0	8.256073521514149E-6	1	1.1548677676406051E-4	TGTGCTCTTCATAATGCTGGTGGTACTAGCTATGGAAAGCTGACATTT	NNNNNNNNNNNNNNNNNNNNNNNNNNNNNNNNNNNNNNNNNNNNNNNN	TRAV9-2*00(681.9)		TRAJ52*00(670)		480|488|514|0|8||80.0		21|58|89|11|48||370.0		TGTGCTCTTCATAATGCTGGTGGTACTAGCTATGGAAAGCTGACATTT	45	CALHNAGGTSYGKLTF	:::::::::0:-6:8:::::11:-1:48:::
6165	21.0	8.256073521514149E-6	1	1.1548677676406051E-4	TGTGCCGTGTTAGGGCGTGGAAACAAGCTGGTCTTT	NNNNNNNNNNNNNNNNNNNNNNNNNNNNNNNNNNNN	TRAV12-2*00(490)		TRAJ47*00(469.6)		551|560|584|0|9||90.0		27|46|77|17|36|SA36G|161.0		TGTGCCGTGTTAGGGCGTGGAAACAAGCTGGTCTTT	45	CAVLGRGNKLVF	:::::::::0:-4:9:::::17:-7:36:::
6233	21.0	8.256073521514149E-6	1	1.1548677676406051E-4	TGTGCCGTGGACGATCCTGATAACTATGGTCAGAATTTTGTCTTT	NNNNNNNNNNNNNNNNNNNNNNNNNNNNNNNNNNNNNNNNNNNNN	TRAV39*00(759)		TRAJ26*00(560)		507|519|540|0|12||120.0		22|49|80|18|45||270.0		TGTGCCGTGGACGATCCTGATAACTATGGTCAGAATTTTGTCTTT	45	CAVDDPDNYGQNFVF	:::::::::0:-1:12:::::18:-2:45:::
6389	21.0	8.256073521514149E-6	1	1.1548677676406051E-4	TGTGCCGTGAACCGCAACACAGGCAAACTAATCTTT	NNNNNNNNNNNNNNNNNNNNNNNNNNNNNNNNNNNN	TRAV12-2*00(910.1)		TRAJ37*00(540)		551|563|584|0|12||120.0		28|51|82|13|36||230.0		TGTGCCGTGAACCGCAACACAGGCAAACTAATCTTT	45	CAVNRNTGKLIF	:::::::::0:-1:12:::::13:-8:36:::
1602	20.0	7.862927163346808E-6	1	1.1548677676406051E-4	TGTGTTGTGAGTGATCTAATCGGCACTGCCAGTAAACTCACCTTT	NNNNNNNNNNNNNNNNNNNNNNNNNNNNNNNNNNNNNNNNNNNNN	TRAV8-2*00(679.6)		TRAJ44*00(558.6)		466|482|500|0|16||160.0		27|52|83|20|45||250.0		TGTGTTGTGAGTGATCTAATCGGCACTGCCAGTAAACTCACCTTT	45	CVVSDLIGTASKLTF	:::::::::0:2:16:::::20:-7:45:::
2897	20.0	7.862927163346808E-6	1	1.1548677676406051E-4	TGTGCTCTACTGCTTGATACTCACGGGAGGAGGAAACAAACTCACCTTT	NNNNNNNNNNNNNNNNNNNNNNNNNNNNNNNNNNNNNNNNNNNNNNNNN	TRAV16*00(500)		TRAJ10*00(630)		449|458|483|0|9||90.0		20|53|84|16|49||330.0		TGTGCTCTACTGCTTGATACTCACGGGAGGAGGAAACAAACTCACCTTT	45	CALLLDTH_GGGNKLTF	:::::::::0:-5:9:::::16:0:49:::
3263	20.0	7.862927163346808E-6	1	1.1548677676406051E-4	TGTGCTGTCGGCTCTAGCAACACAGGCAAACTAATCTTT	NNNNNNNNNNNNNNNNNNNNNNNNNNNNNNNNNNNNNNN	TRAV2*00(978.6)		TRAJ37*00(539.6)		519|527|553|0|8||80.0		21|51|82|9|39|SG27A|271.0		TGTGCTGTCGGCTCTAGCAACACAGGCAAACTAATCTTT	45	CAVGSSNTGKLIF	:::::::::0:-6:8:::::9:-1:39:::
4560	20.0	7.862927163346808E-6	1	1.1548677676406051E-4	TGTGCTGGGCTGACGGCTGGTGGTACTAGCTATGGAAAGCTGACATTT	NNNNNNNNNNNNNNNNNNNNNNNNNNNNNNNNNNNNNNNNNNNNNNNN	TRAV35*00(940)		TRAJ52*00(590)		588|598|620|0|10||100.0		25|58|89|15|48||330.0		TGTGCTGGGCTGACGGCTGGTGGTACTAGCTATGGAAAGCTGACATTT	45	CAGLTAGGTSYGKLTF	:::::::::0:-2:10:::::15:-5:48:::
2418	18.0	7.076634447012127E-6	1	1.1548677676406051E-4	TGTGCTCTTGGGGAAGATACGAGGTGGTGCTACAAACAAGCTCATCTTT	NNNNNNNNNNNNNNNNNNNNNNNNNNNNNNNNNNNNNNNNNNNNNNNNN	TRDV1*00(1018.9)		TRAJ32*00(530)		573|588|610|0|15||150.0		28|55|86|22|49||270.0		TGTGCTCTTGGGGAAGATACGAGGTGGTGCTACAAACAAGCTCATCTTT	45	CALGEDTR_GATNKLIF	:::::::::0:-2:15:::::22:-8:49:::
6391	18.0	7.076634447012127E-6	1	1.1548677676406051E-4	TGTGCCGTGAACCGAGATGGAGGAAGCCAAGGAAATCTCATCTTT	NNNNNNNNNNNNNNNNNNNNNNNNNNNNNNNNNNNNNNNNNNNNN	TRAV12-2*00(976.8)		TRAJ42*00(550)		551|563|584|0|12||120.0		26|55|86|16|45||290.0		TGTGCCGTGAACCGAGATGGAGGAAGCCAAGGAAATCTCATCTTT	45	CAVNRDGGSQGNLIF	:::::::::0:-1:12:::::16:-6:45:::
3473	17.0	6.683488088844786E-6	1	1.1548677676406051E-4	TGTGCTGTGCAATTCCGGGTATGCACTCAACTTC	NNNNNNNNNNNNNNNNNNNNNNNNNNNNNNNNNN	TRAV1-2*00(650)		TRAJ41*00(500)		620|629|654|0|9||90.0		27|51|82|10|34||240.0		TGTGCTGTGCAATTCCGGGTATGCACTCAACTTC	45	CAVQFR_YALNF	:::::::::0:-5:9:::::10:-7:34:::
3608	17.0	6.683488088844786E-6	1	1.1548677676406051E-4	TGTGCTGTGGGCCTGCGGGGGTGGTACTAGCTATGGAAAGCTGACATTT	NNNNNNNNNNNNNNNNNNNNNNNNNNNNNNNNNNNNNNNNNNNNNNNNN	TRAV21*00(960)		TRAJ52*00(560)		544|553|576|0|9||90.0		28|58|89|19|49||300.0		TGTGCTGTGGGCCTGCGGGGGTGGTACTAGCTATGGAAAGCTGACATTT	45	CAVGLRGW_TSYGKLTF	:::::::::0:-3:9:::::19:-8:49:::
3932	17.0	6.683488088844786E-6	1	1.1548677676406051E-4	TGTGCTGTGAGTGATTCCTCAGGAGGAGGTGCTGACGGACTCACCTTT	NNNNNNNNNNNNNNNNNNNNNNNNNNNNNNNNNNNNNNNNNNNNNNNN	TRAV8-4*00(667.4)		TRAJ45*00(610)		476|496|510|0|20|SC491TSA492C|152.0		27|55|86|20|48||300.0		TGTGCTGTGAGTGATTCCTCAGGAGGAGGTGCTGACGGACTCACCTTT	45	CAVSDSSGGGADGLTF	:::::::::0:6:20:::::20:-7:48:::
6417	17.0	6.683488088844786E-6	1	1.1548677676406051E-4	TGTGCCGTGAACAGAGGAGGAAGCTACATACCTACATTT	NNNNNNNNNNNNNNNNNNNNNNNNNNNNNNNNNNNNNNN	TRAV12-1*00(470.3),TRAV12-2*00(470.3)		TRAJ6*00(560)		539|552|572|0|13|ST543CSG544C|72.0;551|564|584|0|13||130.0		26|51|82|14|39||250.0		TGTGCCGTGAACAGAGGAGGAAGCTACATACCTACATTT	45	CAVNRGGSYIPTF	:::::::::0:0:13:::::14:-6:39:::
18766	17.0	6.683488088844786E-6	1	1.1548677676406051E-4	TGTGCAATGAGAGAGGGCCTGGCTGGGGCAAACAACCTCTTCTTT	NNNNNNNNNNNNNNNNNNNNNNNNNNNNNNNNNNNNNNNNNNNNN	TRAV14/DV4*00(551)		TRAJ36*00(540)		517|536|554|0|19||190.0		25|48|79|22|45||230.0		TGTGCAATGAGAGAGGGCCTGGCTGGGGCAAACAACCTCTTCTTT	45	CAMREGLAGANNLFF	:::::::::0:2:19:::::22:-5:45:::
20272	17.0	6.683488088844786E-6	1	1.1548677676406051E-4	TGCATCCTGAGAGACGTGGTAAGGGCTGGTGGTACTAGCTATGGAAAGCTGACATTT	NNNNNNNNNNNNNNNNNNNNNNNNNNNNNNNNNNNNNNNNNNNNNNNNNNNNNNNNN	TRAV26-2*00(940)		TRAJ52*00(590)		791|808|826|0|17||170.0		25|58|89|24|57||330.0		TGCATCCTGAGAGACGTGGTAAGGGCTGGTGGTACTAGCTATGGAAAGCTGACATTT	45	CILRDVVRAGGTSYGKLTF	:::::::::0:2:17:::::24:-5:57:::
20352	17.0	6.683488088844786E-6	1	1.1548677676406051E-4	TGCATCGTCAGGGTAACACCGACAAGCTCATCTTT	NNNNNNNNNNNNNNNNNNNNNNNNNNNNNNNNNNN	TRAV26-1*00(601)		TRAJ34*00(520)		763|777|799|0|14|SA774G|111.0		26|47|78|14|35||220.0		TGCATCGTCAGGGTAACACCGACAAGCTCATCTTT	45	CIVRVT_DKLIF	:::::::::0:-2:14:::::14:-6:35:::
3021	16.0	6.290341730677446E-6	1	1.1548677676406051E-4	TGTGCTCTAAAGTGGGGGCTTTGGGAATGTGCTGCATTGC	NNNNNNNNNNNNNNNNNNNNNNNNNNNNNNNNNNNNNNNN	TRAV16*00(510)		TRAJ35*00(540)		449|459|483|0|10||100.0		24|48|79|16|40||240.0		TGTGCTCTAAAGTGGGGGCTTTGGGAATGTGCTGCATTGC	45	CALKWGL_GNVLHC	:::::::::0:-4:10:::::16:-4:40:::
3640	16.0	6.290341730677446E-6	1	1.1548677676406051E-4	TGTGCTGTGGGGGGGGAGGGCGGATCTGAAAAGCTGGTCTTT	NNNNNNNNNNNNNNNNNNNNNNNNNNNNNNNNNNNNNNNNNN	TRAV21*00(961)		TRAJ57*00(520)		544|556|576|0|12|SA553G|91.0		26|52|83|16|42||260.0		TGTGCTGTGGGGGGGGAGGGCGGATCTGAAAAGCTGGTCTTT	45	CAVGGEGGSEKLVF	:::::::::0:0:12:::::16:-6:42:::
4375	16.0	6.290341730677446E-6	1	1.1548677676406051E-4	TGTGCTGTAATTCAGGGAGCCCAGAAGCTGGTATTT	NNNNNNNNNNNNNNNNNNNNNNNNNNNNNNNNNNNN	TRAV21*00(950)		TRAJ54*00(580)		544|552|576|0|8||80.0		21|49|80|8|36||290.0		TGTGCTGTAATTCAGGGAGCCCAGAAGCTGGTATTT	45	CAVIQGAQKLVF	:::::::::0:-4:8:::::8:-1:36:::
18080	16.0	6.290341730677446E-6	1	1.1548677676406051E-4	TGTGCAGCAAACGTAAACAACCAGGGAGGAAAGCTTATCTTC	NNNNNNNNNNNNNNNNNNNNNNNNNNNNNNNNNNNNNNNNNN	TRAV29/DV5*00(551)		TRAJ23*00(511.6)		529|542|562|0|13|SG539A|101.0		28|52|83|18|42||240.0		TGTGCAGCAAACGTAAACAACCAGGGAGGAAAGCTTATCTTC	45	CAANVNNQGGKLIF	:::::::::0:0:13:::::18:-8:42:::
18663	16.0	6.290341730677446E-6	1	1.1548677676406051E-4	TGTGCAATGAGCGAATTCGGGGCTGCAGGCAACAAGCTAACTTTT	NNNNNNNNNNNNNNNNNNNNNNNNNNNNNNNNNNNNNNNNNNNNN	TRAV12-3*00(990)		TRAJ17*00(500)		562|575|595|0|13||130.0		28|52|83|21|45||240.0		TGTGCAATGAGCGAATTCGGGGCTGCAGGCAACAAGCTAACTTTT	45	CAMSEFGAAGNKLTF	:::::::::0:0:13:::::21:-8:45:::
19036	16.0	6.290341730677446E-6	1	1.1548677676406051E-4	TGCCTCGTGGGTGACAAATCAAGAGATGACAAGATCATCTTT	NNNNNNNNNNNNNNNNNNNNNNNNNNNNNNNNNNNNNNNNNN	TRAV4*00(580.6)		TRAJ30*00(520)		768|784|804|0|16||160.0		25|46|77|21|42||210.0		TGCCTCGTGGGTGACAAATCAAGAGATGACAAGATCATCTTT	45	CLVGDKSRDDKIIF	:::::::::0:0:16:::::21:-5:42:::
20219	16.0	6.290341730677446E-6	1	1.1548677676406051E-4	TGCATCCTGAGTGATAGATCTTATAACACCGACAAGCTCATCTTT	NNNNNNNNNNNNNNNNNNNNNNNNNNNNNNNNNNNNNNNNNNNNN	TRAV26-2*00(881)		TRAJ34*00(570)		791|805|826|0|14|SA802T|111.0		17|47|78|15|45||300.0		TGCATCCTGAGTGATAGATCTTATAACACCGACAAGCTCATCTTT	45	CILSDRSYNTDKLIF	:::::::::0:-1:14:::::15:3:45:::
